1652967522.258419,0.0079345405101776,-0.0134063959121704,0.0088547617197036,-0.394424557685852,0.0857039615511894,-0.9149230122566224,0.3329482674598694,0.1762705147266388,-0.0410988964140415,-0.4070271818590549,-0.0858092261232998,-0.2401409640887531,71.0
1652967522.268355,0.0227873921394348,-0.0077391266822814,-0.007517784833908,-0.3929199576377868,0.0822095721960067,-0.9158905744552612,0.3654428422451019,0.1647323668003082,-0.0169123336672782,-0.4052564723271304,-0.0823024545953996,-0.2389975378262638,71.0
1652967522.278428,0.0326869785785675,-8.106231689453125e-05,-0.0266000032424926,-0.3915891051292419,0.0788155943155288,-0.9167584776878356,0.3268541693687439,0.1360592395067215,-0.0038618547841906,-0.4036863599349301,-0.0788974232786545,-0.2377310037978423,71.0
1652967522.288295,0.0467244386672973,-0.007222294807434,-0.0520325750112533,-0.3905355930328369,0.0760041400790214,-0.9174450039863586,0.2642357945442199,0.0951544120907783,-0.0200546719133853,-0.4024442611402004,-0.0760775086818283,-0.2366539855911114,71.0
1652967522.298254,0.0566838681697845,-0.0143362879753112,-0.0618013590574264,-0.3898749053478241,0.0740694403648376,-0.917884111404419,0.138470858335495,0.0537129640579223,-0.0253235101699829,-0.4016622193047611,-0.0741373378386264,-0.2361108896265936,71.0
1652967522.308136,0.06576669216156,-0.0269675254821777,-0.0561886727809906,-0.3896651268005371,0.0734311193227768,-0.918024480342865,0.0045833755284547,0.0249377749860286,-0.0370129235088825,-0.4014135755909483,-0.0734972741373816,-0.2361341467062854,71.0
1652967522.318184,0.0631467700004577,-0.0404660105705261,-0.0563985556364059,-0.3895476460456848,0.0737935900688171,-0.9180452823638916,-0.0949811041355133,0.0245040524750947,-0.0419990830123424,-0.4012969987276447,-0.0738607299930802,-0.236706984832226,71.0
1652967522.328062,0.0613636672496795,-0.0425519347190856,-0.0381974950432777,-0.3893209099769592,0.0749254003167152,-0.9180498123168944,-0.1421310305595398,0.0408292300999164,-0.0384581424295902,-0.401085933018316,-0.0749956841264419,-0.2375735300136921,71.0
1652967522.338021,0.0616839230060577,-0.0329058170318603,-0.0049624145030975,-0.3889850676059723,0.0760683864355087,-0.9180981516838074,-0.1145649254322052,0.031024694442749,-0.0472213923931121,-0.4007569172114107,-0.0761419367298553,-0.2384967294693654,71.0
1652967522.348177,0.0564832687377929,-0.0193193554878234,0.0033343136310577,-0.3886367082595825,0.0766675397753715,-0.9181958436965942,-0.0577631592750549,0.036310538649559,-0.0387970134615898,-0.4003969717022129,-0.0767428434047625,-0.2392211881542295,71.0
1652967522.358014,0.0507836937904357,-0.0067877173423767,0.0015913546085357,-0.3882624506950378,0.0766862481832504,-0.9183526039123536,0.0077493414282798,0.0178451910614967,-0.0171159505844116,-0.3999900194993481,-0.0767616115002389,-0.2395543782656372,71.0
1652967522.367986,0.0457934141159057,-0.0037024617195129,0.0043087154626846,-0.3880176842212677,0.0760593339800834,-0.9185081720352172,0.0559317842125892,-0.0111289359629154,-0.0094295358285307,-0.3997031693447297,-0.0761328617282075,-0.2395136272401549,71.0
1652967522.377881,0.0298318266868591,-0.0096202492713928,-0.0056644231081008,-0.3877573907375335,0.0751377046108245,-0.9186939597129822,0.0342511907219886,-0.010245831683278,0.0047192675992846,-0.3993902044489452,-0.0752085820603875,-0.2392895200015611,71.0
1652967522.387862,0.0167241394519805,-0.0088000893592834,-0.0335608199238777,-0.3873449862003326,0.0746985226869583,-0.9189037084579468,-0.0377148799598217,-0.0102005582302808,0.0058825360611081,-0.3989274014800621,-0.0747681663348417,-0.2391708024343427,71.0
1652967522.397842,0.0221477150917053,-0.0064526200294494,-0.0498971492052078,-0.3869549632072449,0.0750588923692703,-0.9190386533737184,-0.1247746124863624,-0.0220894403755664,0.0184560045599937,-0.3985144285107114,-0.0751295522321098,-0.2393765891448598,71.0
1652967522.407794,0.0351662635803222,-0.0093107223510742,-0.0286200791597366,-0.3866831362247467,0.0761359632015228,-0.919064462184906,-0.1718081682920456,-0.0555158406496048,0.0110614737495779,-0.3982531334021337,-0.0762097132039393,-0.2397474241492339,71.0
1652967522.417904,0.0287559926509857,-0.0238565802574157,-0.0226488038897514,-0.3865899741649627,0.0777482986450195,-0.918968677520752,-0.2050008028745651,-0.0839623436331749,-0.0260392129421234,-0.3982042549882016,-0.0778268400675602,-0.2404550891506824,71.0
1652967522.427675,0.014898657798767,-0.0270107984542846,-0.0343991667032241,-0.386663943529129,0.0794736370444297,-0.9187899231910706,-0.1873408555984497,-0.0725845173001289,-0.039707887917757,-0.3983421864084118,-0.0795575376739014,-0.2415195026497056,71.0
1652967522.437616,0.0091197192668914,-0.0352922081947326,-0.0093311518430709,-0.3867291212081909,0.0805134251713752,-0.91867196559906,-0.0630420073866844,-0.0547160953283309,-0.0468702316284179,-0.3984483412813488,-0.0806006667130745,-0.24235870752803,71.0
1652967522.447657,0.0090229511260986,-0.0379282236099243,0.0405113101005554,-0.386968046426773,0.0800178721547126,-0.9186146855354308,0.1224985569715499,-0.0626246184110641,-0.0618712827563285,-0.3986915643540022,-0.0801035103024854,-0.2427154285915122,71.0
1652967522.457583,0.0120646655559539,-0.0280632376670837,0.0620289295911788,-0.3874309957027435,0.0778331384062767,-0.918607234954834,0.2857111394405365,-0.0610270388424396,-0.0362596660852432,-0.3991224111893366,-0.0779119404031876,-0.2423728448398069,71.0
1652967522.467581,0.015195608139038,-0.0112980604171752,0.0317180901765823,-0.3879221677780151,0.0746509358286857,-0.9186640381813048,0.3255296349525451,-0.0613458193838596,-0.0163320302963256,-0.3995541141675505,-0.0747204426203238,-0.2413893063583349,71.0
1652967522.477453,0.014803260564804,-0.0025404095649719,-0.0238271802663803,-0.3882927596569061,0.0717397779226303,-0.9187394380569458,0.2262443304061889,-0.0507555454969406,0.0123745240271091,-0.3998669831135325,-0.0718014575426445,-0.240291307648255,71.0
1652967522.487608,0.0122392773628234,-0.0190521478652954,-0.0661560893058776,-0.3884448707103729,0.0701386407017707,-0.9187987446784972,0.1081786751747131,-0.0301176458597183,0.0269465427845716,-0.3999842911269396,-0.0701962724803011,-0.2394382331160988,71.0
1652967522.497463,0.0097183883190155,-0.0274401903152465,-0.0784743875265121,-0.38853320479393,0.0697921514511108,-0.9187877774238586,-0.020214382559061,-0.0221108011901378,0.0326663665473461,-0.4000701373504361,-0.0698489322654783,-0.2389900678486107,71.0
1652967522.507408,0.0020311474800109,-0.0140526294708251,-0.0589803457260131,-0.3885363936424255,0.0705007389187812,-0.9187323451042176,-0.1214150413870811,-0.0047848066315054,0.0349516235291957,-0.400094722736741,-0.0705592755055246,-0.2389621262198613,71.0
1652967522.517569,-0.0017338097095489,-0.0006535649299621,-0.0451414659619331,-0.3884182572364807,0.07210373878479,-0.9186578989028932,-0.1953576952219009,0.0059838443994522,0.0377651415765285,-0.4000147174101832,-0.0721663637854331,-0.2392435970570434,71.0
1652967522.527286,0.0015762746334075,0.0036261081695556,-0.0380598157644271,-0.3882341086864471,0.0743299797177314,-0.9185582995414734,-0.2257196009159088,0.0104166762903332,0.0347927883267402,-0.3998835268512994,-0.0743985956510485,-0.2397278409511131,71.0
1652967522.537228,0.001141220331192,-0.0042352676391601,-0.0155232995748519,-0.3880279660224914,0.0767263025045394,-0.9184483885765076,-0.2024359852075576,0.0074616856873035,0.0420999303460121,-0.3997360091230808,-0.0768017855409574,-0.2402213426024755,71.0
1652967522.547205,0.0061364471912384,-0.0083150267601013,0.0130966752767562,-0.3879419863224029,0.0784865915775299,-0.9183359146118164,-0.1124341934919357,-0.0106217106804251,0.0497208312153816,-0.3997004556600428,-0.0785673952337146,-0.2404031128304971,71.0
1652967522.557334,0.002498060464859,-0.0121216773986816,0.0362482070922851,-0.388011485338211,0.0789404064416885,-0.9182676672935486,0.0380362719297409,-0.0247813649475574,0.0553490035235881,-0.3997913146874525,-0.079022625199365,-0.2400410940596755,71.0
1652967522.567138,0.0023624002933502,-0.0141801238059997,0.0486867502331733,-0.3882267773151397,0.0780375003814697,-0.9182538390159608,0.1515907943248748,-0.042311355471611,0.0647534281015396,-0.3999956218429811,-0.0781169275905845,-0.2390999440551171,71.0
1652967522.57707,0.002938836812973,-0.0068489909172058,0.0408642888069152,-0.3886201083660126,0.0763384848833084,-0.9182302951812744,0.2202812433242797,-0.0638989433646202,0.0712130740284919,-0.4003681782443528,-0.0764128267017323,-0.2377260022721345,71.0
1652967522.587046,-0.0008915066719055,-0.0027071833610534,0.0116397440433502,-0.3891690373420715,0.0745419114828109,-0.9181454181671144,0.1859107613563537,-0.0704031810164451,0.070031963288784,-0.400908292134874,-0.0746111173114489,-0.2362647014418417,71.0
1652967522.597052,-0.010117769241333,-0.0050855875015258,-0.0266802757978439,-0.389738917350769,0.0732195824384689,-0.9180100560188292,0.1215745061635971,-0.06136941537261,0.0598462857306003,-0.4014873483085024,-0.073285167488025,-0.2350640648463291,71.0
1652967522.6070251,-0.014664351940155,0.0014642477035522,-0.036376878619194,-0.3901819884777069,0.0727233290672302,-0.91786128282547,0.0161538124084472,-0.0415150187909603,0.0521974228322505,-0.4019545584494836,-0.0727875822050343,-0.2342779484283346,71.0
1652967522.616932,-0.017867624759674,-0.0033929944038391,-0.0317964255809783,-0.3903051316738128,0.0730867236852645,-0.917780101299286,-0.0619525052607059,-0.0059534022584557,0.0518050976097583,-0.4021000461828674,-0.0731519514505276,-0.2338695802400811,71.0
1652967522.6270452,-0.0181954205036163,0.0048626661300659,-0.0336073115468025,-0.3901604115962982,0.0742262154817581,-0.9177501797676086,-0.1316578239202499,0.02493367344141,0.0491592474281787,-0.4019782443575537,-0.0742945400782608,-0.2338188776650554,71.0
1652967522.6369271,-0.0203486680984497,0.0141213536262512,-0.025784820318222,-0.3896856307983398,0.0759862512350082,-0.9178078174591064,-0.1662755161523819,0.061960082501173,0.0684375688433647,-0.4015174289117489,-0.0760595646365605,-0.2338675279595204,71.0
1652967522.6468658,-0.0139318108558654,0.0192288160324096,-0.0055271387100219,-0.3889003694057464,0.0780064091086387,-0.9179714322090148,-0.1677256077528,0.0881314948201179,0.0654316544532775,-0.400728253238561,-0.078085737878344,-0.2339291108085918,71.0
1652967522.65693,-0.0061536729335784,0.0134611725807189,0.0064402595162391,-0.3879046440124511,0.0797108709812164,-0.9182462692260742,-0.100773736834526,0.1132435649633407,0.059802871197462,-0.3997009576018259,-0.0797955241248929,-0.2338710492825884,71.0
1652967522.666826,0.0068657994270324,0.0046986937522888,0.0201394855976104,-0.3868097960948944,0.080675333738327,-0.9186238050460817,-0.0477075949311256,0.1098767966032028,0.0733242779970169,-0.3985417113185254,-0.0807631029216388,-0.2335534538527128,71.0
1652967522.676756,0.0179383158683776,0.0025139451026916,0.0419607311487197,-0.3858889043331146,0.0805978775024414,-0.9190177917480468,0.0913796573877334,0.0918769687414169,0.0790802836418151,-0.3975368121651552,-0.0806853914690681,-0.2327735700224724,71.0
1652967522.6867452,0.0119141340255737,0.0064759254455566,0.0503250211477279,-0.3851900100708008,0.0791153013706207,-0.919439733028412,0.2372644245624542,0.0694677978754043,0.0859381854534149,-0.3967265282549343,-0.0791980654450045,-0.2313508730097414,71.0
1652967522.696609,0.0095832645893096,0.0135709643363952,0.0588791817426681,-0.3846749365329742,0.0766188874840736,-0.919866681098938,0.3381479382514953,0.0553836710751056,0.0886356234550476,-0.396084602381491,-0.0766940471287355,-0.2294249114380087,71.0
1652967522.706592,0.0109264552593231,-0.0048569440841674,0.0414913445711135,-0.3842328488826751,0.0735904425382614,-0.9202986359596252,0.3438292741775512,0.0522920079529285,0.0854819118976593,-0.3955085409276932,-0.0736570296170855,-0.2272973951870874,71.0
1652967522.716539,0.0160953402519226,-0.01980721950531,0.0090810507535934,-0.3839085698127746,0.0707987248897552,-0.9206529259681702,0.2927752435207367,0.0407540239393711,0.0689160972833633,-0.3950716897259917,-0.0708580067516788,-0.2253465199931681,71.0
1652967522.726479,0.0174111723899841,-0.0110594034194946,-0.0007311254739761,-0.3836222290992737,0.0688921362161636,-0.9209168553352356,0.1839563250541687,0.0408474989235401,0.055198423564434,-0.3947049585801875,-0.0689467504901254,-0.2238869462397728,71.0
1652967522.736404,0.0183023512363433,-0.0045061707496643,-0.0011790469288825,-0.3832774460315704,0.0680583268404007,-0.9211223721504213,0.0574409961700439,0.0460154190659523,0.027604229748249,-0.3943067146456414,-0.0681109740364531,-0.2230285653167857,71.0
1652967522.746439,0.0223464667797088,-0.0010456442832946,-0.0111100301146507,-0.382850706577301,0.0684373006224632,-0.9212717413902284,-0.0817720219492912,0.0442228429019451,0.002975583076477,-0.3938542808826443,-0.0684908346406613,-0.2229330325634008,71.0
1652967522.7563682,0.0244628489017486,-0.0048353672027587,-0.0213951393961906,-0.3823731243610382,0.0699333474040031,-0.9213577508926392,-0.1798505783081054,0.053412452340126,-0.0212952494621276,-0.3933790906520126,-0.069990476229746,-0.2235410231907173,71.0
1652967522.7665029,0.0212621092796325,-0.0147736072540283,-0.0012667626142501,-0.3818884789943695,0.0722048878669738,-0.9213835597038268,-0.2427336722612381,0.0449260249733924,-0.0180890709161758,-0.3929203918141445,-0.0722677769803373,-0.2245549564880467,71.0
1652967522.7762651,0.0215980410575866,-0.0298391580581665,0.0195671916007995,-0.3815377354621887,0.074854202568531,-0.921317458152771,-0.2370207160711288,0.0276610162109136,-0.009098314680159,-0.3926208583364826,-0.0749242797552285,-0.2256430198658328,71.0
1652967522.7862349,0.019310712814331,-0.0375512242317199,0.0244410410523414,-0.3812798261642456,0.0769688859581947,-0.9212499856948853,-0.1451403349637985,0.0125654209405183,0.0014515314251184,-0.3924077367194223,-0.0770450823689805,-0.2264348298970132,71.0
1652967522.796348,0.0150132775306701,-0.0489354133605957,0.0291072279214859,-0.3810870349407196,0.0777500867843627,-0.921264111995697,-0.0245481431484222,-0.0118012782186269,0.012926104478538,-0.3922236246415694,-0.0778286349586935,-0.2266509981007878,71.0
1652967522.806171,0.0081470012664794,-0.0461599230766296,0.0382831841707229,-0.3812245428562164,0.0776378512382507,-0.9212167263031006,0.0302804820239543,-0.0489033721387386,0.0148038985207676,-0.3923692511454497,-0.0777160560286808,-0.2264829624947496,71.0
1652967522.816123,0.0005214512348175,-0.048060119152069,0.0020271688699722,-0.381625086069107,0.0773948431015014,-0.9210712909698486,0.0036477404646575,-0.0655831769108772,0.0273757688701152,-0.3927962583902615,-0.0774723202665804,-0.2261826298200795,71.0
1652967522.826021,-0.0073789358139038,-0.0389935970306396,-0.0375871434807777,-0.3821017742156982,0.0777330324053764,-0.9208451509475708,-0.0843590795993805,-0.0725649148225784,0.0373290665447711,-0.3933247791418905,-0.0778115280054488,-0.226007636959144,71.0
1652967522.835997,-0.0097234547138214,-0.0234624743461608,-0.0500882640480995,-0.3825953900814056,0.0787595361471176,-0.9205529689788818,-0.1469661295413971,-0.0617582909762859,0.0349095836281776,-0.3938944824046295,-0.0788411869967734,-0.2261029254937651,71.0
1652967522.845996,-0.0207298099994659,-0.0186899304389953,-0.0321053266525268,-0.3828195333480835,0.0803688988089561,-0.9203206300735474,-0.1873875856399536,-0.0274690259248018,0.0406393744051456,-0.3941915888969924,-0.0804556712883632,-0.2264147142776076,71.0
1652967522.855933,-0.0181230008602142,-0.0199431777000427,-0.0028905719518661,-0.3826949894428253,0.0823583602905273,-0.920196533203125,-0.1851786971092224,-0.0116591183468699,0.0680323466658592,-0.3941240225405333,-0.0824517506637837,-0.2266161109506259,71.0
1652967522.866129,0.0003676116466522,-0.0170673131942749,0.0229062587022781,-0.3825546205043793,0.084271490573883,-0.9200816750526428,-0.1347562670707702,-0.0124311679974198,0.0694515407085418,-0.394038219358575,-0.084371553500532,-0.2265953448460267,71.0
1652967522.875893,0.0008099973201751,-0.0316805243492126,0.0179308503866195,-0.3824019134044647,0.0855695381760597,-0.92002534866333,-0.0761727169156074,-0.0105243986472487,0.069327063858509,-0.3939184097896946,-0.0856743062033508,-0.2263001269533913,71.0
1652967522.885822,-0.0108922123908996,-0.0361110568046569,0.0153736323118209,-0.3822048306465149,0.0863414704799652,-0.9200351238250732,0.0008560148999094,0.0099395979195833,0.0642074048519134,-0.3937319680657634,-0.0864491074000457,-0.2258210721512633,71.0
1652967522.895794,-0.0180467367172241,-0.0437890887260437,0.0281570702791214,-0.3819778263568878,0.0862380787730217,-0.9201390743255616,0.0654278844594955,-5.8388570323586464e-05,0.0655969604849815,-0.3934814935036617,-0.0863453334702068,-0.2250757453728067,71.0
1652967522.906049,-0.0182985663414001,-0.0316634178161621,0.044371873140335,-0.3820158839225769,0.0856330245733261,-0.9201797842979432,0.0635895058512687,-0.0273970682173967,0.059760108590126,-0.393501128456265,-0.0857380328745016,-0.2242212806936439,71.0
1652967522.915714,-0.0301461815834045,-0.0295835733413696,0.0188973248004913,-0.3823447823524475,0.0854270383715629,-0.9200623631477356,-0.0301029682159423,-0.0560857020318508,0.0550626777112484,-0.3938511907869564,-0.0855312829057819,-0.2235920726227279,71.0
1652967522.925658,-0.0453254878520965,-0.0235281586647033,-0.0069776475429534,-0.3830041289329529,0.0865980237722396,-0.9196785688400269,-0.2076737582683563,-0.0858702287077903,0.0557276643812656,-0.3946101835025261,-0.0867066276046147,-0.2235568153555518,71.0
1652967522.9357638,-0.0567024052143096,-0.0196638703346252,0.0155950784683227,-0.3839257955551147,0.0895532444119453,-0.9190109968185424,-0.4041171073913574,-0.1259633302688598,0.0560477450489997,-0.3957221261702976,-0.089673375512886,-0.2242140784106145,71.0
1652967522.945605,-0.06732839345932,-0.0116453766822814,0.0628915280103683,-0.3850643336772918,0.0943197831511497,-0.9180573225021362,-0.5472106337547302,-0.130047008395195,0.0699459835886955,-0.397146656663446,-0.0944601979821906,-0.2255450909258775,71.0
1652967522.955555,-0.0818161070346832,-0.021649956703186,0.1052319556474685,-0.3860642611980438,0.0996783301234245,-0.9170706868171692,-0.5279686450958252,-0.1152735501527786,0.105171799659729,-0.3984569124902162,-0.0998441381401065,-0.2268762528302113,71.0
1652967522.965548,-0.0877862572669982,-0.0113251209259033,0.2176323533058166,-0.3870063424110412,0.1041144877672195,-0.9161802530288696,-0.3284986317157745,-0.1148293390870094,0.1256773471832275,-0.3996772917579385,-0.1043035091190661,-0.2274585404671111,71.0
1652967522.97545,-0.0970901250839233,-0.005664050579071,0.3213300108909607,-0.3878190517425537,0.1060381829738617,-0.9156157970428468,0.0158862303942441,-0.0928094163537025,0.1166051030158996,-0.4006510885878899,-0.1062379129425605,-0.226971735432658,71.0
1652967522.985412,-0.1031912565231323,0.0232319831848144,0.3694912195205688,-0.3885538578033447,0.105224959552288,-0.9153980612754822,0.2260320037603378,-0.0907044559717178,0.1008005663752555,-0.401416879069685,-0.1054201150402993,-0.2254387824174016,71.0
1652967522.995398,-0.1051274240016937,0.0682542324066162,0.3631245493888855,-0.3892422020435333,0.1035197526216507,-0.9153000712394714,0.1883030086755752,-0.0844537019729614,0.0711632743477821,-0.4020924320000589,-0.1037055425873225,-0.2237464019129637,71.0
1652967523.005514,-0.0936873257160186,0.1243285536766052,0.3052963316440582,-0.3900164067745209,0.1033187881112098,-0.9149931073188782,-0.1392412930727005,-0.0931955277919769,0.0037288386374711,-0.4029294738249172,-0.1035034942899756,-0.2232542369074292,71.0
1652967523.01527,-0.0751483440399169,0.1838923692703247,0.259544312953949,-0.3910230696201324,0.106544591486454,-0.9141932129859924,-0.616345226764679,-0.1241873130202293,-0.0924240574240684,-0.4041762802033615,-0.1067472055370982,-0.2251364759953238,71.0
1652967523.025272,-0.0657309591770172,0.2368789315223693,0.2738786041736603,-0.3923837840557098,0.1137861981987953,-0.9127363562583924,-1.0838454961776731,-0.1369254738092422,-0.1927362829446792,-0.4060121932971892,-0.1140331746165391,-0.2298274703099849,71.0
1652967523.0352,-0.0749034881591796,0.273332417011261,0.3435547947883606,-0.3938161134719848,0.1242491900920867,-0.9107530117034912,-1.3940330743789673,-0.1130334660410881,-0.2621165812015533,-0.4081278194673506,-0.1245711198154491,-0.2368773134290845,71.0
1652967523.045239,-0.0828807950019836,0.2891634106636047,0.4501612782478332,-0.3949788212776184,0.1359287947416305,-0.908578634262085,-1.3962544202804563,-0.0512875393033027,-0.3456897735595703,-0.4100760917448801,-0.1363508936684741,-0.2453320601088423,71.0
1652967523.055136,-0.091554582118988,0.2920843958854675,0.5591139197349548,-0.3956891894340515,0.1459794789552688,-0.9067083597183228,-1.173870086669922,0.0188629459589719,-0.4547074735164642,-0.4114883324271945,-0.1465029792443775,-0.2541794454755839,71.0
1652967523.0651278,-0.0866144299507141,0.3472393751144409,0.664311945438385,-0.3961127400398254,0.1532997637987136,-0.9053142666816713,-0.8899239301681519,0.0701024308800697,-0.6132060885429382,-0.4124454426672218,-0.1539066454101848,-0.2632749525790635,71.0
1652967523.075191,-0.0669372081756591,0.3816247582435608,0.666929304599762,-0.3963655233383178,0.1574115306138992,-0.9044976234436036,-0.6779417991638184,0.1137929707765579,-0.7988501191139221,-0.4130114316616516,-0.1580689612028801,-0.272902849247216,71.0
1652967523.085363,-0.0357619822025299,0.4482455253601074,0.620715856552124,-0.3966417014598846,0.1598475277423858,-0.9039492011070251,-0.6604621410369873,0.1396075338125229,-0.9937235116958618,-0.4134906702435335,-0.1605361925946752,-0.2838200031902116,71.0
1652967523.094975,-0.0153088569641113,0.5106865763664246,0.5341680645942688,-0.3969227075576782,0.1618005633354187,-0.9034782648086548,-0.7466169595718384,0.1906317770481109,-1.2081811428070068,-0.4139431841635743,-0.1625149889770135,-0.29680078583715,71.0
1652967523.104927,-0.0013442039489746,0.5688111782073975,0.4546385109424591,-0.3969713747501373,0.1638612747192382,-0.9030854105949402,-0.8624783158302307,0.2759376168251037,-1.417827844619751,-0.4141485338941404,-0.1646035762912783,-0.3122439099102451,71.0
1652967523.11491,0.0177144408226013,0.6014968156814575,0.412885844707489,-0.3964987397193908,0.1659105867147445,-0.9029188752174376,-0.90519380569458,0.3873067796230316,-1.6017738580703735,-0.4137777447031717,-0.1666813204031366,-0.3298109107316331,71.0
1652967523.1248431,0.0387826263904571,0.613012969493866,0.3973723351955414,-0.3951212763786316,0.1673859655857086,-0.9032503366470336,-0.8967680931091309,0.5517189502716064,-1.7747856378555298,-0.4123632749616805,-0.1681776292743683,-0.3491099127353039,71.0
1652967523.134815,0.0695849061012268,0.6322842836380005,0.3761094808578491,-0.3925068080425262,0.1680189371109008,-0.9042721390724182,-0.8586798906326294,0.7188318967819214,-1.9344967603683472,-0.4095180256981411,-0.1688196961138802,-0.3698485005228548,71.0
1652967523.14494,0.1063490211963653,0.6322404146194458,0.3187439143657684,-0.3885604739189148,0.1676452457904815,-0.906044065952301,-0.7904859185218811,0.9053834080696106,-2.0784502029418945,-0.4051303359526048,-0.1684406243125435,-0.3917455658892239,71.0
1652967523.154755,0.1290263831615448,0.5957801342010498,0.2385720908641815,-0.3831158578395843,0.1663351356983184,-0.9086005091667176,-0.7320542335510254,1.0965311527252195,-2.199259042739868,-0.3990339296122081,-0.1671118622251607,-0.4146701240069425,71.0
1652967523.164707,0.1621427237987518,0.570581316947937,0.1391006559133529,-0.3763152360916137,0.164518728852272,-0.9117677807807922,-0.6939473152160645,1.2603520154953003,-2.2624526023864746,-0.3914333440160222,-0.1652700730559243,-0.4383248318123967,71.0
1652967523.1746368,0.2027033865451812,0.5316199064254761,0.0115779340267181,-0.3681240379810333,0.1624790728092193,-0.9154699444770812,-0.6849384307861328,1.348413109779358,-2.2292935848236084,-0.3823281711907808,-0.1632025957799815,-0.4620176389727001,71.0
1652967523.184862,0.2311084270477295,0.5438356399536133,-0.1404335349798202,-0.3589924871921539,0.1609718650579452,-0.9193543791770936,-0.7082642912864685,1.436337947845459,-2.104434967041016,-0.3722754594251616,-0.1616752769059165,-0.4849917238811311,71.0
1652967523.194574,0.2363419234752655,0.5597406625747681,-0.2909348607063293,-0.3483720421791076,0.1605179607868194,-0.9235101342201232,-0.7318525314331055,1.579989671707153,-1.91483736038208,-0.3607208283724781,-0.1612154027000795,-0.5065399744418759,71.0
1652967523.204389,0.2696069478988647,0.5567994713783264,-0.4080286026000976,-0.3360590934753418,0.1614008098840713,-0.927908420562744,-0.7946325540542603,1.727372646331787,-1.717599868774414,-0.3474738503784663,-0.1621099017366024,-0.5263982552615598,71.0
1652967523.214339,0.3260549306869507,0.5047551989555359,-0.5001345276832581,-0.3220877945423126,0.1632967442274093,-0.932520031929016,-0.7665519118309021,1.859346389770508,-1.5427333116531372,-0.3325665204530965,-0.1640313293730614,-0.544547960969316,71.0
1652967523.2244802,0.3605256974697113,0.4265033602714538,-0.5430843830108643,-0.3063723742961883,0.1657650470733642,-0.9373675584793092,-0.7305723428726196,2.030813455581665,-1.3511790037155151,-0.3158982523376163,-0.1665337461343932,-0.5608175929796652,71.0
1652967523.234743,0.3844883739948272,0.3572210073471069,-0.551227331161499,-0.2886174917221069,0.1684911251068115,-0.9425023794174194,-0.6464840769767761,2.1972768306732178,-1.1573845148086548,-0.2971576992882532,-0.1692987145727741,-0.5749833758947959,71.0
1652967523.244353,0.4220204949378967,0.3161759972572326,-0.5904085040092468,-0.2691885232925415,0.1712647974491119,-0.9477372765541076,-0.5697946548461914,2.3061211109161377,-0.9499642252922058,-0.2767444507544552,-0.1721132950465467,-0.5869172813870428,71.0
1652967523.25481,0.4548218846321106,0.3121686577796936,-0.6692090034484863,-0.2483553290367126,0.1743206828832626,-0.9528546333312988,-0.5386593341827393,2.409352779388428,-0.7354726791381836,-0.2549706818298369,-0.1752158400005767,-0.5966185643144537,71.0
1652967523.2646332,0.4752901792526245,0.3113605976104736,-0.7185899615287781,-0.2261295467615127,0.1777727007865905,-0.9577381014823914,-0.4804255962371826,2.487656116485596,-0.5238733887672424,-0.2318616217246056,-0.1787226312991846,-0.604044444670127,71.0
1652967523.274598,0.4855896830558777,0.2908273339271545,-0.733368456363678,-0.2028596997261047,0.1806645691394806,-0.9623971581459044,-0.3120525777339935,2.550285816192627,-0.3442748188972473,-0.2077447306645502,-0.1816620905665911,-0.6092589396883376,71.0
1652967523.284264,0.4857706427574157,0.2437998652458191,-0.6692010760307312,-0.1781688332557678,0.181926891207695,-0.967035949230194,-0.033082976937294,2.67984676361084,-0.1401442289352417,-0.182198952257959,-0.1829456868002437,-0.6120351214357602,71.0
1652967523.294073,0.5121159553527832,0.1854079365730285,-0.5888807773590088,-0.1519170403480529,0.1806776076555252,-0.9717390537261964,0.2697527706623077,2.771399736404419,0.0387973822653293,-0.1550799348231644,-0.1816753611752655,-0.6123224469581313,71.0
1652967523.3039389,0.5718554258346558,0.1277027726173401,-0.5676627159118652,-0.1247577518224716,0.1769004017114639,-0.9762898087501526,0.5173361897468567,2.783966302871704,0.1581155061721801,-0.1270987824768621,-0.1778362861500265,-0.6107120931696122,71.0
1652967523.313802,0.6221402883529663,0.0614649057388305,-0.632205605506897,-0.0975584685802459,0.1718937307596206,-0.980272889137268,0.5256900191307068,2.7256407737731934,0.2277343273162841,-0.0991951112620406,-0.172751686452422,-0.6081478410837375,71.0
1652967523.323895,0.6561346054077148,0.0161235928535461,-0.7213184833526611,-0.0709448531270027,0.1678516417741775,-0.9832561612129213,0.3235473036766052,2.624269485473633,0.2884378731250763,-0.0720281484515457,-0.1686499851302248,-0.6051745128051015,71.0
1652967523.333633,0.6722348928451538,-0.007939875125885,-0.7831739783287048,-0.0452360771596431,0.1662763655185699,-0.985041081905365,0.0326771289110183,2.502849102020264,0.356829285621643,-0.0458907966578395,-0.1670522558359758,-0.6017872215536623,71.0
1652967523.343657,0.680853545665741,-0.0400242209434509,-0.8054063320159912,-0.0209872853010892,0.1676346659660339,-0.9856257438659668,-0.2816856205463409,2.302429676055908,0.39276784658432,-0.0212901436535469,-0.1684298966381804,-0.5980227316372052,71.0
1652967523.353696,0.6524350643157959,-0.0778576135635376,-0.830305814743042,0.0013428989332169,0.1718890815973281,-0.9851154088974,-0.5830031633377075,2.111124992370605,0.4576669931411743,0.0013631886772102,-0.1727469712121111,-0.5938234545585698,71.0
1652967523.36363,0.5732680559158325,-0.1327106952667236,-0.8464847803115845,0.022404458373785,0.1789280027151107,-0.983607053756714,-0.8604203462600708,2.005772829055786,0.6408762335777283,0.0227739168291667,-0.1798967566613236,-0.588237190137894,71.0
1652967523.373646,0.5050877332687378,-0.1815618872642517,-0.8231452703475952,0.0432367585599422,0.1878303438425064,-0.9812493920326232,-0.9822227954864502,1.9618065357208248,0.9057121872901917,0.044034483825621,-0.1889527122800991,-0.5800877772633725,71.0
1652967523.383544,0.4800679981708526,-0.2396121621131897,-0.7586414813995361,0.0641824081540107,0.1965534389019012,-0.9783902168273926,-0.912756621837616,1.9129961729049685,1.169808864593506,0.0655061542580394,-0.1978415440419628,-0.5690357789300642,71.0
1652967523.393651,0.4813756644725799,-0.2824687361717224,-0.6811299324035645,0.0850457474589347,0.203865498304367,-0.9752979278564452,-0.79801344871521,1.8420827388763428,1.4056192636489868,0.0869797480416904,-0.2053047270257106,-0.5552781511066214,71.0
1652967523.403472,0.4822007119655609,-0.3468193411827087,-0.6350405216217041,0.1056898236274719,0.2100222110748291,-0.9719672799110411,-0.7756927013397217,1.7796878814697266,1.6072765588760376,0.1083124912103401,-0.2115976758837671,-0.539225006694104,71.0
1652967523.4137611,0.4861193895339966,-0.4381493926048279,-0.6486332416534424,0.1263225376605987,0.2160465270280838,-0.9681769013404846,-0.8898126482963562,1.7422064542770386,1.7699055671691897,0.1297417276599246,-0.2177635495753866,-0.5211393034427989,71.0
1652967523.4235082,0.5064833164215088,-0.500572919845581,-0.6657017469406128,0.1465164572000503,0.223166361451149,-0.9637062549591064,-1.120732069015503,1.6112442016601562,1.8659911155700684,0.1508789431315135,-0.2250615534446663,-0.5012889071482536,71.0
1652967523.433361,0.4944271445274353,-0.5897217392921448,-0.6598085761070251,0.1655306816101074,0.2322573214769363,-0.9584655165672302,-1.3999347686767578,1.473543405532837,1.9421554803848269,0.171016872058203,-0.2343978301185505,-0.480003861712456,71.0
1652967523.443367,0.4423136115074157,-0.70961594581604,-0.6516416072845459,0.1837086230516433,0.243392676115036,-0.95237135887146,-1.6676349639892578,1.3619906902313232,2.034461498260498,0.1905555508075369,-0.2458621845205593,-0.4571998174716928,71.0
1652967523.453378,0.4174526035785675,-0.8368603587150574,-0.6177397966384888,0.2014590352773666,0.2556944489479065,-0.94553405046463,-1.7678285837173462,1.262818455696106,2.2677531242370605,0.209924739606438,-0.2585659747593762,-0.4320720334505675,71.0
1652967523.46345,0.4423901438713074,-0.9452223181724548,-0.4994264543056488,0.2188646644353866,0.2664399743080139,-0.9386735558509828,-1.5772011280059814,1.0862703323364258,2.6104736328125,0.229071128936556,-0.2696975975054825,-0.4037610392474977,71.0
1652967523.4732652,0.5043939352035522,-1.0639522075653076,-0.3334760963916778,0.2353368103504181,0.2731123566627502,-0.9327519536018372,-1.2193303108215332,0.8229748010635376,2.960287570953369,0.2471457127575455,-0.2766269160708087,-0.3723330062694284,71.0
1652967523.48323,0.585203230381012,-1.1552646160125732,-0.2441715598106384,0.249818667769432,0.276306539773941,-0.9280330538749696,-1.1288987398147583,0.4727515578269958,3.204355239868164,0.2629581704168341,-0.2799489138374748,-0.3383653683415252,71.0
1652967523.493295,0.6425987482070923,-1.1653887033462524,-0.2677100300788879,0.2615759968757629,0.2794440984725952,-0.9238446950912476,-1.4123615026474,0.116582952439785,3.3311607837677,0.2759166620461318,-0.2832150835022267,-0.3021815202011098,71.0
1652967523.503348,0.6559545993804932,-1.1412891149520874,-0.247564435005188,0.2704827189445495,0.2858182489871979,-0.9193187952041626,-1.9077928066253664,-0.2172338962554931,3.3477799892425537,0.2861463914769869,-0.2898601745010632,-0.2640115009014175,71.0
1652967523.513299,0.6201210618019104,-1.1218035221099854,-0.0350884199142456,0.2767447233200073,0.295281320810318,-0.9144513607025146,-2.1472108364105225,-0.4934867918491363,3.2718515396118164,0.2938721878397647,-0.2997499630762523,-0.2248488729657634,71.0
1652967523.5232592,0.5328088998794556,-1.0899696350097656,0.2872121036052704,0.2809117138385772,0.3056681752204895,-0.9097557663917542,-2.0801169872283936,-0.6792550683021545,3.1432275772094727,0.2994895533748993,-0.3106401143983954,-0.1862942657101673,71.0
1652967523.533308,0.4680050909519195,-1.072908878326416,0.535369336605072,0.2836427688598633,0.3143926858901977,-0.9059271812438964,-1.7399083375930786,-0.8218221664428711,2.995851516723633,0.303428361239796,-0.3198168245718858,-0.1496119875181049,71.0
1652967523.543164,0.4459213614463806,-1.0428978204727173,0.6447238922119141,0.2847456932067871,0.3200283348560333,-0.9036048650741576,-1.3507930040359497,-0.9781603813171388,2.8371922969818115,0.3052717320519734,-0.3257593909321375,-0.1155396240566476,71.0
1652967523.553146,0.4301312565803528,-1.0071431398391724,0.673535943031311,0.2839647233486175,0.3227256536483764,-0.9028910398483276,-0.9826157689094543,-1.152908444404602,2.660022020339966,0.3047114495711107,-0.3286078257962438,-0.0842712460500362,71.0
1652967523.563465,0.3981386721134186,-0.9317006468772888,0.6566051244735718,0.2809536755084991,0.323131263256073,-0.903687596321106,-0.7496179342269897,-1.373117446899414,2.5087890625,0.3014237385409271,-0.3290363923361283,-0.055632827210676,71.0
1652967523.575407,0.3490960597991943,-0.8342639803886414,0.6605613231658936,0.2754308581352234,0.3225624859333038,-0.905588924884796,-0.6378933787345886,-1.5851136445999146,2.37039566040039,0.2952556975705367,-0.3284354259181672,-0.0289970997693102,71.0
1652967523.583009,0.2861305475234985,-0.8045307993888855,0.6785939335823059,0.2679007649421692,0.3222301006317138,-0.9079630970954896,-0.6934812664985657,-1.717341661453247,2.273120164871216,0.2869156842595535,-0.3280843055050996,-0.0036608850799406,71.0
1652967523.592986,0.2751012742519378,-0.7925466299057007,0.7230856418609619,0.2588647007942199,0.3230112195014953,-0.9103037118911744,-0.7696985006332397,-1.886476159095764,2.213374137878418,0.27705806284525,-0.3289095305034741,0.0211830764603872,71.0
1652967523.602914,0.2992997169494629,-0.7109124660491943,0.8058686256408691,0.2476057261228561,0.3244719505310058,-0.9129125475883484,-0.7375349402427673,-2.1222681999206543,2.0957534313201904,0.2648542872483046,-0.3304534331755883,0.0452438938388929,71.0
1652967523.612907,0.2524791061878204,-0.6216379404067993,0.909678280353546,0.2340168058872223,0.3260090351104736,-0.9159444570541382,-0.6378422379493713,-2.261117458343506,1.8890786170959477,0.2501412235579378,-0.332078876972833,0.0674183427440725,71.0
1652967523.623106,0.1821882128715515,-0.5951958894729614,1.0066511631011963,0.2188584804534912,0.3266619145870209,-0.9194525480270386,-0.366304486989975,-2.327115297317505,1.691936492919922,0.2336826675635425,-0.3327695770456623,0.0870246310452068,71.0
1652967523.632935,0.13475202023983,-0.5431731939315796,1.1173957586288452,0.2024213671684265,0.3244072496891022,-0.9240051507949828,0.1372159868478775,-2.372816324234009,1.46931254863739,0.2156626069836321,-0.3303850232919844,0.1035528950867057,71.0
1652967523.643004,0.0771959722042083,-0.5038580894470215,1.2332770824432373,0.1847210675477981,0.3185876905918121,-0.929720401763916,0.5447957515716553,-2.386052370071411,1.2192363739013672,0.1961303734490474,-0.3242391719693626,0.1166464238588109,71.0
1652967523.6527538,0.0622091591358184,-0.4824538826942444,1.2309575080871582,0.166138544678688,0.3105922341346741,-0.9359115958213806,0.7131028175354004,-2.3641068935394287,0.9999842047691344,0.1756850895436027,-0.3158160186892538,0.1268123635147517,71.0
1652967523.6628752,0.0970850884914398,-0.4504260420799255,1.1253604888916016,0.1466587483882904,0.3030148446559906,-0.9416332840919496,0.5781175494194031,-2.4018843173980717,0.7999536395072937,0.1545079574191663,-0.3078546582558794,0.1349431091470417,71.0
1652967523.673089,0.1351438611745834,-0.4497019052505493,1.0756500959396362,0.1259186714887619,0.2977782487869262,-0.946294128894806,0.327653706073761,-2.472283840179444,0.6209104657173157,0.132287917820908,-0.3023644759046333,0.1415885809735151,71.0
1652967523.686316,0.1529812812805175,-0.4358612298965454,1.1212326288223269,0.1035188883543014,0.2950729429721832,-0.9498504400253296,0.129446342587471,-2.618701696395874,0.4539499580860138,0.1085559715617437,-0.2995318632229077,0.146859787899987,71.0
1652967523.69273,0.2017853707075119,-0.3489138484001159,1.1769860982894895,0.078869454562664,0.2942206263542175,-0.952477753162384,-0.0295413061976432,-2.816583633422852,0.2635999917984009,0.0826160390799053,-0.2986399493016288,0.1505814198546487,71.0
1652967523.702722,0.2509327530860901,-0.199358582496643,1.1866661310195925,0.0515268817543983,0.29458087682724,-0.954236388206482,-0.0426046438515186,-3.012120485305786,-0.0059412126429378,0.0539456339949383,-0.2990168895239342,0.1519985261702116,71.0
1652967523.712502,0.2491506338119506,-0.0634210109710693,1.1891801357269287,0.0219521783292293,0.2947677075862884,-0.9553167819976808,0.0329379178583622,-3.087646007537842,-0.3320707380771637,0.0229749101249218,-0.2992124148601481,0.1502651432025747,71.0
1652967523.728986,0.235251635313034,0.0623600482940673,1.2377939224243164,-0.0090249152854084,0.2934561371803283,-0.9559299349784852,0.2557994723320007,-3.103537082672119,-0.6648455262184143,-0.0094406990618314,-0.2978401469451175,0.1450833211491374,71.0
1652967523.733552,0.230715811252594,0.1885256767272949,1.2402191162109375,-0.0406524278223514,0.2894898355007171,-0.95631742477417,0.550437867641449,-3.0427112579345703,-0.9517430663108826,-0.0424837679598625,-0.2936938234257826,0.1367508446501947,71.0
1652967523.766256,0.2487909197807312,0.2814722657203674,1.1600210666656494,-0.0721705257892608,0.2824381589889526,-0.9565668106079102,0.7962334752082825,-2.9216396808624268,-1.1969631910324097,-0.0753047766425157,-0.2863347914293202,0.1259825280742338,71.0
1652967523.77248,0.2952914237976074,0.5216690897941589,0.8657373189926147,-0.160754770040512,0.249893844127655,-0.9548355937004088,0.9208561778068542,-2.4349160194396973,-1.749786138534546,-0.1667944252085417,-0.2525706253096971,0.084074031372272,71.0
1652967523.782271,0.3049817085266113,0.6028098464012146,0.7586618661880493,-0.187794342637062,0.2386678904294967,-0.9527701139450072,0.7798753380775452,-2.335597515106201,-1.887987732887268,-0.1946089276704472,-0.2409938635043907,0.0672255326436095,71.0
1652967523.792258,0.3185534477233886,0.6777206063270569,0.6485118269920349,-0.2141071707010269,0.2281819432973861,-0.9497847557067872,0.6151899099349976,-2.266251564025879,-1.9808367490768437,-0.2217208670541533,-0.2302099515161938,0.0492878594794159,71.0
1652967523.80212,0.3073417842388153,0.7576241493225098,0.5465388298034668,-0.2396233975887298,0.2186131775379181,-0.9459328055381776,0.4461854696273803,-2.185242176055908,-2.064523220062256,-0.2481006119107875,-0.2203930405483489,0.030447962379078,71.0
1652967523.811987,0.2971488237380981,0.8044854402542114,0.4586382806301117,-0.2641746997833252,0.209971398115158,-0.9413414597511292,0.2752404510974884,-2.0869832038879395,-2.1218068599700928,-0.273598775937906,-0.2115457066022408,0.0107580750099341,71.0
1652967523.822262,0.3035645484924316,0.8552266359329224,0.4124229550361633,-0.2875429391860962,0.2018043547868728,-0.9362660050392152,0.2273274958133697,-1.9764434099197388,-2.1837236881256104,-0.2979730383989987,-0.2031998354629741,-0.0095514287147561,71.0
1652967523.832238,0.3049499094486236,0.9031646251678468,0.3881718516349792,-0.3097870647907257,0.1928523927927017,-0.9310423731803894,0.2761444449424743,-1.858706831932068,-2.269300699234009,-0.321208744186105,-0.1940682855124966,-0.030317101883436,71.0
1652967523.842157,0.293361634016037,0.9394029378890992,0.3625241816043854,-0.330608457326889,0.1825503259897232,-0.9259446263313292,0.3640878796577453,-1.709262728691101,-2.333489418029785,-0.3429415265150544,-0.1835797368287011,-0.0513237148206845,71.0
1652967523.851969,0.2826085388660431,0.9500792026519777,0.3147055804729461,-0.3496557772159576,0.1708748936653137,-0.9211637377738952,0.4238711893558502,-1.5256496667861938,-2.397185802459717,-0.3627803768813297,-0.1717175570614,-0.0723751517263519,71.0
1652967523.862041,0.2674241065979004,0.9441511034965516,0.2324270755052566,-0.3666063547134399,0.1582284569740295,-0.9168225526809692,0.4447202980518341,-1.304404854774475,-2.437288761138916,-0.380391026384631,-0.1588962549110389,-0.0935222440795494,71.0
1652967523.871955,0.2657186388969421,0.9630445837974548,0.1424271911382675,-0.3812277913093567,0.1453688591718673,-0.9129804372787476,0.36349818110466,-1.0955815315246582,-2.460550546646118,-0.3955554901322464,-0.1458857837536618,-0.1148158092547246,71.0
1652967523.881947,0.2712324857711792,0.9651158452033995,0.0596858114004135,-0.3936996459960937,0.1333684176206588,-0.9095127582550048,0.1817638128995895,-0.9064669013023376,-2.4641592502593994,-0.408516636578351,-0.1337669857251227,-0.1365702586742656,71.0
1652967523.891605,0.2595329880714416,0.955394446849823,-0.0255169868469238,-0.4041101634502411,0.1228070557117462,-0.9064289331436156,0.004287764430046,-0.7061948180198669,-2.4316329956054688,-0.419377945152277,-0.1231178546458643,-0.1587202849220301,71.0
1652967523.901545,0.2520863115787506,0.9705698490142822,-0.0931130647659301,-0.4125478565692901,0.113697201013565,-0.9038125872612,-0.1629286557435989,-0.5434045791625977,-2.3808789253234863,-0.4282071605477491,-0.1139435986265401,-0.1810388007546205,71.0
1652967523.91183,0.2677133679389953,0.9673855304718018,-0.1080264598131179,-0.4193706214427948,0.105874978005886,-0.901620090007782,-0.2396388053894043,-0.4113783240318298,-2.301987886428833,-0.4353646038688196,-0.1060737869345093,-0.2031836440160669,71.0
1652967523.921678,0.2827932834625244,0.9446938633918762,-0.1118058264255523,-0.4248832762241363,0.0987290516495704,-0.899848222732544,-0.2999452948570251,-0.3094229400157928,-2.237372636795044,-0.4411385372096999,-0.0988901509740518,-0.2248956794167031,71.0
1652967523.931633,0.2937631607055664,0.9387128353118896,-0.1326336115598678,-0.4293376505374908,0.0924572199583053,-0.8983990550041199,-0.4009615182876587,-0.2201803177595138,-2.172592163085937,-0.4458052380481421,-0.0925894566944855,-0.2463110513551851,71.0
1652967523.941575,0.3005678057670593,0.9364157915115356,-0.1674777567386627,-0.4328158795833587,0.0874454155564308,-0.8972311615943909,-0.528702437877655,-0.1282972693443298,-2.130537748336792,-0.449461122057421,-0.0875572434415992,-0.2677518209100975,71.0
1652967523.951568,0.2846622169017792,0.9335281848907472,-0.2345314621925354,-0.4351902902126312,0.0831032395362854,-0.8964950442314148,-0.5345529317855835,0.0024551562964916,-2.0942177772521973,-0.4519280730545258,-0.0831991932574469,-0.2891030277105923,71.0
1652967523.96151,0.2291963398456573,0.9248730540275574,-0.2581726610660553,-0.4361361563205719,0.0788971409201622,-0.8964153528213501,-0.4874389767646789,0.1646011918783188,-1.9755443334579468,-0.4528165519189694,-0.0789792238718401,-0.3096853013335809,71.0
1652967523.971486,0.1653565466403961,0.935253381729126,-0.2635840773582458,-0.4352083802223205,0.0748481377959251,-0.8972131609916687,-0.4807361662387848,0.3792896866798401,-1.834714412689209,-0.4516299122823302,-0.0749182021953845,-0.3288565576904677,71.0
1652967523.981633,0.1230688095092773,0.9538625478744508,-0.3634007573127746,-0.4318915903568268,0.0719273537397384,-0.8990529179573059,-0.5504434108734131,0.6563351154327393,-1.6395084857940674,-0.4478328935836924,-0.07198951893338,-0.346733014342127,71.0
1652967523.9913778,0.1067798137664794,0.9417551159858704,-0.4841260910034179,-0.4255971014499664,0.0711316913366317,-0.9021127223968506,-0.7237205505371094,1.0073647499084473,-1.4185372591018677,-0.4408163190019382,-0.0711918106254901,-0.3632707588062761,71.0
1652967524.001342,0.1244181394577026,0.9085452556610109,-0.5251927971839905,-0.4161815643310547,0.0735478848218917,-0.9063021540641784,-0.9857329726219176,1.326504111289978,-1.181482434272766,-0.4304851847286146,-0.073614354812882,-0.3786190586979369,71.0
1652967524.011274,0.1902983486652374,0.90751850605011,-0.5196049809455872,-0.4038299918174743,0.0790837258100509,-0.9114094376564026,-1.2008371353149414,1.5816690921783447,-0.9648472666740416,-0.4170868468038617,-0.079166392223126,-0.3928234145598779,71.0
1652967524.02229,0.2512588202953338,0.8795395493507385,-0.5294668078422546,-0.3893357515335083,0.0875722840428352,-0.9169235229492188,-1.402451515197754,1.7522321939468384,-0.7949460744857788,-0.4015410489934169,-0.0876846028024963,-0.4061229977619497,71.0
1652967524.031285,0.3130303919315338,0.8645486831665039,-0.5508631467819214,-0.3735163509845733,0.0982111319899559,-0.9224099516868592,-1.5083837509155271,1.8421268463134768,-0.6493118405342102,-0.3847536887489287,-0.0983697046534759,-0.4183430965432647,71.0
1652967524.041198,0.3516086339950561,0.8643513321876526,-0.5242704153060913,-0.3568883240222931,0.1102841943502426,-0.9276142120361328,-1.57132887840271,1.906615257263184,-0.5442192554473877,-0.3672805224615182,-0.1105089823790419,-0.4295339767500837,71.0
1652967524.051286,0.3920954465866089,0.8533183932304382,-0.537059485912323,-0.3396511375904083,0.1231800615787506,-0.9324504137039183,-1.5727375745773315,1.9401733875274656,-0.4729655683040619,-0.3493186021075603,-0.1234937177952309,-0.4398348963053641,71.0
1652967524.061092,0.4131619334220886,0.8397992253303528,-0.5743480324745178,-0.3218992352485657,0.1359172463417053,-0.936967134475708,-1.4578551054000854,2.0080552101135254,-0.3772499561309814,-0.3309211776618865,-0.136339238083656,-0.4489899807518406,71.0
1652967524.07092,0.3956966400146484,0.7935613393783569,-0.534299373626709,-0.3029690980911255,0.1477332264184951,-0.941480040550232,-1.269193410873413,2.1448404788970947,-0.2333299815654754,-0.3113356906873045,-0.1482759495178201,-0.4562924715079551,71.0
1652967524.138351,0.3919121921062469,0.601493775844574,-0.5237523913383484,-0.260030597448349,0.1685125231742859,-0.9507826566696168,-1.139945149421692,2.462473630905152,0.0069849342107772,-0.2669628515882207,-0.1693204121167664,-0.4648517660084281,71.0
1652967524.1387482,0.4132152497768402,0.4635582566261291,-0.6219353079795837,-0.2097546756267547,0.1961998343467712,-0.957866668701172,-1.671234130859375,2.749643325805664,0.1919595301151275,-0.2155782158877797,-0.1974809136336006,-0.4696965612094971,71.0
1652967524.138747,0.3854166567325592,0.5082818865776062,-0.5992186069488525,-0.2357127964496612,0.1807768493890762,-0.9548608064651488,-1.4473283290863037,2.6371114253997803,0.106060117483139,-0.2420171018689649,-0.1817762597715048,-0.4675525071823943,71.0
1652967524.138938,0.437912106513977,0.3969616293907165,-0.4926225244998932,-0.1831057220697403,0.2123338282108307,-0.9598888754844666,-1.5788013935089111,2.7270607948303223,0.2810039222240448,-0.1884926638623029,-0.2139626300763787,-0.4706958618222707,71.0
1652967524.144298,0.3865439593791961,0.2553156018257141,-0.1966124027967453,-0.1304405480623245,0.2384825199842453,-0.9623467922210692,-1.0417022705078125,2.6209909915924072,0.3624921441078186,-0.1347231714642075,-0.2408029893903656,-0.4687033711130262,71.0
1652967524.151162,0.3568556904792785,0.2007485628128051,-0.2344086170196533,-0.1044906899333,0.2478821277618408,-0.9631386995315552,-0.8470396399497986,2.6074137687683105,0.4553191065788269,-0.1080670982863432,-0.2504935393092547,-0.4657229838854091,71.0
1652967524.160712,0.3367607593536377,0.1682961583137512,-0.2249542772769928,-0.0778497382998466,0.2560516893863678,-0.9635232090950012,-0.7682029008865356,2.6619012355804443,0.5883157849311829,-0.0806218218776821,-0.2589355124865406,-0.4611799105438984,71.0
1652967524.176343,0.3848945200443268,0.103821575641632,-0.1702947318553924,-0.0506813526153564,0.263586938381195,-0.9633033275604248,-0.7155470252037048,2.6319334506988525,0.7518662214279175,-0.0525635764038456,-0.266738753564173,-0.4548160474722987,71.0
1652967524.18086,0.4372059106826782,0.0375344157218933,-0.1628941595554351,-0.0231130123138427,0.2712468206882477,-0.9622322916984558,-0.8460288643836975,2.66275405883789,0.959296941757202,-0.0240155833702356,-0.2746881907133236,-0.4463242286395735,71.0
1652967524.190531,0.4397574663162231,-0.0525888800621032,-0.1474766433238983,0.0058448771014809,0.2810368537902832,-0.9596791863441468,-1.200047254562378,2.775982618331909,1.194442629814148,0.0060903738014475,-0.2848743323330007,-0.4352167812473587,71.0
1652967524.2008529,0.4505221545696258,-0.1010307669639587,-0.1344096958637237,0.036782432347536,0.2941692173480987,-0.9550452828407288,-1.6401116847991943,2.927216053009033,1.390053391456604,0.0384947822526523,-0.2985861667250603,-0.4213689970895333,71.0
1652967524.210259,0.4897164106369018,-0.0885199308395385,-0.0736479461193084,0.0690603479743003,0.3109374046325683,-0.9479180574417114,-2.0299386978149414,2.963578462600708,1.4414762258529663,0.0727262750834188,-0.316179154450636,-0.4053857784657393,71.0
1652967524.2204518,0.4637865424156189,-0.0323526263236999,0.036651074886322,0.101658321917057,0.3295751512050628,-0.9386404156684875,-2.15297794342041,3.01175594329834,1.393372893333435,0.1078832998535859,-0.3358535625733599,-0.3884842890322912,71.0
1652967524.230276,0.3913902044296264,0.0026477575302124,0.1621958613395691,0.1345343589782714,0.3471119999885559,-0.9281237721443176,-1.9140846729278564,3.092736959457397,1.3239569664001465,0.1439504230539671,-0.3544898815146055,-0.3715124963894016,71.0
1652967524.24014,0.3448608219623565,-0.015386939048767,0.2947949171066284,0.1678801923990249,0.3600513041019439,-0.9177032709121704,-1.2810986042022705,3.1584503650665283,1.2640386819839478,0.1809345106635073,-0.3683228896194625,-0.3551477840240225,71.0
1652967524.2501369,0.3546602427959442,-0.1252166628837585,0.3619759678840637,0.2010800391435623,0.3665396571159363,-0.9084137678146362,-0.6614171266555786,3.132326602935791,1.2487175464630127,0.2178403994827224,-0.3752871089644956,-0.3399964046222041,71.0
1652967524.2601109,0.4571772813796997,-0.2670630812644958,0.3071966171264648,0.2332523316144943,0.36847785115242,-0.8998985886573792,-0.4260903894901275,2.9951727390289307,1.252371072769165,0.2536171322642122,-0.3773711364069974,-0.3256958795205723,71.0
1652967524.270302,0.5069985389709473,-0.3656405806541443,0.1970841288566589,0.2639212310314178,0.3697493970394134,-0.8908596634864807,-0.6059855222702026,2.85774564743042,1.2525168657302856,0.2880170544596966,-0.3787393016478877,-0.3113915699350199,71.0
1652967524.2800488,0.5028868913650513,-0.4287152290344238,0.0819115340709686,0.2930725216865539,0.3734870553016662,-0.8801226615905762,-1.046357035636902,2.6839988231658936,1.2733670473098757,0.3214420012644548,-0.3827652603679872,-0.295821749653516,71.0
1652967524.290224,0.537899374961853,-0.4693749547004699,0.0441003441810607,0.3202701508998871,0.3804602026939392,-0.867569625377655,-1.43791401386261,2.451633214950561,1.278151035308838,0.3536389999420909,-0.3902938835302165,-0.2783729161764494,71.0
1652967524.300046,0.5419564247131348,-0.4487520456314087,0.0799193382263183,0.3452658355236053,0.3894715905189514,-0.8538755178451538,-1.5886266231536863,2.270303964614868,1.2380259037017822,0.3842520149440231,-0.4000578025055367,-0.2597302547169502,72.0
1652967524.30987,0.4353843331336975,-0.4369143843650818,0.1893644630908966,0.3687690794467926,0.3978090584278106,-0.8400936722755432,-1.3825297355651855,2.181768655776977,1.1934603452682495,0.4136367811363194,-0.4091275680457057,-0.2412266161268762,72.0
1652967524.320178,0.2906146347522735,-0.4609121680259704,0.2786575555801391,0.3916057646274566,0.4032120108604431,-0.8270822167396545,-0.941957414150238,2.2254116535186768,1.1000536680221558,0.442206311063542,-0.4150241321567453,-0.2246318622129857,72.0
1652967524.32976,0.2168427407741546,-0.4937949776649475,0.2975246608257293,0.414214938879013,0.4046085774898529,-0.815302312374115,-0.4629000127315521,2.252454996109009,1.0413763523101809,0.470067429517977,-0.4165507640005514,-0.2108609138452672,72.0
1652967524.339852,0.2316395938396453,-0.5643225312232971,0.2801084220409393,0.4364206492900848,0.4028292596340179,-0.8045281767845154,-0.1955383419990539,2.239016532897949,0.992217481136322,0.4970323566594792,-0.4146059175239724,-0.1995102816065821,72.0
1652967524.349822,0.2857337892055511,-0.62949538230896,0.2234266400337219,0.4578116834163666,0.4000017344951629,-0.7939817905426025,-0.2145604193210601,2.15455174446106,0.9513338804244996,0.5230375784788861,-0.4115187405066952,-0.1892904713835031,72.0
1652967524.3599138,0.3359434604644775,-0.6237500309944153,0.1642532646656036,0.4779145121574402,0.3981247246265411,-0.7830035090446472,-0.4613161385059356,1.9859167337417605,0.9646049737930298,0.5480027968424291,-0.4094716557159497,-0.1785791198671638,72.0
1652967524.369691,0.3904887437820434,-0.6039754152297974,0.1875713765621185,0.4960620999336242,0.3981525301933288,-0.7716197371482849,-0.7588970065116882,1.69140362739563,0.9927037358283995,0.5713566203371796,-0.4095019811733041,-0.1659518117225292,72.0
1652967524.379599,0.3806451559066772,-0.5892465114593506,0.2204735577106475,0.511749804019928,0.3996894657611847,-0.7605001926422119,-0.9028661251068116,1.4220573902130127,0.9384818077087402,0.5923139315740278,-0.4111780642687161,-0.1521728510599545,72.0
1652967524.389628,0.2744004726409912,-0.5671025514602661,0.1994769871234893,0.5253736972808838,0.4020092487335205,-0.7499140501022339,-0.943459153175354,1.256105899810791,0.8835596442222595,0.6111141177486714,-0.4137101689798137,-0.1383225596886091,72.0
1652967524.399939,0.214724063873291,-0.5536924004554749,0.2206132113933563,0.537747859954834,0.4040816724300384,-0.7399630546569824,-0.8227553963661194,1.155779480934143,0.8508445620536804,0.6284363579121508,-0.4159746749087384,-0.1249562327791195,72.0
1652967524.409735,0.2226007580757141,-0.5183228254318237,0.3003396987915039,0.5493108630180359,0.4045553505420685,-0.731158435344696,-0.5094382166862488,1.10032057762146,0.7859636545181274,0.6443251688426449,-0.4164925621838175,-0.11345609406552,72.0
1652967524.419682,0.2273882031440735,-0.4908829927444458,0.3351249992847442,0.560194194316864,0.402927428483963,-0.7237623929977417,-0.2034019231796264,1.0730305910110474,0.7074459195137024,0.6586867967210884,-0.4147131663997859,-0.1046702325207324,72.0
1652967524.429723,0.2150590419769287,-0.4843167066574096,0.2843868136405945,0.5705091953277588,0.4001683294773102,-0.7172061204910278,-0.0992436185479164,1.0757564306259155,0.614886462688446,0.6719668547798631,-0.4117004999668186,-0.0980988200984028,72.0
1652967524.43962,0.165506362915039,-0.4803862571716308,0.2404954731464386,0.5804805159568787,0.3980543613433838,-0.7103486061096191,-0.2226009666919708,1.1232163906097412,0.4957672357559204,0.6851272919544248,-0.4093949703959071,-0.0924318693603859,72.0
1652967524.44994,0.0983720421791076,-0.4858070611953735,0.2040746212005615,0.5902876257896423,0.3978541791439056,-0.7023337483406067,-0.4926844537258148,1.1459327936172483,0.4518889486789703,0.6989329333874925,-0.4091767402831928,-0.0860949766512376,72.0
1652967524.459378,0.0920788645744323,-0.4857163429260254,0.1445507407188415,0.5998767018318176,0.3994862139225006,-0.6932234764099121,-0.7043072581291199,1.108836054801941,0.437792032957077,0.713334790935462,-0.4109563153083244,-0.0781159142697262,72.0
1652967524.4693398,0.0896978974342346,-0.4407778978347778,0.1635193824768066,0.6088494658470154,0.4019713997840881,-0.6839016675949097,-0.7241737246513367,1.0061007738113403,0.4075737595558166,0.7274070535314096,-0.4136688161237533,-0.0694189461661985,72.0
1652967524.479272,0.0678467154502868,-0.4108715653419494,0.2159851491451263,0.6166777610778809,0.4041473269462585,-0.6755542159080505,-0.5994845032691956,0.8606810569763184,0.3598096966743469,0.7398678145574069,-0.4160464488688872,-0.0614330375456991,72.0
1652967524.489208,0.0599290132522583,-0.4101396203041076,0.2045868337154388,0.6233900189399719,0.405444324016571,-0.6685804128646851,-0.3801673650741577,0.7556756734848022,0.2965799570083618,0.7504345399547309,-0.4174648347672918,-0.0552072680366568,72.0
1652967524.499545,0.0620834827423095,-0.4218295216560364,0.2153540551662445,0.6291244029998779,0.4055108726024627,-0.6631466746330261,-0.1546921581029892,0.6399722099304199,0.2450166195631027,0.7590766967936429,-0.4175376640453971,-0.0510633756753789,72.0
1652967524.509119,0.0950906872749328,-0.4053633213043213,0.2256926298141479,0.6337758898735046,0.4046327471733093,-0.6592423915863037,0.0289886500686407,0.5292717218399048,0.1571624130010604,0.7657052872199354,-0.4165772075985342,-0.0490215584482987,72.0
1652967524.5191,0.1077807545661926,-0.3751039505004883,0.2001346349716186,0.6373974680900574,0.4033810496330261,-0.6565122604370117,0.1197965815663337,0.4470373094081878,0.0659952238202095,0.7706263339674568,-0.4152088418429399,-0.0487663248668442,72.0
1652967524.528905,0.081152319908142,-0.3697053790092468,0.1556221544742584,0.6402679085731506,0.4024833440780639,-0.6542661786079407,0.0844545066356659,0.4007981121540069,0.0057759340852499,0.7745852131386316,-0.4142280189612465,-0.049339170072848,72.0
1652967524.539266,0.0561599731445312,-0.389434278011322,0.137278527021408,0.642753541469574,0.4023332893848419,-0.6519169807434082,-0.0201736353337764,0.3758232593536377,-0.0145679526031017,0.7783204265857452,-0.4140640996947676,-0.0496476244909979,72.0
1652967524.549089,0.0496980547904968,-0.3791185617446899,0.1238600611686706,0.6451261639595032,0.4028275907039642,-0.6492628455162048,-0.1213034465909004,0.3600550293922424,-0.0002349345013499,0.7822023135655399,-0.4146041003289565,-0.0491777927987427,72.0
1652967524.5591788,0.0398359894752502,-0.3508424162864685,0.125133216381073,0.6473130583763123,0.4039043188095093,-0.6464110016822815,-0.1945611536502838,0.3178966641426086,-0.0024693263694643,0.7860953827487073,-0.415780794053826,-0.0479145106917756,72.0
1652967524.569215,0.0413034558296203,-0.3219137191772461,0.1178019642829895,0.6491567492485046,0.4051625728607178,-0.6437692642211914,-0.1774414181709289,0.24684439599514,0.0003022253513336,0.7895650428539243,-0.4171566520851027,-0.0463958762890731,72.0
1652967524.578982,0.0408592820167541,-0.2895218729972839,0.1342168748378753,0.6504859328269958,0.4060358703136444,-0.6418746113777161,-0.1027629226446151,0.1752282679080963,-0.0275051705539226,0.7920613071006738,-0.4181120520213658,-0.0454693716094861,72.0
1652967524.589044,0.0353782176971435,-0.2575432062149048,0.1267849504947662,0.6511451601982117,0.4064792692661285,-0.6409247517585754,0.0407809279859066,0.0852752551436424,-0.058079820126295,0.7933081055935184,-0.4185973049661064,-0.0455741661611661,72.0
1652967524.598891,0.040640652179718,-0.220710813999176,0.0914681851863861,0.6510249376296997,0.4064108729362488,-0.6410903334617615,0.1678123772144317,-0.0088182175531983,-0.1199104338884353,0.7930866559211024,-0.4185224646515939,-0.0470362961830692,72.0
1652967524.608948,0.0308048129081726,-0.1889526844024658,0.0905765295028686,0.6501185894012451,0.4059750437736511,-0.6422850489616394,0.2730714678764343,-0.0765158757567405,-0.1773058921098709,0.7914592815371987,-0.4180455082752717,-0.0499131561956334,72.0
1652967524.619152,0.0274463891983032,-0.1721068024635315,0.0843068957328796,0.6486400365829468,0.4053171575069427,-0.644192636013031,0.3108862638473511,-0.1420392245054245,-0.2136681675910949,0.7888381969133955,-0.4173257493277119,-0.0537258345127877,72.0
1652967524.628746,0.036986231803894,-0.1609261035919189,0.0461077690124511,0.6466074585914612,0.4049268364906311,-0.6464775204658508,0.2517254650592804,-0.1986076980829239,-0.2394202649593353,0.7854986764829319,-0.4168987990563567,-0.0576979128576122,72.0
1652967524.63897,0.033412754535675,-0.1410449147224426,-0.0007629692554473,0.6441842317581177,0.4052277505397796,-0.6487042307853699,0.1378769278526306,-0.2232350260019302,-0.2584677338600158,0.7819021358978449,-0.4172279508882237,-0.0611709432479706,72.0
1652967524.648685,0.0231452584266662,-0.1192490458488464,-0.0336749553680419,0.6417259573936462,0.4064014256000519,-0.6504043340682983,0.0070944037288427,-0.2170478552579879,-0.2397369295358657,0.7786819393109361,-0.4185121008915222,-0.0636051365514217,72.0
1652967524.659153,0.0235440135002136,-0.0859886407852172,-0.0351716578006744,0.6394350528717041,0.4079133570194244,-0.6517127752304077,-0.0182514321058988,-0.2070295810699463,-0.2183053940534591,0.7758892929771981,-0.4201674665766801,-0.0653094393491325,72.0
1652967524.669705,0.0289208889007568,-0.0550268292427063,-0.0043538808822631,0.6373388767242432,0.4092611968517303,-0.6529199481010437,0.0031439373269677,-0.1811952590942382,-0.1870951056480407,0.7733228302808371,-0.4216441861547906,-0.0667763096838364,72.0
1652967524.678842,0.0267213582992553,-0.0381345748901367,0.007958173751831,0.6355863809585571,0.4101326465606689,-0.6540804505348206,0.0694001913070678,-0.1427874118089676,-0.1614195704460144,0.7710589585064452,-0.4225995137841497,-0.0683937657187236,72.0
1652967524.6891232,0.0248070955276489,-0.0143366456031799,0.0079016983509063,0.6340978741645813,0.4104485809803009,-0.6553258299827576,0.1532449424266815,-0.1230542510747909,-0.1533321440219879,0.7689365370276784,-0.422945929881501,-0.0704211543562737,72.0
1652967524.698494,0.0174115896224975,0.0053147673606872,0.0184864401817321,0.6326127648353577,0.4101330041885376,-0.6569566130638123,0.2216770052909851,-0.1433965265750885,-0.1443559676408767,0.7665229027598527,-0.4225998808726678,-0.0730203365571092,72.0
1652967524.708338,0.0173383355140686,0.0303303599357604,0.032184898853302,0.6310228109359741,0.4093892276287079,-0.6589466333389282,0.2904618680477142,-0.160467118024826,-0.1614995449781417,0.7637546388993013,-0.4217845266875026,-0.0761536696796535,72.0
1652967524.718578,0.0083832740783691,0.0239914059638977,0.0028322637081146,0.6291899085044861,0.4085294306278229,-0.6612289547920227,0.2930962741374969,-0.1874753087759018,-0.1844266951084137,0.7605748343363467,-0.4208423437822822,-0.079735865916567,72.0
1652967524.728176,0.0048768520355224,0.0169966220855712,-0.0403182506561279,0.6270353198051453,0.4079178273677826,-0.6636488437652588,0.2309354990720749,-0.2344239205121994,-0.1849080324172973,0.7570382690882628,-0.4201723552469999,-0.0832129097485696,72.0
1652967524.7386022,0.0058361291885375,0.0286136269569396,-0.046537309885025,0.6246264576911926,0.4078502357006073,-0.6659579873085022,0.1397666931152343,-0.2723694443702698,-0.1808056980371475,0.7533836737250814,-0.4200983213829034,-0.0860311576041644,72.0
1652967524.7481809,0.0074394345283508,0.045773446559906,-0.0575099885463714,0.6219245195388794,0.4083706438541412,-0.6681641340255737,0.0442594811320304,-0.3070603013038635,-0.183175727725029,0.7495713157014995,-0.4206683704622824,-0.0881818651258058,72.0
1652967524.758308,0.0054346323013305,0.050296664237976,-0.077401578426361,0.6191533803939819,0.4094939529895782,-0.6700476408004761,-0.0423691533505916,-0.3004844188690185,-0.1706538051366806,0.7459412687006086,-0.421899301964214,-0.0895882415461919,72.0
1652967524.7686892,0.0078690648078918,0.0528923273086547,-0.0617510676383972,0.6166731715202332,0.4108569622039795,-0.6714989542961121,-0.0619579702615737,-0.2484112679958343,-0.1459177881479263,0.7428629411514794,-0.4233938180243358,-0.0904353043955382,72.0
1652967524.778542,0.0044053792953491,0.067133605480194,-0.0318282544612884,0.6146588921546936,0.4118942320346832,-0.6727091670036316,0.0111836213618516,-0.1872842609882354,-0.1229951679706573,0.7403364665386122,-0.4245318621843884,-0.0912839348249511,72.0
1652967524.788464,-0.0017614364624023,0.0763587951660156,0.0025105476379394,0.6131658554077148,0.4120097756385803,-0.6739997863769531,0.1600691676139831,-0.1172790750861167,-0.0996455624699592,0.738171375247362,-0.4246586497156924,-0.0928171606204961,72.0
1652967524.798697,-0.0069653987884521,0.0711239576339721,0.0182793736457824,0.6121900081634521,0.4110877811908722,-0.6754482984542847,0.2625851631164551,-0.0649295821785926,-0.0915474221110344,0.7363102746331528,-0.4236469981613981,-0.0952326260586466,72.0
1652967524.808292,-0.0022066831588745,0.0601118803024292,0.003644049167633,0.611566424369812,0.4097471237182617,-0.6768263578414917,0.2837429940700531,-0.0181810930371284,-0.0764797106385231,0.7347892019560407,-0.4221768202887074,-0.0979349590034852,72.0
1652967524.8179932,-0.0039262771606445,0.0459932684898376,-0.0195884704589843,0.6112565398216248,0.4084739983081817,-0.6778749823570251,0.219718724489212,0.0151342535391449,-0.0781058371067047,0.7337671181427023,-0.4207816152369311,-0.1004122607155151,72.0
1652967524.827939,-0.0136180520057678,0.0437762141227722,-0.0162711441516876,0.611060619354248,0.407659113407135,-0.6785418391227722,0.1533300429582595,0.0138721819967031,-0.0776756256818771,0.7331186832590639,-0.4198890110963059,-0.1024140692962757,72.0
1652967524.837902,-0.0108837485313415,0.0531469583511352,-0.0318237245082855,0.6106762290000916,0.4074189066886902,-0.6790319681167603,0.0644515678286552,-0.0313189998269081,-0.0853886753320694,0.732446768402228,-0.4196259682917881,-0.1038758560447554,72.0
1652967524.847908,-0.0061569809913635,0.0660107731819152,-0.0453881323337554,0.6098709106445312,0.4078606963157654,-0.679490327835083,-0.0396680422127246,-0.095034435391426,-0.0921995118260383,0.731455286713591,-0.4201097798038766,-0.1046797042117439,72.0
1652967524.857988,-0.0073909163475036,0.0728951692581176,-0.0407879948616027,0.6087245345115662,0.4089063704013824,-0.6798897981643677,-0.1070809066295623,-0.128829151391983,-0.0904335752129554,0.730228021552195,-0.4212553297605909,-0.1048854646808836,72.0
1652967524.867813,-0.0178337097167968,0.0611265897750854,-0.0325938463211059,0.6075553894042969,0.4102184474468231,-0.6801451444625854,-0.105324886739254,-0.1217750236392021,-0.0691483318805694,0.7290861296701274,-0.4226935647875456,-0.1046880715624899,72.0
1652967524.878117,-0.0200120210647583,0.0360791683197021,-0.0152595043182373,0.6066514253616333,0.4110115468502044,-0.6804730892181396,0.0045299790799617,-0.0970177426934242,-0.0303127877414226,0.7281069936454717,-0.4235633919679162,-0.1046105794201757,72.0
1652967524.8877192,-0.0155357718467712,0.0293459296226501,0.0288513898849487,0.606005072593689,0.4105560183525085,-0.6813234090805054,0.1681242436170578,-0.0883959755301475,-0.0115446569398045,0.7269572942552759,-0.4230637568692308,-0.1053856867746824,72.0
1652967524.897726,-0.0103599429130554,0.0282789468765258,0.0441401600837707,0.6055137515068054,0.4091221988201141,-0.6826215982437134,0.257411241531372,-0.0604189336299896,-0.0086026629433035,0.7256094416445322,-0.42149186730354,-0.107007908885809,72.0
1652967524.907639,-0.0165848135948181,0.012531578540802,0.0054505765438079,0.6053146123886108,0.4075285792350769,-0.6837504506111145,0.2092524915933609,-0.0103643424808979,-0.0016542458906769,0.7246260037675627,-0.4197460848255367,-0.1087439693895004,72.0
1652967524.917578,-0.0194846987724304,0.0089316964149475,-0.0152541399002075,0.6054526567459106,0.4063979983329773,-0.68430095911026,0.109094999730587,0.0238239876925945,0.0068798540160059,0.7243397484541585,-0.4185083449359141,-0.109818512768634,72.0
1652967524.927494,-0.013206660747528,0.0162540674209594,-0.0225062370300292,0.6057206988334656,0.4058986008167267,-0.684360146522522,0.0363365113735199,0.0159191396087408,-0.004946865607053,0.7245164817337872,-0.4179618491262941,-0.1102482638906991,72.0
1652967524.937554,-0.0122424364089965,0.0209085941314697,-0.0316309928894043,0.6057788133621216,0.4059138894081116,-0.6842997074127197,-0.0245404206216335,-0.0171647779643535,-0.0249727722257375,0.7246079553208332,-0.4179785816263911,-0.1103537887420003,72.0
1652967524.9476209,-0.0129360556602478,0.026282787322998,-0.0338959097862243,0.6055263876914978,0.4064392745494842,-0.684211254119873,-0.0915169939398765,-0.0615052878856658,-0.0188087336719036,0.7244652539344579,-0.4185535289141417,-0.1100667072594091,72.0
1652967524.957457,-0.0053791999816894,0.030202567577362,-0.0395129919052124,0.604942798614502,0.4073871672153473,-0.6841637492179871,-0.1706142127513885,-0.1010281965136528,0.0034808600321412,0.7240211879996779,-0.4195912277007714,-0.1091635073221785,72.0
1652967524.967335,-0.003894567489624,0.0275385975837707,-0.0488654375076293,0.6042821407318115,0.4087135195732116,-0.6839564442634583,-0.2017827183008194,-0.1081724464893341,0.0390056781470775,0.7236293439833815,-0.4210440316476951,-0.1075886040836237,72.0
1652967524.977365,-0.0076885819435119,0.0178017020225524,-0.0207049250602722,0.6037731766700745,0.4096973240375519,-0.6838173866271973,-0.1365365982055664,-0.102508433163166,0.0625173971056938,0.7233121795915285,-0.4221222249650395,-0.1058854943847728,72.0
1652967524.987326,-0.0085379481315612,-0.00026535987854,0.0218059420585632,0.6034628748893738,0.4099262654781341,-0.6839540600776672,-0.0390084460377693,-0.0612598545849323,0.0816999152302742,0.7229579930203758,-0.422373205971558,-0.1046361899878655,72.0
1652967524.997305,-0.0118775367736816,-0.0276710987091064,0.0279726088047027,0.6036133766174316,0.409374862909317,-0.6841514706611633,0.0259854700416326,0.0008032508194446,0.0916646644473075,0.7229385471212654,-0.4217687891449915,-0.103903483139153,72.0
1652967525.007271,-0.0202344059944152,-0.0353355407714843,0.0334000587463378,0.6042492389678955,0.4084944725036621,-0.6841163039207458,0.0387564599514007,0.0645322203636169,0.0895498543977737,0.7234863794279468,-0.4208040433720789,-0.1033962173720152,72.0
1652967525.0173368,-0.0235989093780517,-0.0335946083068847,0.0197958350181579,0.6052944660186768,0.4076334238052368,-0.6837058067321777,0.018936414271593,0.1140129491686821,0.0755011439323425,0.7246418942602761,-0.4198608765293998,-0.1029460705273444,72.0
1652967525.027147,-0.0223137140274047,-0.0235138535499572,0.008898913860321,0.6065422892570496,0.4070404767990112,-0.6829528212547302,-0.0202569924294948,0.1307862848043441,0.0655820071697235,0.7262111888990047,-0.4192116464299603,-0.102340488998427,72.0
1652967525.037142,-0.0122074484825134,-0.0198757052421569,0.0045306682586669,0.6078342795372009,0.4067395329475403,-0.6819828152656555,-0.0565452277660369,0.1256711483001709,0.0479891672730445,0.7279737008897669,-0.4188821748721436,-0.101531732414629,72.0
1652967525.047051,-0.0061417818069458,-0.0142669081687927,-0.0015983879566192,0.608894407749176,0.4067497849464416,-0.6810302734375,-0.107860080897808,0.0912268385291099,0.0419518202543258,0.7295338178991297,-0.4188934111491819,-0.1005494968467045,72.0
1652967525.057036,-0.0068762302398681,-0.0081466436386108,0.0033643245697021,0.6096289157867432,0.40712770819664,-0.6801468133926392,-0.1318485140800476,0.0485896281898021,0.0614882409572601,0.7307779681311722,-0.4193071223827257,-0.0992777216877513,72.0
1652967525.066968,-0.0088764429092407,-0.0024139881134033,0.0270636677742004,0.6098743677139282,0.4078881740570068,-0.6794707775115967,-0.1374480724334716,-0.0055599994957447,0.0724026262760162,0.7314723916187569,-0.4201398948524056,-0.0977748556407101,72.0
1652967525.076929,-0.0071211457252502,-0.0051653385162353,0.0163654088973999,0.6096296310424805,0.408515602350235,-0.6793134212493896,-0.1161398440599441,-0.0560322292149066,0.0672084018588066,0.7313880146118376,-0.4208271957538531,-0.0964617462124019,72.0
1652967525.087043,-0.010094940662384,-0.0183844566345214,-0.0014525949954986,0.6090176701545715,0.4091064631938934,-0.679506778717041,-0.1000480949878692,-0.0685735344886779,0.0554212145507335,0.7307473115583377,-0.4214746288774214,-0.0953757554793045,72.0
1652967525.096884,-0.0208848118782043,-0.0363144278526306,0.0162980556488037,0.6083939671516418,0.4094527065753937,-0.6798568367958069,-0.0655202120542526,-0.0540286786854267,0.0533016063272953,0.7299821321941214,-0.4218541094153504,-0.0945779909055068,72.0
1652967525.106837,-0.0206186175346374,-0.0337638258934021,0.0485750138759613,0.6080361604690552,0.4094480872154236,-0.6801796555519104,-0.0071191526949405,-0.0247284732758998,0.0427837185561656,0.7294539653908179,-0.4218490411155013,-0.09408225356491,72.0
1652967525.116801,-0.0231775641441345,-0.0277714729309082,0.0490754842758178,0.6078790426254272,0.409130722284317,-0.6805109977722168,0.0363891758024692,0.005169503390789,0.0220403559505939,0.7290836053356127,-0.4215012025533292,-0.0940565319594164,72.0
