1652969005.300772,0.0133936405181884,-0.0641515254974365,0.0114286541938781,0.4944342374801636,0.7844696640968323,-0.3743557631969452,-0.0383063629269599,-0.1283682584762573,-0.300473541021347,0.9227414743252336,-0.9018404946842788,0.5862293639676326,116.0
1652969005.310813,0.0137326121330261,-0.0864576399326324,0.0006020069122314,0.4916080832481384,0.7861409783363342,-0.3745715916156769,-0.0880749821662902,-0.1561970561742782,-0.2866411805152893,0.9197028053966256,-0.9045400870066082,0.5841461234567737,116.0
1652969005.320662,0.0102788805961608,-0.0855354368686676,-0.0131930112838745,0.4888209402561188,0.7880188822746277,-0.3742731213569641,-0.1841642260551452,-0.1519538462162017,-0.2748428583145141,0.9173447254836954,-0.9075843906925878,0.5830900766680936,116.0
1652969005.330596,0.0083811581134796,-0.0762954950332641,-0.0216794610023498,0.4861410558223724,0.7902340292930603,-0.37309131026268,-0.3094162046909332,-0.1596919298171997,-0.2679646015167236,0.916217366771255,-0.9111908110330316,0.583609191285644,116.0
1652969005.3406,0.0121939480304718,-0.079860895872116,-0.0109213590621948,0.4834573864936828,0.792857825756073,-0.3710060119628906,-0.4101790487766266,-0.1602693051099777,-0.264941394329071,0.916250835943939,-0.9154842737336172,0.58566391895975,116.0
1652969005.350515,0.0193406641483306,-0.0780454576015472,0.0075724720954895,0.4806899428367615,0.7957873344421387,-0.3683200776576996,-0.4694139361381531,-0.1838839203119278,-0.2765567898750305,0.9169873361141728,-0.9203066183532548,0.588728191265671,116.0
1652969005.360625,0.0256520509719848,-0.0855508744716644,0.0327885746955871,0.4776898026466369,0.7989374995231628,-0.3653923571109772,-0.4982663691043854,-0.2118676155805587,-0.2982069551944732,0.91781738456643,-0.925526437260006,0.5922128197595529,116.0
1652969005.370627,0.0237883329391479,-0.1026274263858795,0.053387701511383,0.4744418263435364,0.8021878004074097,-0.362491250038147,-0.4787831604480743,-0.2212001979351043,-0.3180441558361053,0.9183717381140408,-0.9309505132519844,0.5955967307846249,116.0
1652969005.380749,0.0142604410648345,-0.0931640267372131,0.0622031688690185,0.47101491689682,0.8053199648857117,-0.3600069880485534,-0.4048245251178741,-0.2347234636545181,-0.3346119225025177,0.918192095229459,-0.9362149554998366,0.5981982973008068,116.0
1652969005.390609,0.0120200812816619,-0.0834195911884307,0.0759006738662719,0.4673806428909302,0.8082239031791687,-0.3582310378551483,-0.3232423067092895,-0.2537157833576202,-0.3509016931056976,0.9168404708618156,-0.9411297479151668,0.5995548122974773,116.0
1652969005.400812,0.0173685848712921,-0.0762704610824585,0.082922875881195,0.4635885953903198,0.8109063506126404,-0.3570946455001831,-0.2685702741146087,-0.270391970872879,-0.3599186241626739,0.9144396527320394,-0.9456993312549066,0.5998231112944734,116.0
1652969005.410517,0.0175024569034576,-0.0773831009864807,0.0743321180343627,0.4596247375011444,0.8135004043579102,-0.3563176989555359,-0.2413168102502823,-0.2768718302249908,-0.3713898062705993,0.9113387441397124,-0.9501459674816984,0.5993954889415388,116.0
1652969005.420334,0.0108065009117126,-0.0587614178657531,0.0597081184387207,0.4555937647819519,0.8161615133285522,-0.3554081320762634,-0.2971395850181579,-0.2500601708889007,-0.3982301950454712,0.9083086238659108,-0.9547365508229844,0.598894337181932,116.0
1652969005.430407,0.0052985846996307,-0.1129263639450073,0.0630549788475036,0.4512292742729187,0.8194064497947693,-0.3535045087337494,-0.443920373916626,-0.2241570353507995,-0.4703156352043152,0.9062438295256544,-0.9603748080699348,0.5992615598080446,116.0
1652969005.440364,0.0066800713539123,-0.224854826927185,0.0834444165229797,0.4462466835975647,0.8237820267677307,-0.3496388494968414,-0.7534142732620239,-0.1846330612897873,-0.5591403245925903,0.9061913078929114,-0.968050328959698,0.6017154284200893,116.0
1652969005.450247,0.0118501186370849,-0.1903703510761261,0.1270514726638794,0.4407410323619842,0.8297814130783081,-0.3423600196838379,-1.1746461391448977,-0.1192290335893631,-0.6579344868659973,0.9103734257902392,-0.9787159071065352,0.6085783078162535,116.0
1652969005.460091,0.0467002391815185,-0.1330718398094177,0.1206321120262146,0.4341806173324585,0.8376197218894958,-0.3314822316169739,-1.5713013410568235,-0.1506042629480362,-0.8298943042755127,0.918732387729422,-0.99291109050784,0.6200877523535252,116.0
1652969005.470098,0.1123573184013366,-0.1073147356510162,0.1354222893714904,0.4258813261985779,0.8469994068145752,-0.3181463181972503,-1.7670605182647705,-0.244326651096344,-0.996121346950531,0.9291984205082242,-1.0103151332796931,0.634766453232671,116.0
1652969005.479988,0.1870768964290619,-0.044096827507019,0.2637823820114136,0.4158132672309875,0.8570060729980469,-0.3043683469295501,-1.7643941640853882,-0.3743704259395599,-1.1542987823486328,0.9389260054356352,-1.0294313469625405,0.6498239171065716,116.0
1652969005.490138,0.2251920104026794,-0.0668888390064239,0.463079035282135,0.4037907123565674,0.86684650182724,-0.2924558818340301,-1.400083303451538,-0.5022286772727966,-1.3553701639175415,0.9439628980257764,-1.0488421311786646,0.6607116126828212,116.0
1652969005.500082,0.2058658003807068,-0.0557342171669006,0.5544290542602539,0.3898679912090301,0.8758687376976013,-0.2843539416790008,-1.0061428546905518,-0.6733943223953247,-1.446048140525818,0.9406364780626976,-1.0672332019916977,0.663645080690826,116.0
1652969005.5100288,0.1584611535072326,-0.1008130609989166,0.4605221748352051,0.3746810555458069,0.8838532567024231,-0.2800312936306,-0.6424728035926819,-0.7709040641784668,-1.563679814338684,0.9289704092527782,-1.0840367236351092,0.6587329688501485,116.0
1652969005.520116,0.0836586654186248,-0.1367021799087524,0.3005526065826416,0.358174979686737,0.8913723230361938,-0.2777878046035766,-0.4965470135211944,-0.6952401995658875,-1.70206618309021,0.9111336619239284,-1.1003638190384435,0.6468957808635459,116.0
1652969005.52991,0.068496435880661,-0.1364870965480804,0.25536048412323,0.3407444059848785,0.8987531065940857,-0.2759276926517486,-0.4178915917873382,-0.5995351672172546,-1.8040233850479128,0.8901209202546806,-1.116917364326961,0.6306051682754618,116.0
1652969005.540154,0.1063989400863647,-0.1405976116657257,0.266797661781311,0.3226019740104675,0.906069040298462,-0.2738008201122284,-0.4625242948532104,-0.4983491897583008,-1.906735062599182,0.8670421380631977,-1.1338993970189757,0.611041691174342,116.0
1652969005.549886,0.1651840209960937,-0.1232088804244995,0.2544666528701782,0.3034898042678833,0.9134562611579896,-0.2710937261581421,-0.4872633218765259,-0.5036011934280396,-2.019544839859009,0.8417203611237015,-1.151697991559699,0.5885968447471637,116.0
1652969005.5598578,0.2078417241573333,-0.1163004338741302,0.2409009933471679,0.2832625210285187,0.9209489226341248,-0.2676109075546264,-0.5963383913040161,-0.499530553817749,-2.1106503009796143,0.8138028509585022,-1.1705085651632263,0.5636380401079769,116.0
1652969005.569829,0.2273858785629272,-0.131006509065628,0.2444204688072204,0.2619483768939972,0.9285532236099244,-0.2630062103271484,-0.7044620513916016,-0.4828676879405975,-2.2405688762664795,0.783383040421851,-1.1904960499612072,0.5360247854715525,116.0
1652969005.579793,0.2325519472360611,-0.131103515625,0.236978530883789,0.2391736358404159,0.9362544417381288,-0.2573397755622864,-0.7930207252502441,-0.5233426690101624,-2.3833558559417725,0.748827060077753,-1.2118129053488356,0.5043191253982079,116.0
1652969005.5899038,0.2439410835504531,-0.1303111314773559,0.2286588549613952,0.2149518579244613,0.9439027309417723,-0.2506858706474304,-0.8946500420570374,-0.5788385272026062,-2.4808290004730225,0.7088061786326323,-1.2342558025386334,0.4676054105800812,116.0
1652969005.599748,0.2466625720262527,-0.1394059658050537,0.209301471710205,0.1897083967924118,0.9511751532554626,-0.2434678077697754,-0.8837497234344482,-0.6571386456489563,-2.543567419052124,0.6619243324554439,-1.2570212308771769,0.4245994341588321,116.0
1652969005.6096802,0.2205981165170669,-0.1321280300617218,0.1866369247436523,0.1636488139629364,0.9576958417892456,-0.236722931265831,-0.8040097951889038,-0.7547139525413513,-2.590494394302368,0.6048695703910619,-1.2788858617061574,0.3722021833887082,116.0
1652969005.619782,0.1707039326429367,-0.1044047325849533,0.1667953133583068,0.1367455273866653,0.9634535908699036,-0.230342835187912,-0.7736908197402954,-0.8323258757591248,-2.640222549438477,0.5357453195600457,-1.2996093318604134,0.3084500516133577,116.0
1652969005.6294842,0.1614419221878051,-0.0847925394773483,0.1388795971870422,0.109325386583805,0.9683743715286256,-0.2242744863033294,-0.7207428812980652,-0.9461781978607178,-2.6415724754333496,0.4535673551537037,-1.318630605413771,0.2325136952865334,116.0
1652969005.639649,0.1793902963399887,-0.0455476641654968,0.1501892805099487,0.0814435705542564,0.9723692536354064,-0.2187805771827697,-0.5724780559539795,-1.1030080318450928,-2.6670613288879395,0.3563675738373614,-1.335173995035397,0.142868889274353,116.0
1652969005.64951,0.1881382167339325,0.0261222422122955,0.1657614111900329,0.0526913739740848,0.9751994013786316,-0.2149652987718582,-0.4039051830768585,-1.2428240776062012,-2.731051445007324,0.2403764473650484,-1.3476202242207345,0.035783733069766,116.0
1652969005.659488,0.1911207288503646,0.0471339225769043,0.2148717641830444,0.0231585521250963,0.9769312143325806,-0.2122953236103058,-0.2365976870059967,-1.3487178087234497,-2.7725729942321777,0.1086568516025366,-1.3555847206547382,-0.0858965366660878,116.0
1652969005.669745,0.1756075173616409,-0.0253245085477828,0.2130409479141235,-0.0067841745913028,0.9774649739265442,-0.2109886109828949,-0.0588598325848579,-1.3650522232055664,-2.79766845703125,-0.0321431452059874,-1.3580986294523598,-0.2160962915492982,116.0
1652969005.679735,0.14224773645401,-0.069918692111969,0.1848028898239135,-0.03694674000144,0.9768182039260864,-0.2108585983514785,0.091116614639759,-1.301890850067139,-2.8242549896240234,-0.1734595545432235,-1.355055991495908,-0.3470753798198397,116.0
1652969005.689671,0.122489683330059,-0.099235326051712,0.142339289188385,-0.0671001896262168,0.975046694278717,-0.2116170078516006,0.1842350363731384,-1.2170108556747437,-2.8262226581573486,-0.3070548076392839,-1.3469312268291256,-0.4710539180866466,110.0
1652969005.69934,0.1163277029991149,-0.1177133619785308,0.0928062200546264,-0.0968726798892021,0.9723336696624756,-0.2125634253025055,0.1911723017692566,-1.132346272468567,-2.7987749576568604,-0.4276132402155104,-1.3350216534490018,-0.5828559435797519,110.0
1652969005.709295,0.1049333810806274,-0.0770634263753891,0.0068916678428649,-0.1260667145252227,0.9689841270446776,-0.2125486433506012,0.0488824695348739,-1.083046555519104,-2.7523844242095947,-0.5353448486348048,-1.321086319368746,-0.682467642712628,110.0
1652969005.719259,0.0810523480176925,-0.0691898167133331,-0.0560792088508605,-0.1544775515794754,0.9652740359306335,-0.2106718868017196,-0.1502623260021209,-1.026039958000183,-2.685875177383423,-0.6327020206014435,-1.3064903861483463,-0.7722485159425683,110.0
1652969005.729249,0.0236285179853439,-0.0883394926786422,-0.0564834475517272,-0.1819688826799392,0.9614211916923524,-0.2062927037477493,-0.3931782245635986,-0.9368310570716858,-2.61594295501709,-0.7228319122816448,-1.2921227693744446,-0.8556155303753065,110.0
1652969005.7392511,-0.0336251854896545,-0.1132055222988128,-0.0298411846160888,-0.2084859609603881,0.9573010206222534,-0.2002713084220886,-0.5189854502677917,-0.8027081489562988,-2.568641185760498,-0.805492126655621,-1.2775170972351415,-0.9327149772924668,110.0
1652969005.749113,-0.0562648624181747,-0.1868149042129516,0.0694502592086792,-0.2343539744615554,0.9526444673538208,-0.1937700808048248,-0.4670369625091553,-0.711637556552887,-2.565366268157959,-0.8799104368138605,-1.261817051263732,-1.0027921729232387,110.0
1652969005.75922,-0.0494190752506256,-0.2589792609214782,0.1933963894844055,-0.2600138187408447,0.9470301866531372,-0.1884849965572357,-0.2649432420730591,-0.7173353433609009,-2.5741288661956787,-0.9435511919060384,-1.2438585320291946,-1.0623429490897132,110.0
1652969005.769004,-0.0221678018569946,-0.2570564150810241,0.2673850059509277,-0.2856781482696533,0.9402260184288024,-0.1853725016117096,0.0456443317234516,-0.7861925959587097,-2.598040819168091,-0.9952047724858144,-1.223293444271616,-1.1091992394754957,110.0
1652969005.778954,0.0275638103485107,-0.2127223461866378,0.2400126457214355,-0.3119112551212311,0.9319385886192322,-0.1849372535943985,0.4092307984828949,-0.9782789349555968,-2.6868629455566406,-1.0356017528734098,-1.1997228168432277,-1.1430299579020575,110.0
1652969005.78891,0.079919159412384,-0.1451645493507385,0.2089653015136718,-0.3390896320343017,0.9221839904785156,-0.1859972327947616,0.5594079494476318,-1.240351915359497,-2.7406435012817383,-1.069090566245316,-1.1736900821600689,-1.1672463510506836,110.0
1652969005.799007,0.1063361167907714,-0.0931065082550048,0.1815076470375061,-0.3665289580821991,0.9117388129234314,-0.1854429543018341,0.3389626443386078,-1.5012948513031006,-2.703617811203003,-1.102405201746108,-1.1474974825677158,-1.1885911990422915,110.0
1652969005.808821,0.0620757937431335,-0.1152504533529281,0.0532010793685913,-0.3935423791408539,0.9013734459877014,-0.1806940138339996,-0.0802249833941459,-1.6254574060440063,-2.6411635875701904,-1.1403614075743531,-1.1229307853472017,-1.2131906652589317,110.0
1652969005.818786,-0.0220074355602264,-0.1698067039251327,-0.0209943652153015,-0.4197191596031189,0.891309916973114,-0.1714716553688049,-0.4770383834838867,-1.651630401611328,-2.57853627204895,-1.1829504527438717,-1.100226124471585,-1.2424288001617734,110.0
1652969005.8287868,-0.0966717302799224,-0.2418666332960128,0.0712664127349853,-0.4449694156646728,0.8812328577041626,-0.1594702899456024,-0.5983628630638123,-1.615486741065979,-2.532621383666992,-1.2266713299013137,-1.0784640499401843,-1.2734172262752803,110.0
1652969005.838763,-0.1620435416698455,-0.3239579796791076,0.2162305116653442,-0.469395637512207,0.8704241514205933,-0.1484238505363464,-0.1855502724647522,-1.6111091375350952,-2.5070247650146484,-1.2645423427937956,-1.056063282324198,-1.2983403657320651,110.0
1652969005.8487,-0.2219587862491607,-0.2952557206153869,0.3797804713249206,-0.4932205975055694,0.8582260608673096,-0.1420615017414093,0.5388557314872742,-1.616726040840149,-2.48156213760376,-1.2903585750837794,-1.031803494919202,-1.309599235882878,110.0
1652969005.85865,-0.2794755101203918,-0.1734613627195358,0.4640088677406311,-0.5163160562515259,0.8446153402328491,-0.1415718644857406,1.2619391679763794,-1.6387455463409424,-2.4166715145111084,-1.3031776057189155,-1.005846289504967,-1.3055681664283247,110.0
1652969005.868806,-0.2938322424888611,-0.0990263074636459,0.4333135485649109,-0.5384735465049744,0.8298547267913818,-0.1462437212467193,1.900608777999878,-1.6337506771087646,-2.334391593933105,-1.3056036757179788,-0.9788472414265053,-1.2889703986328611,110.0
1652969005.878603,-0.2933902144432068,-0.1351252198219299,0.3755521178245544,-0.5596523880958557,0.8140993714332581,-0.155020922422409,2.3872110843658447,-1.5910269021987915,-2.2393648624420166,-1.300576314681762,-0.9511766396619736,-1.2632580085140814,110.0
1652969005.888608,-0.3062314987182617,-0.1986865103244781,0.3334253430366516,-0.579464852809906,0.7977696061134338,-0.1666854619979858,2.658853530883789,-1.4776818752288818,-2.068974018096924,-1.2907041313335732,-0.9235870212115852,-1.2320224546175766,110.0
1652969005.898477,-0.3124304413795471,-0.2001132816076278,0.3151255249977112,-0.5972374677658081,0.7816761136054993,-0.1796935200691223,2.769070863723755,-1.3942716121673584,-1.8164628744125368,-1.278537454297142,-0.8973487868709698,-1.1985474472622375,110.0
1652969005.908482,-0.3264750838279724,-0.1738312840461731,0.2766780257225036,-0.6127186417579651,0.7663212418556213,-0.1932038962841034,2.9268524646759038,-1.370221495628357,-1.5372551679611206,-1.2653422603853457,-0.873095325369914,-1.1637051902855473,110.0
1652969005.918449,-0.3621487617492676,-0.0947185754776001,0.2332241535186767,-0.6260256767272949,0.7515628337860107,-0.2079550325870514,3.267523288726806,-1.4393949508666992,-1.2510980367660522,-1.2500815146864015,-0.8504280449861017,-1.1252275097265685,110.0
1652969005.928385,-0.4313507676124573,-0.0110534131526947,0.2365611791610717,-0.637679934501648,0.736903727054596,-0.2243594676256179,3.647700548171997,-1.420330047607422,-1.0640394687652588,-1.23248583705112,-0.8284785280923198,-1.0823170138848524,110.0
1652969005.938499,-0.4984543323516845,0.0601592063903808,0.1705566644668579,-0.6481978893280029,0.7211822271347046,-0.244409367442131,4.372696399688721,-1.4446921348571775,-0.9082701802253724,-1.2102210183115856,-0.8055073518968049,-1.0322949501998409,110.0
1652969005.948312,-0.5065897107124329,0.2195176184177398,0.2178240418434143,-0.6575642824172974,0.7039592862129211,-0.2684223353862762,5.036623477935791,-1.389333724975586,-0.7034501433372498,-1.1832350560426586,-0.7809567608177628,-0.9745296794675836,110.0
1652969005.9582028,-0.4412720799446106,0.336848109960556,0.2801052927970886,-0.6655699610710144,0.6847383379936218,-0.2969008386135101,5.818910598754883,-1.3724710941314695,-0.4890384972095489,-1.1512028018352776,-0.754244588828025,-0.908711053325873,110.0
1652969005.9682322,-0.309000551700592,0.4024808704853058,0.2894216179847717,-0.6722921133041382,0.6633827686309814,-0.3285523056983948,6.465653896331787,-1.5672873258590698,-0.1425316035747528,-1.1162257561343738,-0.7253304939932912,-0.8352774966694826,110.0
1652969005.978212,-0.2508054375648498,0.5171102285385132,0.2391446828842163,-0.6774936318397522,0.6411805152893066,-0.3604027926921844,6.710866928100586,-1.7090753316879272,0.2894320487976074,-1.0819050107992358,-0.6960356283864185,-0.7574688656067987,110.0
1652969005.988154,-0.3182357549667358,0.6123692393302917,0.0775424838066101,-0.6806657314300537,0.6197992563247681,-0.3905677199363708,6.410964488983154,-1.6094216108322144,0.7115314602851868,-1.0498624358324962,-0.6684868846193632,-0.6801312319829762,110.0
1652969005.9982638,-0.3814926743507385,0.6677111387252808,-0.0364906787872314,-0.6808242797851562,0.6016607880592346,-0.4177113771438598,5.759857654571533,-1.2876118421554563,1.144928216934204,-1.0204820346780086,-0.6455787508441783,-0.6083594756050951,110.0
1652969006.00824,-0.3321583867073059,0.799545168876648,-0.062443196773529,-0.6777750849723816,0.5869637727737427,-0.4428254663944244,5.329720497131348,-0.9419448971748352,1.5003559589385986,-0.9920685564325394,-0.6273035213574316,-0.541792246741065,110.0
1652969006.018009,-0.212232232093811,0.953502893447876,0.158833622932434,-0.671556830406189,0.5737863779067993,-0.4688076078891754,5.3325958251953125,-0.4253089725971222,1.7047706842422483,-0.9613529099468716,-0.6111215586532328,-0.4769562566176585,110.0
1652969006.028002,-0.1045857667922973,0.9771100282669068,0.4222162365913391,-0.6629161238670349,0.558343768119812,-0.4987929761409759,5.648528099060059,0.1464091390371322,1.574282169342041,-0.9257466660438712,-0.5923880910960196,-0.4115200384485709,110.0
1652969006.037954,0.0741508603096008,0.9796000719070436,0.5778612494468689,-0.6523826718330383,0.5391733646392822,-0.5326245427131653,5.581888198852539,0.7393174767494202,1.4567453861236572,-0.8861173285024633,-0.5694552746266432,-0.3474671999513845,110.0
1652969006.047905,0.3592603206634521,0.9339830875396729,0.6186087727546692,-0.6392591595649719,0.5198186635971069,-0.5666888952255249,4.802452564239502,1.2438410520553589,1.4582451581954956,-0.8455026243073991,-0.5466386993661272,-0.2894040427438719,110.0
1652969006.0579638,0.6254054307937622,0.7847476005554199,0.4826714992523193,-0.623452365398407,0.5048160552978516,-0.597049355506897,3.381364345550537,1.7407844066619873,1.3004690408706665,-0.8070276988588078,-0.5291688585506834,-0.2434483061136124,110.0
1652969006.0678458,0.8749757409095764,0.662553608417511,0.3401560485363006,-0.6066499948501587,0.4948809146881103,-0.6221485137939453,2.117867946624756,1.979808568954468,0.8060882687568665,-0.7727860992220371,-0.5176977956831809,-0.2125506562811741,110.0
1652969006.077983,1.0660622119903564,0.5918550491333008,0.4623762667179107,-0.5920326709747314,0.4868727326393127,-0.6422244310379028,1.4790903329849243,1.8458166122436523,0.2034242451190948,-0.7447550130608911,-0.5085058972537089,-0.1946712210130574,110.0
1652969006.089123,1.1651240587234497,0.5224530100822449,0.8228582739830017,-0.5811702609062195,0.4769614040851593,-0.6593549847602844,1.6197775602340698,1.5355998277664185,-0.2186194211244583,-0.7224559038990547,-0.4971942782192037,-0.1834199955000478,110.0
1652969006.0980248,1.2344255447387695,0.401731789112091,1.1824374198913574,-0.5740556716918945,0.4616510570049286,-0.6762680411338806,2.3804445266723637,1.093478083610535,-0.5066978335380554,-0.7038308105395749,-0.4798555793191653,-0.1718719196023264,110.0
1652969006.108321,1.2880356311798096,0.3605846166610718,1.336303949356079,-0.5715134739875793,0.438811719417572,-0.6934095025062561,3.154870986938477,0.5552665591239929,-0.8966521620750427,-0.689328462505243,-0.4542758597870882,-0.1580325615117429,110.0
1652969006.117573,1.258532166481018,0.3720351457595825,1.157236099243164,-0.5741602182388306,0.4085442125797272,-0.7095292210578918,3.5732903480529785,0.0860386341810226,-1.3832342624664309,-0.680333418929317,-0.4208585378229162,-0.1440252419334312,110.0
1652969006.1276212,1.1449486017227173,0.3927050828933716,0.817326009273529,-0.5808617472648621,0.374293565750122,-0.7228443622589111,3.3075714111328125,-0.1454106271266937,-1.9035106897354128,-0.6769187965232445,-0.3836348557058385,-0.1342382976803663,110.0
1652969006.137485,1.0260573625564575,0.4994111657142639,0.5238422751426697,-0.5901595950126648,0.3401253223419189,-0.7321383357048035,2.598679304122925,-0.2880551218986511,-2.4381096363067627,-0.6784352186946144,-0.3470501519600423,-0.1324230384006907,110.0
1652969006.147523,0.9577695727348328,0.6760075092315674,0.2782825827598572,-0.60140061378479,0.308249682188034,-0.7370885610580444,1.7857439517974854,-0.4281148612499237,-2.8840343952178955,-0.6843693340852097,-0.3133525750637809,-0.1397472039361906,110.0
1652969006.157295,0.914017915725708,0.7728258371353149,0.1543003022670745,-0.6137096881866455,0.2792626023292541,-0.7384936809539795,1.1149146556854248,-0.480133593082428,-3.1979851722717285,-0.6933768276427771,-0.2830260862899279,-0.1547418219996146,110.0
1652969006.167364,0.8698928356170654,0.7554194331169128,0.1149952709674835,-0.6255691051483154,0.2521461248397827,-0.7382991909980774,0.734319806098938,-0.3429952561855316,-3.407196044921875,-0.7029309759183742,-0.2548974110514387,-0.174919537896707,110.0
1652969006.177384,0.8615490198135376,0.7785659432411194,0.0946520119905471,-0.6355357766151428,0.2259043157100677,-0.7382827997207642,0.5751315355300903,-0.144098699092865,-3.4343574047088623,-0.7107477787156375,-0.2278712476563551,-0.1974246473549504,110.0
1652969006.187367,0.8691375851631165,0.7945217490196228,-0.0109146982431411,-0.643048107624054,0.1995282769203186,-0.7393765449523926,0.686302661895752,0.0862606912851333,-3.4311177730560303,-0.7158297982697768,-0.2008764871189767,-0.2197353541550537,110.0
1652969006.197523,0.8493435382843018,0.8256676197052002,-0.1941743046045303,-0.647866427898407,0.1715452224016189,-0.7421868443489075,0.9133222699165344,0.3146446049213409,-3.432440996170044,-0.7176481841961602,-0.1723979247100204,-0.2406281149141565,110.0
1652969006.207324,0.8371258974075317,0.928879737854004,-0.3456306457519531,-0.6500836610794067,0.1423221975564956,-0.7464151978492737,1.0105589628219604,0.5283410549163818,-3.367159843444824,-0.7165264905535931,-0.142807108356113,-0.2600121682909319,110.0
1652969006.217378,0.8345621228218079,1.0074174404144287,-0.5263113379478455,-0.6497781276702881,0.1135913208127021,-0.7515885829925537,0.8474384546279907,0.6884047985076904,-3.3134145736694336,-0.7128747558570776,-0.1138370294630986,-0.2791202432099932,110.0
1652969006.2271972,0.8098901510238647,1.1186604499816897,-0.7599951028823853,-0.6475824117660522,0.0874026492238044,-0.7569661736488342,0.5311403274536133,0.7515338659286499,-3.1796951293945312,-0.7076767782944018,-0.0875143113129183,-0.2993668412809754,110.0
1652969006.237148,0.7311267852783203,1.183353304862976,-0.8851175308227539,-0.6439990997314453,0.0657507702708244,-0.7621955871582031,0.031179241836071,0.8268762826919556,-2.8597452640533447,-0.7015411514281003,-0.0657982374426641,-0.3203811078130347,110.0
1652969006.247133,0.6326751112937927,1.0612363815307615,-1.0321871042251587,-0.6387023329734802,0.0500396080315113,-0.767825186252594,-0.4528915584087372,0.964108943939209,-2.599531412124634,-0.6938521890277674,-0.050060516111505,-0.3426659505068679,110.0
1652969006.25708,0.5580134987831116,1.0684897899627686,-1.2669599056243896,-0.632445752620697,0.0394663214683532,-0.7735985517501831,-0.8060629367828369,0.9455216526985168,-2.286237955093384,-0.6853433790809272,-0.0394765745888194,-0.3655116384803116,110.0
1652969006.267048,0.4392387270927429,1.0296376943588257,-1.4879416227340698,-0.6257925629615784,0.0327410735189914,-0.7793020606040955,-0.8808577656745911,0.9954304695129396,-1.999730944633484,-0.6765777128344723,-0.0327469252325994,-0.3874801418850537,110.0
1652969006.276989,0.2515057921409607,0.9056224822998048,-1.6010295152664185,-0.6175640225410461,0.0279395803809165,-0.7860242128372192,-0.8476481437683105,1.2799794673919678,-1.729684352874756,-0.6659484836644824,-0.0279432170105425,-0.4074493574730473,110.0
1652969006.287102,0.123528778553009,0.7981405854225159,-1.579793930053711,-0.606332004070282,0.0246484018862247,-0.7948294878005981,-0.659270703792572,1.6742870807647705,-1.3013105392456057,-0.651671584433683,-0.0246508983376604,-0.4241257134461746,110.0
1652969006.297149,0.0874048471450805,0.7173631191253662,-1.504876732826233,-0.5916162133216858,0.0223477371037006,-0.8059099912643433,-0.3354257643222809,2.083325862884521,-0.8340269327163696,-0.633245348229534,-0.0223495972815849,-0.4356383866339103,110.0
1652969006.3068109,0.0921084284782409,0.6288803219795227,-1.4586056470870972,-0.5731720924377441,0.0194879136979579,-0.81920325756073,0.1530486196279525,2.5085158348083496,-0.4065922498703003,-0.6105045671095612,-0.019489147096744,-0.441240880313388,110.0
1652969006.316829,0.1680183410644531,0.4790287613868713,-1.4091618061065674,-0.5513190031051636,0.0148744108155369,-0.8341619372367859,0.7049500942230225,2.782422542572021,0.0281922407448291,-0.5840175077566885,-0.0148749593443686,-0.4403663552487503,110.0
1652969006.326748,0.2569284439086914,0.366453468799591,-1.3472621440887451,-0.5272529721260071,0.0081962868571281,-0.8496688008308411,1.1762510538101196,2.9418983459472656,0.4521573781967163,-0.5553852581191592,-0.008196378609907,-0.4332339294436502,110.0
1652969006.336753,0.2881772518157959,0.2379486560821533,-1.3263946771621704,-0.5016780495643616,-8.26213727123104e-05,-0.8650544285774231,1.4812517166137695,3.031978130340576,0.760696291923523,-0.5255375350114583,8.2621371783406e-05,-0.421179759202863,110.0
1652969006.346719,0.2800989747047424,0.1290796399116516,-1.351828932762146,-0.4753960967063904,-0.0094994781538844,-0.8797206282615662,1.6895538568496704,3.012943744659424,1.0694665908813477,-0.4954385706586955,0.0094996207513959,-0.4054952672758961,110.0
1652969006.356841,0.2698103785514831,-0.0091063976287841,-1.3162330389022827,-0.4494519531726837,-0.0191096514463424,-0.8931000828742981,1.7729506492614746,2.9002790451049805,1.4135757684707642,-0.4662436470993865,0.0191108139209924,-0.3865223126714871,110.0
1652969006.366693,0.2356448471546173,-0.2211925387382507,-1.2609175443649292,-0.4244112074375152,-0.0282673593610525,-0.905028223991394,1.7977490425109863,2.7767553329467773,1.7598899602890017,-0.438498913170159,0.0282711242720626,-0.3645192382980524,110.0
1652969006.37659,0.2153124511241912,-0.4413695931434631,-1.17747962474823,-0.4004167020320892,-0.0364031083881855,-0.9156098365783693,1.7428923845291138,2.648181438446045,2.106987237930298,-0.4122613723296063,0.0364111540708151,-0.3396950150894146,110.0
1652969006.386555,0.2265287935733795,-0.5789673924446106,-1.0505039691925049,-0.3779721558094024,-0.0436735861003398,-0.9247862696647644,1.775126576423645,2.430661678314209,2.429936408996582,-0.3879949252170533,0.0436874807508367,-0.3120069716861129,110.0
1652969006.3965669,0.2495371103286743,-0.6488696336746216,-0.8631861805915833,-0.3581490516662597,-0.0511665567755699,-0.9322613477706908,1.8905764818191528,2.116546630859375,2.6848275661468506,-0.3667878515782764,0.051188908404441,-0.2815828217472153,110.0
1652969006.406549,0.2465499341487884,-0.6908302903175354,-0.6419410109519958,-0.3411848545074463,-0.0605282112956047,-0.9380454421043396,2.2090542316436768,1.861358642578125,2.8935999870300293,-0.3488438942102567,0.0605652327974452,-0.2483550340411295,110.0
1652969006.416429,0.2134318947792053,-0.7395144701004028,-0.3855807781219482,-0.3262858092784881,-0.0722290053963661,-0.9425075650215148,2.396062135696411,1.7577531337738037,3.066447496414185,-0.3332757329041257,0.0722919535175168,-0.2125604673551809,110.0
1652969006.426539,0.2004474103450775,-0.8005794286727905,-0.1523367166519165,-0.3120348155498504,-0.0848157331347465,-0.9462772011756896,2.3216519355773926,1.800432205200195,3.0826568603515625,-0.3185220117317959,0.0849177539958071,-0.1757790446356637,110.0
1652969006.436359,0.211869329214096,-0.8410806655883789,-0.0183676704764366,-0.2973794937133789,-0.0958599671721458,-0.9499348998069764,1.9277971982955933,1.881832242012024,3.0012264251708984,-0.303388149245768,0.0960073906036128,-0.1401438118243315,110.0
1652969006.4464478,0.2197023332118988,-0.8587496876716614,0.1010015308856964,-0.282110720872879,-0.1025277599692344,-0.9538876414299012,1.2289897203445437,1.930868864059448,2.812307357788086,-0.2875516718179047,0.1027082400761187,-0.1076205722680371,110.0
1652969006.4562712,0.2531487643718719,-0.8951795697212219,0.2947249412536621,-0.2668663561344147,-0.1035631895065307,-0.958152949810028,0.5586204528808594,1.831953525543213,2.5546600818634038,-0.2716373206399763,0.103749212561284,-0.0792675888182246,110.0
1652969006.466218,0.2912003695964813,-1.0176222324371338,0.533085286617279,-0.253068596124649,-0.1007278487086296,-0.962190330028534,0.1671294122934341,1.534911036491394,2.20208477973938,-0.2571882502717689,0.1008989661329294,-0.0553701980277315,110.0
1652969006.4761891,0.3228991031646728,-1.0836142301559448,0.8346615433692932,-0.2424547374248504,-0.0963501557707786,-0.9653664231300354,-0.0220506228506565,1.094524621963501,1.88881516456604,-0.2460636054085616,0.0964998545202778,-0.0354226809861062,110.0
1652969006.486136,0.324126273393631,-1.0821553468704224,1.1101099252700806,-0.2355794906616211,-0.0919370800256729,-0.967496693134308,-0.0548367984592914,0.6653328537940979,1.526604413986206,-0.2388459159220644,0.0920670868848914,-0.0188817248287701,110.0
1652969006.49628,0.3028223514556885,-1.0073862075805664,1.2474820613861084,-0.2323724776506424,-0.0881196111440658,-0.968626856803894,-0.1077855005860328,0.253697395324707,1.0818471908569336,-0.2354493422639474,0.0882340525396328,-0.0063795244506744,110.0
1652969006.5060658,0.2591476738452911,-0.9097726941108704,1.3309425115585327,-0.2322158962488174,-0.084742285311222,-0.968965709209442,-0.1862155199050903,-0.0541503243148326,0.6152682304382324,-0.2352172003842775,0.0848440402373,0.0015618452393903,110.0
1652969006.516047,0.2063657343387603,-0.8159903287887573,1.4182480573654177,-0.2340756803750991,-0.0818225815892219,-0.9687691330909728,-0.2457422465085983,-0.2539665102958679,0.0975132212042808,-0.2370778224585319,0.0819141536477098,0.0045602959140548,110.0
1652969006.525988,0.1634743213653564,-0.7545789480209351,1.4583293199539185,-0.2370521873235702,-0.0796065330505371,-0.96822988986969,-0.3020563125610351,-0.390288770198822,-0.4660646021366119,-0.2401073520313364,0.0796908512112177,0.002082802056847,110.0
1652969006.5360188,0.1510535627603531,-0.6705072522163391,1.4447829723358154,-0.2408057451248169,-0.0780230984091758,-0.967432141304016,-0.3856393694877624,-0.5072116255760193,-0.9492719769477844,-0.2439546607009693,0.078102477095134,-0.005646799436535,110.0
1652969006.545913,0.1613252311944961,-0.5669857263565063,1.4066805839538574,-0.2452790439128875,-0.0764807015657424,-0.9664310216903688,-0.5188702940940857,-0.6112443208694458,-1.3626737594604492,-0.248550809112494,0.07655546022826,-0.0179753968866516,110.0
1652969006.555907,0.1783784329891204,-0.4610328078269958,1.3404524326324463,-0.2505372166633606,-0.0746904611587524,-0.9652214646339417,-0.6382347941398621,-0.7151800394058228,-1.720565676689148,-0.2539600808782925,0.0747600834326172,-0.034345245316113,110.0
1652969006.565982,0.180453360080719,-0.3440574407577514,1.242676854133606,-0.2563352584838867,-0.072907879948616,-0.9638343453407288,-0.7256819009780884,-0.7744805216789246,-2.077038288116455,-0.2599365948191658,0.0729726287389302,-0.0544401407023415,110.0
1652969006.575796,0.1987830698490142,-0.2104317545890808,1.1181408166885376,-0.2623511254787445,-0.0713882893323898,-0.9623281955718994,-0.7852656245231628,-0.8172959089279175,-2.385439395904541,-0.2661533738401706,0.0714490630550677,-0.0779476553802904,110.0
1652969006.585798,0.2467955946922302,-0.0882151126861572,1.0211639404296875,-0.268554538488388,-0.0703890919685363,-0.9606892466545104,-0.8109002113342285,-0.8427207469940186,-2.667968988418579,-0.2725854454202893,0.0704473509240407,-0.1044137058014521,110.0
1652969006.595698,0.2987559139728546,0.026107907295227,0.9273756742477416,-0.2747080028057098,-0.0703051313757896,-0.9589539766311646,-0.7730175256729126,-0.8513538837432861,-2.8848509788513184,-0.2789947780574907,0.0703631749000759,-0.1332850193301023,110.0
1652969006.60568,0.3636674880981445,0.1486985683441162,0.8399128913879395,-0.2807206511497497,-0.0716789662837982,-0.9571092128753662,-0.6573666930198669,-0.8492187261581421,-3.075273036956787,-0.2852992216710101,0.0717404872261593,-0.1638741658030851,110.0
1652969006.615654,0.4294648468494415,0.2501140236854553,0.7491694092750549,-0.2863830327987671,-0.0751737505197525,-0.9551615715026855,-0.4813714325428009,-0.8289456367492676,-3.24558687210083,-0.2912978824021529,0.0752447304267907,-0.195778310814932,110.0
1652969006.625588,0.4960933625698089,0.315068781375885,0.6660008430480957,-0.2913966178894043,-0.0810707733035087,-0.95316082239151,-0.2811172604560852,-0.7675798535346985,-3.3961870670318604,-0.2966926320118458,0.0811598394144642,-0.2286389501961774,110.0
1652969006.63572,0.5520172119140625,0.3191749453544616,0.5812503099441528,-0.2954558730125427,-0.0892462357878685,-0.9511787295341492,-0.1435194611549377,-0.6992729306221008,-3.5153145790100098,-0.301171928782031,0.0893651350539679,-0.2622627892615158,110.0
1652969006.64555,0.5907508134841919,0.3347145318984985,0.4963371157646179,-0.2982854545116424,-0.0984645262360572,-0.9493842720985411,-0.1514158695936203,-0.6075430512428284,-3.608652114868164,-0.3044222460292912,0.0986243320564339,-0.2966651828295444,110.0
1652969006.655498,0.5998561382293701,0.3518065214157104,0.365331768989563,-0.2998987734317779,-0.107397511601448,-0.9479063749313354,-0.2694442570209503,-0.526871383190155,-3.682780742645264,-0.3064158958021578,0.1076050519059141,-0.332131426806719,110.0
1652969006.6653662,0.5996700525283813,0.3600434064865112,0.2219760417938232,-0.3005365431308746,-0.115058034658432,-0.9468048810958862,-0.451430469751358,-0.4802961647510528,-3.710099935531616,-0.3073625235980244,0.115313418868931,-0.3685356590394447,110.0
1652969006.675406,0.5904321670532227,0.3884204030036926,0.1262705028057098,-0.3004539906978607,-0.1210523173213005,-0.94608336687088,-0.6257085204124451,-0.4394379258155823,-3.72042465209961,-0.3075031580582115,0.1213499237493972,-0.4057127252549467,110.0
1652969006.6853452,0.5991791486740112,0.4374566674232483,0.0561549663543701,-0.3000304400920868,-0.1257506161928177,-0.9456048607826232,-0.7194816470146179,-0.4511099457740783,-3.723094701766968,-0.3072422252366845,0.1260844154558655,-0.4433757024919292,110.0
1652969006.695355,0.596333920955658,0.4514643549919128,-0.0548070967197418,-0.2996113300323486,-0.1301144659519195,-0.9451472163200378,-0.6783382296562195,-0.4699536561965942,-3.730496644973755,-0.3069789217918749,0.1304844332315333,-0.481246276409066,110.0
1652969006.70541,0.5561330318450928,0.4777994751930237,-0.1578996330499649,-0.2989764511585235,-0.1348252743482589,-0.9446879029273988,-0.6539316773414612,-0.4253610074520111,-3.672046899795532,-0.3065082081092604,0.1352371221789933,-0.5188074682718057,110.0
1652969006.715256,0.5112148523330688,0.5215237736701965,-0.2144569456577301,-0.2976678609848022,-0.1397150754928589,-0.944390594959259,-0.5863901972770691,-0.3439124822616577,-3.5839054584503174,-0.3053388712599345,0.1401736644013144,-0.5554780854265603,110.0
1652969006.725354,0.4550042748451233,0.5318102836608887,-0.3340129852294922,-0.2951835095882416,-0.1453726589679718,-0.9443164467811584,-0.4308409988880157,-0.1953202337026596,-3.479159116744995,-0.3029665158935418,0.1458896277249278,-0.5909392965898763,110.0
1652969006.7351909,0.4062085151672363,0.5411177277565002,-0.4458714127540588,-0.2911722958087921,-0.1517393440008163,-0.944560170173645,-0.3098024427890777,-0.0143094332888722,-3.26922607421875,-0.2990195562557752,0.1523277513726165,-0.6245472253825318,110.0
1652969006.745127,0.3861314356327057,0.5603498816490173,-0.4868038892745971,-0.2856215834617615,-0.1584905385971069,-0.9451460838317872,-0.1897567361593246,0.1556129157543182,-3.071295022964477,-0.2934724051756029,0.1591616831827168,-0.6558306614225365,110.0
1652969006.7551,0.377777636051178,0.5034587979316711,-0.5867125988006592,-0.2784274220466614,-0.1651797443628311,-0.946146845817566,-0.1878781467676162,0.3490795791149139,-2.882817506790161,-0.2861963331455803,0.1659402532313923,-0.6851953681273599,110.0
1652969006.765069,0.4018130004405975,0.4799719452857971,-0.7262630462646484,-0.269763171672821,-0.1703131049871444,-0.9477453827857972,-0.3304362893104553,0.499968409538269,-2.5954432487487797,-0.2773031860317627,0.1711474144809385,-0.7125228111187738,110.0
1652969006.775536,0.4302302896976471,0.4691859483718872,-0.8282129168510437,-0.2602929174900055,-0.1722756028175354,-0.9500361680984496,-0.6259430646896362,0.6299887299537659,-2.2898287773132324,-0.2674196356920619,0.1731393403613354,-0.7375832828958845,110.0
1652969006.784976,0.4301239252090454,0.481593906879425,-0.908903419971466,-0.2500547170639038,-0.1703052073717117,-0.9531362652778624,-0.95146644115448,0.7446998357772827,-2.056232452392578,-0.2565674263386188,0.1711393876039397,-0.7608314556524503,110.0
1652969006.795166,0.3886390030384063,0.5035212635993958,-0.9865837693214417,-0.2392704337835312,-0.1648294180631637,-0.9568599462509156,-1.1878901720046997,0.8449721336364746,-1.8566118478775024,-0.2450332112543287,0.1655850605462435,-0.7826819746048798,110.0
1652969006.8050451,0.308392196893692,0.4700022935867309,-0.9815053939819336,-0.2274593114852905,-0.1569225788116455,-0.961060643196106,-1.3065954446792605,1.0536707639694214,-1.64678156375885,-0.232398990651197,0.1575738533608572,-0.8028719341938623,110.0
1652969006.8148808,0.2525351345539093,0.4211659431457519,-0.8833346366882324,-0.2137165069580078,-0.1477324813604354,-0.965660572052002,-1.3023666143417358,1.3205583095550537,-1.4292579889297483,-0.2178055697166336,0.1482752071296582,-0.8209273174535068,110.0
1652969006.824806,0.2527836859226227,0.4042293429374695,-0.8158938884735107,-0.1980348825454712,-0.1381773948669433,-0.970406711101532,-1.2452739477157593,1.5326008796691897,-1.226562261581421,-0.2013098825712971,0.1386209142751553,-0.8366796581835448,110.0
1652969006.8346748,0.2615501880645752,0.4160446524620056,-0.8130574822425842,-0.1808766573667526,-0.1284557878971099,-0.975080907344818,-1.1888025999069214,1.7036631107330322,-0.978498101234436,-0.1834143397530744,0.1288117153396664,-0.8499288022297379,110.0
1652969006.844695,0.2358420193195343,0.3922933340072632,-0.8257058262825012,-0.1624011844396591,-0.1187066286802291,-0.9795583486557008,-1.1015069484710691,1.8922061920166016,-0.6925899386405945,-0.1642957895585206,0.1189872019803667,-0.8602048448067531,110.0
1652969006.85467,0.1904318928718567,0.3419943451881408,-0.8335890769958496,-0.142335906624794,-0.1095874309539794,-0.9837332367897034,-0.9259982705116272,2.076768159866333,-0.3994278907775879,-0.1436923413987532,0.1098079743863977,-0.8671303295151649,110.0
1652969006.864702,0.1804726868867874,0.3191977739334106,-0.8148283958435059,-0.1210546866059303,-0.1018130257725715,-0.9874106645584106,-0.7258612513542175,2.196855306625366,-0.1287130266427993,-0.1219893609159797,0.1019897484183797,-0.8708424171932815,110.0
1652969006.874909,0.2126737534999847,0.2800065279006958,-0.8272899985313416,-0.099392220377922,-0.0953328981995582,-0.9904710054397584,-0.5927327871322632,2.1967861652374268,0.1646440178155899,-0.1000136309100455,0.0954778932275327,-0.8714299668165629,110.0
1652969006.884508,0.2199954986572265,0.260206937789917,-0.8646891117095947,-0.0780426859855651,-0.0897331088781356,-0.992903470993042,-0.484527051448822,2.186383008956909,0.4669711291790008,-0.0784392116274993,0.0898539696272416,-0.8687425015408222,110.0
1652969006.894528,0.1858479380607605,0.1919523477554321,-0.8756521344184875,-0.0566514804959297,-0.0850719511508941,-0.9947629570961,-0.370095282793045,2.246272325515747,0.738292396068573,-0.0568882809164235,0.08517490390264,-0.8630291724408277,110.0
1652969006.904492,0.1813628524541854,0.1316392421722412,-0.8427896499633789,-0.0348781906068325,-0.0818473845720291,-0.9960343837738036,-0.1926616430282592,2.2866663932800293,1.013386368751526,-0.0350027535622015,0.0819390424009306,-0.8544318959870729,110.0
1652969006.914465,0.2084523290395736,0.0727545022964477,-0.7689688205718994,-0.0130632501095533,-0.0806255266070365,-0.9966588616371156,0.0022175647318363,2.308284282684326,1.2851645946502686,-0.0131062916866819,0.080713134260063,-0.8429204280747101,110.0
1652969006.924401,0.2126809060573578,-0.0123693943023681,-0.7093504667282104,0.0093347514048218,-0.0812686756253242,-0.9966484904289246,0.1182590797543525,2.45038104057312,1.5388214588165283,0.00936586767674,0.0813583984697785,-0.8288329109051049,110.0
1652969006.9344091,0.2232756614685058,-0.085451602935791,-0.7007337808609009,0.0333164222538471,-0.0827289670705795,-0.9960150122642516,0.0782544016838073,2.664022207260132,1.7938166856765747,0.0334372509726945,0.0828236272594482,-0.8121973517362575,110.0
1652969006.944457,0.2482834160327911,-0.1369222998619079,-0.721636950969696,0.0593492947518825,-0.0836000964045524,-0.9947304725646972,-0.0893036946654319,2.898672103881836,2.040900468826294,0.0595930516940762,0.0836977872143616,-0.7930517623315109,110.0
1652969006.954286,0.2799500524997711,-0.1695140600204467,-0.715053379535675,0.0872529819607734,-0.0836071148514747,-0.992671549320221,-0.2141723930835724,3.0890896320343018,2.2839813232421875,0.0876718122408081,0.0837048299406912,-0.7713749985221615,110.0
1652969006.964369,0.3220079839229584,-0.1833179593086242,-0.653303325176239,0.1160721257328987,-0.0839558392763137,-0.989686131477356,-0.1802258044481277,3.133784055709839,2.4982123374938965,0.116748409445017,0.0840547780176328,-0.7473604017573934,110.0
1652969006.974294,0.3538088500499725,-0.2133609056472778,-0.558100163936615,0.1444976776838302,-0.0864618569612503,-0.9857204556465148,0.0201469622552394,3.0813066959381104,2.668200254440308,0.145554246329632,0.0865699469209234,-0.7216230658757298,110.0
1652969006.984191,0.3841578960418701,-0.2611787915229797,-0.4574064910411834,0.1716742515563964,-0.0922458693385124,-0.9808254837989808,0.2706802487373352,2.955698251724243,2.8281562328338623,0.173275134277977,0.0923771952285459,-0.6946995002638693,110.0
1652969006.994283,0.4275199770927429,-0.3149747252464294,-0.3615229725837707,0.19696144759655,-0.1012305840849876,-0.9751710295677184,0.4706389009952545,2.8076956272125244,2.9409985542297363,0.1992951343528365,0.1014042785922232,-0.6670073178144896,110.0
1652969007.0041242,0.4524766206741333,-0.3627803325653076,-0.3170920610427856,0.220283642411232,-0.1123363301157951,-0.9689456224441528,0.5235769152641296,2.6705570220947266,3.012833833694458,0.2235440442294493,0.1125739519463315,-0.6388905690938359,110.0
1652969007.0143,0.4616956412792206,-0.4097715020179748,-0.325429618358612,0.2419483810663223,-0.1239114701747894,-0.9623444676399232,0.4139657616615295,2.582571268081665,3.055595874786377,0.2463105168027675,0.1242307718765046,-0.6103613405597937,110.0
1652969007.02402,0.4678699970245361,-0.4426681399345398,-0.3273370862007141,0.2622480392456054,-0.1347908824682235,-0.9555403590202332,0.2545422911643982,2.483865737915039,3.062806367874145,0.2678547883886429,0.1352024148609649,-0.5815044673067065,110.0
1652969007.033982,0.4878088235855102,-0.4159475564956665,-0.2683404684066772,0.2806850373744964,-0.1450051516294479,-0.9487831592559814,0.1682281792163849,2.2949206829071045,3.089944362640381,0.2876330370667398,0.1455181815358078,-0.5523345967921233,110.0
1652969007.0439072,0.4898017644882202,-0.3875580430030823,-0.1914168894290924,0.296682208776474,-0.1555987745523452,-0.9422147870063782,0.201896920800209,2.09270977973938,3.098506450653076,0.305049356470482,0.1562335879369682,-0.5230133034785732,110.0
1652969007.0538878,0.4540648162364959,-0.3673340082168579,-0.1343812644481659,0.3105075061321258,-0.1674531400203704,-0.9357053637504578,0.342721939086914,1.9355500936508176,3.111922025680542,0.3204088680033385,0.1682457573233217,-0.4940372003619305,110.0
1652969007.063842,0.4057400524616241,-0.3458061218261719,-0.0725805759429931,0.32257741689682,-0.1815243512392044,-0.9289740324020386,0.5732503533363342,1.8377692699432373,3.1106197834014893,0.334214357941032,0.1825363337400238,-0.4657256799867302,110.0
1652969007.073801,0.3606532216072082,-0.3368210196495056,-0.0194987952709198,0.3336371183395386,-0.1979087591171264,-0.9216932654380798,0.760749101638794,1.8490355014801023,3.1069509983062744,0.3473097942349429,0.199224017914251,-0.438283017796936,110.0
1652969007.0839,0.3328028619289398,-0.3625178933143616,-0.029318630695343,0.3444586396217346,-0.2157836258411407,-0.9136660695075988,0.8119995594024658,1.9279942512512207,3.138216495513916,0.360529205150211,0.2174942876019855,-0.4112565621212464,110.0
1652969007.09375,0.3158791959285736,-0.3801001310348511,-0.0639545321464538,0.3554313778877258,-0.2338973432779312,-0.9049643874168396,0.746533989906311,2.055729389190674,3.158121347427368,0.3742471117951506,0.2360842923695955,-0.3840690957630273,110.0
1652969007.103618,0.3154066801071167,-0.4045019745826721,-0.0999476015567779,0.3667834103107452,-0.2512184977531433,-0.895745038986206,0.5462778210639954,2.174661159515381,3.186424016952514,0.3886459905346889,0.2539389151019951,-0.3563480546453436,110.0
1652969007.113653,0.354051411151886,-0.3857429623603821,-0.1084866225719451,0.3779738247394562,-0.2666662633419037,-0.8865804672241211,0.241455852985382,2.197819948196411,3.2228074073791504,0.4029946978037583,0.2699323852913065,-0.3274251331982555,110.0
1652969007.1235929,0.3986167013645172,-0.3770283460617065,-0.0793787837028503,0.3883859813213348,-0.2797981798648834,-0.8779916167259216,-0.0759581327438354,2.147477149963379,3.212679862976074,0.4164800767763886,0.2835839002216129,-0.2971916028103965,110.0
1652969007.133401,0.4274513125419616,-0.3534920215606689,-0.0031583309173583,0.3974999487400055,-0.2905126810073852,-0.8704000115394592,-0.3300918638706207,2.0230748653411865,3.176888942718506,0.4284005009610314,0.294762572585065,-0.2659935537959769,110.0
1652969007.1433458,0.4324903786182403,-0.3526245951652527,0.1068358719348907,0.4052477478981018,-0.299707293510437,-0.863683819770813,-0.4129401445388794,1.8926775455474851,3.054999589920044,0.4387123610906406,0.3043858332914648,-0.2348142538024254,110.0
1652969007.153466,0.4507331252098083,-0.4010615944862366,0.2811476588249206,0.4118157625198364,-0.3086443245410919,-0.8574067950248718,-0.3102025687694549,1.7307991981506348,2.875384569168091,0.4477668564279355,0.3137674465433802,-0.205115504457204,110.0
1652969007.163242,0.4783454537391662,-0.4370396137237549,0.4750216007232666,0.4171013832092285,-0.3179174363613128,-0.8514428734779358,-0.1942256540060043,1.534820318222046,2.634104013442993,0.4555156089605998,0.3235321686211219,-0.1779754919455728,110.0
1652969007.173222,0.4583138823509216,-0.4922266006469726,0.584645688533783,0.4213858842849731,-0.3267572522163391,-0.8459690809249878,-0.2148076295852661,1.3913865089416504,2.380141019821167,0.462134693276572,0.3328704332463242,-0.1534141899659973,110.0
1652969007.183154,0.3961711227893829,-0.5387499928474426,0.6029566526412964,0.4252552986145019,-0.3336851000785827,-0.841315746307373,-0.39593106508255,1.274464726448059,2.0767602920532227,0.4680097037566789,0.3402100360575055,-0.1309935415810955,110.0
1652969007.193162,0.3437920212745666,-0.5472675561904907,0.6045840978622437,0.4289283752441406,-0.3373419940471649,-0.837986171245575,-0.6877144575119019,1.1273330450057983,1.7459648847579956,0.4730874777650008,0.3440919466494895,-0.110415831950347,110.0
1652969007.2030869,0.3077594041824341,-0.525240421295166,0.6158741116523743,0.4322308599948883,-0.3370811343193054,-0.8363927602767944,-1.006367802619934,0.935141921043396,1.418837308883667,0.4769811292517478,0.3438148717126149,-0.0914174884381105,110.0
1652969007.213522,0.2784096002578735,-0.5057792663574219,0.6365066766738892,0.4349235594272613,-0.3330097198486328,-0.8366277813911438,-1.24904203414917,0.7187069058418274,1.0959365367889404,0.4794036656873407,0.3394936934930023,-0.0740619285129006,110.0
1652969007.223335,0.2415092289447784,-0.4819692373275757,0.6495941877365112,0.4368049800395965,-0.3263981640338897,-0.8382515907287598,-1.295786738395691,0.4673694372177124,0.798067569732666,0.4803773445551795,0.3324905391284549,-0.0589880942704041,110.0
1652969007.233096,0.2161874771118164,-0.4555337429046631,0.7029401063919067,0.4374990463256836,-0.318968266248703,-0.8407460451126099,-1.1745651960372925,0.2293624579906463,0.5724307298660278,0.4798105393389133,0.3246406913800683,-0.0465667904653798,110.0
1652969007.243112,0.1958818435668945,-0.432451844215393,0.727116584777832,0.4369459450244903,-0.3119252920150757,-0.8436710834503174,-0.9973337054252625,-0.000825849128887,0.3817659914493561,0.4778729719036822,0.317218771235445,-0.0368957454406262,110.0
1652969007.253073,0.1658344864845276,-0.4045480489730835,0.6921412944793701,0.4353313148021698,-0.3051482439041137,-0.846977710723877,-0.9384405612945556,-0.1470496356487274,0.2256978154182434,0.4747705741998965,0.3100940939571365,-0.0294698514639151,110.0
1652969007.263034,0.1073982417583465,-0.3621894121170044,0.6158785820007324,0.4332664608955383,-0.2978552877902984,-0.8506247401237488,-0.9657012224197388,-0.2088886648416519,0.1037153452634811,0.4711002834385424,0.3024451885396265,-0.0234368793993401,110.0
1652969007.272999,0.05719855427742,-0.2926528453826904,0.5353426933288574,0.4313268661499023,-0.2896765470504761,-0.8544265031814575,-1.0028473138809204,-0.222758412361145,-0.0153750982135534,0.4674917672501942,0.2938888701737712,-0.0183774074561672,110.0
1652969007.28296,0.0433749854564666,-0.217828094959259,0.491380363702774,0.4294796288013458,-0.2807483971118927,-0.8583284020423889,-1.0044502019882202,-0.2628000974655151,-0.1308051645755767,0.4639415663324048,0.2845737822823018,-0.0143621690445939,110.0
1652969007.293087,0.0374045073986053,-0.1578810811042785,0.4945278465747833,0.4274850189685821,-0.2716430723667145,-0.8622450828552246,-0.9453442692756652,-0.3159386813640594,-0.2072402983903885,0.4602669833431649,0.2750998856615288,-0.0114704412329196,110.0
1652969007.3028588,0.0308523476123809,-0.1235575675964355,0.5056453943252563,0.425080269575119,-0.2630768120288849,-0.8660816550254822,-0.8000321984291077,-0.3818289637565613,-0.2356511652469635,0.4562674585486919,0.266209974646903,-0.0095065164183285,110.0
1652969007.312825,0.0326925814151763,-0.0860558152198791,0.4845495223999023,0.4219430387020111,-0.2559121549129486,-0.8697545528411865,-0.6116138100624084,-0.5013045072555542,-0.2871266007423401,0.4516800779948369,0.25879116733481,-0.0087350421300944,110.0
1652969007.322786,0.027231752872467,-0.0536997318267822,0.4394484460353851,0.4179587066173553,-0.2500414550304413,-0.8733783960342407,-0.4233399927616119,-0.5992580056190491,-0.3788599967956543,0.4463440815333214,0.2527230681815956,-0.009479890181863,110.0
1652969007.3327498,0.0080292522907257,-0.0449589490890502,0.3880470395088196,0.4134795665740967,-0.2450572699308395,-0.8769159317016602,-0.3400317728519439,-0.6618912816047668,-0.4437884092330932,0.4406015716778249,0.2475787689025417,-0.0117057443708107,110.0
1652969007.342696,-0.0006104707717895,-0.0275519490242004,0.3558743596076965,0.408615231513977,-0.2402130961418151,-0.88052898645401,-0.3402807414531708,-0.7002841830253601,-0.4834198951721191,0.4344816656012792,0.2425853696787935,-0.0145717549368704,110.0
1652969007.352666,-0.0144247710704803,-0.0196145772933959,0.2928201854228973,0.4036154747009277,-0.2350355088710785,-0.8842244148254395,-0.3743947744369507,-0.7085027098655701,-0.519732654094696,0.4282152965661722,0.2372551074389357,-0.017733828551063,110.0
1652969007.362763,-0.0409468412399292,-0.0079513788223266,0.2511541247367859,0.3987196981906891,-0.2294412553310394,-0.8879072666168213,-0.4133008122444153,-0.6739501953125,-0.5489095449447632,0.4220682629060537,0.2315035811900104,-0.0210329757249935,110.0
1652969007.37259,-0.0549591481685638,0.0035087466239929,0.2193005084991455,0.3942383527755737,-0.2234360128641128,-0.8914328217506409,-0.4328268468379974,-0.6217706203460693,-0.5825964212417603,0.4163924192949828,0.2253381820843674,-0.0245209549176386,110.0
1652969007.382544,-0.0499780774116516,0.0118249058723449,0.1818168610334396,0.390279620885849,-0.2172481268644333,-0.8946983218193054,-0.438579261302948,-0.5627360343933105,-0.6070497035980225,0.4113302452027721,0.2189943761938123,-0.0283150969913749,110.0
1652969007.392541,-0.0404393076896667,0.0119142532348632,0.1593882441520691,0.3868748545646667,-0.210917517542839,-0.8976868391036987,-0.4509712159633636,-0.4922605752944946,-0.616260290145874,0.4069152600227047,0.2125135013864084,-0.0322336764117313,110.0
1652969007.402456,-0.034937173128128,0.0112819671630859,0.138412520289421,0.3840124905109405,-0.2043003141880035,-0.9004420042037964,-0.5008743405342102,-0.4300774931907654,-0.6197881698608398,0.4031160285320194,0.2057488990695392,-0.0361090578416377,110.0
1652969007.412425,-0.0357033908367157,0.0104164481163024,0.0959068685770034,0.3816812336444855,-0.1970729976892471,-0.9030402302742004,-0.5858174562454224,-0.3698059022426605,-0.6289870142936707,0.3998890835152391,0.1983714662485605,-0.039798468490458,110.0
