1652969262.776967,0.011042296886444,-0.0483741760253906,-0.0179024338722229,0.737660825252533,0.2561226785182953,-0.6247062087059021,-0.4356186985969543,-0.498632550239563,-0.5528263449668884,0.8681195105544082,-0.2590089370995528,0.2092474039185733,114.0
1652969262.786978,0.0171417593955993,-0.0758556127548217,0.0151117742061614,0.7328278422355652,0.2638036608695984,-0.627193033695221,-0.5582963824272156,-0.5242529511451721,-0.6876475214958191,0.8629140062831775,-0.2669634376990924,0.2090719636667649,114.0
1652969262.796874,0.0102187395095825,-0.0994568467140197,0.0786400437355041,0.727299690246582,0.2732886672019958,-0.6295621395111084,-0.7085976600646973,-0.6233865022659302,-0.8180776238441467,0.8573060045693788,-0.2768101936468778,0.2089313721875031,114.0
1652969262.806829,0.045469045639038,-0.0687576532363891,0.1440012753009796,0.7203391194343567,0.2842824161052704,-0.6326887607574463,-0.848490297794342,-0.8384926915168762,-0.8629071116447449,0.8500887002187556,-0.2882578734753264,0.2092717958354504,114.0
1652969262.816938,0.0810416340827941,-0.0485110878944397,0.1513335406780243,0.7119576930999756,0.2961914837360382,-0.6366999745368958,-0.886939525604248,-0.9917408227920532,-0.9402629733085632,0.8411423281525038,-0.3007027249363458,0.2099131806455873,114.0
1652969262.826776,0.0949647426605224,-0.0605583190917968,0.172421246767044,0.7020934820175171,0.3086273372173309,-0.6417273879051208,-0.7589322924613953,-1.1466891765594482,-1.1007155179977417,0.8302892228184718,-0.3137495910030558,0.2092188803166619,114.0
1652969262.837085,0.0972235798835754,-0.0760642290115356,0.2363080382347107,0.6904809474945068,0.3214617371559143,-0.6479957103729248,-0.7170707583427429,-1.3177963495254517,-1.2560840845108032,0.8171290258234315,-0.3272727455537048,0.2063405508806741,114.0
1652969262.846713,0.1070221662521362,-0.1387009620666504,0.2395520806312561,0.6772949695587158,0.3356280028820038,-0.6546949744224548,-0.9213861227035522,-1.409214735031128,-1.354889988899231,0.8023636376815754,-0.342271817099084,0.2030219113424128,114.0
1652969262.8566651,0.1072514653205871,-0.2279385328292846,0.1477031707763672,0.6633632779121399,0.3519153892993927,-0.6603823304176331,-1.2134778499603271,-1.379779577255249,-1.4278409481048584,0.7876500778583214,-0.3596166001469654,0.2007255913083403,114.0
1652969262.867004,0.1155798435211181,-0.2860400080680847,0.1330479979515075,0.6491602659225464,0.3702479004859924,-0.6644603610038757,-1.421325922012329,-1.3168456554412842,-1.5192091464996338,0.7737514056818425,-0.379275887250204,0.1995190320805123,114.0
1652969262.876564,0.1084142327308654,-0.2319886088371276,0.186816930770874,0.6349635124206543,0.3903620541095733,-0.6666624546051025,-1.6455957889556885,-1.182979702949524,-1.6072229146957395,0.761049676303653,-0.4010248101606759,0.1988170872144746,114.0
1652969262.886661,0.0953273177146911,-0.1359263062477111,0.1957024037837982,0.6206762194633484,0.4129096865653991,-0.666533350944519,-2.055906057357788,-1.1230369806289673,-1.688488483428955,0.749788022103623,-0.4256465133270521,0.199479426171907,114.0
1652969262.8964648,0.1021882891654968,-0.1657036542892456,0.14778533577919,0.6063537001609802,0.4383810758590698,-0.6634435653686523,-2.423464059829712,-0.9853441119194032,-1.782414197921753,0.7404685852429581,-0.4537966384166531,0.2022345479719468,114.0
1652969262.906366,0.1248911023139953,-0.2080518007278442,0.1466444134712219,0.5920432209968567,0.4660417735576629,-0.657487690448761,-2.616377115249634,-0.8279997706413269,-1.9254653453826904,0.7330707397411188,-0.4848117146208834,0.2059329742110099,114.0
1652969262.916514,0.146533191204071,-0.2198294401168823,0.2339147627353668,0.5775575041770935,0.4948755800724029,-0.6492500901222229,-2.6392388343811035,-0.6813042163848877,-2.067560911178589,0.7270262323121797,-0.5176916273070563,0.2089534689162038,114.0
1652969262.926552,0.1651301980018615,-0.1747912764549255,0.3000327348709106,0.562927782535553,0.5236214995384216,-0.6394786834716797,-2.571476697921753,-0.5400145053863525,-2.152108907699585,0.7218192258565668,-0.5510962662945887,0.2106360767789003,114.0
1652969262.936315,0.1567952632904052,-0.1320061683654785,0.2889850735664367,0.5480540990829468,0.5518504977226257,-0.6285681128501892,-2.49355411529541,-0.4192660748958587,-2.2691330909729004,0.717076613730697,-0.5845816049894138,0.2107307627350428,114.0
1652969262.946265,0.1318404674530029,-0.1140805482864379,0.232541024684906,0.5327561497688293,0.5794859528541565,-0.61673903465271,-2.3538689613342285,-0.2639774084091186,-2.409255266189575,0.7124670896542771,-0.6180978016681947,0.2086805753930463,114.0
1652969262.956285,0.123340368270874,-0.1316904425621032,0.1956993341445922,0.5169489979743958,0.6058754324913025,-0.6047138571739197,-1.968382716178894,-0.0478707514703273,-2.619708776473999,0.707311941272109,-0.6508657917224663,0.2026783890497012,114.0
1652969262.966367,0.159137487411499,-0.1580947637557983,0.2658759951591491,0.5005000829696655,0.6298454403877258,-0.5939650535583496,-1.4029717445373535,0.1374024450778961,-2.8112728595733643,0.7002069917344075,-0.6813542288677231,0.1903756132390342,114.0
1652969262.976121,0.2291130423545837,-0.1383397579193115,0.3941942453384399,0.4836098551750183,0.6496137380599976,-0.5866204500198364,-0.614463210105896,0.2699974775314331,-2.8317739963531494,0.6894428519457396,-0.7070762800439666,0.1704277802178077,114.0
1652969262.9863791,0.2927673161029815,-0.0104928016662597,0.4963862299919128,0.4670594334602356,0.6648076772689819,-0.5829976201057434,-0.0736481696367263,0.316918134689331,-2.7581629753112797,0.6754322281774755,-0.7272363169912485,0.1445467658780579,114.0
1652969262.996066,0.2752775549888611,0.0569273829460144,0.3834401965141296,0.4505984187126159,0.6764353513717651,-0.5825772881507874,0.3523930311203003,0.3027770519256592,-2.7253458499908447,0.6583452644693595,-0.7429118339416185,0.1144274471587307,114.0
1652969263.0060449,0.1838336884975433,0.0630333423614502,0.1654032468795776,0.4337506592273712,0.6858541369438171,-0.5843498110771179,0.5192821621894836,0.2944328486919403,-2.735644578933716,0.6385413929855119,-0.7557767146547637,0.0810833664218918,114.0
1652969263.016005,0.1064903438091278,0.0488816499710083,0.0513615012168884,0.4167946875095367,0.6941219568252563,-0.5869216918945312,0.6091171503067017,0.3156854212284088,-2.714832305908203,0.617496836266073,-0.7671994417857484,0.046137222279269,114.0
1652969263.025999,0.1144770383834838,0.0481294393539428,0.0576174855232238,0.3997595012187958,0.7013394832611084,-0.5901826024055481,0.6339231729507446,0.203151136636734,-2.6374433040618896,0.5953615556487537,-0.7772748557999022,0.0105262853492537,114.0
1652969263.035881,0.1802597641944885,0.0787672996520996,0.0482692122459411,0.381935179233551,0.7081243395805359,-0.5938733816146851,0.4950592815876007,-0.0363812856376171,-2.5921778678894043,0.571527434995622,-0.7868382096496194,-0.0244281463352436,114.0
1652969263.045908,0.21768519282341,0.0103214979171752,-0.0796406865119934,0.3625456094741821,0.715718686580658,-0.5969150066375732,0.1876287758350372,-0.2402798235416412,-2.6534745693206787,0.5458177519334437,-0.7976525921703368,-0.0585562356551285,114.0
1652969263.0559602,0.2007419168949127,-0.0695172548294067,-0.154433786869049,0.3415402770042419,0.7254787683486938,-0.5975205898284912,-0.3004699945449829,-0.2864449620246887,-2.734381437301636,0.5192722027109867,-0.8117298192041965,-0.0915849963240858,114.0
1652969263.06609,0.1796859204769134,-0.1570492386817932,-0.1322374939918518,0.3199937045574188,0.7376757860183716,-0.5945069789886475,-0.7322600483894348,-0.2032414376735687,-2.7681915760040283,0.4937777971248531,-0.8296213604067583,-0.1230130108576147,114.0
1652969263.0758018,0.1886186599731445,-0.2199668884277343,-0.0359010100364685,0.2986403107643127,0.7510652542114258,-0.5888250470161438,-0.8719162940979004,-0.0783817842602729,-2.7686469554901123,0.4693751163575748,-0.8496740476947966,-0.1539468280985693,114.0
1652969263.085723,0.2104286253452301,-0.2052977681159973,0.0239174365997314,0.2775475680828094,0.7637109160423279,-0.5828492045402527,-0.7401007413864136,-0.0540357008576393,-2.738754272460937,0.4444196855386101,-0.8690420891667955,-0.1861673659721399,114.0
1652969263.095667,0.2199282944202423,-0.1600673794746399,0.0661242604255676,0.2559171319007873,0.7743451595306396,-0.5787020325660706,-0.360743910074234,-0.1683679819107055,-2.7470803260803223,0.4163703672199171,-0.8856795183310432,-0.2212222857395048,114.0
1652969263.105665,0.1934505105018615,-0.1863291263580322,0.1031701564788818,0.2336888611316681,0.7814887762069702,-0.578502357006073,0.1674921959638595,-0.2349760383367538,-2.656960964202881,0.3839111055202246,-0.8970483955145057,-0.2602799858270512,114.0
1652969263.1156158,0.1616221964359283,-0.2664011716842651,0.122458279132843,0.2122029662132263,0.7855312824249268,-0.5813007950782776,0.3510578572750091,-0.1838010996580124,-2.525512456893921,0.3500176141264076,-0.9035542051884028,-0.3007459753908554,114.0
1652969263.125712,0.1507843434810638,-0.3619989156723022,0.0375139117240905,0.1920959949493408,0.7884596586227417,-0.5843205451965332,0.3695881366729736,-0.0503056235611438,-2.460028171539306,0.3176208402118621,-0.9083006726623244,-0.3405226337485387,114.0
1652969263.135511,0.1552593559026718,-0.4162563681602478,-0.0598072409629821,0.1728046685457229,0.790764331817627,-0.5872225165367126,0.3458395600318908,-0.0146347656846046,-2.404632568359375,0.2861959041666768,-0.912056644519852,-0.380042398364351,114.0
1652969263.14551,0.1712313741445541,-0.4117383956909179,-0.0551239252090454,0.1538724452257156,0.792672872543335,-0.5899094343185425,0.3110163509845733,-0.0925492718815803,-2.3328702449798584,0.2551554584218847,-0.9151808987273848,-0.4186872532153118,114.0
1652969263.155496,0.153074026107788,-0.373768150806427,-0.0317282080650329,0.134630486369133,0.7943472862243652,-0.5923572182655334,0.2374021708965301,-0.2035215348005294,-2.307703018188477,0.2234827846751773,-0.9179322977891547,-0.4566858258667583,114.0
1652969263.165492,0.1290779262781143,-0.403193712234497,-0.0081288218498229,0.1149407178163528,0.7956655025482178,-0.5947310328483582,0.3354611098766327,-0.3540362119674682,-2.2618496417999268,0.1909113399606444,-0.9201054978579772,-0.4942110446652534,114.0
1652969263.175353,0.0794909298419952,-0.4574232101440429,0.0263240337371826,0.094474583864212,0.7948430776596069,-0.5994157195091248,0.7640627026557922,-0.5085180997848511,-2.2471396923065186,0.1563251557369461,-0.9187489284255624,-0.5322782391410296,114.0
1652969263.18534,0.0304910540580749,-0.4947879314422607,0.1363812088966369,0.0736350044608116,0.7903309464454651,-0.6082393527030945,1.349624514579773,-0.6229671835899353,-2.169074535369873,0.1204762606201077,-0.9113489251123004,-0.5703976800676814,114.0
1652969263.195679,0.0203447341918945,-0.4640969038009643,0.2187505364418029,0.0528059676289558,0.7817378640174866,-0.6213675141334534,1.8845815658569336,-0.7483580112457275,-2.0748777389526367,0.0847797636399372,-0.8974477576586357,-0.6071430955990753,114.0
1652969263.205578,0.0493145547807216,-0.4360950589179992,0.2085700631141662,0.0319843292236328,0.769320011138916,-0.6380624771118164,2.326993942260742,-0.9498466849327089,-1.9352127313613887,0.0500853473930694,-0.8777760716336451,-0.6410485897097813,114.0
1652969263.2158918,0.0846054404973983,-0.3907403349876404,0.1370509266853332,0.0109451524913311,0.7539403438568115,-0.6568517088890076,2.544102191925049,-1.2038013935089111,-1.7759655714035034,0.0166615070401207,-0.8540396044337015,-0.6708180098014164,114.0
1652969263.2252378,0.0703973919153213,-0.2756586074829101,0.0146974921226501,-0.0104760685935616,0.7369657754898071,-0.6758488416671753,2.539999961853028,-1.4352737665176392,-1.6332288980484009,-0.0154993674529235,-0.8285703727464643,-0.6962798835040289,114.0
1652969263.235127,0.0174297429621219,-0.128614604473114,-0.1196439862251281,-0.0321238972246646,0.719741702079773,-0.6934983134269714,2.409123659133911,-1.5935622453689575,-1.484336256980896,-0.0462884326567839,-0.8034301930031202,-0.7178182710609836,114.0
1652969263.245074,-0.0328995734453201,0.00513756275177,-0.1930136680603027,-0.0537550412118434,0.7030388116836548,-0.7091169953346252,2.198906660079956,-1.6936606168746948,-1.3740429878234863,-0.07566089695725,-0.779661584404511,-0.7360091209342084,114.0
1652969263.255017,-0.0601970925927162,0.1569730043411255,-0.1828376054763794,-0.0752856433391571,0.6872016787528992,-0.7225551605224609,1.9918975830078125,-1.766510844230652,-1.2941266298294067,-0.1038190134896446,-0.7576300720281146,-0.7517408251303366,114.0
1652969263.265482,-0.0508513078093528,0.2296810746192932,-0.1353866457939148,-0.097052089869976,0.6719467639923096,-0.7342128157615662,1.975342869758606,-1.8476816415786743,-1.2934110164642334,-0.1314233117830866,-0.7368342848721235,-0.7659477625228558,114.0
1652969263.274948,-0.0221609324216842,0.2617135643959045,0.0028156638145446,-0.1195321306586265,0.6549602746963501,-0.7461495399475098,2.1964852809906006,-1.867643475532532,-1.3540796041488647,-0.1588489317002137,-0.7141300788774156,-0.7792583278252663,114.0
1652969263.284924,0.0543428361415863,0.3490394353866577,0.3520241379737854,-0.1429048031568527,0.6359825134277344,-0.7583564519882202,2.3794353008270264,-1.9594788551330569,-1.5270777940750122,-0.1862560269277753,-0.6892810368690231,-0.7924951042773789,114.0
1652969263.2948809,0.1251530945301056,0.4104526042938232,0.5212035179138184,-0.1691136211156845,0.6149049997329712,-0.7702547907829285,2.432074546813965,-2.153587102890014,-1.863200545310974,-0.2161262183842451,-0.6622654779961566,-0.8074335062170388,114.0
1652969263.304857,0.0964690744876861,0.4948362708091736,0.6045787334442139,-0.1985198110342025,0.5931447744369507,-0.7802366018295288,2.226628065109253,-2.2136785984039307,-2.252005100250244,-0.2491487715485188,-0.6349593629220349,-0.8257994855550435,114.0
1652969263.314784,-0.0575471222400665,0.5943267941474915,0.6774196028709412,-0.2290281653404235,0.5708714723587036,-0.7884490489959717,2.1946663856506348,-1.965322732925415,-2.5884876251220703,-0.2826995175748377,-0.6075669248847018,-0.8473512418360019,114.0
1652969263.324749,-0.2618372142314911,0.6409542560577393,0.7894721627235413,-0.257678747177124,0.5462670922279358,-0.7969906330108643,2.3722519874572754,-1.4036935567855835,-2.867413282394409,-0.3127068177156525,-0.577901100100066,-0.8707435438830403,114.0
1652969263.334836,-0.3799057602882385,0.7278313636779785,0.9110136032104492,-0.2821578085422516,0.5184146165847778,-0.8072381019592285,2.599395751953125,-0.8285207152366638,-3.0289089679718018,-0.3362603244996411,-0.5449959122197662,-0.8943116924745603,114.0
1652969263.3447,-0.3815532922744751,0.8600480556488037,0.9095845818519592,-0.3028338849544525,0.4873423874378204,-0.8190171718597412,2.871346235275269,-0.4896275997161865,-3.1202268600463867,-0.3541624749590518,-0.5090436764608356,-0.9170654919528342,114.0
1652969263.354641,-0.3635575473308563,1.0186798572540283,0.8120116591453552,-0.3205091953277588,0.4527894556522369,-0.8320189714431763,3.1311182975769043,-0.1997064501047134,-3.217055559158325,-0.3676992094053028,-0.4698914072870767,-0.9384530393121532,114.0
1652969263.3645911,-0.4226112365722656,1.1238107681274414,0.7284547090530396,-0.3349723219871521,0.4151458442211151,-0.8458412885665894,3.2649989128112797,0.1915667653083801,-3.4339702129364014,-0.3770729603706259,-0.4281031080219104,-0.9597117029632148,114.0
1652969263.374538,-0.4904873371124267,1.089197874069214,0.5822184085845947,-0.3451449573040008,0.3753165006637573,-0.8602398037910461,3.2410597801208496,0.723981499671936,-3.686494827270508,-0.3815572194433016,-0.3847382173725597,-0.9824473914572844,114.0
1652969263.384475,-0.4941214323043823,1.0958003997802734,0.4217259883880615,-0.3499794900417328,0.335201621055603,-0.8747309446334839,2.96834659576416,1.2519683837890625,-3.896642684936523,-0.3805922308402817,-0.3418192317354946,-1.0075910791644418,114.0
1652969263.394421,-0.4280751943588257,1.068790316581726,0.2517816722393036,-0.3497263193130493,0.2970160543918609,-0.8885229229927063,2.578707695007324,1.6234670877456665,-4.050238609313965,-0.374980575982239,-0.3015661502291992,-1.0356797765948105,114.0
1652969263.404594,-0.3231084048748016,0.956090211868286,0.0863899886608123,-0.3457605838775635,0.2613579034805298,-0.9011890292167664,2.2501018047332764,1.795599102973938,-4.103660106658936,-0.366351348108772,-0.2644287421741345,-1.0660889972654108,114.0
1652969263.41437,-0.2206892073154449,0.7687811851501465,0.0273612141609191,-0.33891162276268,0.2282846122980117,-0.9127020835876464,2.018359661102295,1.906246542930603,-4.031959533691406,-0.3555472955507303,-0.2303154115539519,-1.0975141961201864,114.0
1652969263.4243588,-0.1325222849845886,0.5926322937011719,0.0276903212070465,-0.3301089704036712,0.1973768919706344,-0.923076629638672,1.884477972984314,1.824337601661682,-3.8342339992523193,-0.3434454168453588,-0.1986814461818194,-1.1284999965667442,114.0
1652969263.434302,-0.0549572110176086,0.4947803020477295,0.1439467072486877,-0.3202106356620788,0.1679430454969406,-0.9323412775993348,1.964009404182434,1.7682576179504397,-3.438941478729248,-0.3308258399912499,-0.1687426999380114,-1.1570166141151277,114.0
1652969263.444278,0.0024653673171997,0.3823978304862976,0.2880514562129974,-0.3087092936038971,0.138477548956871,-0.9410220980644226,2.2427196502685547,1.7474690675735474,-2.9289021492004395,-0.3169947494359414,-0.1389239940484026,-1.1807607162099425,114.0
1652969263.454204,0.0594511032104492,0.2516540288925171,0.2353106588125229,-0.2959165573120117,0.1072034761309623,-0.9491790533065796,2.669581651687622,1.6695200204849243,-2.5073819160461426,-0.3022110464310334,-0.1074098855707233,-1.1991469736926967,114.0
1652969263.464417,0.1023597717285156,0.138518214225769,0.0065253600478172,-0.2826271057128906,0.0737664774060249,-0.9563892483711244,2.926591396331787,1.588528752326965,-2.1634087562561035,-0.2873367996452318,-0.0738335454217466,-1.2132940279257052,114.0
1652969263.474317,0.1572305262088775,0.1354523301124572,-0.2108316719532013,-0.2688333094120025,0.0403453037142753,-0.9623413681983948,2.882303237915039,1.52807879447937,-1.8359403610229488,-0.272408986244829,-0.040356255946486,-1.2244001208536934,114.0
1652969263.484123,0.2343069314956665,0.1852296590805053,-0.3583320379257202,-0.255196213722229,0.0091652637347579,-0.9668458700180054,2.674601554870605,1.387189269065857,-1.5254464149475098,-0.2580617148138994,-0.0091653924102982,-1.2332659907857395,114.0
1652969263.494039,0.3216130137443542,0.2319542169570922,-0.4801733493804931,-0.2427708357572555,-0.0180870722979307,-0.9699150323867798,2.2551109790802,1.16548752784729,-1.2004457712173462,-0.2452620677936897,0.0180880587225519,-1.2402875052983788,114.0
1652969263.504035,0.3848679661750793,0.2768397331237793,-0.6283151507377625,-0.232478454709053,-0.039821371436119,-0.9717860221862792,1.7161555290222168,0.9011607766151428,-0.8938232064247131,-0.2348149256205555,0.0398319043724354,-1.2456952689864569,114.0
1652969263.514001,0.4110640585422516,0.2801278829574585,-0.8034444451332092,-0.2246474176645279,-0.0554421842098236,-0.9728615880012512,1.1744319200515747,0.6509949564933777,-0.5906327962875366,-0.2269363481073429,0.0554706259542743,-1.2496231920194765,114.0
1652969263.523968,0.4126321077346802,0.270462155342102,-0.9286211133003236,-0.2188760191202163,-0.0654278844594955,-0.973556637763977,0.6959571242332458,0.5070250034332275,-0.2620139420032501,-0.2211441122550211,0.0654746540732062,-1.2517525716018707,114.0
1652969263.533893,0.4308139383792877,0.2492235898971557,-0.9153789281845092,-0.2140628546476364,-0.0702472552657127,-0.9742907285690308,0.2715937793254852,0.4810222685337066,0.1125834733247757,-0.2162750850421812,0.070305155439379,-1.2514161413556673,114.0
1652969263.544039,0.4877102375030517,0.2305424809455871,-0.8260492086410522,-0.2097561210393905,-0.0710149556398391,-0.9751713871955872,0.0480565577745437,0.4474038481712341,0.4359810054302215,-0.2118685511508938,0.0710747831929318,-1.2484070671813887,114.0
1652969263.553825,0.5812515616416931,0.1911314725875854,-0.7651671767234802,-0.2058700770139694,-0.0701904147863388,-0.976058840751648,0.0482473075389862,0.4427765309810638,0.7473941445350647,-0.2078729246071368,0.0702481774333586,-1.2425264849445634,114.0
1652969263.5638251,0.6696881055831909,0.1637890934944152,-0.7074331641197205,-0.2019452005624771,-0.0692543983459472,-0.9769452214241028,0.1655014902353286,0.5063000917434692,1.0533578395843506,-0.2038399162741997,0.0693098807018325,-1.233570504061434,114.0
1652969263.573686,0.7470963001251221,0.1278989911079406,-0.6679746508598328,-0.1972458213567733,-0.0696809366345405,-0.9778745770454408,0.4323103129863739,0.6360276937484741,1.3546853065490725,-0.199038021316587,0.0697374454905714,-1.2212048629776784,114.0
1652969263.583722,0.8168902397155762,0.1093759536743164,-0.6568910479545593,-0.1914629936218261,-0.0726621001958847,-0.978806495666504,0.7721932530403137,0.7530091404914856,1.6152057647705078,-0.193169542856094,0.0727261929385253,-1.20546155429998,114.0
1652969263.593656,0.8750339150428772,0.1503098011016845,-0.6686661243438721,-0.1853671669960022,-0.0786329880356788,-0.979518175125122,1.1146018505096436,0.7436123490333557,1.840019702911377,-0.1870314298684176,0.078714247701745,-1.186716288001175,114.0
1652969263.603602,0.9183855056762696,0.1989946365356445,-0.7000682950019836,-0.1800431907176971,-0.0873614400625228,-0.979771614074707,1.3923077583312988,0.6746553778648376,2.061958074569702,-0.1817328943771511,0.0874729492402791,-1.1652401732411832,114.0
1652969263.613729,0.9427712559700012,0.2255734801292419,-0.7439570426940918,-0.17574243247509,-0.0982059836387634,-0.9795255064964294,1.6036391258239746,0.6251304745674133,2.243306398391724,-0.1775270966251655,0.0983645257717174,-1.1413110542489568,114.0
1652969263.623464,0.9423867464065552,0.2255923151969909,-0.8164867758750916,-0.1719551682472229,-0.1102252006530761,-0.978918731212616,1.6457864046096802,0.6506012082099915,2.358978509902954,-0.1738843020661447,0.1104496261263251,-1.1157140124272755,114.0
1652969263.633515,0.9388318061828612,0.2057527899742126,-0.8694921731948853,-0.1681713908910751,-0.1212304234504699,-0.9782748222351074,1.4214273691177368,0.6963968276977539,2.4434916973114014,-0.1702421129801098,0.1215293551457619,-1.0893155776484291,114.0
1652969263.643488,0.9324730038642884,0.2193115949630737,-0.9055110216140748,-0.1642539799213409,-0.1289890557527542,-0.9779480695724488,1.000371336936951,0.750266432762146,2.50213623046875,-0.1664046227811425,0.1293494454362765,-1.0627441183735462,114.0
1652969263.653429,0.9077568650245668,0.2312009930610656,-0.9401447772979736,-0.1598320454359054,-0.1323954164981842,-0.9782255291938782,0.5363268852233887,0.8441946506500244,2.5853185653686523,-0.1619586608421309,0.1327852886165383,-1.0363020830853396,114.0
1652969263.663649,0.8813791275024414,0.225728154182434,-0.9145503640174866,-0.1545877158641815,-0.1311343759298324,-0.9792376756668092,0.0578545928001403,0.9447401762008668,2.7182538509368896,-0.1565732280458501,0.1315131512650255,-1.0095474822016657,114.0
1652969263.673628,0.8635081052780151,0.2521930932998657,-0.8472561836242676,-0.1485727429389953,-0.125369518995285,-0.9809223413467408,-0.3585749268531799,1.0207329988479614,2.872389554977417,-0.1503197553115079,0.1257002769098932,-0.9820345166672076,114.0
1652969263.683645,0.8391731977462769,0.2743582725524902,-0.7984594702720642,-0.1418617814779281,-0.1162438094615936,-0.9830374717712402,-0.6280596852302551,1.0756430625915527,2.998459577560425,-0.1433202153049668,0.1165072072115456,-0.9536141183733708,114.0
1652969263.693273,0.8150471448898315,0.2718455791473388,-0.7388975620269775,-0.1345814019441604,-0.1049286872148513,-0.9853312969207764,-0.814852774143219,1.0877305269241333,3.110301733016968,-0.135744955032227,0.1051221890291382,-0.9243110354964166,114.0
1652969263.703243,0.8017604351043701,0.2919226884841919,-0.6594296097755432,-0.1270777732133865,-0.0924929156899452,-0.9875708818435668,-0.852060079574585,1.0700255632400513,3.2528421878814697,-0.1279738787900694,0.0926253070932462,-0.8939017239663395,114.0
1652969263.713246,0.7872520089149475,0.2892801165580749,-0.5667338967323303,-0.1196341961622238,-0.0804675966501236,-0.9895517230033876,-0.740676999092102,1.0191800594329834,3.425790309906006,-0.1203134572844114,0.0805546894107514,-0.8617690251513164,114.0
1652969263.723315,0.7545688152313232,0.2749571800231933,-0.471516877412796,-0.1126925274729728,-0.0702463760972023,-0.9911437034606934,-0.4984062910079956,0.920739471912384,3.589278221130371,-0.113213296338422,0.0703042780499561,-0.8276976305627891,114.0
1652969263.733125,0.7082597017288208,0.2489914298057556,-0.4018564224243164,-0.1063919514417648,-0.0630482882261276,-0.9923233389854432,-0.1551003456115722,0.8539120554924011,3.7770590782165527,-0.1068069993949462,0.0630901340420635,-0.7915071148425721,114.0
1652969263.743034,0.6443489193916321,0.2335912585258484,-0.3652303814888,-0.100235715508461,-0.0588876232504844,-0.993219554424286,0.0906992927193641,0.8693780899047852,3.969266414642334,-0.1005794620440179,0.058921712637751,-0.7530906154612126,114.0
1652969263.752963,0.5928214192390442,0.2243569493293762,-0.3587621748447418,-0.0934622511267662,-0.0566430389881134,-0.9940102696418762,0.2151160538196563,0.9657615423202516,4.1362504959106445,-0.0937498169104365,0.056673371102545,-0.7126445272012532,114.0
1652969263.7632442,0.5780735611915588,0.2071892619132995,-0.4010466933250427,-0.085611343383789,-0.0554046742618083,-0.9947869181632996,0.22762331366539,1.0662295818328855,4.273007392883301,-0.0858484536306119,0.0554330576334144,-0.670626185611298,114.0
1652969263.772963,0.5922319293022156,0.2572364807128906,-0.4345319867134094,-0.0769577994942665,-0.053856037557125,-0.9955787658691406,0.1420304477214813,1.131002426147461,4.419487953186035,-0.0771461491743377,0.0538821068305064,-0.6273224355853795,114.0
1652969263.782916,0.6228709816932678,0.2574849128723144,-0.4523080289363861,-0.0681834369897842,-0.0523153319954872,-0.996300220489502,0.1962095350027084,1.1086323261260986,4.587116718292236,-0.068330096710181,0.0523392242173834,-0.5823942808922026,114.0
1652969263.792873,0.6357533931732178,0.2188062071800232,-0.4260249137878418,-0.0597187913954257,-0.0524448864161968,-0.9968366026878356,0.4372161626815796,1.0813772678375244,4.766701698303223,-0.0598367881748496,0.0524689557772497,-0.5356412953733277,114.0
1652969263.802865,0.6494178771972656,0.1667921543121338,-0.3184861540794372,-0.051868375390768,-0.0554304271936416,-0.9971144199371338,0.7080553770065308,1.0253424644470217,4.941411972045898,-0.0519716361284283,0.0554588526963726,-0.4869961704570772,114.0
1652969263.812803,0.6606970429420471,0.1091247200965881,-0.2369534373283386,-0.0445318184792995,-0.0617983639240264,-0.9970946907997132,1.056838035583496,1.0566202402114868,5.127614974975586,-0.0446319127650679,0.061837766608376,-0.4363998655863879,114.0
1652969263.822875,0.6366173028945923,-0.0179791450500488,-0.1467463076114654,-0.0373435653746128,-0.0716527178883552,-0.9967303276062012,1.3534520864486694,1.0680086612701416,5.262780666351318,-0.0374485513726358,0.0717141720438355,-0.3840472375345677,114.0
1652969263.832716,0.5880938768386841,-0.2378722429275512,-0.0768730491399765,-0.0308733582496643,-0.0852973312139511,-0.9958770871162416,1.735023856163025,1.0874059200286863,5.322464466094971,-0.0309912473895969,0.0854011068323573,-0.3306275262679607,114.0
1652969263.842725,0.5190478563308716,-0.3237068057060241,-0.0255258008837699,-0.0243578106164932,-0.1008169502019882,-0.9946067929267884,1.6257948875427246,1.2230310440063477,5.409184455871582,-0.0244849959290016,0.1009885242456552,-0.2765266304475108,114.0
1652969263.852634,0.5400727987289429,-0.2468713521957397,0.0138824209570884,-0.0176728218793869,-0.1135222986340522,-0.9933782815933228,1.1069772243499756,1.293682098388672,5.502861499786377,-0.0177887505761167,0.1137675601900076,-0.2215787380635945,114.0
1652969263.862649,0.6918126940727234,-0.2815260291099548,0.0469841063022613,-0.0110112261027097,-0.1194328293204307,-0.9927812218666076,0.2182750254869461,1.3406565189361572,5.529738903045654,-0.0110908368066434,0.1197186030298685,-0.1660991047529679,114.0
1652969263.8725529,0.8635510206222534,-0.3436338901519775,0.1113755255937576,-0.0042522493749856,-0.1181199103593826,-0.992990255355835,-0.4096017479896545,1.355619192123413,5.441843032836914,-0.004282241023712,0.1183963214880647,-0.1110092881543393,114.0
1652969263.882638,0.9332411289215088,-0.3331648111343384,0.3481495678424835,0.0036180962342768,-0.1123402416706085,-0.9936631917953492,-0.7496131062507629,1.4702019691467283,5.193023204803467,0.0036411533878724,0.1125778919193318,-0.0576001067680656,114.0
1652969263.892617,0.8642041683197021,-0.3049224615097046,0.7016826868057251,0.0131762754172086,-0.1054912954568862,-0.9943329095840454,-0.6850227117538452,1.562223196029663,4.839487552642822,0.013250596649926,0.1056879376410495,-0.0072254925298329,114.0
1652969263.902468,0.7537011504173279,-0.3431538939476013,1.0092732906341553,0.0245276801288127,-0.1012990027666091,-0.9945536255836488,-0.3287971615791321,1.690664529800415,4.449477195739746,0.0246570013785584,0.1014730551125938,0.0393866944112863,114.0
1652969263.912396,0.636569082736969,-0.3570050597190857,1.2256163358688354,0.0374269559979438,-0.1012114211916923,-0.9941607117652892,0.0153106618672609,1.7688355445861816,4.030782222747803,0.0376290156295994,0.1013850236723769,0.0818456116562218,114.0
1652969263.922377,0.5231683850288391,-0.390347957611084,1.337005376815796,0.0511419884860515,-0.104034200310707,-0.9932579398155212,0.194109171628952,1.7917991876602173,3.678268671035767,0.0514437025691285,0.1042227832015905,0.1202836510374091,114.0
1652969263.932339,0.4141763150691986,-0.3840423822402954,1.3171565532684326,0.0649497509002685,-0.1084315776824951,-0.9919798970222472,0.2601067721843719,1.7378392219543457,3.362488031387329,0.0653815401030208,0.1086451860884779,0.1553573350260076,114.0
1652969263.9422898,0.3192953765392303,-0.4331008195877075,1.224947214126587,0.0778452157974243,-0.1132376417517662,-0.9905136823654176,0.2264089882373809,1.5755224227905271,2.988873243331909,0.0784295458257072,0.1134810501185955,0.1869644886657444,114.0
1652969263.9522429,0.2532899081707001,-0.4281575679779053,1.1535271406173706,0.0890411138534545,-0.1169366240501403,-0.9891397953033448,0.0376374050974845,1.3281618356704712,2.559340238571167,0.0897767625525105,0.1172047791520904,0.2145898075812941,114.0
1652969263.962384,0.2174955010414123,-0.3936982154846191,1.1617369651794434,0.0978121981024742,-0.1182647198438644,-0.9881529211997986,-0.2194098383188247,1.0051462650299072,2.1282761096954346,0.0986634840893037,0.1185421527878608,0.2380681866113257,114.0
1652969263.972122,0.182113915681839,-0.4141916036605835,1.2485301494598389,0.1038969159126281,-0.1165111064910888,-0.987740159034729,-0.535206139087677,0.7049545645713806,1.7530508041381836,0.1048011076796843,0.1167763360186897,0.2577993719817313,114.0
1652969263.982132,0.1461720168590545,-0.4811230897903442,1.2788901329040527,0.1075970008969307,-0.1116844043135643,-0.9879015684127808,-0.767277181148529,0.4171830117702484,1.4439778327941897,0.1084870758189279,0.1119179016780496,0.2744251506573177,114.0
1652969263.99209,0.0986000373959541,-0.465485155582428,1.2405811548233032,0.1088127717375755,-0.1047780141234397,-0.988524854183197,-0.9194461703300476,0.119116261601448,1.150623798370361,0.1096345300509238,0.104970681059017,0.2882982416074641,114.0
1652969264.002057,0.0125068053603172,-0.4654915332794189,1.266897201538086,0.1079461723566055,-0.0963192507624626,-0.9894797801971436,-1.0005327463150024,-0.0727655589580535,0.8371553421020508,0.1086641325132794,0.0964688109439391,0.2992927009935569,114.0
1652969264.011966,-0.0672501921653747,-0.5797837376594543,1.3197569847106934,0.1062975227832794,-0.0872588828206062,-0.9904982447624208,-0.9729315638542176,-0.1405295729637146,0.48386150598526,0.1069080614518108,0.0873699954254848,0.3069086032307297,114.0
1652969264.021892,-0.0822113677859306,-0.6473475694656372,1.3228899240493774,0.1040925607085228,-0.0781542733311653,-0.9914921522140504,-0.9291905164718628,-0.2598077952861786,0.1310677528381347,0.1046025754247256,0.0782340527586872,0.3109429998779571,114.0
1652969264.032061,-0.0577694401144981,-0.6944407820701599,1.2440800666809082,0.1007840484380722,-0.0692602097988128,-0.9924946427345276,-0.8659382462501526,-0.417094349861145,-0.2082209438085556,0.1011992999318398,0.0693157004987328,0.3114546844828568,114.0
1652969264.0419369,-0.0499298870563507,-0.7143664956092834,1.170387625694275,0.0959657356142997,-0.0606616735458374,-0.9935344457626344,-0.7992691993713379,-0.6050724983215332,-0.536069393157959,0.0962915311151662,0.0606989403484381,0.3085871342616347,114.0
1652969264.051818,-0.0537917986512184,-0.7412651181221008,1.1374388933181765,0.0894974470138549,-0.0524474419653415,-0.9946051836013794,-0.7248377799987793,-0.7845090627670288,-0.8502578735351562,0.0897411997955504,0.0524715166021485,0.3023970352307537,114.0
1652969264.061854,-0.0233048647642135,-0.7642009258270264,1.085365891456604,0.0812425687909126,-0.0451438054442405,-0.9956714510917664,-0.5808686017990112,-0.98264342546463,-1.1146736145019531,0.0814153954417332,0.0451591529125521,0.2931724429159594,114.0
1652969264.071677,0.0224261805415153,-0.7876742482185364,0.9952828884124756,0.0709576904773712,-0.038938283920288,-0.9967190027236938,-0.4888648092746734,-1.197704792022705,-1.351776361465454,0.0710713618747203,0.0389481298870189,0.2813054556584698,114.0
1652969264.0817518,0.0523261055350303,-0.8609226942062378,0.8443742394447327,0.058681670576334,-0.0333390906453132,-0.9977198839187622,-0.4609910845756531,-1.37418532371521,-1.5631181001663208,0.0587480962457023,0.0333452707974665,0.2670601598491054,114.0
1652969264.0916672,0.0664146393537521,-0.923349678516388,0.6696376800537109,0.0448677912354469,-0.0279598608613014,-0.9986016154289246,-0.4502800107002258,-1.5010613203048706,-1.6892329454421997,0.0449004241019269,0.0279635053999345,0.2510714117023486,114.0
1652969264.101795,0.0778754130005836,-0.958210587501526,0.536162793636322,0.029851721599698,-0.0228266399353742,-0.9992936849594116,-0.4577459096908569,-1.6005858182907104,-1.7608847618103027,0.0298639414678772,0.0228286229988438,0.234032699250278,114.0
1652969264.111579,0.0881272479891777,-1.011104941368103,0.4623653292655945,0.0138473212718963,-0.0178920738399028,-0.9997440576553344,-0.4462490975856781,-1.681299090385437,-1.7888126373291016,0.0138499809153974,0.0178930284167095,0.2164433876634885,114.0
1652969264.121609,0.1076257452368736,-1.1216191053390503,0.4138593375682831,-0.002874081255868,-0.0137128615751862,-0.9999018311500548,-0.3656879663467407,-1.7251161336898804,-1.7678309679031372,-0.0028743554508485,0.013713291756729,0.1987434831089944,114.0
1652969264.1315022,0.1449009478092193,-1.1768816709518433,0.3707228899002075,-0.0201755184680223,-0.01073753926903,-0.9997388124465942,-0.2762437760829925,-1.800786375999451,-1.7228479385375977,-0.0201780516712902,0.0107377452653167,0.1813196337208161,114.0
1652969264.14149,0.2080130279064178,-1.1611829996109009,0.317002385854721,-0.0385488308966159,-0.0088663976639509,-0.9992173910140992,-0.2054063379764557,-1.931346774101257,-1.6978299617767334,-0.0385598998895402,0.0088665141168867,0.1642462953011525,114.0
1652969264.151428,0.265117198228836,-1.1267759799957275,0.2363355308771133,-0.0585436299443244,-0.0077741304412484,-0.9982545971870422,-0.1803521066904068,-2.11563777923584,-1.6865066289901731,-0.058578895312066,0.0077742087289669,0.1473247995104856,114.0
1652969264.161418,0.3064583539962768,-1.0889708995819092,0.144319087266922,-0.0802162215113639,-0.0069899973459541,-0.9967529773712158,-0.2210675776004791,-2.2689454555511475,-1.6686195135116575,-0.0803044642634176,0.0069900544350986,0.1304845144171188,114.0
1652969264.1714702,0.3494130671024322,-0.983173370361328,0.0726113393902778,-0.1033802852034568,-0.0057778512127697,-0.9946251511573792,-0.3431716561317444,-2.429383993148804,-1.6588190793991089,-0.1035670600404204,0.0057778833945263,0.1137218339401198,114.0
1652969264.18127,0.4075961709022522,-0.8673126101493835,0.0123572442680597,-0.1280855983495712,-0.0034308554604649,-0.9917571544647216,-0.5162457227706909,-2.5839078426361084,-1.6733779907226562,-0.1284392022349114,0.0034308620951482,0.0967546505867686,114.0
1652969264.191261,0.4514835476875305,-0.7465922832489014,-0.0433781743049621,-0.1543796062469482,-7.885967352194712e-05,-0.988011598587036,-0.6488446593284607,-2.742624521255493,-1.7084914445877075,-0.1549994944831456,7.885967164138912e-05,0.0792922523668577,114.0
1652969264.201253,0.4726328551769256,-0.6558539271354675,-0.0825458988547325,-0.1816629469394683,0.0041767577640712,-0.98335200548172,-0.8134937882423401,-2.7956368923187256,-1.7657594680786133,-0.1826788808964788,-0.0041767697211143,0.0610235449992299,114.0
1652969264.2111912,0.5051042437553406,-0.5274109840393066,-0.1090807765722274,-0.2092972844839096,0.0093340706080198,-0.9778075218200684,-0.9485048651695251,-2.8437957763671875,-1.7963334321975708,-0.2108656035351528,-0.009334206332652,0.0418973762600064,114.0
1652969264.221122,0.564723551273346,-0.379700243473053,-0.0904643237590789,-0.2375140488147735,0.0150706507265567,-0.9712671637535096,-1.052457332611084,-2.9341928958892822,-1.7837995290756226,-0.2398336365047579,-0.0150712211288954,0.0222571306999123,114.0
1652969264.2311091,0.6153818368911743,-0.2396045327186584,-0.0772063732147216,-0.2667489647865295,0.0210692938417196,-0.963535726070404,-1.1095095872879028,-3.0770044326782227,-1.764857053756714,-0.2700796415734536,-0.0210708527083748,0.0024180759583541,114.0
1652969264.241245,0.6340168118476868,-0.1303337216377258,-0.1150262206792831,-0.2973010540008545,0.0265862848609685,-0.9544135928153992,-1.0621840953826904,-3.22745943069458,-1.7355338335037231,-0.3019747557494608,-0.0265894185754069,-0.0173923408391364,114.0
1652969264.251019,0.6194301247596741,-0.0494393110275268,-0.1564800888299942,-0.3286738395690918,0.0308850090950727,-0.943938374519348,-0.9733230471611024,-3.2911081314086914,-1.6644262075424194,-0.3350651676813285,-0.0308899210963354,-0.0366512850817846,114.0
1652969264.261029,0.5986191034317017,0.0618482232093811,-0.1678779423236847,-0.3600478768348694,0.0339363031089305,-0.9323164224624634,-0.8636948466300964,-3.303663969039917,-1.617217183113098,-0.3685416284059262,-0.0339428203982546,-0.055132950659305,114.0
1652969264.270942,0.5828369855880737,0.1193395256996154,-0.1638545989990234,-0.3908508718013763,0.0350857004523277,-0.9197850823402404,-0.6775847673416138,-3.249436378479004,-1.5846121311187744,-0.4018174416676461,-0.0350929047271265,-0.0728165042169075,114.0
1652969264.280921,0.583005964756012,0.2072377800941467,-0.1538066267967224,-0.4206829071044922,0.0337810032069683,-0.9065786004066468,-0.4220190048217773,-3.194324254989624,-1.5494574308395386,-0.4344627733039587,-0.0337874309277523,-0.0893195605003558,114.0
1652969264.29081,0.5888121128082275,0.2916807532310486,-0.1570960581302642,-0.4495756328105926,0.0299598462879657,-0.8927397131919861,-0.2099096179008484,-3.1425037384033203,-1.5115395784378052,-0.4665162323455838,-0.0299643302269154,-0.1043941660646539,114.0
1652969264.300885,0.5890248417854309,0.3618457913398742,-0.1673426926136016,-0.4773305058479309,0.0243525970727205,-0.8783863186836243,-0.0894369855523109,-3.0583958625793457,-1.4723678827285769,-0.4977754141939708,-0.0243550048557014,-0.1182132839122804,114.0
1652969264.3109632,0.579410195350647,0.4428558349609375,-0.2029017657041549,-0.5038028359413147,0.0179500058293342,-0.8636322021484375,-0.0787159726023674,-2.9761385917663574,-1.4233901500701904,-0.5280894584243389,-0.0179509696536155,-0.1311374023648222,114.0
1652969264.320725,0.5717979669570923,0.5259615182876587,-0.2517654597759247,-0.5290580987930298,0.011927830055356,-0.8485018014907837,-0.2347292751073837,-2.8973944187164307,-1.376836180686951,-0.5575345507595817,-0.011928112612945,-0.1437966879571501,114.0
1652969264.330703,0.5592551827430725,0.5874857902526855,-0.3249465823173523,-0.5530295968055725,0.008143619634211,-0.8331218361854553,-0.6242511868476868,-2.791409492492676,-1.326825737953186,-0.5860181501829818,-0.0081437098242262,-0.1573744597834848,114.0
1652969264.340697,0.5424155592918396,0.6669968366622925,-0.4283813834190368,-0.5756644606590271,0.0080017577856779,-0.8176469206809998,-1.124868392944336,-2.694110155105591,-1.2685725688934326,-0.6134390444093061,-0.0080018434301506,-0.1729578060201862,114.0
1652969264.350635,0.506325900554657,0.7278842926025391,-0.519103467464447,-0.5970851182937622,0.0120233977213501,-0.8020877838134766,-1.674914002418518,-2.575584650039673,-1.2029632329940796,-0.6399162853403443,-0.012023687159322,-0.1910848146363583,114.0
1652969264.360917,0.4588884115219116,0.7732189893722534,-0.5416145920753479,-0.6169083714485168,0.0204659365117549,-0.7867688536643982,-2.229450225830078,-2.379805088043213,-1.1264039278030396,-0.6649726685345118,-0.0204673658634047,-0.212154162780776,114.0
1652969264.370569,0.4227558970451355,0.7998245358467102,-0.5059227347373962,-0.6347004175186157,0.0322746895253658,-0.7720839977264404,-2.472275495529175,-2.1376254558563232,-1.0258278846740725,-0.688048978773907,-0.0322802942805011,-0.2354258238770504,114.0
1652969264.38068,0.4137923121452331,0.7990202307701111,-0.4621272087097168,-0.6508070826530457,0.0441432408988475,-0.7579588294029236,-2.280090808868408,-2.006176710128784,-0.9447364807128906,-0.7094836169543579,-0.0441575890571805,-0.2581914831167025,114.0
1652969264.390481,0.4100958108901977,0.8462719917297363,-0.3783889710903168,-0.6659094095230103,0.0543075799942016,-0.7440533638000488,-2.0356969833374023,-1.9120606184005735,-0.891077995300293,-0.7300320967468087,-0.0543343102338613,-0.2792844177819142,114.0
1652969264.400495,0.3911908864974975,0.8553785681724548,-0.3033195734024048,-0.6799939870834351,0.062352817505598,-0.7305616736412048,-1.7362583875656128,-1.7903355360031128,-0.8234752416610718,-0.7495640250482223,-0.0623932909989898,-0.298250715688871,114.0
1652969264.4103808,0.3669597506523132,0.8576260805130005,-0.302652508020401,-0.6928569674491882,0.0687047839164733,-0.7177945375442505,-1.509547472000122,-1.6400301456451416,-0.7265194654464722,-0.7677219720540767,-0.0687589495209823,-0.3149723590187745,114.0
1652969264.420378,0.3415502309799194,0.8970223665237427,-0.3975281119346618,-0.7044652104377747,0.0745300874114036,-0.7058144211769104,-1.5208544731140137,-1.4950865507125854,-0.65802401304245,-0.7844414741591685,-0.0745992560423042,-0.3303551985086578,114.0
1652969264.430301,0.3020883798599243,0.9093897342681884,-0.5250600576400757,-0.7148386240005493,0.0811819285154342,-0.694561243057251,-1.6989339590072632,-1.3323150873184204,-0.6263870000839233,-0.7997844229039679,-0.0812713663041073,-0.3462533797283804,114.0
1652969264.440291,0.2566602230072021,0.8996846675872803,-0.6195068359375,-0.7237927317619324,0.0892944484949112,-0.684215247631073,-1.9310474395751955,-1.1192853450775146,-0.5839058756828308,-0.8134996226043313,-0.0894135380896005,-0.3635446624848188,114.0
1652969264.450386,0.2226232290267944,0.8970639705657959,-0.6428937911987305,-0.7310308814048767,0.0991010814905166,-0.6751096248626709,-2.1705570220947266,-0.8577526807785034,-0.5302937030792236,-0.8251465423677051,-0.0992640169331804,-0.3823456649487003,114.0
1652969264.46037,0.2101195454597473,0.8867030739784241,-0.6219951510429382,-0.7363341450691223,0.1106426566839218,-0.6675105094909668,-2.3863742351531982,-0.5692535042762756,-0.4867997467517853,-0.8343840437827528,-0.1108696505842047,-0.4026428661349037,114.0
1652969264.4701428,0.2119585275650024,0.8904330134391785,-0.6176098585128784,-0.7396990060806274,0.1235150769352912,-0.661505401134491,-2.536799907684326,-0.2849065661430359,-0.4400078356266022,-0.8411448736003271,-0.1238313083814021,-0.424104011394987,114.0
1652969264.48013,0.2141838669776916,0.8905547261238098,-0.6163491606712341,-0.7411308884620667,0.1375894546508789,-0.6571105122566223,-2.645332336425781,0.0043209758587181,-0.3649722039699554,-0.8454160307754319,-0.1380273052492434,-0.4462922115022126,114.0
1652969264.490058,0.21990567445755,0.8840624690055847,-0.602983295917511,-0.740627110004425,0.1528032720088958,-0.654310941696167,-2.696152925491333,0.2861572802066803,-0.2438432425260543,-0.8471975361533683,-0.1534042352133681,-0.4685147680119711,114.0
1652969264.500019,0.2399743795394897,0.8731216192245483,-0.5602092742919922,-0.7382654547691345,0.168989211320877,-0.6529983282089233,-2.655599594116211,0.5157540440559387,-0.0979235768318176,-0.8466091151319517,-0.1698040417213297,-0.4899154562498016,114.0
1652969264.51014,0.2755534052848816,0.8929881453514099,-0.5141142010688782,-0.7344462275505066,0.1857451498508453,-0.6527537703514099,-2.5588619709014893,0.6562358140945435,0.0229564625769853,-0.8442204148946993,-0.1868301552666493,-0.5099489258451261,114.0
1652969264.5200682,0.3070142269134521,0.8825426697731018,-0.4968023896217346,-0.7297132015228271,0.2024451345205307,-0.6530962586402893,-2.441680431365967,0.7633873224258423,0.1004270240664482,-0.8407483065850858,-0.2038541200132489,-0.5284203540616809,114.0
1652969264.529876,0.3292364478111267,0.840122640132904,-0.4814363718032837,-0.7241186499595642,0.2191379070281982,-0.6539349555969238,-2.40604019165039,0.8781580328941345,0.1547544747591018,-0.8362838178312807,-0.220930807331715,-0.5458924902215996,114.0
1652969264.539839,0.3593140840530395,0.8279324173927307,-0.4789922833442688,-0.717697262763977,0.235965609550476,-0.6551571488380432,-2.3901381492614746,0.9718456864356996,0.1810585111379623,-0.830921502752494,-0.2382121198290714,-0.5628807195928671,114.0
1652969264.54979,0.3923014998435974,0.8167833089828491,-0.4748714864253998,-0.7106456160545349,0.2528714537620544,-0.6565354466438293,-2.387690782546997,1.0542973279953003,0.1834082603454589,-0.8249554064377531,-0.2556470074549742,-0.5797158679697636,114.0
1652969264.5597792,0.4131329655647278,0.8024665713310242,-0.4608267545700073,-0.7028821110725403,0.2697715163230896,-0.6581642031669617,-2.376209259033203,1.1721957921981812,0.1906643062829971,-0.8182418776734133,-0.2731557317682563,-0.5964136091663821,114.0
1652969264.569731,0.4320071935653686,0.7956415414810181,-0.4197133779525757,-0.6941379308700562,0.2867788672447204,-0.6602503061294556,-2.3619906902313232,1.3157730102539062,0.2317840158939361,-0.8104135676781414,-0.2908627789532585,-0.6127808385715195,114.0
1652969264.579719,0.4632695317268371,0.8115237355232239,-0.3972494602203369,-0.6842320561408997,0.3042166829109192,-0.6627810597419739,-2.3958332538604736,1.4632151126861572,0.291534960269928,-0.8013216760610085,-0.3091160206429192,-0.6287812609870693,114.0
1652969264.589813,0.5072966814041138,0.8022459745407104,-0.3933625817298889,-0.6728545427322388,0.3225771486759186,-0.6657407879829407,-2.448717832565308,1.6554765701293943,0.4030786156654358,-0.7907124369842805,-0.3284509096261037,-0.6443837113627782,114.0
1652969264.599664,0.572303295135498,0.7648114562034607,-0.3763952851295471,-0.6596293449401855,0.3422309756278991,-0.6691541075706482,-2.5214126110076904,1.8487207889556885,0.5508779287338257,-0.7782302797981059,-0.3492902173689101,-0.6593795712665542,114.0
1652969264.609579,0.650951087474823,0.7625938653945923,-0.3494293689727783,-0.644633948802948,0.3635132908821106,-0.6725364923477173,-2.6375062465667725,1.968690276145935,0.708118736743927,-0.7642176350752861,-0.3720364170445921,-0.6737197656942548,114.0
1652969264.619562,0.7180719971656799,0.7807060480117798,-0.3392927646636963,-0.6283045411109924,0.3866713941097259,-0.6750693917274475,-2.748212575912476,1.997706651687622,0.8866786360740662,-0.7495337131957112,-0.3970195059083055,-0.687380766630732,114.0
1652969264.629514,0.7366718649864197,0.762065589427948,-0.3376148343086242,-0.6110309958457947,0.4115437865257263,-0.676219642162323,-2.855733871459961,1.9802964925765991,1.0651228427886963,-0.7347996216319307,-0.424147291223163,-0.7001069368709458,114.0
1652969264.639559,0.6785260438919067,0.7284625768661499,-0.3066809177398681,-0.5929547548294067,0.4379218518733978,-0.6757434606552124,-2.9357779026031494,1.9594545364379885,1.2160212993621826,-0.7202356950730995,-0.4532857684175249,-0.7119157394356037,114.0
1652969264.649452,0.5515902042388916,0.6668776273727417,-0.2679504752159118,-0.5739138126373291,0.4651703834533691,-0.6739729642868042,-2.9607980251312256,2.016598463058472,1.3310223817825315,-0.705386465880783,-0.4838270922287453,-0.7226731672796921,114.0
1652969264.659867,0.4157272577285766,0.5791556239128113,-0.2221508920192718,-0.5532241463661194,0.4925214946269989,-0.6718375086784363,-2.8809518814086914,2.217069149017334,1.4231547117233276,-0.6888766895920835,-0.5149846679854467,-0.7320303983978036,114.0
1652969264.669179,0.3573050498962402,0.4638991951942444,-0.1469031572341919,-0.530141294002533,0.5191718935966492,-0.6703810691833496,-2.724341630935669,2.4664502143859863,1.4980629682540894,-0.6691095587100686,-0.5458817248756725,-0.7391925857673797,114.0
1652969264.679161,0.3906729817390442,0.3386788964271545,-0.0696013569831848,-0.5050375461578369,0.5444396734237671,-0.6697182655334473,-2.463268518447876,2.612570285797119,1.5754797458648682,-0.6461227734370013,-0.5757209468538454,-0.7436142512565752,114.0
1652969264.6890678,0.4602975845336914,0.2565488815307617,-0.0060155987739562,-0.4782571494579315,0.5680273771286011,-0.6697874069213867,-2.2287323474884038,2.691036462783813,1.6920863389968872,-0.6200888949163299,-0.6041070606000277,-0.744437093055076,114.0
1652969264.699041,0.5295396447181702,0.2716135382652282,0.0185721516609191,-0.4502396881580353,0.5906503200531006,-0.6696390509605408,-2.112410068511963,2.630208730697632,1.8551857471466064,-0.591935015433773,-0.6318645564449102,-0.7417132197209784,114.0
1652969264.709014,0.5653625726699829,0.2911555767059326,-0.011643648147583,-0.4213806390762329,0.6129621267318726,-0.6683680415153503,-2.070108413696289,2.5450727939605717,2.014023303985596,-0.5625174097804654,-0.6598041799051594,-0.7356903192832971,114.0
1652969264.718978,0.551085889339447,0.2582086324691772,-0.028493583202362,-0.3917993307113647,0.6350458264350891,-0.6657403111457825,-2.0316619873046875,2.4453465938568115,2.153709173202514,-0.5319331542211683,-0.6880678506291286,-0.7265866959228914,114.0
1652969264.7290978,0.5096240639686584,0.161734938621521,-0.0102444291114807,-0.3617358207702636,0.656561017036438,-0.6618722081184387,-1.9616812467575075,2.347705125808716,2.277646541595459,-0.5001784636048882,-0.7162503371460184,-0.7142921718471671,114.0
1652969264.741318,0.4475598931312561,0.0351104736328125,0.0359002947807312,-0.3309826850891113,0.6771734952926636,-0.657180666923523,-1.8679169416427608,2.3056178092956543,2.391012191772461,-0.4665556228343859,-0.7439145665263415,-0.6985886909442622,114.0
1652969264.749295,0.4046984910964966,-0.0308826565742492,0.0802988409996032,-0.2992907166481018,0.6969839930534363,-0.6516428589820862,-1.8679232597351076,2.2773525714874268,2.4977786540985107,-0.4305496124865008,-0.771182893618423,-0.6794603366103776,114.0
1652969264.758949,0.4063423275947571,-0.0437985658645629,0.1193376779556274,-0.2667853832244873,0.7165693640708923,-0.6444795727729797,-1.9870434999465945,2.226670026779175,2.604627847671509,-0.3924781706741271,-0.7988714838117703,-0.6573381366554276,114.0
1652969264.768932,0.4349856972694397,-0.0265854001045227,0.1356406211853027,-0.2334628254175186,0.736490786075592,-0.6348830461502075,-2.193204164505005,2.1774041652679443,2.718437433242798,-0.3523780143950049,-0.8278679156931952,-0.6323721584951967,114.0
1652969264.7789211,0.4459280371665954,0.0310865640640258,0.1254655122756958,-0.1995443254709243,0.7567520141601562,-0.6225019097328186,-2.346545696258545,2.086515426635742,2.819464921951294,-0.3102037325101144,-0.8583301379931948,-0.6042483754864573,114.0
1652969264.788863,0.4249886274337768,-0.0461372137069702,0.1333053708076477,-0.1647957116365432,0.7764847874641418,-0.6082054376602173,-2.385209560394287,2.12477445602417,2.920227527618408,-0.2646008328618467,-0.889067945583958,-0.5719819421085602,114.0
1652969264.798979,0.4131807088851928,-0.1315407156944275,0.1828795671463012,-0.1284516453742981,0.7949647903442383,-0.5929007530212402,-2.3292131423950195,2.226161479949951,3.0351831912994385,-0.2133522400294437,-0.9189495145567512,-0.5343861785729571,114.0
1652969264.808745,0.4602035582065582,-0.1691587567329406,0.2285376787185669,-0.0906050950288772,0.8116082549095154,-0.5771332383155823,-2.215405941009521,2.230458974838257,3.1670925617218018,-0.1557206225605774,-0.9468998023782644,-0.4903518718902437,114.0
1652969264.818723,0.5186707377433777,-0.1526045799255371,0.2786903977394104,-0.0515533797442913,0.8260307908058167,-0.5612624883651733,-2.060995101928711,2.219113826751709,3.3157739639282227,-0.0915955078329842,-0.9720285731714772,-0.4391301805834212,114.0
1652969264.828611,0.5528668761253357,-0.0667159557342529,0.3533123731613159,-0.0112866191193461,0.8379871249198914,-0.5455734133720398,-1.893744111061096,2.1839215755462646,3.461854219436645,-0.0206846762532181,-0.9935840369155092,-0.3803410216199736,114.0
1652969264.838674,0.5678229331970215,0.0259126424789428,0.4077065587043762,0.0297112893313169,0.8473899960517883,-0.5301392078399658,-1.7354875802993774,2.08484411239624,3.5727877616882324,0.0559857481991318,-1.011050277223226,-0.3146146897137474,114.0
1652969264.848556,0.531526505947113,0.0247811079025268,0.4251784682273865,0.0709516108036041,0.8538896441459656,-0.5155951976776123,-1.43995463848114,2.0652525424957275,3.6154768466949454,0.1367521818103053,-1.023413637089076,-0.2438974246664264,114.0
1652969264.858597,0.4839439690113067,-0.0519207119941711,0.4724495410919189,0.1124916449189186,0.8571250438690186,-0.5026751160621643,-1.1453959941864014,2.174623250961304,3.618837594985962,0.2201586126334673,-1.0296622044775254,-0.170990810755176,114.0
1652969264.8687382,0.5034397840499878,-0.1566124856472015,0.5557572841644287,0.1543972343206405,0.8574202060699463,-0.4909093677997589,-0.9215777516365052,2.2790215015411377,3.60553789138794,0.3047174595409184,-1.0302355363980569,-0.0983199974664695,114.0
1652969264.878518,0.5676566362380981,-0.2547324895858764,0.6138641834259033,0.1962900161743164,0.8551758527755737,-0.4797339737415313,-0.7645034193992615,2.324751377105713,3.604537725448608,0.3883815860155299,-1.025889998360121,-0.0274443431224738,114.0
1652969264.888499,0.5995669364929199,-0.2768387794494629,0.6454718112945557,0.2378049939870834,0.8508356213569641,-0.46853768825531,-0.7057322859764099,2.305484771728516,3.5844688415527344,0.4696671145358341,-1.0175736386586065,0.0407697820813349,114.0
1652969264.8984408,0.5799545049667358,-0.2320820093154907,0.6659110188484192,0.2783524990081787,0.8450601696968079,-0.4565012753009796,-0.7727349996566772,2.2717485427856445,3.516252994537353,0.5475591651447356,-1.0066776372514936,0.1057071385363603,114.0
1652969264.90867,0.5320878028869629,-0.1706048846244812,0.658534049987793,0.3174301087856293,0.8387041687965393,-0.4425084292888641,-0.9785414338111876,2.19861912727356,3.413602113723755,0.6222706545015126,-0.9948993589138002,0.1679784702780327,114.0
1652969264.918396,0.4941024482250213,-0.1351796388626098,0.6287203431129456,0.3546830415725708,0.8318662643432617,-0.4268472790718078,-1.0113118886947632,2.127527236938477,3.289517641067505,0.6933221864409299,-0.9824620938736316,0.2272793359806294,114.0
1652969264.92835,0.4899993240833282,-0.1491761207580566,0.6781789064407349,0.3899294137954712,0.8236674666404724,-0.4117368459701538,-0.7323676943778992,2.045571565628052,3.13803768157959,0.7582022115208571,-0.9678483419013064,0.2804821748117004,114.0
1652969264.938456,0.4813088476657867,-0.2381404340267181,0.8463550806045532,0.4230491518974304,0.813053548336029,-0.3999667167663574,-0.1221397370100021,1.97463059425354,3.0003814697265625,0.8134369780362629,-0.9493779975612232,0.3235493325511733,114.0
1652969264.948235,0.4136300981044769,-0.446210503578186,1.0042221546173096,0.4542289078235626,0.79912269115448,-0.3938009738922119,0.7420390248298645,1.9481931924819944,2.837756633758545,0.8565347591518695,-0.9258345037579072,0.3527828423490482,114.0
1652969264.958245,0.2689418494701385,-0.6255486011505127,1.0531134605407717,0.483408123254776,0.7817407250404358,-0.3939520120620727,1.6065179109573364,1.978337049484253,2.6091878414154053,0.8870075703628146,-0.8974523611486622,0.3665910233381817,114.0
1652969264.968133,0.1418354511260986,-0.6909675598144531,0.9903262257575988,0.5102947950363159,0.7618558406829834,-0.3989676237106323,2.209305047988892,1.981188416481018,2.348083734512329,0.9072285714342002,-0.8661733844162454,0.3671809121794024,114.0
1652969264.978116,0.1135581135749816,-0.7377126216888428,0.8847987651824951,0.5348489880561829,0.7408574223518372,-0.4062844514846802,2.4383809566497803,1.9522819519042969,2.1089529991149902,0.9211638884481952,-0.8343460222341856,0.3595862195378165,114.0
1652969264.988088,0.12836754322052,-0.7519650459289551,0.7910529375076294,0.5570725798606873,0.7202080488204956,-0.4134859442710876,2.335614919662476,1.83491051197052,1.8735886812210083,0.9322750476332632,-0.8041021969588311,0.348948830652954,114.0
1652969264.9980311,0.1377505660057068,-0.7621729373931885,0.7211753129959106,0.5767881274223328,0.7013100981712341,-0.4189029932022095,1.9637067317962649,1.657243013381958,1.6479287147521973,0.942657262060048,-0.7772336741593321,0.3390452353627298,114.0
1652969265.008033,0.1350411772727966,-0.7959760427474976,0.6486462354660034,0.5938864350318909,0.6851549744606018,-0.4217362105846405,1.4738391637802124,1.4411580562591553,1.4215753078460691,0.9533044133752568,-0.7548164760823003,0.3321094968415273,114.0
1652969265.017931,0.1210799217224121,-0.8285079002380371,0.5624982714653015,0.6083512902259827,0.6721819043159485,-0.421995460987091,0.964766800403595,1.23248553276062,1.1944209337234497,0.9643308506021372,-0.7371518158049517,0.3287969414379991,114.0
1652969265.027942,0.1043359041213989,-0.8381109237670898,0.5069352388381958,0.6203498244285583,0.6623610258102417,-0.4200523197650909,0.5765286684036255,1.0414851903915403,0.9696624875068665,0.9755905190190616,-0.7239658706548777,0.3286438142032618,114.0
1652969265.037924,0.0876489877700805,-0.8253965377807617,0.4851894378662109,0.6300177574157715,0.6550541520118713,-0.4171112477779388,0.3690699934959411,0.8715909719467163,0.7569382786750793,0.9859878695137818,-0.7142542586635273,0.3299711187824692,114.0
1652969265.04783,0.0741316080093383,-0.7977136969566345,0.4834030270576477,0.6376299858093262,0.6494247317314148,-0.4143375754356384,0.3434198796749115,0.7210810780525208,0.5746938586235046,0.9945555384443144,-0.7068276838850949,0.3309270937367168,114.0
1652969265.058066,0.0617557764053344,-0.7431237697601318,0.4692267179489136,0.6435055732727051,0.6446648836135864,-0.4126836657524109,0.4544942080974579,0.5805434584617615,0.4135299921035766,1.0005575412571348,-0.7005848663785388,0.3301149037346578,114.0
1652969265.06776,0.0532670021057128,-0.6797452569007874,0.4176044464111328,0.6478286981582642,0.640226423740387,-0.4128296971321106,0.6341886520385742,0.4543116688728332,0.2762981653213501,1.003435534686542,-0.6947929712041202,0.3265688789238183,114.0
1652969265.0779738,0.0506884455680847,-0.6237306594848633,0.3659254312515259,0.6508955359458923,0.6357988715171814,-0.4148434102535248,0.8180738091468811,0.3522849082946777,0.1685370951890945,1.0033706891632297,-0.6890430872351426,0.320185564019164,114.0
1652969265.088,0.0461931228637695,-0.5743520259857178,0.309011697769165,0.65296471118927,0.6312196254730225,-0.418567806482315,0.9957761764526368,0.2697838246822357,0.0810927748680114,1.0007551010390288,-0.6831247192953509,0.3111846527515644,114.0
1652969265.0977,0.0419619679450988,-0.5176697373390198,0.2386528849601745,0.6542050838470459,0.6265205144882202,-0.4236600995063782,1.116877555847168,0.207409381866455,-0.0036546024493873,0.9961134804421986,-0.6770808560036695,0.3000462592764832,114.0
1652969265.108171,0.0415043830871582,-0.4437234401702881,0.1672448515892028,0.6546779870986938,0.6219244599342346,-0.4296590089797973,1.1863230466842651,0.1541775912046432,-0.0920694917440414,0.9900116117124814,-0.6711978829869554,0.2873998008425059,114.0
1652969265.118082,0.0502258539199829,-0.369456022977829,0.0970465540885925,0.6543945670127869,0.617659866809845,-0.4361926317214966,1.2165051698684692,0.1312435120344162,-0.1966680735349655,0.982868226345246,-0.6657636481573278,0.2736401201296389,114.0
1652969265.127966,0.0560378432273864,-0.3015471994876861,0.0540468692779541,0.6534348726272583,0.6140134334564209,-0.4427306056022644,1.181906819343567,0.121745079755783,-0.3039568364620209,0.9753012896949128,-0.6611354155942244,0.259296028999743,114.0
1652969265.137541,0.074336290359497,-0.250919759273529,0.0294315218925476,0.651692271232605,0.6112392544746399,-0.4490923583507538,1.112636685371399,0.092542715370655,-0.4126164615154266,0.9674116483070146,-0.6576254925682792,0.2447409442271983,114.0
1652969265.14739,0.1008995771408081,-0.2198092639446258,0.0037163496017456,0.6492683291435242,0.6094733476638794,-0.454964816570282,0.99263334274292,0.0632722824811935,-0.4952020049095154,0.9595775042861237,-0.6553961144715575,0.230596393034709,114.0
1652969265.1576371,0.1201853156089782,-0.1849056184291839,0.0087907910346984,0.6462942361831665,0.6085492968559265,-0.460403710603714,0.8851622939109802,0.0053634434007108,-0.5252912044525146,0.9518133427416404,-0.6542310774366022,0.2172639183072744,114.0
1652969265.167187,0.156217336654663,-0.1023449897766113,0.0481644868850708,0.6428550481796265,0.607932984828949,-0.4659990072250366,0.8437811136245728,-0.131030187010765,-0.5219576358795166,0.9435604336311856,-0.6534546685480924,0.2046459365772883,114.0
1652969265.177322,0.1966511011123657,-0.0276289582252502,0.0686339139938354,0.6386609077453613,0.6073762774467468,-0.4724472165107727,0.7953994274139404,-0.3375165164470672,-0.5094916224479675,0.9338897796718232,-0.6527536721881181,0.192503880159696,114.0
1652969265.187115,0.2134684920310974,0.0276475250720977,0.0391064286231994,0.6335011124610901,0.606874406337738,-0.4799789786338806,0.7302716374397278,-0.5809835195541382,-0.4745391011238098,0.9224103040225288,-0.6521221197019251,0.1810935964570407,114.0
1652969265.197044,0.2143670916557312,0.0757459998130798,-0.0197787284851074,0.6274756193161011,0.6064486503601074,-0.4883587956428528,0.5676475763320923,-0.8135408163070679,-0.3944935500621795,0.909433311760846,-0.651586556252371,0.1712599050182791,114.0
1652969265.2070398,0.1838838458061218,0.0649033188819885,-0.0701750516891479,0.6209868788719177,0.6063689589500427,-0.4966811835765838,0.3716468214988708,-0.9549934267997742,-0.3182384669780731,0.8961617548548392,-0.6514862951164263,0.1639005541546318,114.0
1652969265.21701,0.1343888044357299,0.0386650562286376,-0.096529483795166,0.6143600940704346,0.6066766381263733,-0.5044852495193481,0.1708228886127472,-1.0204192399978638,-0.2354163080453872,0.8832880529021477,-0.6518732727112878,0.1590192004572877,114.0
1652969265.2269611,0.0892421603202819,0.0134963393211364,-0.0953443050384521,0.6080693602561951,0.6075665950775146,-0.5109937191009521,-0.0516684353351593,-0.9938425421714784,-0.153786689043045,0.8719287721384372,-0.6529933134803609,0.1569284725777276,114.0
1652969265.236934,0.0475306510925293,0.0002303123474121,-0.0890544652938842,0.6023412346839905,0.6090587973594666,-0.5159773230552673,-0.232817456126213,-0.94754958152771,-0.0911419540643692,0.8624718015906698,-0.6548733235423119,0.1573547741979593,114.0
1652969265.246904,0.0355624556541442,0.0131354331970214,-0.0621851682662963,0.5973416566848755,0.6109218001365662,-0.5195745229721069,-0.3335801362991333,-0.8372932076454163,-0.0398265309631824,0.8549126570357424,-0.6572244147296474,0.1595294034572041,114.0
