1652966801.227312,0.0006867051124572,-0.0592434406280517,-0.0201554000377655,-0.3559114038944244,0.4808945953845978,-0.8012911677360535,-0.0914277732372284,-0.0871859937906265,-0.2370902001857757,-0.4179971175392988,-0.5016747470755614,0.1218688021950991,105.0
1652966801.237296,0.026208758354187,-0.0788311958312988,-0.0046560168266296,-0.3576297461986542,0.480882853269577,-0.8005327582359314,-0.1346596628427505,-0.1119653210043907,-0.2113738059997558,-0.4201393334269552,-0.5016613568339688,0.1191008682448206,105.0
1652966801.247281,0.0237095952033996,-0.0891216397285461,0.0260460078716278,-0.3595098555088043,0.4811409115791321,-0.7995349764823914,-0.1049190834164619,-0.1187976598739624,-0.1899915486574173,-0.4225617586221029,-0.5019556961544438,0.1164821821813881,105.0
1652966801.2573628,0.0005000531673431,-0.0848641991615295,0.04451784491539,-0.3612942099571228,0.4810711741447449,-0.7987722158432007,-0.0451181977987289,-0.098601259291172,-0.1793152540922165,-0.4247748915212248,-0.5018761441659441,0.1142002768658887,105.0
1652966801.267254,-0.0212069153785705,-0.0760340690612793,0.0393234193325042,-0.3628263771533966,0.4805587828159332,-0.7983860373497009,0.0168186705559492,-0.0752661079168319,-0.1659842580556869,-0.4265481933014378,-0.5012917906757669,0.1123770350020937,105.0
1652966801.277084,-0.0404188930988311,-0.0710869431495666,0.0301930308341979,-0.3639543354511261,0.4796488881111145,-0.7984198331832886,0.0739997327327728,-0.0218367092311382,-0.1442971974611282,-0.4277025954991397,-0.5002545345387096,0.1109955003379891,105.0
1652966801.28711,-0.0532406866550445,-0.0723638534545898,0.0245457291603088,-0.36463662981987,0.4783076643943786,-0.7989129424095154,0.1329075247049331,0.018269432708621,-0.1459201276302337,-0.4281766153691401,-0.4987266429926648,0.1099660173589188,105.0
1652966801.297069,-0.041251391172409,-0.0759167671203613,0.014270007610321,-0.3650597333908081,0.4764984548091888,-0.7998003959655762,0.1829151064157486,0.048928327858448,-0.1475939452648162,-0.4281953284442342,-0.4966676358651342,0.1092003225280051,105.0
1652966801.307114,-0.0131490230560302,-0.1028675436973571,0.0104181468486785,-0.3652690052986145,0.4741857349872589,-0.8010782599449158,0.2418202310800552,0.0527113489806652,-0.1567059457302093,-0.4278088724456879,-0.494038945584856,0.1087003193790569,105.0
1652966801.316972,-0.0002922117710113,-0.1008148193359375,-0.0125939846038818,-0.3655373752117157,0.4715326130390167,-0.8025206923484802,0.2701210975646972,0.0507611706852912,-0.1491716802120208,-0.4274071445119277,-0.4910279230292141,0.1083378394631735,105.0
1652966801.3270888,-0.010297954082489,-0.0862902998924255,-0.0462687313556671,-0.3657702505588531,0.4689830243587494,-0.8039073944091797,0.2169875800609588,0.0685683935880661,-0.1472624540328979,-0.4269962935494773,-0.4881389512138424,0.1080010701631098,105.0
1652966801.3368711,-0.0288975238800048,-0.0675883293151855,-0.0645067691802978,-0.3657711446285248,0.4671556949615478,-0.8049702048301697,0.1052745655179023,0.0951601192355156,-0.1543819010257721,-0.4264994147976905,-0.4860711313668621,0.1072236124368603,105.0
1652966801.346826,-0.0303711891174316,-0.0564171075820922,-0.0804799199104309,-0.365701287984848,0.4662068486213684,-0.8055518269538879,-0.008466113358736,0.1036555990576744,-0.1633998900651931,-0.4261555390729241,-0.4849983017350822,0.10582150632917,105.0
1652966801.356761,-0.0221668183803558,-0.0340623259544372,-0.0944302082061767,-0.3656506538391113,0.4659817218780517,-0.8057050704956055,-0.073102630674839,0.1133888140320777,-0.186233788728714,-0.4260318383283067,-0.4847438228387249,0.1038062332311606,105.0
1652966801.366737,-0.010759025812149,-0.0093092322349548,-0.0957890152931213,-0.3657059371471405,0.4659062325954437,-0.8057236671447754,-0.0826785564422607,0.1122340634465217,-0.2235960662364959,-0.4260800226700482,-0.4846585066019653,0.101323059219641,105.0
1652966801.376686,0.0052097737789154,-0.0140056610107421,-0.0857817530632019,-0.3660039603710174,0.4654815196990967,-0.8058338165283203,-0.0412339121103286,0.0891963317990303,-0.2573228180408478,-0.4263352387931053,-0.4841785779598619,0.0985594053032557,105.0
1652966801.386657,0.0136967599391937,-0.0178077220916748,-0.0909511446952819,-0.3666173815727234,0.464791476726532,-0.8059532046318054,-0.0381217449903488,0.0674673393368721,-0.2868287861347198,-0.4269102547567282,-0.4833991051189286,0.0956074923753615,105.0
1652966801.396745,0.0079149901866912,-0.0068961977958679,-0.1184858083724975,-0.3674884140491485,0.46402108669281,-0.8060004115104675,-0.0547547787427902,0.061198953539133,-0.3286740779876709,-0.4277832409201194,-0.4825292029808651,0.0922908104795518,105.0
1652966801.406634,-0.000446081161499,0.0329564213752746,-0.119617074728012,-0.368679404258728,0.4631077349185943,-0.8059818744659424,-0.0469202920794487,0.0496770516037941,-0.3788621425628662,-0.4290145969129205,-0.4814984085370894,0.0884367963046997,105.0
1652966801.41654,-0.0048376321792602,0.0621380805969238,-0.094612032175064,-0.3701929748058319,0.4616470038890838,-0.806126058101654,0.0286757294088602,0.0490858294069767,-0.4460629522800445,-0.4304986141222074,-0.4798509788508596,0.0841627397051747,105.0
1652966801.426574,-0.006241500377655,0.083036720752716,-0.0769843161106109,-0.372008740901947,0.4593390524387359,-0.8066084384918213,0.1063721179962158,0.0348589569330215,-0.4916642606258392,-0.4321296541693614,-0.477250973967241,0.0797159243619183,105.0
1652966801.4364948,0.0014558434486389,0.0949808955192565,-0.0629259049892425,-0.3741213679313659,0.456251710653305,-0.8073831796646118,0.1886710524559021,0.0179418120533227,-0.530961275100708,-0.4339209176638182,-0.4737783548123677,0.0752123672233199,105.0
1652966801.446471,0.0182933807373046,0.0939852595329284,-0.0538615584373474,-0.3766156136989593,0.4525432288646698,-0.8083101511001587,0.2124767899513244,-0.0191283263266086,-0.5586416125297546,-0.4360217203061042,-0.4696152494184259,0.0706404317517638,105.0
1652966801.456407,0.0433261394500732,0.0860276222229003,-0.0473492741584777,-0.3794315755367279,0.4488538205623626,-0.8090500831604004,0.178045243024826,-0.0608064234256744,-0.5570877194404602,-0.4385284314627902,-0.4654822950064903,0.0659071297617187,105.0
1652966801.466546,0.0563175678253173,0.0710186958312988,-0.0571195781230926,-0.3826421499252319,0.4456389248371124,-0.8093151450157166,0.1013786941766738,-0.1229004189372062,-0.5522264242172241,-0.4416497328905561,-0.4618878444625031,0.0610100101693253,105.0
1652966801.476336,0.0536930561065673,0.0812962055206298,-0.0652852952480316,-0.3862890005111694,0.442940354347229,-0.8090640902519226,0.0491254776716232,-0.171483501791954,-0.554948627948761,-0.4454467628250965,-0.4588756686959462,0.0557868984127059,105.0
1652966801.486263,0.0398786067962646,0.0968377590179443,-0.0580176413059234,-0.3902967870235443,0.4404639899730682,-0.8084923624992371,0.0372246094048023,-0.2033136039972305,-0.5843347311019897,-0.4497497203797622,-0.4561154325655265,0.0502703102535769,105.0
1652966801.496228,0.0202677845954895,0.1022449731826782,-0.0455988645553588,-0.3946117460727691,0.4375514090061188,-0.807979166507721,0.11175137758255,-0.212370216846466,-0.6149924397468567,-0.4543193460834038,-0.4528737800890656,0.0446456063940683,105.0
1652966801.506253,0.0024036765098571,0.1143616437911987,-0.0363501906394958,-0.3991322815418243,0.4334296882152557,-0.8079803586006165,0.2850480675697326,-0.2170682996511459,-0.6744078397750854,-0.4588261436716382,-0.4482950523931103,0.0392312783715428,105.0
1652966801.516168,-0.0015789866447448,0.121436595916748,-0.0171768963336944,-0.4039081931114197,0.4273789227008819,-0.8088297247886658,0.5318313837051392,-0.2258587181568145,-0.7393395900726318,-0.4631463422835488,-0.4415915805339975,0.0342480491117462,105.0
1652966801.5261312,0.0100379586219787,0.1236886382102966,-0.0134150087833404,-0.4090553820133209,0.4192377924919128,-0.8105019330978394,0.7277454733848572,-0.2464606612920761,-0.7849425077438354,-0.4673956773963308,-0.4326056025049445,0.0298110151072064,105.0
1652966801.536233,0.0244379341602325,0.1137425303459167,-0.0464347302913665,-0.4145136773586273,0.4098075330257416,-0.8125491738319397,0.7830957770347595,-0.2873180210590362,-0.8075255155563354,-0.4717265006550213,-0.4222430453080941,0.0258070808036015,105.0
1652966801.546057,0.0318731069564819,0.0779268741607666,-0.0752805173397064,-0.4202399253845215,0.4000180959701538,-0.8144838213920593,0.777600109577179,-0.3156934678554535,-0.8193331956863403,-0.4763328043436748,-0.4115365761130668,0.0217937474138384,105.0
1652966801.556006,0.0334126055240631,0.0323120951652526,-0.0881458818912506,-0.4261586666107178,0.3904835283756256,-0.8160339593887329,0.7230420112609863,-0.3557130694389343,-0.8063772916793823,-0.4812742651088427,-0.4011567509566333,0.017731751022058,105.0
1652966801.565984,0.0333501100540161,-0.0118991732597351,-0.0904712975025177,-0.4322760105133056,0.3815326988697052,-0.8170497417449951,0.6501585245132446,-0.3995508253574371,-0.7715207934379578,-0.486631763912961,-0.3914538670747416,0.0136113644751349,105.0
1652966801.5759392,0.0219204425811767,-0.03172367811203,-0.079488068819046,-0.4384244680404663,0.373524934053421,-0.8174736499786377,0.5086411833763123,-0.4185050725936889,-0.7225416302680969,-0.4922768386524658,-0.3828061085322777,0.0094768769797035,105.0
1652966801.5858932,-0.0063183903694152,-0.0030086040496826,-0.0959201753139495,-0.4443500339984894,0.367038369178772,-0.8172122836112976,0.3030558228492737,-0.3840368390083313,-0.6906012296676636,-0.4980234658844515,-0.3758231528261457,0.0048887362983006,105.0
1652966801.595844,-0.0321640074253082,0.0195809602737426,-0.1281886994838714,-0.4496934115886688,0.3625942468643188,-0.8162727952003479,0.0251513011753559,-0.3206459283828735,-0.6443611979484558,-0.5035421079035574,-0.3710500715178769,-0.0004636036512742,105.0
1652966801.606011,-0.0452938079833984,0.0352752804756164,-0.1485609412193298,-0.4541569948196411,0.3602308630943298,-0.8148467540740967,-0.1011765450239181,-0.215050533413887,-0.6250889301300049,-0.5084706931712932,-0.3685153572206928,-0.0066930769457527,105.0
1652966801.615761,-0.0237030386924743,0.0195503234863281,-0.1291882395744323,-0.4579407572746277,0.3576581180095672,-0.8138617873191833,0.0676217973232269,-0.1728095561265945,-0.6361380815505981,-0.5125234012545761,-0.3657589076273893,-0.0127143970507334,105.0
