1652955709.4003549,-0.0463727712631225,-0.034756064414978,-0.0076291561126708,0.7726300954818726,0.4710690975189209,-0.4256015717983246,-0.4965168535709381,-0.1536374539136886,0.1646400839090347,1.0673024738523111,-0.4905023790963857,0.6905848190427766,106.0
1652955709.4103708,-0.0825190544128418,-0.0549064576625824,0.0016510188579559,0.7727503776550293,0.4718291759490967,-0.4245398938655853,-0.59375,-0.1859626322984695,0.2323893010616302,1.0684229918423822,-0.4913642434768815,0.6969453447525243,106.0
1652955709.420516,-0.1167227625846862,-0.0679592192173004,0.0089406669139862,0.7730795741081238,0.4724740982055664,-0.4232211410999298,-0.7127323746681213,-0.2279359251260757,0.3242438733577728,1.069914277839736,-0.492095869883543,0.7048452240777615,106.0
1652955709.4302568,-0.1535741090774536,-0.0837437808513641,0.0218607485294342,0.7737218141555786,0.4728749692440033,-0.4215967655181885,-0.8369030952453613,-0.2740970253944397,0.4311985671520233,1.0718813468354436,-0.4925507377377918,0.7145042116871807,106.0
1652955709.440213,-0.1961002945899963,-0.0861274003982544,0.0408474504947662,0.7748051881790161,0.4728549420833587,-0.4196251332759857,-1.020604372024536,-0.3517598509788513,0.5759190917015076,1.0744344426816672,-0.492528026615707,0.7264160127244993,106.0
1652955709.450314,-0.235399842262268,-0.08850559592247,0.0571902394294738,0.7761865854263306,0.4725185632705688,-0.4174452424049377,-1.2376227378845217,-0.4666662216186523,0.7256382703781128,1.0773558542386477,-0.4921463193260724,0.741151981009199,106.0
1652955709.460202,-0.2753055095672607,-0.0964882969856262,0.0584844350814819,0.777853786945343,0.471727967262268,-0.4152304530143738,-1.3962132930755615,-0.5737379789352417,0.8942466974258423,1.0804636471684914,-0.4912494515714917,0.7586624471714347,106.0
1652955709.470088,-0.3128923773765564,-0.1043924689292907,0.0365349948406219,0.7798115015029907,0.4699805676937103,-0.4135366082191467,-1.4533393383026123,-0.7286210060119629,1.079148292541504,1.0832009989413034,-0.4892687506072262,0.7781406459894419,106.0
1652955709.480056,-0.3472974300384521,-0.1040626168251037,0.0139518678188323,0.7819898724555969,0.4667305052280426,-0.4131034910678863,-1.397691011428833,-0.8890876173973083,1.2702908515930176,1.0847876188082828,-0.4855903065624741,0.7986799020812195,106.0
1652955709.490159,-0.394540786743164,-0.1207284331321716,0.0162639319896698,0.7844486832618713,0.4612903892993927,-0.4145498275756836,-1.14956533908844,-1.0041263103485107,1.4722468852996826,1.0846407061744274,-0.4794490158620297,0.8186775538390515,106.0
1652955709.500234,-0.4598113894462585,-0.1492859125137329,0.0311856567859649,0.787432849407196,0.45309779047966,-0.4179137647151947,-0.8637793660163879,-1.0263705253601074,1.6560006141662598,1.082868494371823,-0.4702372521209227,0.8368509530692494,106.0
1652955709.51003,-0.528166651725769,-0.1765795350074768,0.0523253977298736,0.7911214232444763,0.4424255490303039,-0.4223583936691284,-0.4956378638744354,-0.8908078074455261,1.7628854513168335,1.0804188971655604,-0.4583015335541887,0.8526994578285935,106.0
1652955709.520093,-0.5899800658226013,-0.278120756149292,0.0246291458606719,0.7960653305053711,0.4287552535533905,-0.4271404445171356,0.0565146915614604,-0.5779796242713928,1.902340531349182,1.0783267152462004,-0.443114499613951,0.8644961734990496,106.0
1652955709.529893,-0.5917806029319763,-0.3237493634223938,-0.0747143626213073,0.8021383285522461,0.4120709598064422,-0.4321710169315338,0.5099729895591736,-0.415378212928772,1.942418456077576,1.076613020053803,-0.4247257852211264,0.8716800371033617,106.0
1652955709.5398989,-0.5571547150611877,-0.2713592648506164,-0.2058069109916687,0.8079177737236023,0.3942834734916687,-0.4379607737064361,0.67281174659729,-0.4429611563682556,1.8099876642227173,1.0740495544149606,-0.4052880279182949,0.8755818154642685,106.0
1652955709.549793,-0.5298301577568054,-0.2090774774551391,-0.3060972392559051,0.8124077320098877,0.3775541484355926,-0.4443496167659759,0.7178529500961304,-0.4679621160030365,1.5677926540374756,1.0702947428592522,-0.3871535129651083,0.8777515362169808,106.0
1652955709.559747,-0.533352255821228,-0.2259260714054107,-0.3869393765926361,0.816036581993103,0.3622811436653137,-0.4503739178180694,0.810318648815155,-0.3169343471527099,1.3708244562149048,1.0664924143099983,-0.3707141214399811,0.8781355488084173,106.0
1652955709.569728,-0.5418820381164551,-0.2801003456115722,-0.4553611874580383,0.8194699883460999,0.3480003476142883,-0.4553732275962829,0.833023726940155,-0.1918547302484512,1.2112854719161987,1.063593276777756,-0.355437267302462,0.8770278557074784,106.0
1652955709.5797892,-0.5443246364593506,-0.2739786505699157,-0.5165356397628784,0.8229196071624756,0.3353375494480133,-0.4586415588855743,0.7590833902359009,0.077192023396492,1.006405472755432,1.0623394248964328,-0.3419635092615589,0.8754519390447493,106.0
1652955709.5898008,-0.5277735590934753,-0.3649770021438598,-0.5977456569671631,0.8268153667449951,0.3243996500968933,-0.4595011472702026,0.829905092716217,0.3132652640342712,0.7603992223739624,1.063550632861557,-0.330376997028432,0.872721122730816,106.0
1652955709.59976,-0.4622910022735595,-0.3538311421871185,-0.7104822397232056,0.8302720189094543,0.3158594369888305,-0.4592181146144867,0.7215983867645264,0.3648093044757843,0.4094087183475494,1.0655810996345911,-0.3213623276991674,0.8683921880413968,106.0
1652955709.609593,-0.4106966257095337,-0.2411290407180786,-0.7842460870742798,0.8328158259391785,0.3112541437149048,-0.457753986120224,0.5521087050437927,0.4822291433811188,0.0142374141141772,1.0682248455937406,-0.3165124497136239,0.8637462821789468,106.0
1652955709.619688,-0.3820464015007019,-0.2342897653579712,-0.8260757327079773,0.8346526622772217,0.3101760447025299,-0.4551328122615814,0.5403967499732971,0.5185772776603699,-0.3506689965724945,1.0715717777045666,-0.3153782018885783,0.8579150669808444,106.0
1652955709.62958,-0.3644884824752807,-0.1945859491825103,-0.8552687168121338,0.8352526426315308,0.3121930956840515,-0.4526460170745849,0.4520911276340484,0.4667732119560241,-0.6926923394203186,1.0741722578487862,-0.3175006431589795,0.8506760305217188,106.0
1652955709.6395512,-0.3859750032424927,-0.092412531375885,-0.8279074430465698,0.8346444368362427,0.3176535069942474,-0.4499611258506775,0.3499628007411957,0.4751456379890442,-1.048506259918213,1.0763561567213809,-0.323253798448111,0.84269932916496,106.0
1652955709.6497111,-0.4404367208480835,-0.0320442616939544,-0.7625139951705933,0.8329538106918335,0.3260668218135834,-0.4470663666725158,0.3486469388008117,0.4993625581264496,-1.3449407815933228,1.078202851750264,-0.3321400037704562,0.833513192570483,106.0
1652955709.659666,-0.4969123005867004,-0.0122286081314086,-0.6835275888442993,0.8308205008506775,0.3364359438419342,-0.4433377683162689,0.4224555194377899,0.7177376747131348,-1.5637248754501345,1.0806202043173505,-0.3431296365243744,0.8227296085514998,106.0
1652955709.669418,-0.520225465297699,-0.0414478182792663,-0.6052978038787842,0.8286818861961365,0.3480651378631592,-0.4383342564105987,0.6345214247703552,0.8898931741714478,-1.808410167694092,1.0842550614426874,-0.3555063955039528,0.8094741736966756,106.0
1652955709.679392,-0.4937474131584167,-0.0371885597705841,-0.5490906834602356,0.8255955576896667,0.3606751263141632,-0.4339417517185211,0.8829451203346252,0.8180155754089355,-2.050003290176392,1.0868707980389731,-0.3689916375291473,0.7927320015131624,106.0
1652955709.689357,-0.4357181191444397,-0.02783203125,-0.4871879816055298,0.8210026025772095,0.3739677667617798,-0.4313964247703552,1.2707746028900146,0.7499611973762512,-2.316000938415528,1.0869960393978455,-0.3832835269321686,0.771850544518006,106.0
1652955709.699387,-0.3793015480041504,-0.0545330345630645,-0.4385654926300049,0.8147110939025879,0.3874637484550476,-0.4314135611057281,1.771766185760498,0.6527630090713501,-2.5968334674835205,1.0838051350155309,-0.3978788519469965,0.7449796677096128,106.0
1652955709.709187,-0.3370209336280823,-0.0167315006256103,-0.3861525654792785,0.806411862373352,0.400968849658966,-0.4346539676189422,2.171403169631958,0.4647776782512665,-2.8649725914001465,1.076439565425874,-0.4125742019124012,0.7120916283404224,106.0
1652955709.719146,-0.3363791704177856,0.0334457159042358,-0.3129673600196838,0.7958366870880127,0.4150791764259338,-0.4408553838729858,2.332460403442383,0.2882833778858185,-3.1493232250213623,1.0649239588621051,-0.4280298229107864,0.6746900461888561,106.0
1652955709.729228,-0.3783023357391357,0.0767186880111694,-0.2707718014717102,0.7829961180686951,0.43059241771698,-0.4488958418369293,2.2934160232543945,0.1739221811294555,-3.416344404220581,1.0502365771170212,-0.4451490516341407,0.6346872222524721,106.0
1652955709.739298,-0.447069764137268,0.1121174693107605,-0.2949197292327881,0.7686640620231628,0.448011189699173,-0.456554114818573,1.9641519784927368,0.3153618276119232,-3.5826785564422607,1.0348313640030995,-0.4645395454416721,0.594498008356584,106.0
1652955709.7490191,-0.5001005530357361,0.1242952048778534,-0.3570810258388519,0.7543119788169861,0.4676767289638519,-0.4607514441013336,1.4832390546798706,0.6480234265327454,-3.701339483261109,1.0224563991695363,-0.4866605048249077,0.556920189485643,106.0
1652955709.7589688,-0.4754581451416015,0.1605176329612732,-0.4246883392333984,0.7395268082618713,0.4901790618896484,-0.4613293707370758,1.0020182132720947,0.7402650117874146,-3.8935351371765137,1.0130481850779094,-0.5122951694704327,0.5222975986062216,106.0
1652955709.768931,-0.3710992932319641,0.1683036684989929,-0.4437339901924133,0.7220973968505859,0.5157250165939331,-0.4610893130302429,0.6216275095939636,0.3732478022575378,-4.140896320343018,1.0025183643397797,-0.541853670495229,0.4899279443861519,106.0
1652955709.7789412,-0.2631203532218933,0.1971660256385803,-0.3938566446304321,0.6999794840812683,0.5434690117835999,-0.463325023651123,0.6470730900764465,-0.1196874305605888,-4.47723388671875,0.9860924539831616,-0.5745642116865893,0.4563700805140683,106.0
1652955709.7888498,-0.2564035654067993,0.184280514717102,-0.2870668172836303,0.6726939082145691,0.5713227987289429,-0.4701844155788421,0.955403745174408,-0.5479701161384583,-4.742517471313477,0.9607704119644136,-0.6081166827599981,0.41733266602019,106.0
1652955709.798995,-0.3563734889030456,0.068209171295166,-0.098839521408081,0.6417434215545654,0.5976340770721436,-0.4806236922740936,1.3235375881195068,-0.5706053972244263,-4.932389736175537,0.9279775802031835,-0.6405469425123951,0.3712000359225077,106.0
1652955709.8087878,-0.4937095642089844,-0.0915380716323852,0.1070550680160522,0.6094017624855042,0.621414840221405,-0.4924157559871673,1.6628482341766355,-0.2477501034736633,-5.021275520324707,0.8911773356560843,-0.6705472177912775,0.3178247103445569,106.0
1652955709.818862,-0.5798743367195129,-0.1075658202171325,0.2669224143028259,0.5776770710945129,0.6423793435096741,-0.5036248564720154,1.7278438806533811,0.1350694894790649,-4.963201999664307,0.8537756822756984,-0.6975988413825133,0.2595113191884297,106.0
1652955709.82874,-0.5474513173103333,0.0398364067077636,0.3546558618545532,0.5471614599227905,0.6621440649032593,-0.5120348334312439,1.2609975337982178,0.3452597558498382,-4.8207221031188965,0.8185494793143271,-0.7236762898787638,0.2016106700547519,106.0
1652955709.838747,-0.4247040152549743,0.1629149317741394,0.3375266194343567,0.5172638297080994,0.6821724772453308,-0.5167966485023499,0.7354528903961182,0.3338901400566101,-4.674521446228027,0.7858499232568151,-0.7507297020680631,0.1476259224135527,106.0
1652955709.848728,-0.2624428868293762,0.1926813125610351,0.2159092426300048,0.4860147535800934,0.7030055522918701,-0.5192040801048279,0.2383930087089538,-0.0191896371543407,-4.666519641876221,0.7523931055061658,-0.7796148206220028,0.0967916114204315,106.0
1652955709.858673,-0.1482440829277038,0.1744083762168884,0.1354460716247558,0.4513904750347137,0.7243714332580566,-0.5210880041122437,0.0109211085364222,-0.4953625798225403,-4.693197250366211,0.7138505425342504,-0.8101222049198085,0.0464334952535249,106.0
1652955709.8686872,-0.1342911124229431,0.032679796218872,0.2115878462791443,0.4136796295642853,0.744360089302063,-0.5242111682891846,0.1911651939153671,-0.6285222768783569,-4.8023762702941895,0.6680880738392221,-0.8395760547543832,-0.0080441955776335,106.0
1652955709.8785272,-0.2365019917488098,-0.1438035368919372,0.3743095397949219,0.3743347227573395,0.7615547776222229,-0.5290632247924805,0.4787506759166717,-0.5269402861595154,-4.835628032684326,0.6157701039729085,-0.8657087412576037,-0.0695544498423218,106.0
1652955709.88839,-0.3607400953769684,-0.2247247695922851,0.5496538877487183,0.3354868590831756,0.7752209901809692,-0.5352392196655273,0.7866469621658325,-0.2039771080017089,-4.800548076629639,0.5598911872266656,-0.8870648966787171,-0.1374920247478604,106.0
1652955709.8984308,-0.421625941991806,-0.1915543675422668,0.6222039461135864,0.2985028326511383,0.7854956984519958,-0.5421186685562134,0.93094140291214,0.1404812484979629,-4.669205188751221,0.5033211236394044,-0.90349672785568,-0.2096076352097722,106.0
1652955709.9084492,-0.3709406554698944,-0.0948337912559509,0.574328601360321,0.2635646164417267,0.793530285358429,-0.5484920144081116,0.8043424487113953,0.2340527325868606,-4.523890495300293,0.447947322281336,-0.9165886125004904,-0.2824369165323055,106.0
1652955709.9182758,-0.2374447286128997,-0.032804250717163,0.4551624059677124,0.228579431772232,0.8007733225822449,-0.5536367893218994,0.6001901030540466,0.0115127749741077,-4.484776496887207,0.3915508318555074,-0.9285851570073468,-0.3548439386354508,106.0
1652955709.9282498,-0.1152980923652648,-0.003345251083374,0.3523321151733398,0.1918819993734359,0.8069544434547424,-0.558574914932251,0.5775356888771057,-0.2776449918746948,-4.505721569061279,0.3308909338752477,-0.9389771528149214,-0.4286579851567775,106.0
1652955709.938365,-0.0721288174390792,-0.0574158430099487,0.3424149751663208,0.1532445698976516,0.8114851713180542,-0.5639219880104065,0.6013928651809692,-0.4756700992584228,-4.534628868103027,0.2653401799921708,-0.946689117647058,-0.5048299879711978,106.0
1652955709.948149,-0.1394495964050293,-0.1492885947227478,0.4138994812965393,0.1137080714106559,0.8137311339378357,-0.5700106620788574,0.7565656304359436,-0.4824041724205017,-4.551029682159424,0.1968994670571152,-0.9505428255573172,-0.5830584321010224,106.0
1652955709.95815,-0.2650522589683532,-0.2194198369979858,0.4720464944839477,0.0744089931249618,0.8133386969566345,-0.5770126581192017,0.8525353074073792,-0.362894207239151,-4.531946659088135,0.1282478006754278,-0.9498679622199055,-0.662170053582766,106.0
1652955709.968066,-0.3729502558708191,-0.1882842779159546,0.4892314076423645,0.0364787355065345,0.8110921382904053,-0.5837799310684204,0.7574202418327332,-0.1711610108613968,-4.454372406005859,0.0624060005544839,-0.9460168412948846,-0.7399294062951333,106.0
1652955709.978112,-0.4047078490257263,-0.1398450136184692,0.4623695611953735,0.0003194584278389,0.8081840872764587,-0.5889299511909485,0.5149849653244019,-0.0386810451745986,-4.373512268066406,0.000542438698219,-0.941062172396162,-0.8151693252273987,106.0
1652955709.987986,-0.3645156621932983,-0.0957264304161071,0.399496853351593,-0.0348678566515445,0.8048336505889893,-0.592475414276123,0.3847491443157196,-0.0563468597829341,-4.3271684646606445,-0.0587833420112408,-0.9353951143030677,-0.8882036220912038,106.0
1652955709.997957,-0.2889361083507538,-0.0339098572731018,0.3394812941551208,-0.0701489597558975,0.8004571199417114,-0.5952710509300232,0.3364988565444946,-0.179441899061203,-4.340373992919922,-0.1173027266814178,-0.9280574512959326,-0.959712298308031,106.0
1652955710.008304,-0.2550209164619446,-0.0110852122306823,0.3399523496627807,-0.1061240807175636,0.7944623231887817,-0.5979693531990051,0.4197151958942413,-0.2872921824455261,-4.352574825286865,-0.1756452501068223,-0.9181217779837784,-1.0298304866404773,106.0
1652955710.0178828,-0.2885695993900299,0.001283586025238,0.361977219581604,-0.1420333981513977,0.7860025763511658,-0.601686418056488,0.6178120970726013,-0.2842111885547638,-4.323088645935059,-0.231815162868307,-0.9043161610236196,-1.0972538679406645,106.0
1652955710.027942,-0.3553332090377807,-0.0191070437431335,0.3563264012336731,-0.1770764142274856,0.7750517725944519,-0.6065794825553894,0.7331885099411011,-0.2357184886932373,-4.289752006530762,-0.2840332251394699,-0.8867970632296497,-1.1607866814439711,106.0
1652955710.037828,-0.4129199385643005,-0.0017051696777343,0.3280578255653381,-0.2112407684326172,0.7621216773986816,-0.6120032668113708,0.788398027420044,-0.2007941603660583,-4.290403366088867,-0.3323590553477047,-0.8665838555634756,-1.220804517821006,106.0
1652955710.0476918,-0.4371174871921539,-0.0088533163070678,0.2914882898330688,-0.2447367459535598,0.7475742697715759,-0.6174436211585999,0.7727532982826233,-0.2256688922643661,-4.291965961456299,-0.3773740263217794,-0.844402309518379,-1.27773451844683,106.0
1652955710.057705,-0.4114364385604858,-0.0046567916870117,0.2710261344909668,-0.2781997919082641,0.731781542301178,-0.6221742033958435,0.7296788692474365,-0.3644768893718719,-4.303598403930664,-0.4204740700842576,-0.8209322503112232,-1.3320685337052678,106.0
1652955710.067864,-0.3703683614730835,0.0110433101654052,0.260442316532135,-0.3118826150894165,0.7147774696350098,-0.6259572505950928,0.6782942414283752,-0.5168206691741943,-4.283631324768066,-0.4622458913130053,-0.7963058493832826,-1.3837378423880569,106.0
1652955710.077798,-0.35065558552742,0.0234749913215637,0.255588173866272,-0.3453435599803924,0.696773886680603,-0.6286842823028564,0.6512118577957153,-0.6210331916809082,-4.206633567810059,-0.5023145189478035,-0.7708899777354237,-1.4323858391841495,106.0
1652955710.087586,-0.3712592124938965,0.059216558933258,0.2516511678695678,-0.3775200843811035,0.6777923107147217,-0.6309328675270081,0.6288285255432129,-0.5804727077484131,-4.06860876083374,-0.5392070255407951,-0.7447558066149708,-1.4772263598457431,106.0
1652955710.097544,-0.4075285196304321,0.07571542263031,0.2818350791931152,-0.4072603285312652,0.6585336923599243,-0.6328290104866028,0.558686375617981,-0.4434466958045959,-3.892526865005493,-0.571831188170898,-0.7188686227778858,-1.5183566162413538,106.0
1652955710.107568,-0.4376223683357239,0.0329838991165161,0.3470354080200195,-0.4339901804924011,0.639094352722168,-0.6349889039993286,0.5806702375411987,-0.3069668710231781,-3.645179748535156,-0.5995395591135991,-0.6933202227482236,-1.555362760998547,106.0
1652955710.117505,-0.4111596941947937,-0.0314566493034362,0.4355801939964294,-0.4576452076435089,0.6202059388160706,-0.6371071338653564,0.4663137197494507,-0.2613257467746734,-3.3360517024993896,-0.6229141192359692,-0.6690051842360948,-1.588098285472516,106.0
1652955710.127408,-0.3423797488212585,-0.0586986541748046,0.5693995952606201,-0.4786346554756164,0.6031773686408997,-0.638032853603363,0.2468838989734649,-0.2881184816360473,-2.985068321228028,-0.6436114755892334,-0.6474787348397189,-1.6175538681356334,106.0
1652955710.137374,-0.2663905024528503,-0.0407031178474426,0.7049853205680847,-0.4970677495002746,0.5890821218490601,-0.6371074914932251,-0.0662224143743515,-0.3123894333839416,-2.5676076412200928,-0.6625471845463063,-0.629922466427654,-1.6442542259672717,106.0
1652955710.147495,-0.211434006690979,-0.0054987072944641,0.8029603958129883,-0.5123361945152283,0.5782042741775513,-0.6349737048149109,-0.1686278730630874,-0.1969605833292007,-2.0941238403320312,-0.6789111190689777,-0.6165260248726976,-1.667736253273996,106.0
1652955710.15728,-0.1476924419403076,0.0923869609832763,0.8020133972167969,-0.5234654545783997,0.5697975754737854,-0.6334940791130066,-0.1685734838247299,-0.0193331819027662,-1.5978928804397583,-0.6905817757172343,-0.6062594767967092,-1.686375331279488,106.0
1652955710.167249,-0.0515955090522766,0.083819031715393,0.7755600810050964,-0.5317022204399109,0.5628494024276733,-0.6328454613685608,0.0544249787926673,-0.0861902385950088,-1.2626272439956665,-0.6987635787870136,-0.597829092144401,-1.7001211045907525,106.0
1652955710.177372,0.0270724296569824,-0.0318772196769714,0.7587629556655884,-0.5394015312194824,0.5550798177719116,-0.633192241191864,0.4504429996013641,-0.3061628639698028,-1.089704990386963,-0.7055823709883181,-0.5884589458857757,-1.7088908298673475,106.0
1652955710.187286,0.0679854750633239,-0.1278232336044311,0.7934743165969849,-0.5477980971336365,0.5450571775436401,-0.6346889138221741,0.8874416947364807,-0.5091801881790161,-1.0403294563293457,-0.7120485728704752,-0.5764573115902615,-1.7132345111503926,106.0
1652955710.197167,0.0463768243789672,-0.1601610779762268,0.8445912599563599,-0.5569817423820496,0.5328959226608276,-0.6370190978050232,1.164131760597229,-0.6304705739021301,-1.0058395862579346,-0.7184653790170447,-0.5620192619661311,-1.7143621418428243,106.0
1652955710.20713,-0.015271782875061,-0.1698976159095764,0.8417817950248718,-0.566210150718689,0.5195311307907104,-0.6399168372154236,1.2734034061431885,-0.6501721143722534,-0.9739871621131896,-0.7243638715247369,-0.5463021279135581,-1.7135254768139925,106.0
1652955710.2170691,-0.0662288665771484,-0.1357856392860412,0.7636920213699341,-0.5752047896385193,0.5066174268722534,-0.6422446966171265,1.0610262155532837,-0.6437347531318665,-0.9171523451805116,-0.7303878529553779,-0.5312569333769781,-1.712600001173348,106.0
1652955710.227097,-0.0856201648712158,-0.0612228512763977,0.7228918075561523,-0.5832641124725342,0.4961023032665252,-0.6431838274002075,0.6690131425857544,-0.5120246410369873,-0.8213877081871033,-0.7365806523135598,-0.5191039368011654,-1.713376053973842,106.0
1652955710.236981,-0.0885177254676818,-0.065167486667633,0.7533531785011292,-0.5898270010948181,0.4891547858715057,-0.6425198316574097,0.2021905928850174,-0.4083559215068817,-0.6657772660255432,-0.742666107546001,-0.5111204278757481,-1.716370616552147,106.0
1652955710.247102,-0.0655917525291442,-0.0911735296249389,0.8633832931518555,-0.5949764847755432,0.4858751595020294,-0.6402565240859985,-0.1638102978467941,-0.3740514814853668,-0.4293034672737121,-0.7487574918710926,-0.5073641681504474,-1.7209085561842643,106.0
1652955710.2567391,-0.0456515550613403,-0.1317708492279052,1.0224723815917969,-0.5984371900558472,0.4864082932472229,-0.6366159319877625,-0.4870942234992981,-0.2969339489936828,-0.112489104270935,-0.7544953815295595,-0.5079742715952308,-1.7257663137410777,106.0
1652955710.266945,-0.0334776639938354,-0.1718716621398925,1.183516263961792,-0.5998383164405823,0.4905560612678528,-0.6320986151695251,-0.6814466714859009,-0.2405444532632827,0.2302868813276291,-0.7592175005342835,-0.5127277706791469,-1.729990277609908,106.0
1652955710.2768312,-0.0205082297325134,-0.212300956249237,1.2766568660736084,-0.5992426872253418,0.4970705211162567,-0.6275579929351807,-0.6151092052459717,-0.1980898380279541,0.5618590116500854,-0.7623216478653019,-0.5202194098331037,-1.7319081969033323,106.0
1652955710.286794,-0.0019903779029846,-0.2320109605789184,1.2949998378753662,-0.5968102812767029,0.5048659443855286,-0.623640775680542,-0.508089542388916,-0.1671566814184188,0.8656764030456543,-0.763417605185906,-0.5292266663533807,-1.730409531494126,106.0
1652955710.2968202,0.0104957818984985,-0.2229757905006408,1.3154349327087402,-0.5927558541297913,0.51351398229599,-0.6204384565353394,-0.3533977270126343,-0.1710929870605468,1.135109782218933,-0.7625841387739762,-0.5392749526550394,-1.725530148571942,106.0
1652955710.306789,0.0005342960357666,-0.2287173867225647,1.3394458293914795,-0.5874330997467041,0.5224469304084778,-0.6180385947227478,-0.142282024025917,-0.2175608873367309,1.3815655708312988,-0.7600148283308064,-0.5497181745289329,-1.716882483565038,106.0
1652955710.316821,-0.0407770872116088,-0.2175343632698059,1.3494117259979248,-0.5810643434524536,0.5310508608818054,-0.6167245507240295,0.18002650141716,-0.2472078502178192,1.6093220710754397,-0.7556352426784331,-0.5598402510371322,-1.70408463075363,106.0
1652955710.326578,-0.1218622922897338,-0.2124618291854858,1.31693696975708,-0.5731450319290161,0.5391269326210022,-0.6171280145645142,0.4335586428642273,-0.1887943297624588,1.8843594789505005,-0.7484629578599683,-0.5694001326754697,-1.6865088011318192,106.0
1652955710.336699,-0.1969977021217346,-0.1998161077499389,1.268465280532837,-0.5629967451095581,0.5478647351264954,-0.6187720894813538,0.4338171184062958,-0.1009812802076339,2.1834609508514404,-0.7382366706258758,-0.5798096984087274,-1.6650940368250853,106.0
1652955710.346621,-0.2428581118583679,-0.1611113548278808,1.2200182676315308,-0.5505226850509644,0.559004008769989,-0.6200318336486816,0.117895096540451,-0.0289976336061954,2.477872371673584,-0.7260864217401123,-0.5931841300688998,-1.6420295651568122,106.0
1652955710.35636,-0.2546846866607666,-0.1339502334594726,1.1394420862197876,-0.5358426570892334,0.5737995505332947,-0.6193761825561523,-0.2921771109104156,-0.033733531832695,2.7913215160369877,-0.7132141171412306,-0.6111376469865829,-1.618783580440491,106.0
1652955710.366267,-0.2575254440307617,-0.1128619909286499,1.028593897819519,-0.5190248489379883,0.592469334602356,-0.6161113977432251,-0.7576340436935425,-0.0483606792986393,3.084625720977783,-0.7000772756274645,-0.6341206721263785,-1.5955680437867323,106.0
1652955710.376303,-0.2899660468101501,-0.1233860850334167,0.9638289213180542,-0.5001339316368103,0.6143266558647156,-0.610302209854126,-0.9977973699569702,-0.0931209623813629,3.342580795288086,-0.6865100940194505,-0.6615322876921591,-1.5718874983056856,106.0
1652955710.3863611,-0.3817580342292785,-0.2083479762077331,0.9543338418006896,-0.4790970087051391,0.6370663642883301,-0.6038315296173096,-0.9168108701705932,-0.0777715668082237,3.5764191150665283,-0.6707209203283622,-0.6906863027784574,-1.5452656147434134,106.0
1652955710.39606,-0.4867638051509857,-0.2290081977844238,0.9947562217712402,-0.4557105898857116,0.658945620059967,-0.5984301567077637,-0.6252280473709106,-0.0602072179317474,3.8066022396087646,-0.6508269613957403,-0.7194161539150751,-1.5134730143228328,106.0
1652955710.406026,-0.5877861976623535,-0.2128345966339111,1.0117441415786743,-0.4297003448009491,0.6789907813072205,-0.5952555537223816,-0.3130885064601898,0.0140755344182252,4.044495582580566,-0.6252570762395416,-0.7463870533489768,-1.474885657356789,106.0
1652955710.416033,-0.6554837822914124,-0.2146764993667602,0.9507793188095092,-0.4010805189609527,0.697551429271698,-0.5937646627426147,-0.1717036962509155,0.0124826971441507,4.259047031402588,-0.5940844032525389,-0.7719745482749415,-1.4299276448229226,106.0
1652955710.426584,-0.692656934261322,-0.2241606712341308,0.8257036209106445,-0.3705907762050628,0.7154645919799805,-0.5922608375549316,-0.266562819480896,-0.0348940305411815,4.418958187103272,-0.5591185082751087,-0.7972889024669062,-1.380292113792814,106.0
1652955710.43641,-0.7161856293678284,-0.1849883794784546,0.7003924250602722,-0.3385171294212341,0.7333387136459351,-0.5895935297012329,-0.4108035564422607,-0.0756684094667434,4.562214374542236,-0.5211978028025948,-0.8232198994126209,-1.3271703034204274,106.0
1652955710.4460468,-0.7730260491371155,-0.1797059774398803,0.5832462310791016,-0.3048242926597595,0.750829815864563,-0.5859495401382446,-0.4805421531200409,-0.0854784324765205,4.682064533233643,-0.4796946575949901,-0.849317499972742,-1.2701411417538893,106.0
1652955710.456184,-0.837912380695343,-0.1644808053970337,0.4820572733879089,-0.2694636881351471,0.7668441534042358,-0.5825284719467163,-0.3759768605232239,-0.0077284043654799,4.761168956756592,-0.4332627867203778,-0.8739096676669323,-1.2081929888919385,106.0
1652955710.46605,-0.8744934797286987,-0.134789228439331,0.4101682305335998,-0.2324096113443374,0.7807192802429199,-0.5800544619560242,-0.2901524901390075,0.0471106097102165,4.801253795623779,-0.3810826309258918,-0.8958160843836243,-1.14118432170992,106.0
1652955710.475944,-0.8743136525154114,-0.1595969200134277,0.3700623512268066,-0.1947781145572662,0.7924742698669434,-0.57796710729599,-0.2509755492210388,-0.0682528391480445,4.803700923919678,-0.3250519020699884,-0.9148552230873868,-1.0699216933151463,106.0
1652955710.485858,-0.8608416318893433,-0.1879506111145019,0.3296725749969482,-0.1572552919387817,0.8023923635482788,-0.5757059454917908,-0.2741149663925171,-0.1609492152929306,4.8302321434021,-0.2666474260070856,-0.9312931357893685,-0.9951455657781442,106.0
1652955710.495815,-0.8696798086166382,-0.1622799634933471,0.281061053276062,-0.1192423030734062,0.8105679750442505,-0.5733767151832581,-0.2482744455337524,-0.1751579344272613,4.877045154571533,-0.2050423799548306,-0.9451212771108896,-0.9166726026345664,106.0
1652955710.505824,-0.9313839673995972,-0.1492911577224731,0.235864520072937,-0.0804110765457153,0.816885232925415,-0.5711678266525269,-0.2451183199882507,-0.1284988224506378,4.903744220733643,-0.1398644146673117,-0.9559901295730374,-0.8347434918016245,106.0
1652955710.515795,-0.99273020029068,-0.1248448491096496,0.2115645408630371,-0.0409001484513282,0.8207993507385254,-0.5697504281997681,-0.0712497904896736,-0.0263028349727392,4.903494358062744,-0.0716631408146386,-0.9628090076321524,-0.7504785876499384,106.0
1652955710.525783,-0.9921677112579346,-0.0547091960906982,0.1696616411209106,-0.0004623130371328,0.8219613432884216,-0.5695431232452393,-0.0025516897439956,0.0770951956510543,4.923606395721436,-0.0008117259755075,-0.964846238133704,-0.6646855285332424,106.0
1652955710.5356998,-0.9603422284126282,-0.0426883697509765,0.1252533793449401,0.0401304848492145,0.8207610249519348,-0.5698604583740234,0.0965255573391914,0.05544438585639,4.891746997833252,0.0703055306337125,-0.9627419502020949,-0.5789697622198156,106.0
1652955710.545662,-0.9325962662696838,-0.063440203666687,0.040226399898529,0.0801030024886131,0.8171039819717407,-0.570898175239563,0.1305442452430725,-0.0101612554863095,4.873778343200684,0.1394004452472179,-0.9563694101881968,-0.4949053608829173,106.0
1652955710.555624,-0.9074281454086304,-0.0508394837379455,-0.0167063474655151,0.119143895804882,0.8119029402732849,-0.5715054869651794,0.0038600037805736,-0.0871860012412071,4.803770065307617,0.2055299691122117,-0.9474044176295644,-0.4131877445487797,106.0
1652955710.565629,-0.9154579639434814,-0.045922040939331,-0.0385454893112182,0.1568978428840637,0.8057268857955933,-0.5711281299591064,-0.1355977654457092,-0.123875044286251,4.725395679473877,0.2681018458627939,-0.9369017009814296,-0.3344819293819994,106.0
1652955710.575541,-0.9287663698196412,-0.0523889660835266,-0.0556156635284423,0.1937505453824997,0.7988102436065674,-0.5695286989212036,-0.3163524866104126,-0.1132024154067039,4.670691013336182,0.3279128673150671,-0.925314880733262,-0.2584288308616608,106.0
1652955710.585607,-0.9287189245224,-0.0515937209129333,-0.0791865587234497,0.2300342917442321,0.7911006808280945,-0.5667839050292969,-0.4031169414520263,-0.0419301018118858,4.617654323577881,0.3855469029740989,-0.9126063688941856,-0.1848627336305148,106.0
1652955710.595683,-0.8918424844741821,-0.023940622806549,-0.1209529638290405,0.2661100924015045,0.7820552587509155,-0.5635379552841187,-0.4029891788959503,0.0765282586216926,4.557343006134033,0.4411721190296762,-0.8979569364784385,-0.1144231714987975,106.0
1652955710.605473,-0.8303841352462769,-0.0240474343299865,-0.1570901870727539,0.301575630903244,0.7714243531227112,-0.5603183507919312,-0.3433668613433838,0.1255959272384643,4.457579612731934,0.4937556094244462,-0.8810765590989612,-0.0480937902389581,106.0
1652955710.615412,-0.7642213106155396,-0.0522976517677307,-0.1799097657203674,0.3357393145561218,0.7590418457984924,-0.5577943921089172,-0.2022697329521179,0.0967672243714332,4.330105304718018,0.5418191514691255,-0.8618400799494589,0.0131518985924599,106.0
1652955710.625512,-0.7125594615936279,-0.0896869301795959,-0.1867567300796508,0.3681381046772003,0.7447401285171509,-0.5566295981407166,-0.0323185063898563,0.0751442164182663,4.200808525085449,0.5843267187941311,-0.8401453581637272,0.0685889022022054,106.0
1652955710.635387,-0.6913187503814697,-0.0968437790870666,-0.1758797168731689,0.3990519046783447,0.7286903262138367,-0.5565680265426636,0.1219745874404907,0.134832963347435,4.06627368927002,0.6220357246048095,-0.8164076551811528,0.118370922667658,106.0
1652955710.6453362,-0.6908959150314331,-0.0959531068801879,-0.1669285297393798,0.4287805259227752,0.7114078998565674,-0.556817889213562,0.1260494887828827,0.2201036512851715,3.942376136779785,0.6562133953433729,-0.7914995213174763,0.1633240962685571,106.0
1652955710.655264,-0.681119978427887,-0.0682120323181152,-0.1724820137023925,0.4573193788528442,0.6940427422523499,-0.5560250282287598,-0.0499877147376537,0.2920468151569366,3.811119794845581,0.688298670692491,-0.7670894245316341,0.2053606822500669,106.0
1652955710.665432,-0.6476122140884399,-0.0659987330436706,-0.2014496326446533,0.484572172164917,0.6773865222930908,-0.5534775257110596,-0.2778088748455047,0.2874384522438049,3.686482191085816,0.7191157441409559,-0.7442040611639126,0.2459963399227,106.0
1652955710.6752372,-0.6031386256217957,-0.0864700675010681,-0.2502849698066711,0.5102126598358154,0.6614482402801514,-0.5496992468833923,-0.4579102098941803,0.2316749095916748,3.567551374435425,0.7481607589738426,-0.7227481560606543,0.285487349413268,106.0
1652955710.6851711,-0.5690383911132812,-0.0944209694862365,-0.284850001335144,0.5342788696289062,0.6459797620773315,-0.5452120900154114,-0.5364676117897034,0.2455233484506607,3.4380581378936768,0.7752703759437024,-0.7023060552906059,0.3234255456756149,106.0
1652955710.6951342,-0.5555633902549744,-0.0827559828758239,-0.2885757088661194,0.5573181509971619,0.6305403709411621,-0.5401992797851562,-0.5566309690475464,0.3050502240657806,3.3280510902404785,0.800994714210501,-0.6822492628669602,0.3593365193200752,106.0
1652955710.705158,-0.5365957021713257,-0.0659897327423095,-0.2653872966766357,0.579305112361908,0.6149967312812805,-0.5349623560905457,-0.5394357442855835,0.3266231417655945,3.2077856063842773,0.825172613292367,-0.6623818200473448,0.3930270665011509,106.0
1652955710.7150578,-0.5189218521118164,-0.0758299827575683,-0.2436519265174865,0.6000223755836487,0.5993037819862366,-0.5299134254455566,-0.5142599940299988,0.3130675852298736,3.080461978912353,0.8473655799380547,-0.6426311039115279,0.4243045922438832,106.0
1652955710.724962,-0.4960214495658874,-0.0629609823226928,-0.2288527488708496,0.6192972660064697,0.5837874412536621,-0.5250364542007446,-0.5523655414581299,0.279382586479187,2.9489402770996094,0.8675844389376384,-0.6233857688870449,0.4535778647586536,106.0
1652955710.735025,-0.4849613904953003,-0.0646834969520568,-0.2217811346054077,0.6372595429420471,0.5687966346740723,-0.5199719667434692,-0.6599817276000977,0.2314840257167816,2.8432085514068604,0.886405109500143,-0.6050420046736196,0.4817577698775654,106.0
1652955710.745028,-0.4727653264999389,-0.0790835618972778,-0.2240192890167236,0.6539024710655212,0.5545399188995361,-0.5146816968917847,-0.7463799715042114,0.1824983656406402,2.7337799072265625,0.9039755648275568,-0.5878099878682592,0.5094432565955083,106.0
1652955710.754894,-0.4760213494300842,-0.1058301925659179,-0.2342092394828796,0.6696707010269165,0.5405446887016296,-0.5092667937278748,-0.7119150757789612,0.2517260313034057,2.6570489406585693,0.9206258359805792,-0.5710844166621609,0.5359995597618736,106.0
1652955710.764735,-0.4733916521072387,-0.1186897158622741,-0.2348893284797668,0.6850616335868835,0.5262558460235596,-0.5037314295768738,-0.6276992559432983,0.3197191953659057,2.581348657608032,0.9367644597753928,-0.5541913474310557,0.5608119983342605,106.0
1652955710.774781,-0.4628556370735168,-0.1179066002368927,-0.2151899933815002,0.6999009251594543,0.5115461349487305,-0.4984568953514099,-0.5067522525787354,0.3557517528533935,2.5093584060668945,0.9519411860079292,-0.5369832356376505,0.5835637399665655,106.0
1652955710.7848,-0.4511703252792358,-0.1184992790222168,-0.1999356150627136,0.7140793204307556,0.4965969622135162,-0.4934391677379608,-0.4839507937431335,0.3734263479709625,2.425760269165039,0.9661263589408912,-0.519673724511603,0.6045515082790961,106.0
1652955710.7947202,-0.4558210372924804,-0.0905315577983856,-0.2020901143550872,0.7276259064674377,0.481951504945755,-0.4881426692008972,-0.5284115672111511,0.4220137298107147,2.339026689529419,0.9798891097262076,-0.5028806033149131,0.6246073163817059,106.0
1652955710.804883,-0.4558848142623901,-0.0899104177951812,-0.2354406714439392,0.7406748533248901,0.4678319990634918,-0.482217788696289,-0.5883673429489136,0.4711410701274872,2.251697301864624,0.9936819678507812,-0.4868361776843904,0.6442350063025423,106.0
1652955710.814612,-0.4359129667282104,-0.1340827941894531,-0.2799848020076751,0.7530211806297302,0.45431649684906,-0.4759787917137146,-0.5816619396209717,0.4691318273544311,2.143200159072876,1.0071132677630918,-0.4716047982452352,0.6631580688319568,106.0
1652955710.82453,-0.3992200493812561,-0.1439327597618103,-0.3057928681373596,0.764561116695404,0.4409550726413727,-0.4701115489006042,-0.4639488756656647,0.4559100270271301,2.048744440078736,1.0195091345622376,-0.4566625236583504,0.6804991270601143,106.0
1652955710.8346472,-0.3551586866378784,-0.1485455632209777,-0.2935173809528351,0.775172233581543,0.4273217618465423,-0.4653002619743347,-0.2561139166355133,0.3793417513370514,1.9379631280899048,1.0301900772089496,-0.4415283713612907,0.6953569027876622,106.0
1652955710.844487,-0.3272496461868286,-0.1466493308544159,-0.2544004023075104,0.7845402956008911,0.4134732484817505,-0.4620999991893768,-0.0647439584136009,0.268600583076477,1.82699990272522,1.038498880703147,-0.4262653653752156,0.7074460600081973,106.0
1652955710.854436,-0.3327934741973877,-0.1517694890499115,-0.2148978412151336,0.7929680347442627,0.3992544710636139,-0.4602147340774536,0.0905761271715164,0.2531201839447021,1.7694981098175049,1.0449358263464237,-0.4107035627026776,0.717071978179826,106.0
1652955710.8644118,-0.3665573596954345,-0.1672039628028869,-0.2128758430480957,0.8010668754577637,0.3849645256996155,-0.4583605825901031,0.0769604444503784,0.3184946775436401,1.716698169708252,1.0510781408947238,-0.3951693902510083,0.7256403004309134,106.0
1652955710.874342,-0.4105690121650696,-0.1458956003189087,-0.2549565434455871,0.8091439008712769,0.3711674809455871,-0.4555447995662689,0.0206823926419019,0.4405694305896759,1.6665763854980469,1.0580301364174427,-0.3802660055497763,0.7341536166347817,106.0
1652955710.884303,-0.4328528642654419,-0.1101287007331848,-0.3294896781444549,0.8174049258232117,0.3581304252147674,-0.4512115716934204,-0.1496786773204803,0.5773730874061584,1.610595703125,1.066415084228957,-0.3662647303718442,0.7432077031416389,106.0
1652955710.8943238,-0.4290155172348022,-0.0997601449489593,-0.387563943862915,0.8256982564926147,0.3464872539043426,-0.4451617002487182,-0.3810550570487976,0.6581400632858276,1.5308319330215454,1.076334085789878,-0.3538237802434532,0.7537262165014339,106.0
1652955710.9042969,-0.4018905758857727,-0.087910920381546,-0.4306976497173309,0.8337754011154175,0.3361388742923736,-0.4379832148551941,-0.5368635058403015,0.6967881321907043,1.4663679599761963,1.0871132233646428,-0.3428142081256596,0.7655383559213759,106.0
1652955710.914274,-0.3659716844558716,-0.051217645406723,-0.4509252607822418,0.8414508700370789,0.326901763677597,-0.4302275776863098,-0.6415818929672241,0.6829620003700256,1.3514102697372437,1.0981555157909395,-0.3330233589493174,0.7779690112635581,106.0
1652955710.924257,-0.328953206539154,-0.0466005206108093,-0.4367139041423797,0.8482710123062134,0.3189007937908172,-0.4227751195430755,-0.6771257519721985,0.572417140007019,1.2235599756240845,1.108432522252364,-0.3245694987028922,0.7903107401454622,106.0
1652955710.934217,-0.3041026592254638,-0.0376367270946502,-0.3975827693939209,0.8541362285614014,0.3116452097892761,-0.4163274466991424,-0.6699060201644897,0.4492119252681732,1.1584383249282837,1.1172591409176156,-0.3169239778377099,0.8021858110856936,106.0
1652955710.944334,-0.3113656640052795,-0.0256720185279846,-0.3733354806900024,0.8593088388442993,0.3047167062759399,-0.4107750356197357,-0.6656878590583801,0.3820227682590484,1.1060731410980225,1.124879022153663,-0.3096409633886554,0.8136193157087698,106.0
1652955710.954084,-0.3543787598609924,0.0069788396358489,-0.3847316801548004,0.8641749024391174,0.298183798789978,-0.4053247272968292,-0.7214608788490295,0.4202279448509216,1.0714465379714966,1.1322294954340415,-0.3027893176152847,0.8249825054668275,106.0
1652955710.964031,-0.3951536417007446,0.0276699364185333,-0.4126170575618744,0.8691526651382446,0.2921335995197296,-0.3990383148193359,-0.8328326940536499,0.4994679093360901,1.053708553314209,1.1403908418765087,-0.2964570077171828,0.8369934275432588,106.0
1652955710.974032,-0.3979223370552063,0.0662751793861389,-0.4548048079013824,0.8741949796676636,0.286683440208435,-0.3919129967689514,-0.9450219869613647,0.5434814095497131,1.000086784362793,1.149346184314589,-0.29076317923856,0.8498636872493559,106.0
1652955710.984113,-0.3637198209762573,0.0841762423515319,-0.4990363121032715,0.8789328932762146,0.2821173667907715,-0.3845607042312622,-1.0060999393463137,0.4942765831947326,0.9127106070518494,1.1583595542374967,-0.286000416751823,0.8631938473804879,106.0
1652955710.9939442,-0.324135959148407,0.1075831353664398,-0.5222549438476562,0.8830501437187195,0.2783889174461365,-0.3777856826782226,-1.0485423803329468,0.3926859498023987,0.8297356367111206,1.1665403353189054,-0.282116294507089,0.8765750849516749,106.0
1652955711.0038671,-0.3022823929786682,0.1173884868621826,-0.519736647605896,0.886510968208313,0.275290846824646,-0.3719049990177154,-0.99324631690979,0.2984651625156402,0.7457504272460938,1.173580340642293,-0.2788922179684198,0.8895729311485758,106.0
1652955711.0138369,-0.2997947931289673,0.1290453970432281,-0.5275999307632446,0.8893791437149048,0.2725187242031097,-0.3670672178268432,-0.8982242941856384,0.2053089737892151,0.6627999544143677,1.1793702168863316,-0.2760098615501923,0.901463630694974,106.0
1652955711.024009,-0.2990394234657287,0.1088691055774688,-0.5383609533309937,0.8915992379188538,0.2701266407966614,-0.3634314239025116,-0.7816689014434814,0.0974333807826042,0.5684518814086914,1.1837404520547876,-0.273524544884416,0.911951456561771,106.0
1652955711.033761,-0.3047165274620056,0.0894986987113952,-0.5403728485107422,0.8931565284729004,0.2681559920310974,-0.3610593378543854,-0.6747320890426636,-0.001321904012002,0.4627901911735534,1.1866307489673005,-0.2714784182718945,0.9209006254102282,106.0
1652955711.043865,-0.33029705286026,0.0908917784690857,-0.5474882125854492,0.8941551446914673,0.2668485343456268,-0.3595532476902008,-0.6682198643684387,-0.0517272874712944,0.3676849901676178,1.1884679446016089,-0.2701215141348683,0.928833957298392,106.0
1652955711.053687,-0.3655961751937866,0.1115700900554657,-0.560800313949585,0.8948474526405334,0.2664735317230224,-0.3581063747406006,-0.736120343208313,-0.0368424020707607,0.2897067070007324,1.190128712046704,-0.2697324080596004,0.936869259083254,106.0
1652955711.063859,-0.3952348828315735,0.1278578341007232,-0.5954041481018066,0.895524799823761,0.2668671607971191,-0.3561139702796936,-0.8184879422187805,0.0154088195413351,0.2345795184373855,1.192309237071353,-0.2701408192124527,0.945301634490043,106.0
1652955711.073596,-0.3942803144454956,0.1548305749893188,-0.6478400230407715,0.8961572051048279,0.268216609954834,-0.3534999787807464,-0.9160414934158324,0.0449914783239364,0.1429038196802139,1.195073174311865,-0.2715413251264205,0.9543535932006068,106.0
1652955711.083533,-0.3702947497367859,0.1654050350189209,-0.6913919448852539,0.8965094685554504,0.2707529366016388,-0.3506619334220886,-1.0098265409469604,-0.0097721675410866,0.0331890359520912,1.197949954943027,-0.2741750902681369,0.964003656018238,106.0
1652955711.0934958,-0.3378421664237976,0.1584737598896026,-0.7013128995895386,0.8962985873222351,0.2744635045528412,-0.348308265209198,-1.0830944776535034,-0.1252447515726089,-0.0997605249285698,1.2001495794539745,-0.2780317386172002,0.97400004284993,106.0
1652955711.103498,-0.3350750207901001,0.1581797003746032,-0.6782729029655457,0.8952862620353699,0.2796370387077331,-0.3467935919761657,-1.13633131980896,-0.222987025976181,-0.2138114720582962,1.201238132049718,-0.2834160484171024,0.9841587136853872,106.0
1652955711.113584,-0.3687968850135803,0.1642415821552276,-0.6438759565353394,0.8937297463417053,0.2860115766525268,-0.3456074595451355,-1.199695110321045,-0.2431852966547012,-0.3174792826175689,1.2018056803573711,-0.2900619471711463,0.9944658653367928,106.0
1652955711.123365,-0.4236548542976379,0.1768766343593597,-0.622054934501648,0.8918862342834473,0.2935790419578552,-0.3440211415290832,-1.3333699703216553,-0.2277597337961197,-0.409635066986084,1.2026578553150815,-0.2979687164706274,1.0053132708935453,106.0
1652955711.133332,-0.4568788409233093,0.2011202275753021,-0.6282283067703247,0.8897706866264343,0.3024683594703674,-0.3417909443378448,-1.5544761419296265,-0.2346151769161224,-0.4893401563167572,1.2040421226191789,-0.3072812415654466,1.0176506160501804,106.0
1652955711.143357,-0.473142921924591,0.2490724623203277,-0.65155029296875,0.8872817158699036,0.3128204047679901,-0.3389314413070678,-1.79719340801239,-0.2896661758422851,-0.5783408880233765,1.205912843386966,-0.3181610320158894,1.0319887778025352,106.0
1652955711.153277,-0.4794777035713196,0.29924476146698,-0.6555391550064087,0.8841408491134644,0.3247438669204712,-0.3359116315841675,-2.032975196838379,-0.4043949544429779,-0.6642594933509827,1.20771049522271,-0.330740899268488,1.048486912690826,106.0
1652955711.1632109,-0.496303379535675,0.296386182308197,-0.6158387660980225,0.88042813539505,0.3378541469573974,-0.3327173292636871,-2.2014737129211426,-0.4481070339679718,-0.703526496887207,1.2094821113699656,-0.3446360350895598,1.066861684217446,106.0
1652955711.173176,-0.5221431255340576,0.2451744675636291,-0.5505156517028809,0.8766659498214722,0.3511442542076111,-0.3288688957691192,-2.10682225227356,-0.374437004327774,-0.6995948553085327,1.2119064715454118,-0.3587929111026733,1.085874814130467,106.0
1652955711.183333,-0.5191926956176758,0.2246931195259094,-0.5285294055938721,0.8729525208473206,0.3637802600860595,-0.3249891102313995,-1.738665223121643,-0.3091418743133545,-0.7781684398651123,1.2144060450296517,-0.3723230219093339,1.1024238317556194,106.0
1652955711.1930928,-0.4783477783203125,0.240060269832611,-0.5416785478591919,0.8687744736671448,0.3762275278568268,-0.3219999372959137,-1.3231148719787598,-0.3133710324764251,-0.9626024961471558,1.2158562592080555,-0.3857212809302363,1.1145764398650566,106.0
1652955711.203016,-0.4238508343696594,0.2366943061351776,-0.5495209693908691,0.8634567260742188,0.3890290558338165,-0.3210906386375427,-0.8898899555206299,-0.4861340224742889,-1.1907306909561155,1.2147756604850524,-0.399577379205745,1.1217206183874413,106.0
1652955711.21314,-0.3801692724227905,0.216509610414505,-0.5717339515686035,0.856319785118103,0.4026054441928863,-0.3234583735466003,-0.6263413429260254,-0.7371020317077637,-1.426836371421814,1.2096336581847629,-0.4143613946590593,1.1242412138252138,106.0
1652955711.223053,-0.3981190919876098,0.195634663105011,-0.586679220199585,0.8474447131156921,0.4176728427410126,-0.3276994228363037,-0.6786059141159058,-0.8592647314071655,-1.622062921524048,1.2018154050485113,-0.4308825508318037,1.1247683947772644,106.0
1652955711.232985,-0.4722272753715515,0.1684839129447937,-0.5665547847747803,0.8375074863433838,0.4343068599700928,-0.3316003382205963,-0.9604681730270386,-0.8659026622772217,-1.6997708082199097,1.1937973061323783,-0.4492686426352202,1.1263117647147851,106.0
1652955711.242832,-0.5288879871368408,0.1792409420013427,-0.531004786491394,0.8272126317024231,0.4524219930171966,-0.3332172930240631,-1.3180776834487915,-0.7332324981689453,-1.7573562860488892,1.187861788675278,-0.4694793131193772,1.1310295175108185,106.0
1652955711.252819,-0.5254206657409668,0.193006157875061,-0.4770298898220062,0.8166804909706116,0.4715977609157562,-0.3326088190078735,-1.3307572603225708,-0.6692067980766296,-1.8340665102005005,1.184039161848892,-0.4911018027957054,1.1375462173955042,106.0
1652955711.2628431,-0.4404557347297668,0.2350394129753112,-0.4129697978496551,0.8052018880844116,0.4906217753887176,-0.333077073097229,-0.9097186326980592,-0.8305543661117554,-1.9480562210083008,1.1785727234357488,-0.5128031793350707,1.1414044212640126,106.0
1652955711.272809,-0.3376164436340332,0.1727484762668609,-0.3123981356620788,0.7915806174278259,0.5088396668434143,-0.3383520841598511,-0.1896578520536422,-1.2231992483139038,-2.170576333999634,1.166862018470236,-0.5338363847600948,1.138288423416954,106.0
1652955711.282889,-0.3152008056640625,0.0780839323997497,-0.1881310939788818,0.7752228379249573,0.5256707668304443,-0.3502854704856872,0.6453216671943665,-1.486109972000122,-2.335724115371704,1.146403925291866,-0.5535033944701014,1.1251525398279394,106.0
1652955711.292773,-0.4031173586845398,-0.0404837131500244,-0.0511232018470764,0.7574875354766846,0.5402283668518066,-0.3665597438812256,1.123135328292847,-1.4624959230422974,-2.31751561164856,1.1200991554913853,-0.5707084859526342,1.103797090886025,106.0
1652955711.302614,-0.5467865467071533,-0.1457512974739074,0.0540286302566528,0.7403443455696106,0.5528439283370972,-0.3824316561222076,1.1037269830703735,-1.0949290990829468,-2.2131187915802,1.0939893196137127,-0.585773321816355,1.079522035922873,106.0
1652955711.3126569,-0.6058871746063232,-0.130363792181015,0.0594446659088134,0.7245852947235107,0.5653569102287292,-0.3941417634487152,0.6161997318267822,-0.8082903027534485,-2.163629531860352,1.0726060674050737,-0.6008658974928137,1.0578597262302458,106.0
1652955711.322534,-0.5250310301780701,-0.0377450883388519,-0.0485528707504272,0.7091131210327148,0.5801384449005127,-0.4007467031478882,-0.2345891892910003,-0.719925045967102,-2.226433753967285,1.0564052447980712,-0.6188986804363261,1.0427077696534377,106.0
1652955711.332477,-0.3980764746665954,0.1121599674224853,-0.1738342046737671,0.6926169395446777,0.5991424322128296,-0.4016344547271728,-1.192957639694214,-0.778717577457428,-2.403780937194824,1.0453026158767222,-0.6424296088893613,1.0363030393222687,106.0
1652955711.342447,-0.3306527733802795,0.0874042212963104,-0.2180860638618469,0.674082338809967,0.6220777630805969,-0.398286759853363,-1.68766188621521,-0.879668116569519,-2.574713945388794,1.037126217492695,-0.6713936735390195,1.0365851583645596,106.0
1652955711.352656,-0.3696552515029907,0.0353313684463501,-0.1510111689567566,0.6546283960342407,0.6456553339958191,-0.3931804299354553,-1.5740517377853394,-0.6981366276741028,-2.5798256397247314,1.0299238679044784,-0.7018811886651573,1.0377656889604374,106.0
1652955711.36241,-0.4368727207183838,-0.0517185628414154,0.0012769699096679,0.6352675557136536,0.6679581999778748,-0.3876430094242096,-1.3125042915344238,-0.5587752461433411,-2.6107778549194336,1.0229074125655968,-0.7314617661321875,1.0365172903909543,106.0
1652955711.372312,-0.4745156764984131,-0.082955002784729,0.16452556848526,0.6155070066452026,0.6885476112365723,-0.3834756910800934,-0.8203412294387817,-0.432671844959259,-2.6630337238311768,1.013619129112208,-0.759484353204505,1.0301368415144028,106.0
1652955711.3822942,-0.4760165214538574,-0.0684239864349365,0.2670806646347046,0.5956912636756897,0.7068573236465454,-0.381450891494751,-0.4225550293922424,-0.2763887643814087,-2.647657632827759,1.0012348903041166,-0.7850454314609889,1.0175356418855552,106.0
1652955711.392328,-0.4407593607902527,0.0330725014209747,0.2800393104553222,0.5758453607559204,0.7237296104431152,-0.3802862167358398,-0.2552593052387237,-0.1474265903234481,-2.7258315086364746,0.9871472345004002,-0.8091916571041198,1.0006023438058975,106.0
1652955711.402206,-0.3620145916938782,0.1120732724666595,0.1831620931625366,0.5545957684516907,0.7405744791030884,-0.3794377148151397,-0.3180702328681946,-0.2920306324958801,-2.899333953857422,0.9707738005920948,-0.8339248892748748,0.9810599314916992,106.0
1652955711.412142,-0.2672963142395019,0.1664486527442932,0.0587470531463623,0.5307393670082092,0.7581933736801147,-0.3787594735622406,-0.4232999980449676,-0.4662650823593139,-3.1016552448272705,0.950971262454774,-0.8605378636882471,0.959699448683522,106.0
1652955711.4222388,-0.2003259062767028,0.1616930365562439,0.0070967078208923,0.5042809844017029,0.7764267921447754,-0.3779710829257965,-0.5785294771194458,-0.7159912586212158,-3.2388150691986084,0.927599477302436,-0.8889759255325546,0.936842174478373,106.0
1652955711.432167,-0.1711675822734832,0.0557942390441894,0.0461549162864685,0.4754431545734405,0.7950010895729065,-0.3767323493957519,-0.7886804342269897,-0.9315491914749146,-3.3219735622406006,0.9007181084996905,-0.919009402058788,0.9132400899723508,106.0
1652955711.4422588,-0.2349264025688171,-0.0466726720333099,0.1006450653076171,0.4453451335430145,0.813661515712738,-0.3736611902713775,-1.052789330482483,-0.8948042392730713,-3.307371139526367,0.8727012096558374,-0.9504230349550086,0.8899523767433735,106.0
1652955711.452306,-0.3453416228294372,-0.0717521607875824,0.1500584483146667,0.4157304167747497,0.832012414932251,-0.3673194348812103,-1.2962393760681152,-0.6559972763061523,-3.207760095596313,0.8471431957701272,-0.9827254416751036,0.8683881046867845,106.0
1652955711.461978,-0.39987713098526,-0.0034489631652832,0.1851670742034912,0.3876549005508423,0.8495619893074036,-0.3577265739440918,-1.426181077957153,-0.2558054327964782,-3.0937602519989014,0.825528314596686,-1.0151543299905812,0.8481710033666182,106.0
1652955711.472008,-0.3698085844516754,0.1218414604663848,0.2077154517173767,0.3613094389438629,0.8659692406654358,-0.34576416015625,-1.4181817770004272,0.055608332157135,-3.030687093734741,0.8073800073788332,-1.0470852628530116,0.8278679506401785,106.0
1652955711.481915,-0.2683830261230469,0.1482434272766113,0.2168335318565368,0.3346367180347442,0.8812041878700256,-0.3339123427867889,-1.2947311401367188,-0.09406079351902,-3.1357717514038086,0.7864816569525115,-1.0784034461752,0.8038942747772477,106.0
1652955711.492028,-0.1672257781028747,0.0647444725036621,0.2243493795394897,0.3050889670848846,0.8955389857292175,-0.3239302635192871,-1.12690007686615,-0.3490829169750213,-3.371056079864502,0.7554536458270721,-1.10964094268782,0.7715643663465658,106.0
1652955711.5017328,-0.1906411349773407,0.0017854571342468,0.2621945142745971,0.2729776203632355,0.90878027677536,-0.3155976831912994,-1.00965678691864,-0.48438560962677,-3.448079824447632,0.7131120452871753,-1.140351609177794,0.729312239735734,106.0
1652955711.511852,-0.3172206878662109,-0.0401631891727447,0.3082696199417114,0.2403164505958557,0.9205818176269532,-0.3078592419624328,-0.9781180024147034,-0.4963962733745575,-3.373818874359131,0.662802291319465,-1.1695676403513542,0.6797374396930793,106.0
1652955711.521724,-0.4266090393066406,-0.0125812590122222,0.3070851564407348,0.2081489861011505,0.9311808347702026,-0.2992931008338928,-1.135131597518921,-0.4386876821517944,-3.296126127243042,0.6076783606585376,-1.1976385688340945,0.6252947564422553,106.0
1652955711.531678,-0.4441326856613159,0.0771876275539398,0.296901524066925,0.1764782816171646,0.9411202073097228,-0.2883539199829101,-1.359913349151611,-0.3653856515884399,-3.247795343399048,0.5492106437956928,-1.2259286999726682,0.567136240481202,106.0
1652955711.541723,-0.3958740830421448,0.1494471728801727,0.294140100479126,0.1454621106386184,0.9500768184661864,-0.2760340273380279,-1.3275593519210815,-0.1742694973945617,-3.1721811294555664,0.4849914146529815,-1.2534819459301572,0.50208562827918,106.0
1652955711.551683,-0.2750081717967987,0.1746622323989868,0.287594199180603,0.1151266247034072,0.9575382471084596,-0.264322817325592,-1.161308526992798,-0.1929516792297363,-3.134714126586914,0.4107751788182641,-1.2783388446494597,0.425987419315112,106.0
1652955711.561552,-0.1207738518714904,0.0878649950027465,0.2847834825515747,0.0842138454318046,0.9632481336593628,-0.2550707757472992,-0.8117837905883789,-0.3954640626907348,-3.17752742767334,0.3188906785811259,-1.2988433936671313,0.3333512324519647,106.0
1652955711.571525,-0.0345741137862205,-0.0173089802265167,0.2927975058555603,0.0521827973425388,0.9670292735099792,-0.2492620795965194,-0.4815140962600708,-0.5596566200256348,-3.225980281829834,0.2063687205067453,-1.3132948579038095,0.2218012924177784,106.0
1652955711.581562,-0.0745277404785156,-0.0364115089178085,0.3325001001358032,0.0197334438562393,0.9691661596298218,-0.2456166297197342,-0.3354040384292602,-0.6329180598258972,-3.184511423110962,0.0801702525364249,-1.321823993185713,0.0976818846044733,106.0
1652955711.591606,-0.1805047988891601,-0.066765159368515,0.3413407802581787,-0.0121068898588418,0.9700912833213806,-0.2424389570951461,-0.3613284826278686,-0.5801800489425659,-3.105396509170532,-0.0498964429647148,-1.3256064643952792,-0.0301814478114783,106.0
1652955711.601379,-0.2558280825614929,-0.0218846797943115,0.2714201211929321,-0.0433509722352027,0.9704012274742126,-0.2375757694244384,-0.6345658898353577,-0.5381726622581482,-3.095693826675415,-0.1804865074254289,-1.3268867109752498,-0.1590299433509921,106.0
1652955711.611335,-0.2849383354187011,0.090921401977539,0.2116101384162902,-0.0746502801775932,0.9704883098602296,-0.2293033152818679,-1.0165215730667114,-0.4963290691375732,-3.130658864974976,-0.314731593698036,-1.3272476634503418,-0.2920152186502595,106.0
1652955711.6214209,-0.3205916583538055,0.143624261021614,0.1991720795631408,-0.1059067323803901,0.9702310562133788,-0.2177971750497818,-1.250216364860535,-0.3639326691627502,-3.1367406845092773,-0.4525978339187516,-1.326182976597249,-0.4295857151064823,106.0
1652955711.631366,-0.3565961718559265,0.1368588358163833,0.1774723529815673,-0.1368577629327774,0.9691036343574524,-0.2052029222249984,-1.26465904712677,-0.2029055655002594,-3.163717031478882,-0.5881908500097817,-1.3215702865404424,-0.5665813574329652,106.0
1652955711.641172,-0.3555582463741302,0.1099357157945633,0.1618138551712036,-0.1683369725942611,0.9666041135787964,-0.1932334005832672,-1.1512457132339478,-0.2280079871416092,-3.293353319168091,-0.7166503196132895,-1.3116304713325468,-0.6972299069035585,106.0
1652955711.651188,-0.343162477016449,0.0483627468347549,0.2062717080116272,-0.2012405693531036,0.9623990058898926,-0.1824569553136825,-0.9469926357269288,-0.3743767440319061,-3.441600561141968,-0.8343133239706694,-1.295699838414014,-0.8161658939483866,106.0
1652955711.6613631,-0.3522995710372925,-0.0181818008422851,0.263583242893219,-0.235453724861145,0.9560823440551758,-0.1745519191026687,-0.4929303228855133,-0.4960083961486816,-3.5542778968811035,-0.932858915656739,-1.2733305722861692,-0.9142842608998284,106.0
1652955711.671234,-0.3842813968658447,-0.0432753562927246,0.2756098508834839,-0.2703511416912079,0.9475194811820984,-0.1706375330686569,-0.0793701037764549,-0.5416187047958374,-3.612917900085449,-1.0077724404933577,-1.2453854775161624,-0.9875254447474312,106.0
1652955711.681056,-0.4223851561546325,-0.0349963903427124,0.2811945676803589,-0.3053980767726898,0.937006175518036,-0.169562891125679,0.1751953363418579,-0.6076416969299316,-3.649224281311035,-1.0639548336401026,-1.2139586638720976,-1.0410611512635586,106.0
1652955711.6910372,-0.4370873868465423,-0.0076725631952285,0.256191074848175,-0.34062260389328,0.9248851537704468,-0.1690088957548141,0.1245490089058876,-0.7026798129081726,-3.7221062183380127,-1.1102122905258065,-1.1807334753440142,-1.0837494195646178,106.0
1652955711.70099,-0.4339092969894409,0.0505667775869369,0.2198627591133117,-0.3765155375003814,0.9112104177474976,-0.1671286523342132,0.0427390933036804,-0.7416613101959229,-3.8617818355560303,-1.1530413770117582,-1.1462128800653049,-1.1225202178124891,106.0
1652955711.711009,-0.446800947189331,0.0336034446954727,0.191891610622406,-0.412955492734909,0.8957396745681763,-0.1646764427423477,0.0828962326049804,-0.7447975873947144,-3.955519914627075,-1.191346202117297,-1.110092126026648,-1.1566708380069264,106.0
1652955711.7209349,-0.4720584452152252,-0.011299729347229,0.2146124839782714,-0.4493435323238373,0.8784051537513733,-0.1627724915742874,0.1803932338953018,-0.6624709963798523,-4.015225887298584,-1.223254656941421,-1.072514808105172,-1.18466496812803,106.0
1652955711.731011,-0.4898720681667328,-0.0689145177602768,0.2728704810142517,-0.4852713644504547,0.8592401146888733,-0.1619203984737396,0.3086197078227997,-0.6368507742881775,-4.03925085067749,-1.2487429686652844,-1.0337824297406744,-1.2065964033777108,106.0
1652955711.740823,-0.4688210487365722,-0.1099493950605392,0.3090922236442566,-0.5204519629478455,0.8385518193244934,-0.1611229181289672,0.2290015816688537,-0.6581342220306396,-4.027502059936523,-1.2705714277772218,-0.994619670725252,-1.2247055533736484,106.0
1652955711.750904,-0.4369977116584778,-0.111402228474617,0.3272964358329773,-0.5545490384101868,0.816929817199707,-0.1584341824054718,-0.0092415511608123,-0.6900300979614258,-3.975224018096924,-1.292510671311025,-0.9560673754683836,-1.2431382663078536,106.0
1652955711.760761,-0.4226440787315368,-0.1245840638875961,0.3262809514999389,-0.5870604515075684,0.7948585748672485,-0.1534920483827591,-0.2346909195184707,-0.6826512813568115,-3.8460307121276855,-1.3150624494109264,-0.918774493912362,-1.2625122917185545,106.0
1652955711.770728,-0.4245565533638,-0.09047831594944,0.3626857995986938,-0.617359459400177,0.772736132144928,-0.1474672257900238,-0.3388718664646148,-0.5592023730278015,-3.666709899902344,-1.3363222694611108,-0.8831405937367132,-1.2817376641432472,106.0
1652955711.780656,-0.4526344537734985,-0.0962300896644592,0.4900612831115722,-0.6448386907577515,0.751042902469635,-0.1418375521898269,-0.331394225358963,-0.4211081564426422,-3.3714778423309326,-1.3542859054205467,-0.849640249865639,-1.2989309904711526,106.0
1652955711.790691,-0.4276354908943176,-0.116108238697052,0.6811029314994812,-0.6686474680900574,0.7308691740036011,-0.1368977129459381,-0.3610475361347198,-0.3400353789329529,-2.922595977783203,-1.368848944048909,-0.8195945758870604,-1.3135979372416766,106.0
1652955711.800722,-0.3292136192321777,-0.1147954165935516,0.8585090041160583,-0.68813556432724,0.7135276794433594,-0.1317102462053299,-0.4677324295043945,-0.3157409727573395,-2.361854553222656,-1.3816819752237457,-0.794520447155365,-1.3268621906484792,106.0
1652955711.8105478,-0.2163299322128296,-0.1044296622276306,0.9282342791557312,-0.7032257914543152,0.6997412443161011,-0.1258407235145568,-0.5380872488021851,-0.3317748308181762,-1.8231295347213743,-1.3937227308692215,-0.7750352496716106,-1.3393580438539656,106.0
1652955711.820489,-0.1348257064819336,-0.1276655346155166,0.8820350766181946,-0.7147837281227112,0.6889336109161377,-0.1202287152409553,-0.3339293599128723,-0.3664747476577759,-1.410642147064209,-1.404153281429294,-0.760016810573254,-1.3493736163628,106.0
1652955711.8305569,-0.0830333828926086,-0.1758704781532287,0.7839202284812927,-0.7240496873855591,0.6798402070999146,-0.1164878904819488,0.1184450984001159,-0.4689196050167084,-1.1991338729858398,-1.4112794158785875,-0.7475446943366015,-1.3537726053253412,106.0
1652955711.840375,-0.0640615224838256,-0.2314670085906982,0.692912220954895,-0.7327067255973816,0.6707658767700195,-0.1149532124400138,0.6083879470825195,-0.6309519410133362,-1.211345672607422,-1.4151764244518472,-0.735240909107751,-1.351440711941864,106.0
1652955711.8503609,-0.0659064650535583,-0.2990580797195434,0.6016162633895874,-0.7418327927589417,0.6606365442276001,-0.1150806695222854,0.95715069770813,-0.7767127752304077,-1.2956550121307373,-1.4168928756256154,-0.7216663861816806,-1.343425160117724,106.0
1652955711.86027,-0.0490472912788391,-0.3189228177070617,0.4994612336158752,-0.7515050768852234,0.6495255827903748,-0.1155711635947227,1.026361107826233,-0.8391718864440918,-1.3787219524383545,-1.41820550005274,-0.706960327768888,-1.333041696761836,106.0
1652955711.870417,-0.03787362575531,-0.319317877292633,0.417499840259552,-0.7614124417304993,0.63787442445755,-0.1156186163425445,0.8536919951438904,-0.7670575380325317,-1.4119830131530762,-1.420099967022692,-0.691735151530913,-1.323476303668558,106.0
1652955711.8802109,-0.0339258313179016,-0.317608118057251,0.42142254114151,-0.7710210084915161,0.6264442801475525,-0.1144292056560516,0.4199802577495575,-0.6141819953918457,-1.38060462474823,-1.4234592429489477,-0.676983042351375,-1.3178879695050378,106.0
1652955711.890135,-0.0208103060722351,-0.3021779060363769,0.5247740149497986,-0.7798183560371399,0.6160341501235962,-0.1112894564867019,-0.0977544337511062,-0.4625322222709656,-1.272698163986206,-1.4290414907516582,-0.6636981392516254,-1.3183110183034212,106.0
1652955711.900106,0.0141493678092956,-0.3207384347915649,0.6275618076324463,-0.7873883843421936,0.6071946620941162,-0.1064618974924087,-0.4845903217792511,-0.3274617493152618,-1.0794967412948608,-1.4364024711061891,-0.6525251201774805,-1.324043391376268,106.0
1652955711.910161,0.0588605999946594,-0.3394777178764343,0.6775770783424377,-0.7933120131492615,0.600377082824707,-0.1010129675269126,-0.6373891830444336,-0.164364606142044,-0.8135321140289307,-1.4441471620277544,-0.6439725618798896,-1.332856076300761,106.0
1652955711.92003,0.0814179182052612,-0.3492923378944397,0.6843148469924927,-0.7974518537521362,0.5954856276512146,-0.0973018631339073,-0.364564836025238,-0.0036260709166526,-0.5533713698387146,-1.4493805249863356,-0.6378700303056368,-1.3402089540953597,106.0
1652955711.930029,0.0808259844779968,-0.3915143013000488,0.6885014772415161,-0.8001558184623718,0.5919398069381714,-0.0967363715171814,0.0831592231988906,0.0784202739596366,-0.3918435275554657,-1.450483307261461,-0.6334634755577216,-1.3428742427224534,106.0
1652955711.9401212,0.0907104015350341,-0.4175358414649963,0.7182552814483643,-0.8020445108413696,0.5889499187469482,-0.0993098393082618,0.5668649077415466,0.0536398291587829,-0.279550552368164,-1.447602506413575,-0.629758855770193,-1.3392116240588516,106.0
1652955711.9499888,0.126928448677063,-0.3863130807876587,0.7086870074272156,-0.8034726977348328,0.5862501859664917,-0.1036466211080551,0.8376784324645996,-0.0184489600360393,-0.2163884490728378,-1.4425064878124474,-0.6264223715394466,-1.3308165043082618,106.0
1652955711.959908,0.1372562646865844,-0.3115240335464477,0.6401883959770203,-0.8045231699943542,0.5839937925338745,-0.1081383973360061,0.7917868494987488,-0.0651110038161277,-0.1202246397733688,-1.437184112287918,-0.6236399321936603,-1.320949588599253,106.0
1652955711.96974,0.1223741769790649,-0.2532973885536194,0.5338340401649475,-0.8049150705337524,0.5828652381896973,-0.1112655848264694,0.4768863618373871,-0.0785455852746963,0.0070554008707404,-1.4334341347285433,-0.6222503832182437,-1.3132388125345231,106.0
1652955711.9798322,0.1014608144760131,-0.197323739528656,0.4271472096443176,-0.8046773672103882,0.5829846262931824,-0.1123533174395561,0.0544994100928306,-0.0232927165925502,0.089652806520462,-1.4320679000372554,-0.6223973371344105,-1.3099219097140158,106.0
1652955711.989994,0.0669566392898559,-0.1284174919128418,0.3369778394699096,-0.8039714097976685,0.5840579271316528,-0.1118321120738983,-0.3191416263580322,0.0979718714952468,0.1379574537277221,-1.4325835668089926,-0.6237189979604606,-1.311431532881166,106.0
1652955711.999733,0.0282620787620544,-0.0902191773056984,0.289753794670105,-0.8028286695480347,0.5858870148658752,-0.110464371740818,-0.5832867622375488,0.2269389033317566,0.1925021857023239,-1.4340609524453232,-0.6259741857993332,-1.3167586154334407,106.0
1652955712.0101218,0.0128973722457885,-0.0546036958694458,0.2715038061141968,-0.8011816740036011,0.5884358286857605,-0.1088636592030525,-0.7153521180152893,0.3253132700920105,0.2621359229087829,-1.4357445615409747,-0.6291229206974527,-1.3243948590423675,106.0
1652955712.019669,0.0241721272468566,-0.0217149853706359,0.2507320642471313,-0.799120306968689,0.5915073752403259,-0.1073590889573097,-0.6959244012832642,0.3473796844482422,0.3095965981483459,-1.4372493696408644,-0.6329270855550567,-1.3327349005431592,106.0
1652955712.029686,0.0389315485954284,-0.0324212461709976,0.2294677495956421,-0.7967442274093628,0.5948731303215027,-0.1064184159040451,-0.5060365796089172,0.3101710975170135,0.3768278658390045,-1.438015610730411,-0.6371078273043779,-1.3396313950538772,106.0
1652955712.03958,0.0548644661903381,-0.0318226665258407,0.2418325543403625,-0.7940000891685486,0.5985300540924072,-0.1064218953251838,-0.2243990004062652,0.2428075075149536,0.4442263543605804,-1.4375578066282142,-0.6416649204515988,-1.3435435383762804,106.0
1652955712.049814,0.0479404926300048,-0.0386563539505004,0.2645415663719177,-0.7909061908721924,0.6024171710014343,-0.1075228601694107,0.0507113300263881,0.157012939453125,0.521833598613739,-1.4356757630055197,-0.6465259730390759,-1.3437281283896096,106.0
1652955712.0595078,0.0354549884796142,-0.0281728506088256,0.2430813312530517,-0.7874844074249268,0.606558620929718,-0.1093393862247467,0.218635618686676,0.0763875916600227,0.5657749176025391,-1.4328319770385147,-0.651724818273816,-1.3409732944998287,106.0
1652955712.069562,0.0181383490562438,0.0093859508633613,0.1694492697715759,-0.7839769124984741,0.6107478141784668,-0.1112078204751014,0.2746723294258117,0.0224048383533954,0.5709601640701294,-1.4298855415614655,-0.6570046839254251,-1.336844352521452,106.0
1652955712.079523,-0.0048945546150207,0.0583216547966003,0.0825327634811401,-0.7804906368255615,0.6148855090141296,-0.1129175648093223,0.221139058470726,0.0118595175445079,0.5562275648117065,-1.4271181278564005,-0.662240781074323,-1.3326547687144177,106.0
1652955712.089367,-0.0307567715644836,0.0741405040025711,-0.0041666626930236,-0.7771807909011841,0.6188517212867737,-0.1140727251768112,0.1277525275945663,0.0064485613256692,0.5254093408584595,-1.425059356555448,-0.6672800179983585,-1.3294353001686934,106.0
1652955712.099355,-0.04854017496109,0.0724963992834091,-0.0785174369812011,-0.7740307450294495,0.6227222681045532,-0.1144275218248367,-0.0251254420727491,0.0031771338544785,0.493034154176712,-1.4240260711185395,-0.6722171199814261,-1.3278527069484525,106.0
1652955712.109359,-0.0595191717147827,0.0698586255311966,-0.1269748210906982,-0.77103191614151,0.6265475749969482,-0.1137886270880699,-0.2041107714176178,0.0230734497308731,0.4629883468151092,-1.4242742916110027,-0.677115578598659,-1.3284122249127106,106.0
1652955712.119276,-0.0635571479797363,0.0799038261175155,-0.1459262371063232,-0.7681232690811157,0.6303776502609253,-0.1122982427477836,-0.3625193238258362,0.0489673651754856,0.4548313319683075,-1.4256265771893406,-0.6820395592729491,-1.3311317759141927,106.0
1652955712.1292338,-0.0712321996688842,0.0806767791509628,-0.1535032987594604,-0.7651631832122803,0.6343536376953125,-0.110095702111721,-0.5001050233840942,0.1020543873310089,0.4578057825565338,-1.427891862900321,-0.6871721061898884,-1.3358688685015625,106.0
1652955712.139166,-0.0700587034225463,0.0928094387054443,-0.1644234657287597,-0.7621404528617859,0.638315737247467,-0.108144462108612,-0.3995776176452636,0.1539833694696426,0.4473547339439392,-1.4298416011647703,-0.6923082533425973,-1.3409578295297504,106.0
1652955712.1493258,-0.0699694752693176,0.0755479335784912,-0.1787238121032714,-0.7591474056243896,0.6419807076454163,-0.1074998155236244,-0.1956218779087066,0.1716458201408386,0.4245109856128692,-1.430125621787805,-0.6970787938256078,-1.3440360831967062,106.0
1652955712.159051,-0.0590441226959228,0.0238453820347785,-0.1423032879829406,-0.7564008235931396,0.6451261639595032,-0.1080280765891075,0.0445584990084171,0.0796264261007309,0.3888320922851562,-1.4289370786066955,-0.7011884062563951,-1.3441805519261671,106.0
1652955712.169026,-0.0262564420700073,0.0009815767407417,-0.0977274775505065,-0.7540169358253479,0.6477610468864441,-0.1089222133159637,0.1748741567134857,-0.0377799943089485,0.3449320197105407,-1.427332825629514,-0.7046418734914122,-1.34198456052627,106.0
1652955712.178973,-0.0065394639968872,0.0259868055582046,-0.1047760844230651,-0.7519900798797607,0.6499878764152527,-0.1096659377217292,0.1856804639101028,-0.0844668000936508,0.3082570731639862,-1.4259828943442274,-0.7075685048298205,-1.3388994720462666,106.0
1652955712.188936,-0.0275590419769287,0.0472338199615478,-0.1529878973960876,-0.7501509785652161,0.6520571708679199,-0.1099779084324836,0.0882591754198074,-0.0678971484303474,0.2812772989273071,-1.4252256736449622,-0.710294586867606,-1.336508248207566,106.0
1652955712.19912,-0.0483675003051757,0.0668655782938003,-0.1819520592689514,-0.7484159469604492,0.6540590524673462,-0.1099105477333068,-0.021570386365056,-0.0087150521576404,0.2632796466350555,-1.4249810676001406,-0.7129380169323658,-1.335583311347917,106.0
1652955712.20887,-0.0443789958953857,0.0811770036816597,-0.1881759762763977,-0.7467891573905945,0.6559951901435852,-0.1094362735748291,-0.1228017956018447,0.0077615529298782,0.2248817384243011,-1.4252896068437768,-0.7155004230610115,-1.336067189814971,106.0
1652955712.218958,-0.0329721570014953,0.0626263469457626,-0.1818348169326782,-0.7455465793609619,0.6575734615325928,-0.1084332093596458,-0.1745038777589798,-0.0130771500989794,0.1619413793087005,-1.4263677958960903,-0.7175933963500094,-1.3376984237937766,106.0
1652955712.228873,-0.013088047504425,0.0450947284698486,-0.1616086363792419,-0.7445566058158875,0.6589384078979492,-0.1069385707378387,-0.1873971670866012,-0.0644968226552009,0.1503873020410537,-1.4281447157096323,-0.7194065539314236,-1.3397917599480291,106.0
1652955712.23877,0.0018996596336364,0.0339334607124328,-0.1502095460891723,-0.7436293959617615,0.6602650880813599,-0.1051919609308242,-0.1691553145647049,-0.0898434594273567,0.1493928730487823,-1.4302711869668117,-0.7211716935599612,-1.341840625224986,106.0
1652955712.248739,-0.0052462220191955,0.027875006198883,-0.1419214010238647,-0.7427549362182617,0.6615136861801147,-0.1035127490758895,-0.1489851921796798,-0.0819924622774124,0.1407698988914489,-1.4323249367495954,-0.7228354218799449,-1.3436359868346468,106.0
1652955712.258667,-0.0202561020851135,0.0159407705068588,-0.1091431379318237,-0.741951048374176,0.6626405715942383,-0.1020613759756088,-0.1095440536737442,-0.0821692943572998,0.12739098072052,-1.4340961430748431,-0.7243390254995415,-1.3451345673711708,106.0
