1652957242.981299,-0.0006934404373168,0.0432780385017395,0.05027836561203,-0.611443281173706,-0.2860724031925201,-0.7377666234970093,0.7253398895263672,0.4090768098831177,-0.5487751960754395,-0.692042667361655,0.2901254070641734,-0.0489868149338146,81.0
1652957242.9912028,-0.0061784982681274,0.0679929852485656,0.0795690417289733,-0.6066905856132507,-0.294962078332901,-0.7381895780563354,0.7640339136123657,0.437243103981018,-0.5747014880180359,-0.6879305065691322,0.2994158332604368,-0.0485669232042242,81.0
1652957243.001373,-0.0052361488342285,0.0910782217979431,0.1180605888366699,-0.6015447378158569,-0.304324597120285,-0.7386002540588379,0.8575502634048462,0.501887857913971,-0.5826160907745361,-0.6834833010875608,0.3092293171496908,-0.0479312000415888,81.0
1652957243.011148,0.0062184929847717,0.0693457722663879,0.1329330801963806,-0.5954364538192749,-0.3150466978549957,-0.7390540838241577,1.0680863857269287,0.657038688659668,-0.6267539858818054,-0.6781909833832178,0.3205058433570428,-0.0464428168803444,81.0
1652957243.021389,0.0076844096183776,0.1235190033912658,0.1715308129787445,-0.5880827903747559,-0.3270788788795471,-0.7397147417068481,1.2036807537078855,0.787199079990387,-0.6323519349098206,-0.6716926415905058,0.3332107771459644,-0.0442592557650382,81.0
1652957243.031081,0.0266081690788269,0.1561170220375061,0.1978807151317596,-0.5795713067054749,-0.3403672575950622,-0.7404371500015259,1.3633431196212769,0.954179048538208,-0.6375345587730408,-0.664128856263528,0.3473074356234271,-0.0410163718692867,81.0
1652957243.041047,0.0453314185142517,0.2279914021492004,0.2402162253856659,-0.5699283480644226,-0.3538788557052612,-0.7415870428085327,1.3665233850479126,1.0488404035568235,-0.594412624835968,-0.6552522356985007,0.3617150824316108,-0.0374071137822627,81.0
1652957243.050961,0.1080850958824157,0.2341092824935913,0.2288414537906646,-0.5601723790168762,-0.3672538995742798,-0.7425169348716736,1.3648409843444824,1.0175644159317017,-0.5464551448822021,-0.6463262433204192,0.3760548677208686,-0.0333389691852609,81.0
1652957243.06095,0.139860451221466,0.2105767726898193,0.1935981810092926,-0.550825297832489,-0.3802436590194702,-0.7429712414741516,1.361409068107605,0.9845097661018372,-0.5150548815727234,-0.6379625718003141,0.3900597315176179,-0.0291651094872053,81.0
1652957243.071045,0.1162121295928955,0.1663874983787536,0.1895388960838318,-0.5417643189430237,-0.3927858769893646,-0.7431087493896484,1.3003329038619995,0.945557177066803,-0.4622065722942352,-0.6299585280234818,0.4036589991638796,-0.0249135221710355,81.0
1652957243.080882,0.0912790298461914,0.138679027557373,0.226535677909851,-0.5332191586494446,-0.4047277569770813,-0.7428812980651855,1.331225037574768,0.9102631211280824,-0.3880316913127899,-0.6225539283804374,0.4166811006848394,-0.0203066722662268,81.0
1652957243.0908132,0.0909323096275329,0.1119976639747619,0.2757888436317444,-0.5252888202667236,-0.4164290428161621,-0.7420636415481567,1.3524154424667358,0.8467531204223633,-0.2848546206951141,-0.6159921208052561,0.4295140420581119,-0.0147952769979098,81.0
1652957243.10096,0.1254105567932129,0.1274035573005676,0.3024481534957886,-0.5186904072761536,-0.4277074933052063,-0.7402881383895874,1.382476568222046,0.6471214890480042,-0.1884141117334365,-0.6111688925451095,0.4419550483551292,-0.0083049825444586,81.0
1652957243.110739,0.1580083966255188,0.1284013390541076,0.2672372162342071,-0.514133095741272,-0.4390053153038025,-0.7368455529212952,1.439294934272766,0.3952802121639251,-0.1590012460947036,-0.6092135097519242,0.4544913071528252,-0.0009112330906836,81.0
1652957243.120728,0.1309753060340881,0.125590443611145,0.2966199517250061,-0.5109190344810486,-0.4507488906383514,-0.7319747805595398,1.598888278007507,0.3420920968055725,-0.1182295903563499,-0.6093830173968092,0.4676041117063326,0.0074404368889386,81.0
1652957243.13067,0.0726470947265625,0.1721308231353759,0.3953372240066528,-0.5085753202438354,-0.4628115892410278,-0.7260555028915405,1.645107388496399,0.2153981029987335,0.0366799496114254,-0.6110369443781453,0.4811642842005061,0.017451085427839,81.0
1652957243.14065,0.1333261728286743,0.1714787483215332,0.4112380146980285,-0.50863116979599,-0.474363625049591,-0.7185216546058655,1.7134416103363037,-0.1174120754003524,0.1337369978427887,-0.6159987945321016,0.4942409914269061,0.0292087612109984,81.0
1652957243.150559,0.1866275668144226,0.0729790329933166,0.3009602725505829,-0.5109835267066956,-0.4862476885318756,-0.7088433504104614,1.8092331886291504,-0.3351913392543793,0.1313066333532333,-0.6245954358215223,0.5077904496174961,0.0421159073266578,81.0
1652957243.16056,0.1445737481117248,0.0355529189109802,0.2908937036991119,-0.5143855810165405,-0.4979248940944671,-0.6981964111328125,1.753968596458435,-0.4121625423431396,0.1910333484411239,-0.6349571849593384,0.5212043152826173,0.0555799579769067,81.0
1652957243.170614,0.1199057102203369,0.0028041005134582,0.3082712888717651,-0.5185414552688599,-0.5089700818061829,-0.687069296836853,1.740973949432373,-0.4925133287906647,0.199297621846199,-0.6465118101169711,0.533987869649881,0.0694920037691503,81.0
1652957243.18048,0.1045009493827819,-0.0210552215576171,0.339225172996521,-0.5228510499000549,-0.5196602940559387,-0.6757069826126099,1.766823649406433,-0.44418865442276,0.2126179486513137,-0.6585497231084011,0.5464533098733136,0.0837092519870555,81.0
1652957243.190409,0.0313841104507446,-0.0478014349937438,0.3826528191566467,-0.5255703330039978,-0.530998706817627,-0.6646925210952759,1.9496537446975708,-0.0491690002381801,0.1719546020030975,-0.6690425391012209,0.5597787066036003,0.0988056497681328,81.0
1652957243.20049,-0.0809427499771118,-0.0362032055854797,0.444456934928894,-0.5258228182792664,-0.542677640914917,-0.6549895405769348,2.015355348587036,0.3237545192241668,0.2903355658054352,-0.6764433559640282,0.5736217570204255,0.1153946118055547,81.0
1652957243.210392,-0.0860676765441894,-0.0143719911575317,0.4543941020965576,-0.5250008702278137,-0.5540949702262878,-0.6460285186767578,2.051154375076294,0.4560068249702453,0.341369092464447,-0.6824123403293171,0.5872753603654113,0.1335967643389892,81.0
1652957243.220303,-0.049634575843811,-0.0330948233604431,0.438429057598114,-0.5243245959281921,-0.564878523349762,-0.6371780633926392,1.9568102359771729,0.4161736667156219,0.4396844804286957,-0.6885405726141975,0.6002860433340356,0.1524344924254586,81.0
1652957243.230207,-0.0056117177009582,-0.0862104892730712,0.4191152453422546,-0.5248141288757324,-0.5743428468704224,-0.628251850605011,1.872597932815552,0.3037286102771759,0.5146225690841675,-0.6959309891572495,0.6118011516273039,0.1717281507811768,81.0
1652957243.240219,0.0111742615699768,-0.2289362549781799,0.4034197926521301,-0.5266007781028748,-0.5826494693756104,-0.6190404891967773,1.748159646987915,0.1401932090520858,0.612915575504303,-0.70488438113032,0.6219849027347764,0.191153005572061,81.0
1652957243.25018,0.0063401460647583,-0.3235356211662292,0.3905080556869507,-0.5303268432617188,-0.5893757939338684,-0.6094173789024353,1.6527618169784546,-0.0265237167477607,0.769180953502655,-0.7161160016584835,0.6302859606345715,0.2112040927955406,81.0
1652957243.260136,-0.0177518725395202,-0.3718032836914062,0.3822300434112549,-0.5356232523918152,-0.5948764681816101,-0.5993577241897583,1.6823915243148804,-0.0677622333168983,0.9147679805755616,-0.7293023900167518,0.6371119460074118,0.2325545182177977,81.0
1652957243.2701612,-0.0576874017715454,-0.3563099503517151,0.4306142926216125,-0.541784405708313,-0.599651038646698,-0.5889720320701599,1.748059868812561,0.0146479550749063,1.097820281982422,-0.7436913434318114,0.6430649903787837,0.2561522974012511,81.0
1652957243.280044,-0.1164602637290954,-0.2873549461364746,0.4483951330184936,-0.5485633611679077,-0.6031954288482666,-0.5789933800697327,1.7079225778579712,0.1150818839669227,1.2871748208999634,-0.7584171791787351,0.6475014234241694,0.2817179619402455,81.0
1652957243.290015,-0.1423467397689819,-0.2665789723396301,0.4144797921180725,-0.5558342337608337,-0.6052603721618652,-0.5698316097259521,1.6960349082946775,0.2760428488254547,1.469157338142395,-0.7729640457151095,0.6500928895543935,0.3087888452320575,81.0
1652957243.299994,-0.1680119037628173,-0.3037259578704834,0.3934535980224609,-0.5630822777748108,-0.6062678694725037,-0.5615848302841187,1.7487564086914062,0.4662343561649322,1.6222225427627563,-0.7867296585417465,0.6513591692914213,0.3376352593111158,81.0
1652957243.310065,-0.1772260069847107,-0.334750235080719,0.3470728397369385,-0.5700120329856873,-0.6067163944244385,-0.5540591478347778,1.8411829471588133,0.7002267241477966,1.726773381233215,-0.7995893042138414,0.6519232828446301,0.3683352841392152,81.0
1652957243.3198829,-0.1832857728004455,-0.3882530927658081,0.2828426957130432,-0.5761745572090149,-0.6069391965866089,-0.5474006533622742,1.9354727268218996,0.93989759683609,1.8147543668746948,-0.8110018068764315,0.6522036481295655,0.400766664306631,81.0
1652957243.32984,-0.1844241023063659,-0.4115164875984192,0.2256660461425781,-0.5820704698562622,-0.6066322326660156,-0.5414712429046631,1.9300713539123533,1.0157856941223145,1.9034010171890257,-0.8215174976882768,0.6518174174965082,0.4343616819733833,81.0
1652957243.339799,-0.169487714767456,-0.4665954709053039,0.1948686242103576,-0.5883398652076721,-0.6053757667541504,-0.5360749363899231,1.853652834892273,1.018149733543396,1.9654783010482788,-0.8318466443171711,0.6502379136984054,0.4681405491423418,81.0
1652957243.349754,-0.1888400912284851,-0.4956808686256408,0.1690072417259216,-0.5946375131607056,-0.6032570600509644,-0.5314950346946716,1.8242422342300413,1.1206583976745603,2.0026164054870605,-0.8414096873852591,0.6475787028163933,0.5017284460329033,81.0
1652957243.359741,-0.2387938499450683,-0.4825170040130615,0.1306323409080505,-0.6004698872566223,-0.6004656553268433,-0.5280879139900208,1.7297569513320925,1.269415020942688,2.048988103866577,-0.8494471460239688,0.644083341944442,0.5349973873621895,81.0
1652957243.3696709,-0.2670976519584656,-0.4327054619789123,0.0479162335395813,-0.6057048439979553,-0.596515417098999,-0.5265840888023376,1.534463882446289,1.4589908123016355,2.092892646789551,-0.8551615881168552,0.6391524593786817,0.5672363158531163,81.0
1652957243.379802,-0.2767153978347778,-0.4174982905387878,-0.0660730004310607,-0.6097590327262878,-0.5915197730064392,-0.5275396108627319,1.383344650268555,1.6918224096298218,2.075894594192505,-0.8575662124906428,0.6329424144102652,0.5977448500834801,81.0
1652957243.38958,-0.3061040639877319,-0.3586859703063965,-0.0924909710884094,-0.612551212310791,-0.5857774019241333,-0.5307031273841858,1.2425823211669922,1.8580673933029173,2.072176694869995,-0.8568684253774911,0.6258389568268113,0.6266454567334029,81.0
1652957243.399572,-0.2898375988006592,-0.3364040851593017,-0.1135409474372863,-0.614199697971344,-0.5798946619033813,-0.535239040851593,1.2737363576889038,1.9873050451278689,2.00198745727539,-0.8539854007894294,0.6185993782248836,0.6546202663467616,81.0
1652957243.409509,-0.291816771030426,-0.3755882978439331,-0.1509615182876587,-0.6143873333930969,-0.5752347111701965,-0.5400307178497314,1.4711450338363647,2.145841121673584,1.903964877128601,-0.8497197626330182,0.612891076668082,0.6827977486693032,81.0
1652957243.4195008,-0.3513690233230591,-0.3963433504104614,-0.1668694019317627,-0.6129405498504639,-0.5723426342010498,-0.5447272658348083,1.661990523338318,2.325692892074585,1.8223751783370967,-0.844253172379554,0.6093598443020731,0.7121188671112701,81.0
1652957243.429428,-0.3691560626029968,-0.4167425036430359,-0.2358277440071106,-0.6101680397987366,-0.5707060098648071,-0.5495356321334839,1.7144217491149902,2.408261775970459,1.737707495689392,-0.8376333117943584,0.6073653545930437,0.7418549429456166,81.0
1652957243.439438,-0.3505668640136719,-0.4386695623397827,-0.3352388143539428,-0.6063727140426636,-0.5698056817054749,-0.5546471476554871,1.6742069721221924,2.462404727935791,1.646572232246399,-0.8299205485971078,0.6062694112288765,0.7708858666102364,81.0
1652957243.449487,-0.337369441986084,-0.4136281609535217,-0.4012693762779236,-0.6016562581062317,-0.5692048072814941,-0.560370922088623,1.5398151874542236,2.482398748397827,1.5308952331542969,-0.8209119569044274,0.6055383623076411,0.7983303631396768,81.0
1652957243.459319,-0.3369632959365845,-0.3941553831100464,-0.4786957502365112,-0.5959742069244385,-0.5685301423072815,-0.5670873522758484,1.3188461065292358,2.487093448638916,1.38055419921875,-0.8102299562206909,0.6047180403725447,0.8230234395988085,81.0
1652957243.469259,-0.3738356828689575,-0.3761664628982544,-0.536094605922699,-0.5890243053436279,-0.5676804184913635,-0.5751428008079529,1.0746244192123413,2.550414800643921,1.2237552404403689,-0.7973215689967169,0.6036854835187546,0.8443568018617083,81.0
1652957243.47923,-0.4040824770927429,-0.3292707800865173,-0.5217552781105042,-0.5805517435073853,-0.5664861798286438,-0.5848528146743774,0.8351742625236511,2.6409332752227783,1.076829433441162,-0.7817075962216211,0.6022356321890998,0.8623596940009695,81.0
1652957243.489164,-0.404629647731781,-0.3311305046081543,-0.5497814416885376,-0.5703305006027222,-0.5652240514755249,-0.5960240960121155,0.655174970626831,2.7128849029541016,0.8773055076599121,-0.7633727576011669,0.6007048447597692,0.8770948409386505,81.0
1652957243.499401,-0.4278494119644165,-0.3454639911651611,-0.6177220344543457,-0.5582343935966492,-0.5644984245300293,-0.6080425381660461,0.5564965605735779,2.7699437141418457,0.666003406047821,-0.7427171680097497,0.5998254564531171,0.8887977532058139,81.0
1652957243.509039,-0.4806587100028991,-0.3493454456329345,-0.6256664991378784,-0.5440756678581238,-0.5645952820777893,-0.6206558346748352,0.496299535036087,2.911986827850342,0.4791216254234314,-0.7197434317902374,0.599942853913322,0.8981877279916374,81.0
1652957243.51916,-0.5301282405853271,-0.3187488317489624,-0.6251053214073181,-0.5277024507522583,-0.5652632713317871,-0.6340404748916626,0.4061691164970398,3.0538158416748047,0.3187292814254761,-0.6941193453821702,0.6007524021362369,0.9054180206461364,81.0
1652957243.529004,-0.5508423447608948,-0.2874059677124023,-0.6362844109535217,-0.5091245770454407,-0.5664132833480835,-0.6480494141578674,0.3593945801258087,3.1886515617370605,0.168397456407547,-0.6659147445513924,0.6021471659657698,0.9105306772847452,81.0
1652957243.538928,-0.5688729286193848,-0.2480784058570861,-0.617347002029419,-0.4884694814682007,-0.5683218836784363,-0.6621236205101013,0.4038512706756592,3.3304338455200195,0.0536953806877136,-0.6356029299688419,0.60446492965647,0.9143354944632148,81.0
1652957243.548895,-0.5761833190917969,-0.2132489681243896,-0.5873282551765442,-0.4660833775997162,-0.5712105631828308,-0.6756365299224854,0.4777080714702606,3.399294137954712,-0.0360004156827926,-0.603876884386376,0.6079799230655237,0.9175186557267612,81.0
1652957243.558879,-0.5629492402076721,-0.1705513000488281,-0.5596266984939575,-0.4424675405025482,-0.57500159740448,-0.6881828904151917,0.5313419699668884,3.425876379013061,-0.1181333661079406,-0.5714035507623315,0.6126060789227492,0.9201324086001,81.0
1652957243.568853,-0.574904203414917,-0.1567055583000183,-0.5668423771858215,-0.4176493883132934,-0.579413115978241,-0.6998924016952515,0.5361886620521545,3.4851675033569336,-0.2212137579917907,-0.5380143605952579,0.6180084134120777,0.921838304621839,81.0
1652957243.578831,-0.6165580749511719,-0.1234898567199707,-0.603365421295166,-0.3912237882614136,-0.583981990814209,-0.7112727165222168,0.4461879730224609,3.587885856628418,-0.3303903043270111,-0.5028688846968128,0.6236254502604832,0.9219270241058372,81.0
1652957243.588931,-0.627050518989563,-0.0586204528808593,-0.5865474343299866,-0.3630311787128448,-0.5882114171981812,-0.7226448059082031,0.3341275155544281,3.660843133926392,-0.4499983489513397,-0.4655375344952721,0.6288454337542666,0.9198921024080554,81.0
1652957243.598751,-0.6025143265724182,-0.0299375057220459,-0.5675950646400452,-0.3332918584346771,-0.5920729041099548,-0.7337343692779541,0.2279718071222305,3.685449123382568,-0.6003902554512024,-0.4263747388958058,0.6336286151780444,0.915548752972154,81.0
1652957243.6086888,-0.6063457727432251,-0.0414610505104064,-0.5526409149169922,-0.3023455142974853,-0.5953083038330078,-0.744442880153656,0.091489054262638,3.652121543884277,-0.7197423577308655,-0.3857853290288505,0.63764926399605,0.9087656393311608,81.0
1652957243.618616,-0.6189430356025696,-0.0685359835624694,-0.5136229991912842,-0.2705374658107757,-0.5981475710868835,-0.7543399930000305,0.0836417898535728,3.6259162425994873,-0.8406472206115723,-0.3443522320607957,0.6411875972962384,0.9000633635924267,81.0
1652957243.628602,-0.6257026195526123,-0.0337207317352294,-0.4686437249183655,-0.2379599809646606,-0.6011956930160522,-0.7628490328788757,0.1321101784706115,3.578212261199951,-0.9567584991455078,-0.3023708418115527,0.6449965333390387,0.8899115430783331,81.0
1652957243.638655,-0.6176511645317078,0.0198849439620971,-0.45067298412323,-0.2047822475433349,-0.6046095490455627,-0.7697476148605347,0.166876420378685,3.517619609832764,-1.072334051132202,-0.2600155189594664,0.6492756181795405,0.8782844195293977,81.0
1652957243.648785,-0.6158041954040527,0.0828281641006469,-0.464960515499115,-0.1712135225534439,-0.60782390832901,-0.775394082069397,0.1123171746730804,3.4638614654541016,-1.1596465110778809,-0.2173212406189385,0.6533172731065996,0.8651518875815738,81.0
1652957243.658896,-0.6296002864837646,0.1378350257873535,-0.4996966123580932,-0.1372300684452057,-0.6101361513137817,-0.7803215384483337,0.02242137119174,3.42586612701416,-1.250131130218506,-0.1740833759893253,0.6562323908404047,0.850456309883507,81.0
1652957243.668997,-0.6523670554161072,0.1576824784278869,-0.500260591506958,-0.1025614589452743,-0.611708402633667,-0.7844067215919495,-0.0107558909803628,3.4424099922180176,-1.3552137613296509,-0.1300128239176823,0.6582183645614252,0.8342385149923863,81.0
1652957243.678896,-0.6722176671028137,0.1935955286026001,-0.4505292773246765,-0.0670248344540596,-0.6127793788909912,-0.7874065041542053,-0.013374576345086,3.4341495037078857,-1.4633649587631226,-0.0849163085121724,0.6595729094097629,0.8165509847683782,81.0
1652957243.688856,-0.6559049487113953,0.2362740635871887,-0.4050439596176147,-0.0309083443135023,-0.613525927066803,-0.789069414138794,0.0136404624208807,3.3898136615753174,-1.589422583580017,-0.039150611980732,0.6605179090244405,0.7973286447810781,81.0
1652957243.698607,-0.6403141021728516,0.2709839940071106,-0.3634167313575744,0.0055942782200872,-0.6141069531440735,-0.7892029285430908,0.0819835662841796,3.3412373065948486,-1.6930906772613523,0.0070883980033073,0.6612539524867559,0.7766143110563439,81.0
1652957243.708049,-0.6248937249183655,0.3027234077453613,-0.3063521385192871,0.0421606115996837,-0.6147598624229431,-0.7875866889953613,0.1941941976547241,3.2914836406707764,-1.7450624704360962,0.0534803460148422,0.6620814720323903,0.7548638788963824,81.0
1652957243.718264,-0.5895141959190369,0.3141142725944519,-0.307548463344574,0.078314259648323,-0.6156539916992188,-0.7841154336929321,0.2981149852275848,3.1753463745117188,-1.7878011465072632,0.0995458155685353,0.6632156106853779,0.732380340073403,81.0
1652957243.7281442,-0.5713686943054199,0.320604920387268,-0.3586767911911011,0.1135745197534561,-0.6164665818214417,-0.7791467905044556,0.3445225656032562,3.031949520111084,-1.822394847869873,0.1447483375083756,0.664247247146226,0.7092204406919504,81.0
1652957243.737907,-0.5808476209640503,0.3244407176971435,-0.3996733427047729,0.1477421522140503,-0.6169586777687073,-0.773003339767456,0.394898921251297,2.888911485671997,-1.870540261268616,0.1888498811414687,0.6648723792675664,0.6854525915528461,81.0
1652957243.747919,-0.6027676463127136,0.3183758854866028,-0.4127221703529358,0.1811520755290985,-0.6170629858970642,-0.7657787799835205,0.4425893723964691,2.777060270309448,-1.941121816635132,0.2322891091073762,0.6650048720909338,0.6607756773911593,81.0
1652957243.7579,-0.616187572479248,0.345133364200592,-0.3753664493560791,0.2139811962842941,-0.6165615916252136,-0.757669985294342,0.4615388214588165,2.660709857940674,-2.0341429710388184,0.2752514188070189,0.6643678994722035,0.6350190543781882,81.0
1652957243.767816,-0.6136670112609863,0.3760536909103393,-0.3565062880516052,0.2462659031152725,-0.615203857421875,-0.7489174008369446,0.4532788693904876,2.5168042182922363,-2.155301332473755,0.3176913789641106,0.6626444950128697,0.6080003938450742,81.0
1652957243.777912,-0.6107778549194336,0.3855161666870117,-0.3549355864524841,0.2780599892139435,-0.6127614974975586,-0.7397336363792419,0.4629157781600952,2.404714345932007,-2.287404775619507,0.359552498367427,0.6595502701841207,0.5796599215075928,81.0
1652957243.787741,-0.6448026299476624,0.3792088031768799,-0.3439744114875793,0.3095822930335998,-0.6093183755874634,-0.7299930453300476,0.4648310244083404,2.313477039337158,-2.3855855464935303,0.4010990809129766,0.6552007111682046,0.5501517761047608,81.0
1652957243.798089,-0.6616524457931519,0.4016079306602478,-0.3042986392974853,0.3404854834079742,-0.6049267649650574,-0.7198147177696228,0.4875579178333282,2.200522899627685,-2.4486844539642334,0.4418301702577187,0.64967390159299,0.5200584492057041,81.0
1652957243.807677,-0.64481520652771,0.4373015761375427,-0.2545316815376282,0.3706910312175751,-0.5996705293655396,-0.7092131972312927,0.5131852626800537,2.0788748264312744,-2.5352113246917725,0.481625970716978,0.6430893503656083,0.4893836585203654,81.0
1652957243.8176088,-0.6221076250076294,0.4815148115158081,-0.2263084053993225,0.399970144033432,-0.5933326482772827,-0.6985557675361633,0.4829612970352173,1.917863607406616,-2.6008822917938232,0.5200040747078843,0.6351927063117858,0.458441871173801,81.0
1652957243.8277,-0.6094799041748047,0.5451633930206299,-0.2451217174530029,0.4279613494873047,-0.5855362415313721,-0.6884739398956299,0.4066813588142395,1.710845708847046,-2.662322521209717,0.5561568846522665,0.6255413895091786,0.4277938494115244,81.0
1652957243.837703,-0.6066616773605347,0.5886068940162659,-0.2336140871047973,0.4544552862644195,-0.5762614011764526,-0.6792593598365784,0.3421271443367004,1.497494101524353,-2.723684787750244,0.589647539815688,0.6141467167171999,0.3976186294081963,81.0
1652957243.847673,-0.6289031505584717,0.6243242025375366,-0.1778202652931213,0.4794737696647644,-0.5656183958053589,-0.6709550619125366,0.2868857383728027,1.3143868446350098,-2.756852388381958,0.6204667049820258,0.601182922909458,0.3681029868588498,81.0
1652957243.857691,-0.6604775786399841,0.6142424941062927,-0.081929862499237,0.5030525922775269,-0.5540869235992432,-0.6632689237594604,0.3006079196929931,1.1676373481750488,-2.7464258670806885,0.6488836448915275,0.5872657231603478,0.3393757740882651,81.0
1652957243.867906,-0.6747915148735046,0.6028109192848206,-0.0486136078834533,0.5252096056938171,-0.5421761274337769,-0.6558962464332581,0.3525317907333374,1.0066529512405396,-2.757699489593506,0.6751987244859524,0.5730247620481617,0.3111508347412735,81.0
1652957243.877613,-0.6798874735832214,0.6219658851623535,-0.0221707224845886,0.5459153056144714,-0.5298770070075989,-0.6490043997764587,0.3946153223514557,0.8384066224098206,-2.7584986686706543,0.6993384482742165,0.5584555168825629,0.2832057885926583,81.0
1652957243.887557,-0.6799862384796143,0.6372346878051758,0.0485665798187255,0.5651943683624268,-0.5174080729484558,-0.6425294876098633,0.4622399806976318,0.6990564465522766,-2.7374844551086426,0.7214516925679733,0.5438193081855585,0.2556108352564862,81.0
1652957243.897551,-0.6778022646903992,0.6192296743392944,0.073160171508789,0.5831671953201294,-0.5048923492431641,-0.6363957524299622,0.516848623752594,0.5604365468025208,-2.741922378540039,0.7417802595686712,0.5292572440789383,0.2281621531282383,81.0
1652957243.907459,-0.6897730827331543,0.6301476955413818,0.0825806558132171,0.5998225212097168,-0.4920044541358948,-0.6309869289398193,0.5120841264724731,0.4069195687770843,-2.7388947010040283,0.7600832887179994,0.5143906674271418,0.2010843958894901,81.0
1652957243.9174352,-0.6780228018760681,0.6348601579666138,0.1258617937564849,0.6151413321495056,-0.4786449372768402,-0.626498281955719,0.5243729948997498,0.253704160451889,-2.7432610988616943,0.7762516466165207,0.4991107342162949,0.1745934148444312,81.0
1652957243.927382,-0.6694747805595398,0.6111017465591431,0.1734785735607147,0.6291763186454773,-0.4651502966880798,-0.6227136850357056,0.5854620933532715,0.1238851174712181,-2.7354915142059326,0.7905604212156766,0.4838043847516959,0.1482107839957112,81.0
1652957243.937495,-0.6564962863922119,0.6244648694992065,0.2122990489006042,0.6419546604156494,-0.4517399072647095,-0.619536280632019,0.6224626898765564,0.0017964979633688,-2.694058418273926,0.8031676119512372,0.468714630741015,0.1220893819204586,81.0
1652957243.947291,-0.6245726943016052,0.6211922764778137,0.1707676649093628,0.653457522392273,-0.4382084310054779,-0.6172249913215637,0.5957575440406799,-0.1306534260511398,-2.684646844863892,0.8139046975441439,0.4536045699070544,0.0964987197010795,81.0
1652957243.957283,-0.6248481273651123,0.6125776767730713,0.1788715720176696,0.6637579798698425,-0.4242786169052124,-0.6159651279449463,0.5651498436927795,-0.2458087801933288,-2.6444613933563232,0.8227270375004964,0.4381651119991667,0.0717086297782902,81.0
1652957243.967197,-0.6225816607475281,0.596534788608551,0.2450184524059295,0.6727677583694458,-0.4103321135044098,-0.6156387329101562,0.5726168155670166,-0.3626480996608734,-2.5934176445007324,0.8297099710496476,0.4228182102802743,0.0477161288343638,81.0
1652957243.977178,-0.6033051609992981,0.5765774250030518,0.2949321866035461,0.6805756092071533,-0.3966777622699737,-0.616006076335907,0.6321502327919006,-0.4652261435985565,-2.556047916412353,0.8351568646899098,0.4078948280793261,0.0240143617305281,81.0
1652957243.987123,-0.595851719379425,0.5570905208587646,0.3221356868743896,0.6872212886810303,-0.3834607005119324,-0.6169964075088501,0.673603355884552,-0.573784351348877,-2.503527402877808,0.8391906458529643,0.3935405342289893,0.0003991399330511,81.0
1652957243.997418,-0.5823023319244385,0.5546719431877136,0.3240715265274048,0.6926080584526062,-0.3707175850868225,-0.6187587976455688,0.6752108335494995,-0.6840711832046509,-2.4277212619781494,0.8416534382704943,0.379781535018953,-0.0227658623776454,81.0
1652957244.007189,-0.5511834621429443,0.5634157061576843,0.3136988878250122,0.6966301798820496,-0.3584071099758148,-0.6214906573295593,0.6683837175369263,-0.8093563914299011,-2.346668243408203,0.8423416029137397,0.3665610919326949,-0.0450930456148357,81.0
1652957244.017029,-0.5360619425773621,0.5415290594100952,0.3112920224666595,0.6994225382804871,-0.3463261425495147,-0.6251929402351379,0.6320688724517822,-0.9270577430725098,-2.303921222686768,0.8413781744043787,0.3536520571887188,-0.0667656321216886,81.0
1652957244.02705,-0.5261213183403015,0.5640488862991333,0.3774369657039642,0.7007580995559692,-0.3346970677375793,-0.630012571811676,0.5960187315940857,-1.0860110521316528,-2.237398624420166,0.8385094703966484,0.3412837304187747,-0.0876623105718839,81.0
1652957244.036919,-0.490895926952362,0.5661545991897583,0.4100599586963653,0.7005974054336548,-0.3230543136596679,-0.6362382173538208,0.5397538542747498,-1.2367780208587646,-2.163022756576538,0.8335039512323238,0.3289550683298434,-0.1076750848499021,81.0
1652957244.046914,-0.4695782661437988,0.5322591066360474,0.3913860321044922,0.699009358882904,-0.3116130232810974,-0.6436482667922974,0.5377790927886963,-1.3776792287826538,-2.1208627223968506,0.8266073108893897,0.3168901193833529,-0.1270204754599022,81.0
1652957244.056903,-0.4682455658912658,0.4907500147819519,0.4223983883857727,0.6960592865943909,-0.3006179928779602,-0.6520201563835144,0.5292753577232361,-1.502973556518555,-2.041001319885254,0.8180545879802531,0.3053405469807909,-0.1459653590639645,81.0
1652957244.0668569,-0.4520816802978515,0.4683032035827636,0.4680906534194946,0.6915988326072693,-0.2900968492031097,-0.6614641547203064,0.4721214175224304,-1.658371925354004,-1.9645442962646484,0.8076659398220633,0.2943280387336848,-0.1641605560705784,81.0
1652957244.076911,-0.4459355473518371,0.4294629096984863,0.4881208539009094,0.6856205463409424,-0.2798536121845245,-0.6720166206359863,0.4103531241416931,-1.7753022909164429,-1.8851066827774048,0.7954181138242635,0.2836416172870847,-0.1813502604135005,81.0
1652957244.086783,-0.4596515297889709,0.3654764294624328,0.5113171935081482,0.6784473061561584,-0.2699841260910034,-0.6832407116889954,0.3947212994098663,-1.859566569328308,-1.824664831161499,0.7818779975322065,0.273376560432075,-0.1978208642866336,81.0
1652957244.096943,-0.4618808031082153,0.3313319087028503,0.5736560821533203,0.6700411438941956,-0.2608203291893005,-0.6949945688247681,0.3996481597423553,-1.955713987350464,-1.7157484292984009,0.7671197499569755,0.2638718570124687,-0.2137436064402751,81.0
1652957244.106648,-0.4231938123703003,0.2939099669456482,0.6388422250747681,0.6602238416671753,-0.2526879906654358,-0.7072857618331909,0.42642942070961,-2.0713961124420166,-1.606711745262146,0.7509973896255646,0.2554574099440942,-0.2290703039408512,81.0
1652957244.116565,-0.409548819065094,0.2607258558273315,0.6597197651863098,0.6490659713745117,-0.2458555698394775,-0.7199085354804993,0.4972364902496338,-2.139811754226685,-1.484496831893921,0.7336956382698617,0.2484022495624214,-0.2439991425471378,81.0
1652957244.12654,-0.4255953431129455,0.2782229781150818,0.6653904318809509,0.6369753479957581,-0.2406162023544311,-0.7323703169822693,0.5315043330192566,-2.155045509338379,-1.3285236358642578,0.7158459035234289,0.2430006593355223,-0.2583358865075323,81.0
1652957244.136526,-0.3816580772399902,0.2835679054260254,0.6718745231628418,0.623677670955658,-0.2366175055503845,-0.7450088858604431,0.5220588445663452,-2.2811925411224365,-1.1936893463134766,0.6969813854474065,0.2388830074628985,-0.2716982301759154,81.0
1652957244.146651,-0.4017937779426574,0.2773178815841675,0.665454626083374,0.6090538501739502,-0.2334782779216766,-0.75798499584198,0.4610804915428161,-2.3068671226501465,-1.0369585752487185,0.6768818064748556,0.2356532978805516,-0.2837644000201372,81.0
1652957244.15644,-0.4080719351768493,0.2576043605804443,0.6845071315765381,0.5937713980674744,-0.2307106852531433,-0.7708489298820496,0.3342389166355133,-2.3216514587402344,-0.9122459292411804,0.6563559887109784,0.2328080118812942,-0.2941439352017083,81.0
1652957244.166383,-0.3078979253768921,0.2356313467025756,0.7563694715499878,0.5770629048347473,-0.2278354465961456,-0.7842763066291809,0.2161563634872436,-2.495398998260498,-0.7785050272941589,0.634344704394778,0.2298540876595155,-0.302720324004711,81.0
1652957244.1763492,-0.2084846496582031,0.1637344360351562,0.8438313007354736,0.5581702589988708,-0.2253772914409637,-0.7985305190086365,0.1786606311798095,-2.701479434967041,-0.6257138848304749,0.6100523499925858,0.2273302740473269,-0.3097433178665227,81.0
1652957244.186288,-0.2092955112457275,0.0939528942108154,0.8496796488761902,0.53706955909729,-0.2239471822977066,-0.8132674098014832,0.188632383942604,-2.8328065872192383,-0.4268948435783386,0.5836410932284704,0.2258626537345618,-0.3152589042668793,81.0
1652957244.196312,-0.2271366119384765,0.0604636073112487,0.8192344307899475,0.5142154097557068,-0.224126324057579,-0.827858567237854,0.258177101612091,-2.9319963455200195,-0.1910074651241302,0.5558182039021435,0.2260464583824111,-0.3191301917074952,81.0
1652957244.206222,-0.2164322733879089,0.0446317791938781,0.7534030079841614,0.4895951151847839,-0.2260744720697403,-0.8421323895454407,0.2939584255218506,-3.024122714996338,0.0205081328749656,0.5266124300534272,0.2280459198883811,-0.321320746898281,81.0
1652957244.216335,-0.2620240151882171,0.0591343641281127,0.6829002499580383,0.4638367593288421,-0.2288901805877685,-0.8558415174484253,0.2375467866659164,-2.98669171333313,0.200351133942604,0.496653930950756,0.2309374501546472,-0.3217019030964753,81.0
1652957244.22615,-0.2220949828624725,0.1040264368057251,0.7013067603111267,0.4375796318054199,-0.2315953969955444,-0.8688426613807678,0.1083254218101501,-3.024089097976685,0.3377628922462463,0.4665514253760815,0.2337173493666843,-0.3200405555909001,81.0
1652957244.2361112,-0.0763439834117889,0.0767590403556823,0.7659755945205688,0.4095501899719238,-0.2335963696241378,-0.8818737864494324,-0.0165717676281929,-3.1788253784179688,0.4089992642402649,0.4347717175027675,0.2357747535299831,-0.3167768455295993,81.0
1652957244.246067,-0.1234285831451416,-0.0099598169326782,0.8210242390632629,0.3803865909576416,-0.2346441745758056,-0.8945658802986145,-0.1405431777238845,-3.170470952987671,0.5054557919502258,0.4020563074625224,0.2368525043083967,-0.312207171819664,81.0
1652957244.256041,-0.1546536684036255,-0.1087118983268737,0.8556362390518188,0.3506681025028229,-0.2350154817104339,-0.9065316319465636,-0.2398798912763595,-3.172515392303467,0.6436046361923218,0.369096323297808,0.237234502780805,-0.3060021596990748,81.0
1652957244.265988,-0.1049533486366272,-0.1703752875328064,0.8519497513771057,0.319980263710022,-0.2347469627857208,-0.9178815484046936,-0.3262227475643158,-3.2177460193634038,0.7872794270515442,0.3354336244489265,0.236958245730203,-0.2981353496696872,81.0
1652957244.275914,-0.1110140681266784,-0.2178683280944824,0.831714391708374,0.2885653376579284,-0.2344547808170318,-0.9283108115196228,-0.2983240187168121,-3.1531307697296143,0.9698572158813475,0.3013808935165075,0.2366576808600773,-0.2885972049406561,81.0
1652957244.285888,-0.0987925231456756,-0.2912592887878418,0.8080180883407593,0.2571025192737579,-0.2349894940853119,-0.9373784065246582,-0.2150152772665023,-3.088259220123291,1.1704668998718262,0.2676950863509474,0.237207752708658,-0.2773767099848239,81.0
1652957244.295886,-0.0898499190807342,-0.3269202709197998,0.7174637317657471,0.2256684750318527,-0.236354112625122,-0.9450981020927428,-0.145034059882164,-2.963685750961304,1.3412977457046509,0.2343890457822147,0.2386119252840404,-0.264421679701611,81.0
1652957244.305793,-0.0606711953878402,-0.337974488735199,0.6854227185249329,0.1947349607944488,-0.2381723374128341,-0.9514999985694884,-0.0984511226415634,-2.898008108139038,1.4928466081619265,0.2018732729399178,0.2404835921115688,-0.2499788517574871,81.0
1652957244.315927,0.0083171427249908,-0.3780590891838074,0.6917325854301453,0.1637715250253677,-0.2399503290653228,-0.9568713307380676,-0.1164540946483612,-2.823784112930298,1.6128499507904053,0.1695106908287043,0.2423146789170552,-0.234084074119656,81.0
1652957244.325734,-0.0322272777557373,-0.4238014221191406,0.604661226272583,0.1333626061677932,-0.2410137057304382,-0.9613151550292968,-0.1708583384752273,-2.732612371444702,1.664034128189087,0.1378494806541509,0.2434102136000055,-0.2172358177944245,81.0
1652957244.335706,-0.0295679122209548,-0.4875018000602722,0.6343164443969727,0.1031000837683677,-0.2410210967063903,-0.9650281071662904,-0.246201291680336,-2.733091115951538,1.715437889099121,0.1064326368698127,0.243417833300018,-0.1997713838250632,81.0
1652957244.345652,-0.0357304736971855,-0.5769028067588806,0.6890923976898193,0.0727788805961608,-0.2399651557207107,-0.9680495858192444,-0.2859499156475067,-2.692847490310669,1.7886110544204712,0.0750397811340896,0.242329954714008,-0.1816516701478397,81.0
1652957244.3556252,-0.072352610528469,-0.6625185012817383,0.7009638547897339,0.0427658967673778,-0.238118976354599,-0.9702939987182616,-0.3220932781696319,-2.593283176422119,1.9205727577209477,0.0440466867707954,0.2404286615274696,-0.1625662935217631,81.0
1652957244.365567,-0.0894597247242927,-0.7216118574142456,0.6533094048500061,0.0138982823118567,-0.2356763035058975,-0.9717321991920472,-0.3008594810962677,-2.3595876693725586,2.158372163772583,0.0143016091604404,0.2379144230523783,-0.1416032693513638,81.0
1652957244.375566,-0.0059999590739607,-0.8028613328933716,0.4516382217407226,-0.0130734415724873,-0.2331780791282653,-0.9723461866378784,-0.2122388035058975,-2.134294271469116,2.357321262359619,-0.0134444440648248,0.2353445814859244,-0.1183920563428535,81.0
1652957244.385645,0.0800345540046691,-0.8404415249824524,0.2904634475708008,-0.038469523191452,-0.2309236228466034,-0.9722110629081726,-0.1333764195442199,-1.9579594135284424,2.4740092754364014,-0.0395484752632867,0.2330268521872334,-0.0937078958704318,81.0
1652957244.395463,0.0780157670378685,-0.8380684852600098,0.2875992059707641,-0.062390673905611,-0.2288681119680404,-0.971455991268158,-0.0207132492214441,-1.7827744483947754,2.5580453872680664,-0.0641357942570125,0.2309147681633372,-0.0679765847705348,81.0
1652957244.4053922,0.0168940052390098,-0.8687227368354797,0.3113344311714172,-0.0844903439283371,-0.2273347675800323,-0.9701444506645204,0.0907791256904602,-1.583307862281799,2.5792181491851807,-0.0868712902054943,0.2293399118098499,-0.0417004948037553,81.0
1652957244.415326,-0.0482989847660064,-0.8935296535491943,0.3369559049606323,-0.1047007963061332,-0.2261923104524612,-0.9684393405914308,0.1635992676019668,-1.3819339275360107,2.5793747901916504,-0.1076946166850994,0.228166897972482,-0.0153128032481498,81.0
1652957244.425328,-0.1014925017952919,-0.921401023864746,0.289129376411438,-0.1226742640137672,-0.2248288244009018,-0.9666452407836914,0.1486527323722839,-1.1450388431549072,2.59670639038086,-0.1262324375442832,0.2267673594789128,0.011159750898964,81.0
1652957244.43536,-0.0939701348543167,-0.9414837956428528,0.1795235127210617,-0.1384821534156799,-0.222263365983963,-0.9651018977165222,0.0221912078559398,-0.92847740650177,2.6544740200042725,-0.142516882717933,0.2241352939068073,0.037845479734811,81.0
1652957244.4452329,-0.055105984210968,-0.9750323295593262,0.0181538015604019,-0.1523371338844299,-0.217967614531517,-0.963993489742279,-0.1080762520432472,-0.7486100196838379,2.654520273208618,-0.1567310516162053,0.2197315342290438,0.0646409711185885,81.0
1652957244.455353,-0.026912122964859,-1.0086824893951416,-0.0181328505277633,-0.1644024848937988,-0.2125952690839767,-0.9632108211517334,-0.1164886429905891,-0.5719191431999207,2.660608053207397,-0.1690526618329393,0.2142301856986478,0.0911485294373972,81.0
1652957244.465131,-0.0202846080064773,-1.0231229066848757,0.0317484885454177,-0.1746615618467331,-0.2073466032743454,-0.962549090385437,-0.0313405953347682,-0.4073342084884643,2.6779680252075195,-0.179504157575494,0.2088618369039851,0.1178210218529151,81.0
1652957244.475202,-0.0232340097427368,-1.0088136196136477,-0.0177137851715087,-0.1832173019647598,-0.2027604579925537,-0.9619353413581848,0.0829633474349975,-0.2445194870233535,2.661332845687866,-0.1882129926868474,0.2041761131334177,0.1445809331761373,81.0
1652957244.485081,-0.0685992687940597,-0.9983931183815002,-0.0760776251554489,-0.1899302899837494,-0.1992367058992386,-0.9613694548606871,0.2260563820600509,-0.0460371784865856,2.6627888679504395,-0.1950504579685696,0.2005789414851494,0.1714061949029517,81.0
1652957244.495068,-0.1346534192562103,-1.0136702060699463,-0.1499127447605133,-0.1944480389356613,-0.1965685784816742,-0.9610154628753662,0.3628195524215698,0.1713689118623733,2.6591382026672363,-0.1996407097885629,0.1978569818296811,0.1985191580320613,81.0
1652957244.505064,-0.1879656165838241,-1.0250365734100342,-0.2138468921184539,-0.1968914568424224,-0.195393830537796,-0.9607574939727784,0.474315881729126,0.4024069011211395,2.644547700881958,-0.2021348369309185,0.1966589993285503,0.2257532237463509,81.0
1652957244.514965,-0.2179033458232879,-1.04649019241333,-0.274674654006958,-0.1969067305326461,-0.1947009414434433,-0.96089506149292,0.4543458819389343,0.6647874116897583,2.6220290660858154,-0.2021219432763846,0.1959525451169713,0.2529526543539456,81.0
1652957244.525008,-0.2519502341747284,-1.0573463439941406,-0.4441937804222107,-0.1942319124937057,-0.1935778260231018,-0.9616660475730896,0.3562872111797333,0.9240678548812866,2.515573024749756,-0.1992932850063568,0.1948076505700633,0.2793529495420674,81.0
1652957244.534838,-0.263781726360321,-1.0225478410720823,-0.4616276025772095,-0.1891600638628006,-0.1920283734798431,-0.9629867672920228,0.3162127733230591,1.1152338981628418,2.400653123855591,-0.1939610939676646,0.1932285755018582,0.3044930641571284,81.0
1652957244.544841,-0.296714186668396,-0.9771317839622498,-0.4140974283218384,-0.1819234192371368,-0.1907152086496353,-0.9646406173706056,0.3164632022380829,1.326664924621582,2.275593042373657,-0.1864025607565167,0.1918906775788963,0.3284058629811831,81.0
1652957244.554792,-0.3500180840492248,-0.920323371887207,-0.4394320249557495,-0.1721986234188079,-0.1900083124637603,-0.9665632247924804,0.3494722843170166,1.5617337226867676,2.14415979385376,-0.1763058236698013,0.1911706069953928,0.3510536700979598,81.0
1652957244.564762,-0.3799517750740051,-0.8436078429222107,-0.4584948718547821,-0.1599345952272415,-0.1901104748249054,-0.9686480164527892,0.3784559965133667,1.7950319051742554,2.045348882675171,-0.1636348281101799,0.1912746727689219,0.3725617715060513,81.0
1652957244.574716,-0.3957297205924988,-0.7865874767303467,-0.5287384986877441,-0.1454841792583465,-0.1903624832630157,-0.9708740711212158,0.3017825186252594,1.986767053604126,1.970580458641052,-0.1487419268802953,0.1915313650203395,0.393268753629979,81.0
1652957244.584656,-0.4225940704345703,-0.7524169683456421,-0.6941850185394287,-0.12884321808815,-0.1902448832988739,-0.9732452630996704,0.2218400686979293,2.1927952766418457,1.827643871307373,-0.1316197887759831,0.1914115845927998,0.4127179926549412,81.0
1652957244.594656,-0.4573373794555664,-0.6855443716049194,-0.7048907279968262,-0.1099537834525108,-0.19009830057621,-0.9755884408950806,0.1783647686243057,2.3743042945861816,1.6726956367492676,-0.1122314879660721,0.1912622777634246,0.4305719876115311,81.0
1652957244.604593,-0.4678978621959686,-0.5981611013412476,-0.6431040167808533,-0.0891699269413948,-0.1899496018886566,-0.9777361154556274,0.1154153570532798,2.516241788864136,1.5044206380844116,-0.0909488061932707,0.1911108076201283,0.4467729798672584,81.0
1652957244.614542,-0.4587734639644623,-0.5329119563102722,-0.6348908543586731,-0.0667849257588386,-0.1897704303264618,-0.9795544743537904,0.0849131122231483,2.619473457336426,1.3199594020843506,-0.0680735317119359,0.1909283214192567,0.4610851026683869,81.0
1652957244.62451,-0.4414976239204407,-0.4814552664756775,-0.5991142392158508,-0.0432435050606727,-0.1902687102556228,-0.9807791709899902,0.1631766259670257,2.6804800033569336,1.178387999534607,-0.0440624309311625,0.1914358490422054,0.4737874204162406,81.0
1652957244.634591,-0.4523616731166839,-0.4170035123825073,-0.5547288656234741,-0.0190585516393184,-0.191868394613266,-0.9812355637550354,0.2305159866809845,2.7106175422668457,1.0901172161102295,-0.0194205707323785,0.19306556640677,0.4852897952233752,81.0
1652957244.644403,-0.4799225926399231,-0.3519850373268127,-0.5577085018157959,0.0056031877174973,-0.194351464509964,-0.9809159636497498,0.2937273681163788,2.7528109550476074,1.0580685138702393,0.0057121373882978,0.1955962593362588,0.4961760845378737,81.0
1652957244.654398,-0.4946655929088592,-0.2723950147628784,-0.5636656284332275,0.0307984557002782,-0.1978852599859237,-0.9797412157058716,0.3994724452495575,2.818225860595703,1.037023663520813,0.0314249483521295,0.1992000493662666,0.5067607827581488,81.0
1652957244.66435,-0.4801534116268158,-0.2101088762283325,-0.5451053380966187,0.0562185272574424,-0.2027278989553451,-0.977620005607605,0.501676619052887,2.81020188331604,0.997189462184906,0.0574422383632079,0.2041428635195041,0.5168979207802925,81.0
1652957244.674335,-0.4726080596446991,-0.1763043403625488,-0.5750232934951782,0.0814643204212188,-0.2085155695676803,-0.9746203422546388,0.5465772151947021,2.7903623580932617,0.897940456867218,0.0833918530302327,0.2100569149850887,0.5262012703170134,81.0
1652957244.684252,-0.5066995620727539,-0.1503114104270935,-0.6082658171653748,0.1068278178572654,-0.2145949155092239,-0.9708433747291564,0.5517055988311768,2.811387062072754,0.7514153718948364,0.1095951956248828,0.216277066131183,0.5340061442556434,81.0
1652957244.694242,-0.5496547818183899,-0.1002750396728515,-0.5611214637756348,0.1328152120113372,-0.2206473648548126,-0.9662685394287108,0.5340826511383057,2.881974458694458,0.6240656971931458,0.1365957235060932,0.2224781380879523,0.5402845733535963,81.0
1652957244.7043371,-0.5534071922302246,-0.0473300218582153,-0.5250654816627502,0.1593337655067443,-0.2263535857200622,-0.9609249830245972,0.4856292903423309,2.889954805374145,0.4550937116146087,0.1643178806445522,0.2283324714381721,0.5449629395582012,81.0
1652957244.714218,-0.5440083742141724,-0.0041320919990539,-0.5081824660301208,0.1860372275114059,-0.2313042283058166,-0.9549285173416138,0.4164731204509735,2.8906168937683105,0.3061031401157379,0.1924079070792752,0.233418045814064,0.5479415903604495,81.0
1652957244.724705,-0.5637641549110413,0.0274790525436401,-0.4922088086605072,0.212995171546936,-0.2355286329984665,-0.9482401013374328,0.3698498904705047,2.919203758239746,0.1843719035387039,0.220954199777699,0.2377624655569019,0.549554484093925,83.0
1652957244.73412,-0.5759178400039673,0.0551351904869079,-0.4747177958488464,0.240194022655487,-0.239225685596466,-0.9407857656478882,0.3556826710700989,2.933525800704956,0.0934225544333458,0.2499720315057363,0.2415683062392897,0.5500487801204642,83.0
1652957244.743974,-0.5635607242584229,0.0743231177330017,-0.4482173025608063,0.2674028873443603,-0.2426854223012924,-0.9325231909751892,0.36220383644104,2.913990974426269,0.0061795255169272,0.2792587855253905,0.2451330703856815,0.5495863980265007,83.0
1652957244.753985,-0.5549526214599609,0.1056299805641174,-0.4303516149520874,0.2942257523536682,-0.2460094839334488,-0.9235315322875975,0.3806893527507782,2.8754799365997314,-0.0772884711623191,0.3084212607087179,0.2485610460239756,0.5481432925486135,83.0
1652957244.76397,-0.5584992170333862,0.1292055249214172,-0.4207077622413635,0.3207367956638336,-0.2492598891258239,-0.9137819409370422,0.4133793413639068,2.8534915447235107,-0.1602513790130615,0.3375647677868573,0.2519159524157713,0.5457201396482554,83.0
1652957244.7740722,-0.5562207698822021,0.1449465751647949,-0.4269512295722961,0.3469007313251495,-0.2524311244487762,-0.9032930731773376,0.4425108432769775,2.8076961040496826,-0.2632216811180115,0.3666725617924595,0.2551919299471223,0.5421213189770265,83.0
1652957244.7838678,-0.5477043390274048,0.1797387599945068,-0.393923670053482,0.3725029230117798,-0.2554293572902679,-0.8921868801116943,0.4850252568721771,2.747280597686768,-0.3514279127120971,0.3955152061244918,0.258291775452976,0.5374146513137987,83.0
1652957244.7938318,-0.5277925729751587,0.2063480615615844,-0.3464617133140564,0.3974062502384186,-0.2585492730140686,-0.880466103553772,0.5654968619346619,2.663102626800537,-0.4329531490802765,0.4239834407511774,0.2615201246566322,0.531514885815284,83.0
1652957244.803781,-0.5080735683441162,0.2254115939140319,-0.3231823742389679,0.4215104281902313,-0.2618243396282196,-0.8682032823562622,0.6228712797164917,2.591561079025269,-0.5125331878662109,0.4519783443834656,0.2649120107912393,0.5244766137713439,83.0
1652957244.813746,-0.4988956153392792,0.2375528216361999,-0.3516327738761902,0.4448337256908417,-0.2647765278816223,-0.8555794954299927,0.6123499274253845,2.508198976516724,-0.5825135707855225,0.4794570732213706,0.2679721827224727,0.5165241368399349,83.0
1652957244.823691,-0.4814728200435638,0.2430354356765747,-0.3758651912212372,0.4674042165279388,-0.2671707272529602,-0.8427057862281799,0.62446129322052,2.4390294551849365,-0.6784594655036926,0.5064039422593439,0.2704558245214004,0.5077866718448611,83.0
1652957244.8335938,-0.4817768633365631,0.2473140954971313,-0.3301619589328766,0.4893452227115631,-0.2689286172389984,-0.8295894265174866,0.6144025325775146,2.3572182655334477,-0.7510069012641907,0.5329334656000422,0.2722805099142087,0.4981499801609971,83.0
1652957244.8437328,-0.4712339043617248,0.2746297717094421,-0.2812913358211517,0.5102353096008301,-0.2699781656265259,-0.8165608644485474,0.5857272148132324,2.230473279953003,-0.8217912912368774,0.5584978473347509,0.2733703566553813,0.4880068015213928,83.0
1652957244.853565,-0.4508625268936157,0.2658436298370361,-0.2853865921497345,0.5300861597061157,-0.270140141248703,-0.8037617206573486,0.5662410855293274,2.112308979034424,-0.9084199666976928,0.583029225896361,0.2735385867579441,0.4772565525281828,83.0
1652957244.8633718,-0.4511976838111877,0.2519977688789367,-0.2738707363605499,0.5490370392799377,-0.2696473002433777,-0.7911059856414795,0.602668046951294,2.016479730606079,-0.9876550436019896,0.6066958412540467,0.2730267461407873,0.4657611927288266,83.0
1652957244.873492,-0.4500432014465332,0.2548954486846924,-0.2470000684261322,0.5671390891075134,-0.2688233256340027,-0.7785160541534424,0.6434144377708435,1.9149065017700195,-1.0558838844299316,0.6295902564882981,0.2721711737281259,0.4533883926246702,83.0
1652957244.883455,-0.4496102929115295,0.2654241323471069,-0.2324282228946685,0.5843605995178223,-0.2676633298397064,-0.7660802602767944,0.6571471691131592,1.8162468671798704,-1.107238531112671,0.6516384444737996,0.2709670611476167,0.4403813827255524,83.0
1652957244.893653,-0.4607738256454468,0.2848522067070007,-0.2412615120410919,0.600757896900177,-0.2658338248729706,-0.7539379000663757,0.6339779496192932,1.7170007228851318,-1.173137903213501,0.6728030761666312,0.2690687722013046,0.4270233633238737,83.0
1652957244.903532,-0.4564669728279114,0.3115410208702087,-0.2164463400840759,0.6163026690483093,-0.2631678879261017,-0.742235541343689,0.6305139660835266,1.5965536832809448,-1.2559093236923218,0.692965012913591,0.2663043896669558,0.4131807039626523,83.0
1652957244.9134889,-0.4385737180709839,0.3253030776977539,-0.1629666984081268,0.6309259533882141,-0.2597627937793731,-0.7310647368431091,0.6306583285331726,1.4747081995010376,-1.342727541923523,0.7120063603963344,0.2627765591862707,0.3987712844288584,83.0
1652957244.923279,-0.4498891830444336,0.337782621383667,-0.1366289854049682,0.6448811888694763,-0.2554303109645843,-0.7203356623649597,0.6056044697761536,1.403435230255127,-1.431167721748352,0.730185133273734,0.2582927599233092,0.3837910340334704,83.0
1652957244.933254,-0.4412598609924316,0.3776540756225586,-0.0856520235538482,0.6582397818565369,-0.2502244412899017,-0.7100057005882263,0.5746987462043762,1.31497061252594,-1.4731072187423706,0.747582406933342,0.2529120499927515,0.3686594039646983,83.0
1652957244.943602,-0.3893252611160278,0.3983992338180542,-0.0490295886993408,0.6707277894020081,-0.2442290633916854,-0.7003401517868042,0.5421663522720337,1.188435196876526,-1.5285319089889526,0.7638034906351243,0.2467246068723887,0.3534804475760905,83.0
1652957244.953167,-0.363818883895874,0.4027802348136902,-0.0366469770669937,0.6822392344474792,-0.2375076711177826,-0.6914764642715454,0.526823878288269,1.0697392225265503,-1.5611242055892944,0.7786739807741414,0.2397992964594371,0.3382776475610423,83.0
1652957244.963132,-0.3637399673461914,0.3985782861709595,-0.0512960851192474,0.6928872466087341,-0.2302591055631637,-0.683292031288147,0.5000887513160706,0.9773919582366944,-1.5811182260513306,0.7923704410018445,0.2323439318434342,0.3231517591718793,83.0
1652957244.973081,-0.3611088395118713,0.4046201109886169,-0.0569203943014144,0.7026920318603516,-0.2225290685892105,-0.6757992506027222,0.4705212712287903,0.8527418971061707,-1.592125415802002,0.8049045441577595,0.2244078236852376,0.3082955461570484,83.0
1652957244.983192,-0.3283288478851318,0.4064610600471496,-0.046036496758461,0.7113091349601746,-0.2142936885356903,-0.6694157719612122,0.4493215084075928,0.6788346767425537,-1.61844801902771,0.8157304580765073,0.2159686681474178,0.293621808020921,83.0
1652957244.993223,-0.3101652264595032,0.3992068171501159,-0.0165462344884872,0.7187345027923584,-0.2056980431079864,-0.6641603708267212,0.4565967321395874,0.5354021787643433,-1.6507165431976318,0.8248413889343984,0.2071769465297605,0.2789089867893428,83.0
1652957245.002943,-0.3140106797218323,0.4015105962753296,0.0187276750802993,0.7252349853515625,-0.196782499551773,-0.6597808003425598,0.4626564681529999,0.4309821128845215,-1.6715809106826782,0.8326217978472876,0.1980751698819383,0.2639885344236816,83.0
1652957245.012918,-0.2974265813827514,0.4129645228385925,0.0429529547691345,0.7308676242828369,-0.1876367926597595,-0.6562200784683228,0.4297509789466858,0.3037823438644409,-1.6712805032730105,0.839162328003482,0.1887556468929456,0.2492655919384828,83.0
1652957245.022832,-0.273755133152008,0.4127631783485412,-0.0081494599580764,0.7355165481567383,-0.1778551787137985,-0.6537452340126038,0.3717047870159149,0.1788418442010879,-1.732999324798584,0.8441898810860521,0.1788064422356891,0.2347715389052435,83.0
1652957245.032848,-0.2893404364585876,0.4176642894744873,-0.0057647079229354,0.7393220067024231,-0.1672394424676895,-0.6522528529167175,0.327272891998291,0.0626950040459632,-1.775007724761963,0.8478855085949037,0.1680290046176325,0.220369295659735,83.0
1652957245.042778,-0.2939835786819458,0.4142273664474487,0.0437297821044921,0.7421340942382812,-0.1561565399169922,-0.651806652545929,0.3325057327747345,-0.0834938958287239,-1.8138360977172847,0.8501077854846595,0.1567982507122808,0.2059412279018469,83.0
1652957245.052907,-0.303189754486084,0.4107040762901306,0.07797172665596,0.7440316081047058,-0.1448663026094436,-0.6522505283355713,0.3540544211864471,-0.1598035842180252,-1.8452973365783687,0.8510361869612839,0.1453778447453536,0.1911774965743956,83.0
1652957245.1151772,-0.3131086826324463,0.4239882230758667,0.1181817203760147,0.7453901767730713,-0.1336236149072647,-0.6530988812446594,0.3878258466720581,-0.2213149964809417,-1.840869784355164,0.8512961655267173,0.1340244926678402,0.1761484318330499,83.0
1652957245.1244822,-0.2666090130805969,0.3390095233917236,0.1422884166240692,0.7288435101509094,-0.0740053206682205,-0.6806690692901611,0.4517983198165893,-1.099395513534546,-1.693215012550354,0.8195629556108022,0.0740730429643256,0.0860143291558105,83.0
1652957245.132526,-0.2413461208343505,0.363788366317749,0.1896222531795501,0.7221047282218933,-0.0649884790182113,-0.6887242794036865,0.4207277595996856,-1.222728610038757,-1.650576949119568,0.8090539041411993,0.0650343109826628,0.0713932613378783,83.0
1652957245.142459,-0.1935248374938964,0.3910239338874817,0.2169025540351867,0.7140936851501465,-0.0560596585273742,-0.697801947593689,0.381576657295227,-1.380239963531494,-1.6190623044967651,0.796936594659233,0.0560890620083921,0.0571703772758701,83.0
1652957245.157349,-0.1642525792121887,0.3896872401237488,0.2401779592037201,0.704840898513794,-0.0475204922258853,-0.707771897315979,0.4021450579166412,-1.491478681564331,-1.571845531463623,0.7833232723515133,0.0475383969073793,0.0432130414975346,83.0
1652957245.16275,-0.1679677963256836,0.3658562898635864,0.2771245837211609,0.6946706175804138,-0.0397741310298442,-0.7182274460792542,0.4469117224216461,-1.5729568004608154,-1.525111436843872,0.7687270123814589,0.0397846257120693,0.029184718158557,83.0
1652957245.172213,-0.1874505877494812,0.3661339282989502,0.3066476285457611,0.6833001375198364,-0.0328134074807167,-0.7293998599052429,0.4520559012889862,-1.7353768348693848,-1.4459316730499268,0.752777413811024,0.0328193004104294,0.0153674447642191,83.0
1652957245.182221,-0.1715878248214721,0.3364874124526977,0.2646453976631164,0.6705349087715149,-0.0267761312425136,-0.741394579410553,0.4976511001586914,-1.858410120010376,-1.3831140995025637,0.7352538333882583,0.0267793323896691,0.0018092508228611,83.0
1652957245.192086,-0.2078641057014465,0.2977698445320129,0.2310276180505752,0.6565945148468018,-0.0217075478285551,-0.7539312839508057,0.531983494758606,-1.9780254364013672,-1.3132606744766235,0.7164999746542251,0.0217092521798847,-0.0116674768341332,83.0
1652957245.201992,-0.2464862465858459,0.3077272176742553,0.2478577941656112,0.641597330570221,-0.0178620722144842,-0.7668336033821106,0.5747966766357422,-2.027463912963867,-1.18096125125885,0.6967123794011025,0.0178630228553667,-0.0247071305986397,83.0
1652957245.211828,-0.2055003643035888,0.3164601922035217,0.2825630903244018,0.6261240839958191,-0.0149697326123714,-0.7795796394348145,0.549930214881897,-2.053044319152832,-1.1266940832138062,0.6766623790545584,0.0149702915111342,-0.0371209167228056,83.0
1652957245.221994,-0.1197637915611267,0.3182178139686584,0.320227563381195,0.6095403432846069,-0.0123204393312335,-0.7926592826843262,0.4906425178050995,-2.23756742477417,-1.0568071603775024,0.6555390157244939,0.0123207513009114,-0.048902332222056,83.0
1652957245.231933,-0.0773653388023376,0.3066863417625427,0.3146892786026001,0.5913118124008179,-0.009986518882215,-0.8063811659812927,0.4400738775730133,-2.332566261291504,-0.9726909399032592,0.6327211447790753,0.0099866852573459,-0.0597110513443934,83.0
1652957245.241702,-0.1087467074394226,0.2427303791046142,0.3126680254936218,0.5731174349784851,-0.0077821635641157,-0.819436252117157,0.3831773400306701,-2.1745738983154297,-0.9488236904144288,0.6103261811474247,0.0077822422741082,-0.0699503610015913,83.0
1652957245.252,-0.1347973942756652,0.2629364132881164,0.344946026802063,0.5553906559944153,-0.0056363316252827,-0.8315703868865967,0.3182047307491302,-2.1846141815185547,-0.832981288433075,0.5888433192764643,0.0056363615740253,-0.0792735524907096,83.0
1652957245.261403,-0.0667435526847839,0.2709752917289734,0.3356556892395019,0.5363479852676392,-0.0037617639172822,-0.8439885377883911,0.2555062174797058,-2.4071269035339355,-0.733756959438324,0.5661086096655824,0.0037617728633625,-0.0873112057735516,83.0
1652957245.271456,-0.0125316977500915,0.2547224760055542,0.3468340635299682,0.514622151851654,-0.0022448438685387,-0.8574141263961792,0.2526129484176636,-2.713953018188477,-0.664793848991394,0.5405684471678,0.0022448457841771,-0.0945919410361724,83.0
1652957245.281518,-0.0375728011131286,0.2258220314979553,0.3813475370407104,0.4903163611888885,-0.0013731778599321,-0.8715434670448303,0.2777635753154754,-2.9186835289001465,-0.5803442001342773,0.512453230220595,0.0013731782506131,-0.1012407449349824,83.0
1652957245.2915668,-0.1141166388988494,0.1710228323936462,0.4179752171039581,0.464229553937912,-0.0013187287840992,-0.8857139348983765,0.288255363702774,-3.0387725830078125,-0.4854416847229004,0.4827650110046282,0.0013187291370753,-0.1072710271688298,83.0
1652957245.301393,-0.1595177054405212,0.1566436290740966,0.4758824706077575,0.4367546737194061,-0.0018376739462837,-0.8995787501335144,0.2570804059505462,-3.158552885055542,-0.3373406231403351,0.4519887162315602,0.0018376749325369,-0.1121556261130789,83.0
1652957245.311305,-0.1681670248508453,0.1434042453765869,0.4730778038501739,0.4076842665672302,-0.0028324394952505,-0.913118541240692,0.1888992339372635,-3.274292230606079,-0.1536078155040741,0.4199183470709867,0.0028324433122664,-0.1153448452108886,83.0
1652957245.3212829,-0.154095321893692,0.0818157792091369,0.4372605085372925,0.3777434229850769,-0.0040482175536453,-0.925901472568512,0.12718366086483,-3.250687599182129,0.0719310343265533,0.3873612950216078,0.0040482288198046,-0.1163656577990803,83.0
1652957245.331245,-0.1044324338436126,0.0250873565673828,0.3717777729034424,0.347352385520935,-0.0059940796345472,-0.9377155303955078,0.1585064381361007,-3.3143277168273926,0.2846960425376892,0.3547528639369863,0.0059941156153681,-0.1151791903893939,83.0
1652957245.341455,-0.0226181745529174,0.0248973369598388,0.371705025434494,0.3152360320091247,-0.0091104255989193,-0.948969542980194,0.2509899735450744,-3.527883291244507,0.4498812556266784,0.3207191334806868,0.009110551260574,-0.112357350797889,83.0
1652957245.3513842,0.030501902103424,0.0325435996055603,0.4380564093589782,0.2805485427379608,-0.0135721648111939,-0.959743857383728,0.3594479858875274,-3.749912977218628,0.5956065058708191,0.2843924904687334,0.0135725818574957,-0.1082578558735141,83.0
1652957245.36138,0.0092045366764068,0.035764455795288,0.4571683704853058,0.2438472807407379,-0.019500508904457,-0.9696175456047058,0.5295700430870056,-3.83907151222229,0.6600308418273926,0.2463787362866815,0.0195017447462792,-0.1033363482271373,83.0
1652957245.3712292,-0.0719648897647857,0.077825129032135,0.4538682103157043,0.206562727689743,-0.0269120335578918,-0.97806316614151,0.6800605058670044,-3.808236122131348,0.6719074249267578,0.2081371008439226,0.0269152838881576,-0.0982386503246481,83.0
1652957245.381304,-0.1417290419340133,0.1898514032363891,0.5183999538421631,0.1701104342937469,-0.0349862575531005,-0.9848037362098694,0.7038193345069885,-3.5821781158447266,0.7553399801254272,0.1710474784927164,0.0349933995840309,-0.0925468733868125,83.0
1652957245.391232,-0.1705016195774078,0.1691569089889526,0.4983345866203308,0.1359252780675888,-0.043943103402853,-0.9897440671920776,0.864133894443512,-3.308964729309082,0.8395518064498901,0.1364800019307591,0.0439572589840496,-0.0858857076435081,83.0
1652957245.401366,-0.1551853716373443,0.0858096480369567,0.3412622213363647,0.1039159223437309,-0.0535577349364757,-0.9931430220603944,0.8633416891098022,-3.1024985313415527,0.9967005848884584,0.1042540301012457,0.053583372435798,-0.0778856706772177,83.0
1652957245.411224,-0.100744642317295,-0.0693999528884887,0.1102915629744529,0.0728668943047523,-0.0628672316670417,-0.9953582882881165,0.7954134941101074,-3.0536179542541504,1.1177772283554075,0.0730763441788229,0.0629087150131125,-0.0680253603644349,83.0
1652957245.4212298,-0.0494202673435211,-0.1490407586097717,-0.0176555141806602,0.0417146533727645,-0.0701282992959022,-0.9966654181480408,0.5391338467597961,-3.088643312454224,1.1228601932525637,0.0418298080260983,0.0701859052201576,-0.0571884675847182,83.0
1652957245.431584,-0.0201347116380929,-0.1264806985855102,0.0253849774599075,0.009560452774167,-0.0746861174702644,-0.9971612691879272,0.3313162326812744,-3.2415249347686768,1.0566595792770386,0.0095873763165861,0.0747557288568151,-0.0464151205149602,83.0
1652957245.441186,-0.0329564772546291,-0.0983555316925048,0.1298941075801849,-0.024263896048069,-0.0775717198848724,-0.9966914653778076,0.2861138582229614,-3.402818441390991,0.9568033218383788,-0.0243396331424019,0.0776497263547181,-0.036345672949834,83.0
1652957245.451163,-0.0855880379676818,-0.0990367531776428,0.2228565812110901,-0.0590041577816009,-0.0809193179011344,-0.9949726462364196,0.5085629224777222,-3.452213287353516,0.8594655990600586,-0.0592329196677871,0.0810078904055831,-0.0271330602611225,83.0
1652957245.461015,-0.1364948153495788,-0.0987502932548523,0.2887433767318725,-0.0939433276653289,-0.0877393558621406,-0.9917038083076476,1.012468338012695,-3.4589040279388428,0.846977174282074,-0.0944473771668535,0.0878523228327505,-0.0181298335124665,83.0
1652957245.471033,-0.1523022055625915,-0.1036216616630554,0.3619535565376282,-0.1279100924730301,-0.0985410884022712,-0.986878216266632,1.3332117795944214,-3.2155091762542725,1.053203582763672,-0.1288922672287499,0.0987012639901906,-0.007533535089591,83.0
1652957245.481282,-0.1582065224647522,-0.2970115542411804,0.1178565323352813,-0.1596492230892181,-0.1104712709784507,-0.9809731245040894,1.4867738485336304,-3.0614709854125977,1.305654764175415,-0.1613313422546905,0.1106972104213822,0.0063090748534808,83.0
1652957245.491003,-0.1323246359825134,-0.4547706842422485,-0.4153041541576385,-0.1910395175218582,-0.1215152889490127,-0.9740318059921264,1.126591444015503,-3.0678844451904297,1.3101462125778198,-0.1936742784182437,0.1218163421648818,0.0217389049287992,83.0
1652957245.501086,-0.09409761428833,-0.3591910600662231,-0.5495334267616272,-0.2219423055648803,-0.1257290095090866,-0.9669197797775269,0.2766672968864441,-3.0096497535705566,1.164515733718872,-0.2256270739635872,0.1260626305708048,0.0354454337935443,83.0
1652957245.510784,-0.0664134621620178,-0.2540269494056701,-0.5084163546562195,-0.2517779469490051,-0.1224430352449417,-0.9600080847740172,-0.4525006115436554,-2.9383065700531006,0.8283659219741821,-0.2564898535611301,0.1227510649644449,0.0450057102801896,83.0
1652957245.520826,-0.0785515904426574,-0.2000081539154052,-0.455012172460556,-0.2798925042152405,-0.1138965114951133,-0.9532511830329896,-0.9699825644493104,-2.7950942516326904,0.3733338713645935,-0.2855922941139429,0.1141442137068344,0.0488538418998435,83.0
1652957245.53074,-0.1286809146404266,-0.2017958164215088,-0.3847773373126983,-0.3053247034549713,-0.1033208146691322,-0.9466264247894288,-1.1094962358474731,-2.5258712768554688,-0.0040371217764914,-0.3120051251439096,0.1035055350995611,0.0473886760138603,83.0
1652957245.540764,-0.1901078224182129,-0.2272283434867859,-0.2829701006412506,-0.3275617361068725,-0.0942729488015174,-0.9401148557662964,-0.8583423495292664,-2.2320597171783447,-0.2139758318662643,-0.3352731290267977,0.0944131503412116,0.0430707426771836,83.0
1652957245.550776,-0.2170927226543426,-0.2287012338638305,-0.1379060447216034,-0.3471466600894928,-0.089022658765316,-0.9335759878158568,-0.4387789368629455,-2.0305638313293457,-0.2760991156101227,-0.3560028172264278,0.0891406656696214,0.0385003161912686,83.0
1652957245.560575,-0.2059808671474456,-0.1895868182182312,-0.0149401947855949,-0.3652775287628174,-0.0878277420997619,-0.9267462491989136,-0.0453452914953231,-1.94815194606781,-0.2568285167217254,-0.3754535956722048,0.0879410523432341,0.0351267989581399,83.0
1652957245.57101,-0.1735579669475555,-0.166574478149414,0.0339670479297637,-0.3828689157962799,-0.0895243063569068,-0.9194546341896056,0.2282702624797821,-1.9151631593704224,-0.1411796808242797,-0.3945713119495763,0.0896443222510508,0.0336217747675972,83.0
1652957245.5805311,-0.1435298919677734,-0.2133578658103943,-0.0172886773943901,-0.400110125541687,-0.0925745964050293,-0.9117794632911682,0.3999981582164764,-1.8894506692886357,0.0565953738987445,-0.4135206429921291,0.0927073401732089,0.0344801922920631,83.0
1652957245.5906491,-0.1069799363613128,-0.2661851048469543,-0.1579413264989853,-0.4178765118122101,-0.0960106924176216,-0.903416395187378,0.4463329017162323,-2.0278103351593018,0.1931494921445846,-0.4332425051977296,0.0961588123248352,0.0374665758752087,83.0
1652957245.60042,-0.1020101606845855,-0.2666068077087402,-0.2162441909313202,-0.43679279088974,-0.0983004868030548,-0.8941750526428223,0.3059444427490234,-2.14711856842041,0.3063406944274902,-0.4543947631487676,0.0984594897051199,0.0413452106989555,83.0
1652957245.6104,-0.1395632028579712,-0.283220887184143,-0.2308997213840484,-0.4563992023468017,-0.0986443385481834,-0.8842901587486267,0.1221732646226883,-2.194282531738281,0.3829212188720703,-0.4764597197063758,0.0988050203044171,0.0454192442479269,83.0
1652957245.62045,-0.1809532046318054,-0.3145387172698974,-0.2745851278305053,-0.4755255579948425,-0.0974394083023071,-0.8742888569831848,0.0119290482252836,-2.070856809616089,0.3625143766403198,-0.4981477215755358,0.0975942588388065,0.0490503817046009,83.0
1652957245.6303449,-0.21311816573143,-0.2862553596496582,-0.2852786481380462,-0.4927685260772705,-0.0952755287289619,-0.8649287223815918,-0.133018285036087,-1.836197018623352,0.2972280383110046,-0.5178583212188373,0.095420266513609,0.0516280812582177,83.0
1652957245.640664,-0.2195425629615783,-0.2396265864372253,-0.2503369450569153,-0.5075690746307373,-0.0928332284092903,-0.8565953373908997,-0.1322411000728607,-1.548538327217102,0.2125332206487655,-0.5349179393600677,0.0929670902281394,0.0531326878816634,83.0
1652957245.650356,-0.2109497189521789,-0.2031844854354858,-0.1882533431053161,-0.5193968415260315,-0.0908756926655769,-0.8496872782707214,-0.1036731153726577,-1.183802366256714,0.150518849492073,-0.5486723539045046,0.0910012391287519,0.0540112088612176,83.0
1652957245.6601992,-0.1882829070091247,-0.2089509963989257,-0.1657703220844268,-0.5280408263206482,-0.0895397290587425,-0.844485342502594,-0.0428663566708564,-0.8552604913711548,0.1422762870788574,-0.5588015173440929,0.0896598045304796,0.0548461173734971,83.0
1652957245.67025,-0.1382166147232055,-0.2424960136413574,-0.2295296043157577,-0.5346043109893799,-0.0884025245904922,-0.8404660820960999,-0.0586591698229312,-0.6952133178710938,0.1545420140028,-0.5665278680283131,0.0885180739567596,0.0558511846151416,83.0
1652957245.6802669,-0.0952717661857605,-0.2356916666030883,-0.2590192854404449,-0.54022616147995,-0.0865007266402244,-0.8370622992515564,-0.1992620229721069,-0.6203502416610718,0.1740588098764419,-0.573122992617775,0.0866089625362852,0.0565568394109496,83.0
1652957245.690182,-0.0726540684700012,-0.2028988599777221,-0.2370636165142059,-0.5453267693519592,-0.0831573233008384,-0.8340885043144226,-0.3687993884086609,-0.571912944316864,0.2077267616987228,-0.579041684280175,0.0832534666049613,0.0565911964646953,83.0
1652957245.700288,-0.0628397464752197,-0.1793205738067627,-0.2131351232528686,-0.5501819849014282,-0.0783535316586494,-0.8313606381416321,-0.5144215226173401,-0.5661442875862122,0.2240229398012161,-0.5846153732215332,0.0784339294361667,0.0559664172470253,83.0
1652957245.710146,-0.0527083277702331,-0.1539208889007568,-0.1984228193759918,-0.5552017092704773,-0.0723596513271331,-0.8285620808601379,-0.6456205248832703,-0.6129426956176758,0.2348492294549942,-0.5903610064862933,0.0724229466841787,0.0546506152936056,83.0
1652957245.7201529,-0.04712975025177,-0.132089614868164,-0.1732829362154007,-0.5606582164764404,-0.0655934140086174,-0.8254452347755432,-0.6889965534210205,-0.6725148558616638,0.2379647195339203,-0.5966425092323251,0.0656405428585745,0.0528410153003077,83.0
1652957245.730023,-0.0499311089515686,-0.1364294290542602,-0.1277592778205871,-0.5663865208625793,-0.0594813264906406,-0.8219904899597168,-0.4688117504119873,-0.674592912197113,0.2378461956977844,-0.6033341315280368,0.0595164573426598,0.0514219134069037,83.0
1652957245.739954,-0.0390164256095886,-0.1712493896484375,-0.0819213837385177,-0.5718384981155396,-0.05557556822896,-0.8184815049171448,-0.1705787777900695,-0.625041127204895,0.2431816011667251,-0.6098246134957642,0.0556042152037373,0.0516151119279996,83.0
1652957245.7503,-0.0053053498268127,-0.1774921417236328,-0.0880554169416427,-0.5770156383514404,-0.0538665764033794,-0.8149547576904297,0.0493820793926715,-0.6216461062431335,0.2146588861942291,-0.6160975525779463,0.0538926589898524,0.0532073935935087,83.0
1652957245.7597752,0.0194567441940307,-0.1539604067802429,-0.1345007121562957,-0.5822922587394714,-0.0534723177552223,-0.8112190365791321,0.0977733135223388,-0.6532835364341736,0.1730606108903885,-0.6225719852335799,0.0534978331024644,0.0552744806379098,83.0
1652957245.7700229,0.0232459306716918,-0.1052161455154419,-0.1480006128549575,-0.5875158309936523,-0.0532628186047077,-0.8074578642845154,0.0573337487876415,-0.6098532676696777,0.1234816163778305,-0.6290179751277956,0.0532880362653314,0.0569550862440311,83.0
1652957245.780012,0.0065427422523498,-0.0774657726287841,-0.1505898237228393,-0.5921291708946228,-0.0528098493814468,-0.8041108250617981,-0.0381356477737426,-0.5212795734405518,0.0887560471892356,-0.6347255734588739,0.0528344259703326,0.0579076412411901,83.0
1652957245.789712,0.0059108138084411,-0.0779775977134704,-0.1316614896059036,-0.5960596203804016,-0.0516118258237838,-0.8012796640396118,-0.1508704572916031,-0.471195638179779,0.0668960213661193,-0.6395757260917714,0.0516347671872837,0.0579602196772127,83.0
1652957245.79966,0.0116968154907226,-0.1252409219741821,-0.1140894889831543,-0.5997703671455383,-0.0498509518802166,-0.7986177206039429,-0.1985213905572891,-0.4575133025646209,0.0595389641821384,-0.6441475707488624,0.0498716216467473,0.0573715100215465,83.0
1652957245.80974,0.0069478154182434,-0.169819176197052,-0.0915955156087875,-0.6034442186355591,-0.047808788716793,-0.7959706783294678,-0.2204687744379043,-0.4519273042678833,0.0720001608133316,-0.6486800349837478,0.0478270184760375,0.0566510455261194,83.0
1652957245.819553,-6.42538070678711e-05,-0.1752170324325561,-0.0567004829645156,-0.6069454550743103,-0.045472364872694,-0.7934415340423584,-0.2575072348117828,-0.4199288487434387,0.0906356647610664,-0.653002539781735,0.0454880506530817,0.0558433060472546,83.0
1652957245.829499,0.0026781558990478,-0.1729521751403808,-0.0568114072084426,-0.6101456880569458,-0.0425843484699726,-0.7911439538002014,-0.3288668990135193,-0.3893198072910309,0.1054846569895744,-0.6569438840778192,0.0425972314355298,0.0548545744450622,83.0
1652957245.839489,0.0036625266075134,-0.1483573913574218,-0.0906145870685577,-0.6132051944732666,-0.0387036502361297,-0.7889748215675354,-0.4885163903236389,-0.3756016492843628,0.124583251774311,-0.6606941161937647,0.0387133178214576,0.0532821631979373,83.0
1652957245.849607,-0.0058722496032714,-0.0988034009933471,-0.0769081860780716,-0.6160605549812317,-0.0335349291563034,-0.7869846224784851,-0.6185739636421204,-0.335800439119339,0.1315948218107223,-0.6641718669387553,0.0335412190923625,0.0508633970639635,83.0
1652957245.85936,-0.0185607075691223,-0.0833470225334167,-0.043225809931755,-0.6185240745544434,-0.0277733448892831,-0.785274863243103,-0.6296448707580566,-0.2835461795330047,0.1358268558979034,-0.6671667928656952,0.0277769158418771,0.0480308972177582,83.0
1652957245.8693938,-0.019765019416809,-0.1055574417114257,-0.0226480513811111,-0.6206309199333191,-0.0222890917211771,-0.783785879611969,-0.5488229990005493,-0.2531779110431671,0.1307633817195892,-0.6697438517385181,0.0222909384361333,0.0454111781873105,83.0
1652957245.879302,-0.0157437920570373,-0.1397626399993896,-0.0113227516412734,-0.6226533055305481,-0.0177910178899765,-0.7822955846786499,-0.4058948457241058,-0.2642293274402618,0.1168057471513748,-0.6722549067939636,0.0177919562389103,0.0434294449743984,83.0
1652957245.8893,-0.0131676793098449,-0.1452657580375671,0.0026756832376122,-0.6247563362121582,-0.0145928068086504,-0.7806833386421204,-0.251444011926651,-0.2741357684135437,0.0901155471801757,-0.6749046529036767,0.0145933251525659,0.0422037988470828,83.0
1652957245.899221,-0.0102632641792297,-0.1349416375160217,0.008551999926567,-0.6269130706787109,-0.0128244711086153,-0.7789835929870605,-0.080743096768856,-0.269225537776947,0.0667778551578521,-0.6776508557230526,0.0128248225173232,0.0417671214713451,83.0
1652957245.909179,-0.005622923374176,-0.118643581867218,0.0049309283494949,-0.6289594769477844,-0.0125145586207509,-0.7773373126983643,0.0921040400862693,-0.2544529736042022,0.0487226881086826,-0.6802774654945435,0.012514885092478,0.042249650436024,83.0
1652957245.919244,0.0068013668060302,-0.1018962860107421,0.0039185732603073,-0.630885660648346,-0.0134705835953354,-0.7757588028907776,0.212099090218544,-0.2402846813201904,0.0314838923513889,-0.6827680219122435,0.013470991317482,0.0435412237733232,83.0
1652957245.929102,0.0128880143165588,-0.0897744297981262,0.0003470480442047,-0.632654070854187,-0.0152091169729828,-0.774285078048706,0.2750746011734009,-0.2220358997583389,0.0232624486088752,-0.6850700904116956,0.0152097033831215,0.0452854287368851,83.0
1652957245.939018,0.0145439505577087,-0.077458918094635,-0.0092735439538955,-0.6342948079109192,-0.0172767546027898,-0.7728981971740723,0.2864161133766174,-0.2000370770692825,0.0247718915343284,-0.6872184647518863,0.0172776147263021,0.0472586931457196,83.0
1652957245.94899,0.0185467004776,-0.0695714354515075,-0.0280079245567321,-0.6358561515808105,-0.0191722679883241,-0.7715694308280945,0.2605384588241577,-0.2069567590951919,0.0376291014254093,-0.6892687730484575,0.0191734424216083,0.0492428331653439,83.0
1652957245.958947,0.0193240046501159,-0.0731275081634521,-0.0487871468067169,-0.6373963356018066,-0.020762413740158,-0.7702562808990479,0.2247220873832702,-0.1920031160116195,0.0517258569598197,-0.6912928767818648,0.0207639059638763,0.0511250235586932,83.0
1652957245.968903,0.0157375931739807,-0.0752310156822204,-0.051086276769638,-0.6388605833053589,-0.0220185816287994,-0.7690073251724243,0.1874855011701584,-0.1913043111562729,0.0478509590029716,-0.6932177009517918,0.0220203615829354,0.0528195765438522,83.0
1652957245.978873,0.0151345133781433,-0.0769925117492675,-0.0426623225212097,-0.6403174996376038,-0.0230420362204313,-0.7677646279335022,0.149855762720108,-0.1893600821495056,0.0470012575387954,-0.6951329805060054,0.0230440762566079,0.0542684772574478,83.0
1652957245.989016,0.0165939927101135,-0.0755074024200439,-0.0452942997217178,-0.641746461391449,-0.0237517394125461,-0.7665489315986633,0.1156589090824127,-0.1854449659585952,0.0504995882511138,-0.6970095027814327,0.0237539732993257,0.0554598051974356,83.0
1652957245.998762,0.0249849557876586,-0.0737855434417724,-0.0549833476543426,-0.6431488990783691,-0.0242708008736372,-0.7653563618659973,0.1110960394144058,-0.1840940564870834,0.0526797659695148,-0.6988509664509938,0.0242731847455136,0.0565834703487217,83.0
1652957246.008752,0.0325592160224914,-0.068057894706726,-0.0502923429012298,-0.6445890665054321,-0.0248266793787479,-0.7641259431838989,0.1214701235294342,-0.1928585320711136,0.0446069240570068,-0.7007456928523178,0.0248292299989519,0.0576815541022963,83.0
1652957246.01871,0.030915081501007,-0.0608049631118774,-0.0364050865173339,-0.6460882425308228,-0.0255761239677667,-0.7628340125083923,0.1501345187425613,-0.1966103762388229,0.0421404168009758,-0.7027252800969115,0.0255789138597967,0.0589062384681462,83.0
1652957246.0288491,0.0215815901756286,-0.0535430908203125,-0.0298794507980346,-0.6475732922554016,-0.0266848932951688,-0.7615357041358948,0.2067320197820663,-0.1934193819761276,0.0277428347617387,-0.7046982932198773,0.0266880603642587,0.0603084485833799,83.0
