1652967649.581341,0.0280943214893341,-0.0809704065322876,-0.0016043782234191,-0.3158140480518341,0.1245902106165885,-0.9406055212020874,-0.1491691619157791,-0.078251726925373,0.1033762246370315,-0.3239294596558045,-0.1249148156844566,-0.1345703847772765,76.0
1652967649.591453,0.0192893743515014,-0.0604520440101623,-0.0070728957653045,-0.3165152966976166,0.126289814710617,-0.9401430487632751,-0.1329963207244873,-0.1048868000507354,0.0982914492487907,-0.3247480054299998,-0.1266279538406005,-0.134011824523617,76.0
1652967649.6011992,-0.0009334683418273,-0.0214646458625793,-0.016253262758255,-0.3172580599784851,0.1280391663312912,-0.9396559596061708,-0.1433634907007217,-0.1144620403647422,0.0940666422247886,-0.3256144810459203,-0.1283916176507303,-0.1335153335283438,76.0
1652967649.611404,-0.0104308724403381,0.0116258859634399,-0.005260556936264,-0.3181213438510895,0.129955381155014,-0.9391008615493774,-0.1429243236780166,-0.1390968114137649,0.1065717861056327,-0.3266184984109948,-0.1303239836340186,-0.1330032344539857,76.0
1652967649.621179,-0.0215730965137481,0.0305091738700866,0.0199415236711502,-0.3191861510276794,0.1317918747663498,-0.9384834170341492,-0.146835908293724,-0.1522697061300277,0.1108139753341674,-0.3278357385298709,-0.1321764007139267,-0.1324361572273785,76.0
1652967649.63122,-0.036195158958435,0.0383787751197814,0.0334992557764053,-0.3200975656509399,0.1334013789892196,-0.9379454255104064,-0.1124100238084793,-0.1122210919857025,0.1286350488662719,-0.3288811669803195,-0.1338002552730467,-0.1316653026095084,76.0
1652967649.6415892,-0.0380611717700958,0.0362281203269958,0.0175361186265945,-0.3205661177635193,0.1346245259046554,-0.9376105666160583,-0.0744586437940597,-0.0672779083251953,0.134422481060028,-0.3294378239608599,-0.1350345285850643,-0.1306933546271386,76.0
1652967649.65096,-0.0210308730602264,0.030001163482666,0.0100476145744323,-0.3207659721374511,0.1355365067720413,-0.937410831451416,-0.0677738413214683,-0.060786984860897,0.143576294183731,-0.329693923701768,-0.1359549408432773,-0.1295491968098115,76.0
1652967649.661308,-0.0095338225364685,0.0261816382408142,0.0141254961490631,-0.3207884132862091,0.1364634782075882,-0.9372686743736268,-0.0520239099860191,-0.037923265248537,0.1527585834264755,-0.3297618099973179,-0.136890612638326,-0.1282734396284951,76.0
1652967649.670977,-0.0084028244018554,0.0149155259132385,0.014519527554512,-0.3206681609153747,0.1371985971927642,-0.9372024536132812,-0.0132703902199864,-0.0195940602570772,0.1703450232744217,-0.3296686061048027,-0.1376327135352513,-0.1268325341318467,76.0
1652967649.68102,-0.0067548751831054,0.0112386345863342,0.0245153456926345,-0.320561408996582,0.1375482529401779,-0.9371877312660216,0.030300123617053,-0.0184550266712903,0.1777275055646896,-0.3295714412876914,-0.1379857097672623,-0.1251443261356134,76.0
1652967649.691296,-0.0073620975017547,0.0179381370544433,0.03411665558815,-0.3206103146076202,0.1376362890005111,-0.9371581077575684,0.0514461547136306,-0.0308440513908863,0.1794439107179641,-0.3296278372209005,-0.1380745881531813,-0.1233040562597593,76.0
1652967649.700811,-0.0166495740413665,0.0314257144927978,0.0275449603796005,-0.320722222328186,0.1377992630004882,-0.937095820903778,0.047962874174118,-0.017414528876543,0.1851152926683426,-0.3297550871685011,-0.1382391349021133,-0.1214266703338104,76.0
1652967649.711433,-0.0237670540809631,0.0406556129455566,0.014723390340805,-0.3207458555698395,0.1381696611642837,-0.937033236026764,0.0302414018660783,-0.003630006685853,0.1815163046121597,-0.3297981494174172,-0.1386131156585657,-0.1195919347306626,76.0
1652967649.72084,-0.0274643898010253,0.0333070755004882,0.020083725452423,-0.3207106292247772,0.1386229395866394,-0.9369783401489258,0.0129363136366009,0.0075880801305174,0.180839329957962,-0.3297824462829288,-0.139070792390824,-0.1178297526359513,76.0
1652967649.730726,-0.0246128141880035,0.0334120392799377,0.0282728672027587,-0.3203883767127991,0.1390702873468399,-0.9370222687721252,0.0278936903923749,0.0346354097127914,0.1866804361343383,-0.3294601951423715,-0.1395225102344471,-0.116032087111093,76.0
1652967649.740653,-0.0147600173950195,0.0317717194557189,0.0370985865592956,-0.3199415206909179,0.1394303441047668,-0.9371214509010316,0.0603744015097618,0.0402474887669086,0.193377748131752,-0.3290008039530072,-0.1398861092218802,-0.1140946617192611,76.0
1652967649.750593,0.0007330179214477,0.0202738642692565,0.0451026856899261,-0.3193670213222503,0.1394676268100738,-0.937311828136444,0.095250092446804,0.0560885034501552,0.1906895637512207,-0.3283896103577018,-0.1399237659173677,-0.1120220786402694,76.0
1652967649.760541,0.0172394812107086,0.0002100467681884,0.0400830209255218,-0.3186920881271362,0.1393603533506393,-0.9375574588775636,0.1018077954649925,0.0543100461363792,0.1849565356969833,-0.3276644633545267,-0.1398154328948984,-0.1099080628843874,76.0
1652967649.7704868,0.0282483696937561,-0.0080228447914123,0.0290897190570831,-0.3182263672351837,0.1393520534038543,-0.9377169013023376,0.0969597771763801,0.0261913258582353,0.1532507985830307,-0.3271673549229126,-0.1398070482385668,-0.1079990540500353,76.0
1652967649.780555,0.0227596163749694,0.0015094876289367,0.0216497033834457,-0.3182155191898346,0.1394068002700805,-0.9377124309539796,0.0700627192854881,0.0067066801711916,0.135911077260971,-0.3271584083196762,-0.1398623347148016,-0.1064000824452517,76.0
1652967649.790454,-0.0015149712562561,0.0118973851203918,0.0219259113073349,-0.3183092176914215,0.1394205242395401,-0.9376785755157472,0.0549471490085125,0.0388715416193008,0.1215744689106941,-0.3272590208073997,-0.139876194852586,-0.105019468368935,76.0
1652967649.800348,-0.0120095908641815,0.0161988139152526,0.0239406675100326,-0.3181600570678711,0.1397708654403686,-0.9376770853996276,0.0162521488964557,0.0527684986591339,0.1178595274686813,-0.3271168768342113,-0.1402300122702392,-0.1038649387770127,76.0
1652967649.810355,-0.0038920640945434,0.0280540585517883,0.0321205705404281,-0.3178852498531341,0.1405021101236343,-0.9376609921455384,-0.0020357780158519,0.0703554898500442,0.1166403293609619,-0.3268592476589034,-0.1409685364172993,-0.1027777643334015,76.0
1652967649.820257,0.0030451714992523,0.0310057401657104,0.0283092260360717,-0.3173456788063049,0.1413685083389282,-0.9377135038375854,0.0091001633554697,0.081253670156002,0.1023131608963012,-0.3263260266585708,-0.141843677356062,-0.1017874126509486,76.0
1652967649.830234,0.0074484944343566,0.0319998860359191,0.0274596512317657,-0.3165305256843567,0.1420654952526092,-0.9378836750984192,0.0249417107552289,0.0839067101478576,0.0919718444347381,-0.3254908584034059,-0.142547766179162,-0.1008302577097337,76.0
1652967649.8402271,0.0073111355304718,0.036544382572174,0.0397812575101852,-0.315386027097702,0.142210304737091,-0.9382472038269044,0.0974311605095863,0.1057988554239273,0.0945953577756881,-0.3242778855943578,-0.1426940653054921,-0.0997339093862896,76.0
1652967649.850344,0.0049918293952941,0.0433927178382873,0.0520145446062088,-0.3139365315437317,0.1414058655500412,-0.9388547539711,0.1936535686254501,0.1258330047130584,0.0950307846069336,-0.3226944544798666,-0.1418814083163972,-0.0983406458975061,76.0
1652967649.86011,0.0099503397941589,0.0270599126815795,0.063421219587326,-0.312394767999649,0.1394748836755752,-0.9396575093269348,0.3286203444004059,0.1480443775653839,0.098454050719738,-0.3209607189852807,-0.1399311008729849,-0.0965758781557544,76.0
1652967649.870053,0.0105831623077392,0.0117300748825073,0.0584316998720169,-0.3110134601593017,0.1365298479795456,-0.9405478239059448,0.4064035713672638,0.1342057883739471,0.1094326674938201,-0.3193540504370235,-0.1369576038705988,-0.0944170644337599,76.0
1652967649.879992,0.0028363168239593,0.0244983434677124,0.0448867827653884,-0.3098278641700744,0.1332138031721115,-0.9414142370224,0.4308448731899261,0.1384314596652984,0.1183821856975555,-0.3179438268576509,-0.1336109839864613,-0.0920485178485938,76.0
1652967649.89001,-0.0078312456607818,0.0266873240470886,0.0168530791997909,-0.3084681928157806,0.1301348358392715,-0.9422909617424012,0.3959622383117676,0.1576355248689651,0.1339502185583114,-0.3163647754619813,-0.1305049764995191,-0.0895624185727084,76.0
1652967649.899902,-0.0050286054611206,0.0284792780876159,-0.0115438401699066,-0.3069373071193695,0.1276021897792816,-0.9431368708610536,0.3217942118644714,0.1574617773294448,0.1541066318750381,-0.3146325383026553,-0.127951034993312,-0.087086873716474,76.0
1652967649.909931,0.0138834118843078,0.0374777913093566,-0.028964951634407,-0.3055093884468078,0.125858262181282,-0.9438346028327942,0.2264977991580963,0.1176145002245903,0.1730712652206421,-0.3130461689377856,-0.126192923881271,-0.0847074260967198,76.0
1652967649.9198751,0.0301817059516906,0.0395749807357788,-0.0265529304742813,-0.3045499622821808,0.1251552253961563,-0.9442380666732788,0.1215339004993438,0.053450059145689,0.173371359705925,-0.3120009137667774,-0.1254842883596638,-0.0825394955825621,76.0
1652967649.929808,0.0243932008743286,0.0303044319152832,-0.0274494290351867,-0.3041172921657562,0.1253498047590255,-0.9443516731262208,0.0296899937093257,0.0139026483520865,0.1834977716207504,-0.311550710243431,-0.1256804126996606,-0.0806210816062153,76.0
1652967649.939836,-0.0013478696346282,-0.0051160454750061,-0.0298566073179245,-0.3037515878677368,0.1263837069272995,-0.9443315863609314,-0.0512483306229114,0.0173070728778839,0.2051900625228881,-0.3112060016262056,-0.1267225937529784,-0.0788132978336401,76.0
1652967649.949929,-0.0164119601249694,-0.0097652077674865,-0.0203375816345214,-0.3032138645648956,0.1283087730407714,-0.9442448019981384,-0.1491818130016327,0.0283788982778787,0.2450128346681594,-0.3107166393684072,-0.1286634719957495,-0.0769816868342908,76.0
1652967649.959693,-0.0157710015773773,-0.0058266520500183,0.001563936471939,-0.3026341497898102,0.1306534707546234,-0.9441092610359192,-0.1746027618646621,0.0293187294155359,0.2766991257667541,-0.3102016996247565,-0.1310280696577719,-0.0749777230930115,76.0
1652967649.969658,-0.0296052992343902,-0.0213125348091125,0.0172441005706787,-0.3018460869789123,0.1329939216375351,-0.9440346956253052,-0.1535829603672027,0.0671252310276031,0.2601467669010162,-0.3094674849145472,-0.1333891302100919,-0.0728981432215363,76.0
1652967649.979625,-0.0421687960624694,-0.0434379577636718,0.0426619797945022,-0.3004978001117706,0.1350571364164352,-0.9441719651222228,-0.1096018552780151,0.1480883657932281,0.2780010402202606,-0.3081291923773873,-0.1354711293320555,-0.070773183317602,76.0
1652967649.989609,-0.0259268283843994,-0.0392607450485229,0.0973501950502395,-0.2984292209148407,0.1365670561790466,-0.9446107149124146,-0.0329036116600036,0.2070353031158447,0.2827129662036896,-0.3060050548295287,-0.1369951622197125,-0.0683046128346601,76.0
1652967649.999551,0.0095252692699432,-0.0300062298774719,0.1359818279743194,-0.2959937453269958,0.1372725665569305,-0.945274531841278,0.0501207672059536,0.2285649925470352,0.2572805881500244,-0.3034586586259489,-0.1377073870913534,-0.0656549112266717,76.0
1652967650.009486,0.0472462475299835,-0.0419132709503173,0.1503342688083648,-0.2935535907745361,0.1371870785951614,-0.94604754447937,0.1114895790815353,0.2198034524917602,0.2221916019916534,-0.3008745580715218,-0.1376210856644017,-0.0630947810288343,76.0
1652967650.019617,0.0658963620662689,-0.0600901842117309,0.1427761763334274,-0.2913449108600616,0.1365512013435363,-0.9468219876289368,0.139061152935028,0.1888342946767807,0.166829839348793,-0.2985134628355878,-0.1369791572789815,-0.0608405875208483,76.0
1652967650.029482,0.0662156045436859,-0.0792580246925354,0.1383937895298004,-0.289527952671051,0.1355625241994857,-0.947521150112152,0.1563027203083038,0.1551663428544998,0.1177112907171249,-0.2965531466176582,-0.1359811994240407,-0.0590516396295996,76.0
1652967650.039294,0.0577030479907989,-0.0983389616012573,0.1295531839132309,-0.288095474243164,0.1342865377664566,-0.9481393098831176,0.1713085770606994,0.120066687464714,0.0725202709436416,-0.2949883892550558,-0.1346934377931067,-0.0576654619488458,76.0
1652967650.049356,0.0436442792415618,-0.1114006638526916,0.1093578189611435,-0.287067711353302,0.1327075958251953,-0.9486731886863708,0.2035895586013794,0.0736115649342536,0.0543319433927536,-0.2938396448495314,-0.1331002475323707,-0.0565320560761364,76.0
1652967650.059461,0.0279575586318969,-0.0864737629890441,0.0973718464374542,-0.2866092622280121,0.1306707561016082,-0.9490944743156432,0.2512034773826599,0.0213794205337762,0.0410872809588909,-0.2932739867097846,-0.1310455014555898,-0.0554315666437653,76.0
1652967650.069309,-0.0012015402317047,-0.0441119670867919,0.1063761860132217,-0.2865334153175354,0.1280140727758407,-0.949479341506958,0.3487071394920349,-0.0080895237624645,0.0347172655165195,-0.2930885863187936,-0.1283663160811546,-0.0542343367986888,76.0
1652967650.0792742,-0.0353747606277465,-0.0159787535667419,0.089190773665905,-0.2866162061691284,0.1242949441075325,-0.9499483704566956,0.4449929296970367,-0.0124453902244567,0.0265469551086425,-0.293031890101743,-0.124617235430505,-0.0527528480688678,76.0
1652967650.089339,-0.0560891926288604,0.0187859535217285,0.0757954120635986,-0.286455363035202,0.1196391507983207,-0.950594425201416,0.5702941417694092,0.0441470518708229,0.0411013960838317,-0.2926888149077832,-0.1199264110548345,-0.0510020507971524,76.0
1652967650.099118,-0.0487417578697204,0.0136171579360961,0.065969705581665,-0.2858834564685821,0.1140534803271293,-0.9514527916908264,0.6195347905158997,0.060488685965538,0.0588797852396965,-0.2918883421371343,-0.1143022139780481,-0.0487699406066156,76.0
1652967650.10922,-0.0326872467994689,0.0094783902168273,0.0441147163510322,-0.2851380407810211,0.1082900688052177,-0.9523494839668274,0.6252092123031616,0.0815066173672676,0.064919039607048,-0.2909106855134506,-0.108502843991375,-0.0463585604754316,76.0
1652967650.1191192,-0.0365538299083709,0.0006872415542602,-0.0106400176882743,-0.2841400802135467,0.1030167266726493,-0.9532324075698853,0.5252870917320251,0.1048157811164856,0.1001894101500511,-0.2896949449816246,-0.1031998110740844,-0.043928756110834,76.0
1652967650.129139,-0.0619786083698272,0.0093559026718139,-0.0461462289094924,-0.2830073237419128,0.0991247296333313,-0.9539817571640016,0.3728632032871246,0.1152790710330009,0.1543503850698471,-0.2883888962030593,-0.0992877832670712,-0.0414478064177414,76.0
1652967650.139004,-0.110681414604187,-0.0109680294990539,-0.0871009528636932,-0.281316876411438,0.0968513190746307,-0.9547149538993835,0.2099408507347107,0.2103227078914642,0.2355726510286331,-0.2865510781639332,-0.0970033724162098,-0.0387274794315475,76.0
1652967650.148994,-0.145611435174942,-0.0651604533195495,-0.1345553398132324,-0.2785828709602356,0.0965609475970268,-0.9555457234382628,0.01142936386168,0.2987055778503418,0.3335942924022674,-0.2836803372601601,-0.0967116369844819,-0.0357114177042173,76.0
1652967650.1591492,-0.1218133568763732,-0.1144406199455261,-0.1676997542381286,-0.2750524282455444,0.0987452715635299,-0.9563449025154114,-0.2421270012855529,0.3489544689655304,0.4717552363872528,-0.2800495626882074,-0.0989064516643599,-0.0321582538076333,76.0
1652967650.168882,-0.060960054397583,-0.1450294256210327,-0.14407579600811,-0.2713153064250946,0.1035942286252975,-0.9568992853164672,-0.4571921825408935,0.3084374070167541,0.5979176759719849,-0.2762845398270369,-0.1037804192885573,-0.0279906657333678,76.0
1652967650.178802,-0.000402808189392,-0.1783000230789184,-0.0751145556569099,-0.268106073141098,0.110377624630928,-0.9570454359054564,-0.6024074554443359,0.2220903038978576,0.6590419411659241,-0.2731379246770443,-0.1106029871030043,-0.0233318740343467,76.0
1652967650.188818,0.0404967963695526,-0.2217439413070678,0.009957231581211,-0.2656859755516052,0.1180945187807083,-0.9567991495132446,-0.6287083029747009,0.1211298778653144,0.6489522457122803,-0.2708580042354152,-0.1183707528631809,-0.0186640852275481,76.0
1652967650.198773,0.0520480871200561,-0.294671356678009,0.1057967245578765,-0.2642520368099212,0.1252213418483734,-0.9562899470329284,-0.5052127838134766,0.0268873684108257,0.5663846731185913,-0.2696027007139946,-0.1255509264241776,-0.0143142204694867,76.0
1652967650.208787,-0.0001904368400573,-0.3790349960327148,0.2125292271375656,-0.2634814083576202,0.1303357481956482,-0.9558190703392028,-0.2844319939613342,0.0154339121654629,0.4804463982582092,-0.2689800087629925,-0.130707612830191,-0.010315075223391,76.0
1652967650.218718,-0.0676339864730835,-0.4719701409339905,0.326770544052124,-0.2620168924331665,0.1329920142889022,-0.9558557868003844,-0.0023005623370409,0.1677058488130569,0.4624878168106079,-0.2675456585149864,-0.1333872000388641,-0.0061770072730442,76.0
1652967650.228678,-0.0456122457981109,-0.5738100409507751,0.3948657512664795,-0.2593956291675567,0.132554292678833,-0.9566311836242676,0.3332891762256622,0.2398074716329574,0.4501637816429138,-0.2647883435608764,-0.1329455756134333,-0.0012988640388664,76.0
1652967650.2385678,0.0805107057094574,-0.6412120461463928,0.4390950798988342,-0.2571006417274475,0.129187986254692,-0.9577106833457948,0.601448655128479,0.0978808030486106,0.4003806412220001,-0.2622697213092566,-0.1295500565503375,0.0040954775459979,76.0
1652967650.248554,0.2107306122779846,-0.6714537143707275,0.4487108588218689,-0.2573004364967346,0.1234479397535324,-0.95841383934021,0.7667209506034851,-0.2466515600681305,0.2893763482570648,-0.2622804468215894,-0.1237636548684638,0.0092813799695816,76.0
1652967650.258438,0.2572700679302215,-0.6840038895606995,0.4342283010482788,-0.261222094297409,0.1163698360323906,-0.9582385420799256,0.8197056651115417,-0.6253747344017029,0.1331300139427185,-0.2661396613238251,-0.1166340961206753,0.0134737824695334,76.0
1652967650.2686648,0.2176263630390167,-0.6485164165496826,0.3746405839920044,-0.2687280178070068,0.1090020015835762,-0.95702862739563,0.7104811668395996,-0.945689857006073,-0.0611068457365036,-0.2737449450708482,-0.1092190110971888,0.015902956626337,76.0
1652967650.278379,0.163910686969757,-0.5494903326034546,0.349104642868042,-0.2791602909564972,0.1028454080224037,-0.9547210931777954,0.5026780366897583,-1.2072347402572632,-0.2528495788574219,-0.2844696745232106,-0.1030275823999662,0.0160918275722028,76.0
1652967650.288364,0.1281640529632568,-0.5115910172462463,0.3251742124557495,-0.2921960055828094,0.0980893298983573,-0.9513148665428162,0.2672085464000702,-1.4621034860610962,-0.4546042680740356,-0.2980031162831588,-0.0982473087151762,0.0138260083101839,76.0
1652967650.29836,0.1123813390731811,-0.4560075998306274,0.2947757244110107,-0.3071902692317962,0.095544084906578,-0.9468397498130798,-0.0653299987316131,-1.590408205986023,-0.5988203883171082,-0.3137230104932684,-0.095690048956166,0.0090768124604542,76.0
1652967650.308313,0.1243791282176971,-0.3771206140518188,0.2634307742118835,-0.3232926428318023,0.0955017060041427,-0.9414676427841188,-0.3525447249412536,-1.7042607069015503,-0.7373465895652771,-0.3307760696488167,-0.0956474750485045,0.0020529979740027,76.0
1652967650.318229,0.1448875367641449,-0.3029868006706238,0.2629387974739074,-0.340459406375885,0.0969397574663162,-0.9352486729621888,-0.5241599082946777,-1.7872153520584106,-0.9021945595741272,-0.349119416743504,-0.0970922348538977,-0.0071623984068968,76.0
1652967650.3283749,0.1442028880119323,-0.2398905754089355,0.2731078267097473,-0.357978492975235,0.098779372870922,-0.928490161895752,-0.6001318693161011,-1.7688368558883667,-1.0591585636138916,-0.36798690709452,-0.0989407201487756,-0.0183816678408841,76.0
1652967650.338094,0.1498601734638214,-0.1975610256195068,0.2598159313201904,-0.3750035762786865,0.0998947396874427,-0.9216253757476808,-0.4948132336139679,-1.6913820505142212,-1.1505777835845947,-0.3864350865071091,-0.1000616318577681,-0.0307485946319909,76.0
1652967650.3480182,0.1695469915866851,-0.1443287134170532,0.2754566669464111,-0.3915776014328003,0.098902478814125,-0.9148143529891968,-0.2630324959754944,-1.6914111375808716,-1.2199333906173706,-0.4044431761424332,-0.0990644324251637,-0.043209174403538,76.0
1652967650.358142,0.1679645776748657,-0.0954550504684448,0.2977119386196136,-0.4082446992397308,0.0949882492423057,-0.9079171419143676,0.0343523249030113,-1.711158275604248,-1.2662323713302612,-0.4225626198474488,-0.095131672819624,-0.0550906227669656,76.0
1652967650.368218,0.1380476355552673,-0.0242170095443725,0.2131559401750564,-0.4249281287193298,0.0886323899030685,-0.9008775949478148,0.1677652448415756,-1.7406445741653442,-1.2892963886260986,-0.4407380122594896,-0.0887488467741478,-0.0662619072853303,76.0
1652967650.377984,0.1031925678253173,0.0891871452331543,0.0454508513212204,-0.4417393207550049,0.0818532258272171,-0.8934016227722168,0.0862637907266616,-1.776433348655701,-1.25084125995636,-0.4591949617096345,-0.0819449019512032,-0.0770876576188821,76.0
1652967650.387957,0.0831750631332397,0.2010203003883361,-0.1232123672962188,-0.4584649801254272,0.0767493546009063,-0.8853922486305237,-0.1718316674232483,-1.7776764631271362,-1.1694550514221191,-0.4777938933907781,-0.0768249066589368,-0.0880866856777998,76.0
1652967650.397931,0.0795168280601501,0.2771681547164917,-0.2252264767885208,-0.4747499525547027,0.0745154023170471,-0.8769606351852417,-0.5010056495666504,-1.7319185733795166,-1.0653676986694336,-0.4961843419371914,-0.0745845340867579,-0.0995337869818361,76.0
1652967650.40792,0.093765377998352,0.3331583142280578,-0.2258045375347137,-0.4903260469436645,0.0750782042741775,-0.8682993054389954,-0.7421223521232605,-1.6711492538452148,-0.9705722332000732,-0.5140568557894251,-0.075148913197545,-0.11144804633771,76.0
1652967650.417856,0.1228876113891601,0.3738955855369568,-0.1717892289161682,-0.5049829483032227,0.0774899199604988,-0.8596438765525818,-0.8891028165817261,-1.572289228439331,-0.9105852842330932,-0.5311275831153514,-0.0775676788659475,-0.1236342278496345,76.0
1652967650.427775,0.1499661803245544,0.4182444810867309,-0.1439938247203827,-0.5186795592308044,0.0807003676891326,-0.8511515855789185,-0.9154281616210938,-1.473055362701416,-0.8775679469108582,-0.5472921425502056,-0.0807882221375376,-0.135993890531817,76.0
1652967650.437871,0.1632237434387207,0.4725492000579834,-0.1440922766923904,-0.5312351584434509,0.0835606679320335,-0.8430936336517334,-0.8144574165344238,-1.3291620016098022,-0.832040011882782,-0.5622599311111932,-0.0836582143233448,-0.1478165923413227,76.0
1652967650.447742,0.1546239852905273,0.5349025130271912,-0.1352627128362655,-0.5424261093139648,0.0851681008934974,-0.8357753157615662,-0.587601363658905,-1.1923844814300537,-0.785111665725708,-0.5756785682447235,-0.0852713979695346,-0.1584316691777821,76.0
1652967650.457698,0.1217027306556701,0.5927976369857788,-0.1355007737874984,-0.5523210167884827,0.0849331468343734,-0.8292936086654663,-0.3628629446029663,-1.0273524522781372,-0.734906017780304,-0.5875504971689828,-0.0850355955003487,-0.1673985494516442,76.0
1652967650.46767,0.0952982306480407,0.6565059423446655,-0.1761541664600372,-0.5604318976402283,0.0834417790174484,-0.8239864110946655,-0.2011294364929199,-0.8072031140327454,-0.6319159865379333,-0.5972771993425524,-0.0835389090526966,-0.1746603396136388,76.0
1652967650.477568,0.1081270575523376,0.7309093475341797,-0.2334609627723693,-0.5668062567710876,0.0815292000770568,-0.8198071122169495,-0.1481610238552093,-0.6396366357803345,-0.5500940084457397,-0.6049238769519841,-0.0816197900273167,-0.1804494104727372,76.0
1652967650.4875798,0.130204439163208,0.8004007935523987,-0.2673639357089996,-0.5718089938163757,0.0796197950839996,-0.8165140748023987,-0.1355669349431991,-0.487358957529068,-0.5268847942352295,-0.6109307255558367,-0.0797041606951833,-0.1856387142983088,76.0
1652967650.497515,0.15220308303833,0.8535812497138977,-0.2720432877540588,-0.5755429267883301,0.0778141617774963,-0.8140609860420227,-0.1639743447303772,-0.3389716148376465,-0.5313248038291931,-0.6154099821543682,-0.0778929050819987,-0.1908111454284047,76.0
1652967650.507664,0.1681063175201416,0.882770299911499,-0.2651797533035278,-0.5781556963920593,0.0761386156082153,-0.8123661875724792,-0.2214136719703674,-0.1980549842119217,-0.5844932198524475,-0.6185308664546099,-0.0762123710704388,-0.196420013355683,76.0
1652967650.517444,0.1765705347061157,0.8836790323257446,-0.2669102251529693,-0.5796313881874084,0.0747410431504249,-0.8114439249038696,-0.3034744560718536,-0.0612278431653976,-0.6398850679397583,-0.6202728316166051,-0.0748108087551227,-0.2029126952914946,76.0
1652967650.527413,0.1737070679664611,0.9100550413131714,-0.3189434111118316,-0.5801554322242737,0.0735515877604484,-0.8111780881881714,-0.3573075830936432,0.0494177117943763,-0.6950633525848389,-0.6208553590735364,-0.0736180659702865,-0.2102707955435346,76.0
1652967650.5373092,0.1416203379631042,0.9687180519104004,-0.3822323083877563,-0.5796543955802917,0.0726925209164619,-0.8116135597229004,-0.4261365830898285,0.212106853723526,-0.7062014937400818,-0.6201927290393235,-0.0727566973691243,-0.218301654190454,76.0
1652967650.547231,0.0795957446098327,0.9924637079238892,-0.4116719365119934,-0.5774900317192078,0.0721486061811447,-0.8132034540176392,-0.4081256091594696,0.448958545923233,-0.653515636920929,-0.6175003795954674,-0.0722113500639448,-0.2262951197480336,76.0
1652967650.5572429,0.0258740186691284,0.9798312187194824,-0.3994019627571106,-0.5730541348457336,0.0718262642621994,-0.8163638710975647,-0.3759920001029968,0.7698584198951721,-0.5670160055160522,-0.612039689220727,-0.071888167971768,-0.2335943495281333,76.0
1652967650.567291,0.0265570282936096,0.9373324513435364,-0.3565669059753418,-0.5658025741577148,0.07159373909235,-0.8214266300201416,-0.2708000540733337,1.0890121459960938,-0.4258285462856293,-0.6031728014903671,-0.0716550417301613,-0.2394864714652922,76.0
1652967650.577307,0.0744423270225524,0.8988363146781921,-0.3223726749420166,-0.5562385320663452,0.0712893158197403,-0.8279592394828796,-0.179960161447525,1.3086148500442505,-0.3116908967494964,-0.5915609705963731,-0.0713498411207453,-0.2437914815115379,76.0
1652967650.587183,0.1213364601135253,0.8707765936851501,-0.2889359295368194,-0.5447525978088379,0.0711319670081138,-0.8355745673179626,-0.1448985785245895,1.512534737586975,-0.2075874060392379,-0.5777446224597294,-0.0711920898234061,-0.2467948142089934,76.0
1652967650.597127,0.14453125,0.8346614837646484,-0.248192012310028,-0.5313568115234375,0.0715410113334655,-0.8441219329833984,-0.1689700931310653,1.72279691696167,-0.1304452121257782,-0.5618135235991127,-0.0716021776749448,-0.249063296920202,76.0
1652967650.607079,0.1815710663795471,0.7985733151435852,-0.2173213064670562,-0.5159826874732971,0.0725611820816993,-0.8535202145576477,-0.1928863525390625,1.922168850898743,-0.0690430998802185,-0.5437472622317203,-0.0726250072912288,-0.2508556159847764,76.0
1652967650.6169991,0.23612841963768,0.7578176856040955,-0.1505725383758545,-0.4992662072181701,0.0739581584930419,-0.8632864356040955,-0.1918701529502868,1.9855717420578003,-0.0396391786634922,-0.5243348187612414,-0.0740257444891037,-0.2522780011502219,76.0
1652967650.627204,0.2577767372131347,0.7114894390106201,-0.0715809911489486,-0.4819741249084472,0.0751362890005111,-0.8729579448699951,-0.1435004919767379,2.0294620990753174,-0.0932832360267639,-0.5044663970021228,-0.0752071664252795,-0.253676286163672,76.0
1652967650.63698,0.2333917617797851,0.6650539636611938,-0.0708414614200592,-0.4639673233032226,0.0756785124540329,-0.8826137781143188,-0.1408881396055221,2.1194536685943604,-0.1675866097211837,-0.4839754070655347,-0.0757509367171602,-0.2554636209007055,76.0
1652967650.647052,0.2170528769493103,0.6248334646224976,-0.0849359631538391,-0.4449581503868103,0.0765436366200447,-0.8922742605209351,-0.2666111886501312,2.213322401046753,-0.2071063220500946,-0.4625899879500007,-0.0766185811786869,-0.2580369519439985,76.0
1652967650.656848,0.2495583891868591,0.6073967218399048,-0.0816002488136291,-0.4251717925071716,0.0791283175349235,-0.9016472101211548,-0.5186873078346252,2.2460579872131348,-0.1995526403188705,-0.4406297340669363,-0.0792111254595394,-0.2615877486068281,76.0
1652967650.667096,0.3051376640796661,0.5874953269958496,-0.0819094628095626,-0.4051132500171661,0.0843051001429557,-0.9103713035583496,-0.8127514123916626,2.228118896484375,-0.1684405207633972,-0.4186863315445149,-0.084405286733896,-0.2660153216654156,76.0
1652967650.676773,0.3541074395179748,0.5819578766822815,-0.0872293040156364,-0.3851438164710998,0.0925851464271545,-0.9182005524635316,-1.134922742843628,2.1841588020324707,-0.1256694793701172,-0.3971646171845985,-0.0927179310099468,-0.2712280627022016,76.0
1652967650.68664,0.3990947008132934,0.5681459903717041,-0.0688792541623115,-0.3655405938625335,0.104355938732624,-0.9249269962310792,-1.5096001625061035,2.1105031967163086,-0.0621424354612827,-0.3763704471679944,-0.104546283730184,-0.2770802835708069,76.0
1652967650.6965718,0.4426153302192688,0.5646353960037231,-0.0569768846035003,-0.3461034595966339,0.1198431104421615,-0.930510640144348,-1.8376073837280276,2.1229007244110107,0.0183806382119655,-0.3560940513667907,-0.1201318518466555,-0.2833331247659201,76.0
1652967650.70653,0.4975211322307586,0.5727242231369019,-0.0728773474693298,-0.3263632655143738,0.1375593692064285,-0.9351814985275269,-1.9170677661895752,2.072383165359497,0.0805137827992439,-0.3357693051856796,-0.137996927924818,-0.2892288690523087,76.0
1652967650.716615,0.5170934796333313,0.6015774607658386,0.0052229017019271,-0.3078344166278839,0.155146986246109,-0.9387051463127136,-1.7405401468276978,1.8811240196228027,0.1280528157949447,-0.3168843444660257,-0.1557762344798572,-0.2942239335820739,76.0
1652967650.726478,0.4105094969272613,0.6082553267478943,0.1581927239894867,-0.2898887395858764,0.1695660650730133,-0.9419192671775818,-1.2292438745498655,1.9489339590072632,0.1567632853984832,-0.2985643333552731,-0.1703893355017428,-0.2974350211677971,76.0
1652967650.736392,0.2287225425243377,0.5364106297492981,0.2656881213188171,-0.2694939970970154,0.1791818588972091,-0.9461854100227356,-0.7152338027954102,2.3522427082061768,0.2270286530256271,-0.2774740947492243,-0.1801547957132639,-0.2983591859122413,76.0
1652967650.746366,0.1477528065443039,0.4406332373619079,0.252006322145462,-0.2444172203540802,0.1849748939275741,-0.951863706111908,-0.4193771481513977,2.837554454803467,0.2784569561481476,-0.2513472737542453,-0.1860463143432986,-0.2973538858279502,76.0
1652967650.756588,0.218236967921257,0.3047235608100891,0.1283701956272125,-0.2157344967126846,0.1900197118520736,-0.9577844738960266,-0.5301329493522644,3.026547908782959,0.3289414346218109,-0.2215459667969412,-0.1911822204396726,-0.2954507184178601,76.0
1652967650.76656,0.3283846080303192,0.2091201543807983,-0.0371541082859039,-0.1859285235404968,0.1975087225437164,-0.9625076055526732,-0.9210891127586364,3.0549275875091557,0.4347222149372101,-0.1908206388262029,-0.1988159263538827,-0.2931533565080573,76.0
1652967650.7763572,0.3735178709030151,0.2003311514854431,-0.1165835410356521,-0.1554087102413177,0.2095858454704284,-0.9653609991073608,-1.3949064016342163,3.0885238647460938,0.5631622672080994,-0.1596155934836809,-0.2111513820157423,-0.290244914225695,76.0
1652967650.786557,0.3497397303581238,0.1353810429573059,-0.1030143201351165,-0.1245657503604888,0.224886268377304,-0.9663899540901184,-1.570173263549805,3.0285935401916504,0.6590307354927063,-0.1281911852016752,-0.2268263120100847,-0.2862336695421942,76.0
1652967650.796345,0.2375121712684631,0.005610704421997,-0.0082124322652816,-0.0936522856354713,0.2401918172836303,-0.9661972522735596,-1.4056403636932373,3.0819246768951416,0.7947095632553101,-0.0966268848015674,-0.2425634438607355,-0.2806486569586142,76.0
1652967650.806312,0.118640124797821,-0.0804665684700012,0.1215050220489502,-0.0604888498783111,0.2528998851776123,-0.9655997157096864,-1.0826311111450195,3.3737621307373047,0.98310124874115,-0.0625620673646999,-0.2556764015211579,-0.2725997883667342,76.0
1652967650.816392,0.172042042016983,-0.1031388640403747,0.2217828035354614,-0.024123316630721,0.2618445158004761,-0.9648085236549376,-0.6820962429046631,3.585578203201294,1.1870611906051636,-0.0249980081345987,-0.2649329038255288,-0.2618050123111562,76.0
1652967650.826179,0.3508736491203308,-0.1968796849250793,0.2520562708377838,0.0132621033117175,0.2668646275997162,-0.9636427760124208,-0.3919043838977813,3.4816269874572754,1.2833672761917114,0.0137615994996342,-0.2701382021605565,-0.2489723207971066,76.0
1652967650.836137,0.4571536779403686,-0.3510847687721252,0.1839631497859954,0.0490871891379356,0.269817978143692,-0.9616593718528748,-0.335197776556015,3.277411937713623,1.280980110168457,0.0509999968408565,-0.2732040041233008,-0.2356148712392989,76.0
1652967650.846148,0.4311129450798034,-0.5287455916404724,0.0302946865558624,0.0831998363137245,0.2737061679363251,-0.9582080841064452,-0.6972087025642395,3.153339385986328,1.2864617109298706,0.0866113462076258,-0.2772442319646814,-0.2220658629549383,76.0
1652967650.856225,0.3379506468772888,-0.5632004737854004,-0.0868991613388061,0.1167613118886947,0.2814182341098785,-0.9524550437927246,-1.2186826467514038,3.1279702186584477,1.3877017498016355,0.1219812181131791,-0.2852717616666055,-0.2072661625619752,76.0
1652967650.866114,0.2885679304599762,-0.528007984161377,-0.0732588768005371,0.1501985639333725,0.2930159270763397,-0.9442362189292908,-1.6131114959716797,3.055985927581787,1.5267139673233032,0.1577472133371304,-0.2973796872367703,-0.1901811593919122,76.0
1652967650.875944,0.3135058879852295,-0.4686039090156555,0.08260178565979,0.1827252060174942,0.3062226772308349,-0.9342586398124696,-1.7370638847351074,2.8797624111175537,1.617356538772583,0.1931449632289128,-0.3112225571493007,-0.1708627657628692,76.0
1652967650.886075,0.3461760878562927,-0.4094288349151611,0.2334503531455993,0.2135315984487533,0.3188415169715881,-0.9234415888786316,-1.669395089149475,2.702154397964477,1.5919257402420044,0.2272405983026093,-0.3245069551191319,-0.1505909247901512,76.0
1652967650.895903,0.3591046333312988,-0.38599693775177,0.278717577457428,0.2424884140491485,0.3300623297691345,-0.91228187084198,-1.520072102546692,2.554419755935669,1.4493210315704346,0.2597970750878463,-0.3363696125293301,-0.130967243806361,76.0
1652967650.905838,0.3373539745807647,-0.4375099539756775,0.2762361764907837,0.2697322368621826,0.3391050100326538,-0.901250422000885,-1.2545310258865356,2.4677670001983643,1.333918213844299,0.290802244155033,-0.3459653597306706,-0.1128807883042037,76.0
1652967650.915786,0.2833941876888275,-0.4786511063575744,0.3251259922981262,0.2960430681705475,0.3454062342643738,-0.8905352354049683,-0.9890299439430236,2.441244840621948,1.294074296951294,0.3209397994596334,-0.352671615191802,-0.0960692835642091,76.0
1652967650.925777,0.2808767557144165,-0.4761363863945007,0.3822133243083954,0.3220132887363434,0.3488352596759796,-0.8801258206367493,-0.7076416611671448,2.4123177528381348,1.330427885055542,0.350744020398297,-0.3563280061212573,-0.0799620845200867,76.0
1652967650.935707,0.332922488451004,-0.4517580866813659,0.3825148344039917,0.3473296463489532,0.3496324121952057,-0.8701260685920715,-0.5076528191566467,2.3279056549072266,1.3322685956954956,0.3797920635886448,-0.3571787144042561,-0.0644218520683446,76.0
1652967650.945702,0.3915741443634033,-0.4778618216514587,0.2925474941730499,0.371304303407669,0.3489625155925751,-0.8604407906532288,-0.4472033083438873,2.180527448654175,1.2496531009674072,0.4073869156941251,-0.3564637940451165,-0.0498277218236812,76.0
1652967650.955798,0.4209493696689605,-0.5250215530395508,0.2414609491825103,0.3932749330997467,0.3487490117549896,-0.8507108688354492,-0.5787196159362793,1.9955846071243288,1.138710856437683,0.4330269756471114,-0.3562359919863681,-0.0360188422179818,76.0
1652967650.9656448,0.399570882320404,-0.5430941581726074,0.2253316640853881,0.4130207300186157,0.3502451181411743,-0.8406796455383301,-0.8073993921279907,1.8243327140808103,0.9887035489082336,0.4566584430324706,-0.3578327924895376,-0.0226799656820144,76.0
1652967650.975528,0.3335593342781067,-0.5354250073432922,0.1972320973873138,0.4307839870452881,0.3540984690189361,-0.8300840258598328,-1.007385492324829,1.6841487884521484,0.8197676539421082,0.4787037022572106,-0.3619499028332053,-0.0096825496651428,76.0
1652967650.985539,0.2420741021633148,-0.5542296767234802,0.1783899366855621,0.4467686712741852,0.3591466546058655,-0.81939697265625,-0.9802150130271912,1.5744085311889648,0.665032684803009,0.4991819857365752,-0.3673533756190055,0.0022965778298069,76.0
1652967650.995513,0.1297583281993866,-0.5949375033378601,0.2533246576786041,0.4617334008216858,0.3634355962276459,-0.8091457486152649,-0.7579026222229004,1.5681854486465454,0.6082187294960022,0.5185537785403335,-0.371953026709645,0.0127775259986777,76.0
1652967651.005426,0.1010186672210693,-0.6164979338645935,0.3276753723621368,0.476434975862503,0.3653940856456756,-0.799685537815094,-0.4321343600749969,1.5440939664840698,0.5907614231109619,0.5373092410427421,-0.3740561337751127,0.0215173573397655,76.0
1652967651.0153642,0.1758332550525665,-0.5958030223846436,0.309952437877655,0.4901061058044433,0.3649132847785949,-0.791602373123169,-0.151810348033905,1.3646557331085205,0.5491275787353516,0.5543682780584467,-0.3735396602904487,0.0283444265155033,76.0
1652967651.0255508,0.2267351746559143,-0.553398609161377,0.2192392647266388,0.5019482970237732,0.3628530204296112,-0.7851023077964783,0.0117894904688,1.1893112659454346,0.4624930620193481,0.5688457037708808,-0.3713277485628338,0.033249123976127,76.0
1652967651.03529,0.206236720085144,-0.5258752107620239,0.1523591876029968,0.5122234225273132,0.3603361248970032,-0.7796056866645813,0.0594167932868003,1.0534062385559082,0.3976534008979797,0.5813005724808582,-0.3686281880416843,0.0368477183061832,76.0
1652967651.045347,0.1648886799812317,-0.4830016493797302,0.1186431944370269,0.5212990641593933,0.3581481575965881,-0.7745819091796875,-0.008228026330471,0.95166677236557,0.3472599983215332,0.5923792494997397,-0.3662837382320235,0.0399631771881764,76.0
1652967651.055252,0.1380957961082458,-0.421665608882904,0.0980427265167236,0.5294457674026489,0.3569285869598388,-0.7696032524108887,-0.163705438375473,0.8673549890518188,0.3058969676494598,0.6025903875819701,-0.3649778313544328,0.0432949329035045,76.0
1652967651.065254,0.1242116093635559,-0.376638650894165,0.0827426314353942,0.5371500849723816,0.3573208451271057,-0.7640625834465027,-0.3728301525115967,0.881543755531311,0.2944933176040649,0.6127489146323886,-0.3653977869621061,0.0475562121707954,76.0
1652967651.075146,0.157345712184906,-0.342284083366394,0.0616138577461242,0.5447722673416138,0.3594066500663757,-0.7576609253883362,-0.5983203649520874,0.8523198366165161,0.2866240739822387,0.6233763777320207,-0.3676319828982837,0.0530654594520616,76.0
1652967651.0851212,0.2125564813613891,-0.3223025798797607,0.0851169824600219,0.5517258048057556,0.3631099164485931,-0.7508327960968018,-0.7874026298522949,0.7249150276184082,0.2594436109066009,0.633713906457236,-0.37160347021575,0.0598313383144024,76.0
1652967651.095255,0.1949542760848999,-0.3161231875419616,0.1136163771152496,0.5575634241104126,0.3679510056972503,-0.7441337704658508,-0.8197095990180969,0.6497769951820374,0.1890602707862854,0.6430392018944194,-0.3768044781890097,0.0669842007295057,76.0
1652967651.105091,0.103523313999176,-0.3477962017059326,0.1079205870628357,0.5630264282226562,0.3723192811012268,-0.7378208637237549,-0.6155670881271362,0.6627444624900818,0.156113252043724,0.6518285040041872,-0.3815067173163557,0.0730813367105354,76.0
1652967651.115018,0.0371417999267578,-0.3490749597549438,0.1619177162647247,0.5685710310935974,0.3749932944774627,-0.7321932911872864,-0.3493430912494659,0.6864535808563232,0.1664474457502365,0.6602660986925022,-0.3843895342540493,0.0776666584841353,76.0
1652967651.124969,0.0385539531707763,-0.3416829109191894,0.2334842085838318,0.5740254521369934,0.375402569770813,-0.7277140021324158,-0.040461927652359,0.6195808053016663,0.1866579055786132,0.667878165560371,-0.3848310623540594,0.0804273010773053,76.0
1652967651.1348891,0.0708544254302978,-0.3120255470275879,0.2329797148704528,0.5787885785102844,0.3735571205615997,-0.7248854041099548,0.2338526397943496,0.4927324056625366,0.1931129544973373,0.6737983265547168,-0.3828407973994893,0.0813746675619055,76.0
1652967651.144877,0.0706844329833984,-0.2511695027351379,0.1505221724510193,0.5825595855712891,0.3703060746192932,-0.7235314249992371,0.3623941242694855,0.3743543624877929,0.153907760977745,0.6778802577605798,-0.3793385135602022,0.0807695537822037,76.0
1652967651.15486,0.0562384724617004,-0.2518338561058044,0.0570265650749206,0.5852715969085693,0.3669846653938293,-0.7230349183082581,0.312555581331253,0.2465071231126785,0.125797763466835,0.6804858065343214,-0.3757654387804622,0.0795135320984231,76.0
1652967651.1652842,0.0580494999885559,-0.2608715891838074,0.0017920136451721,0.5872904658317566,0.3646020293235779,-0.7226030826568604,0.0978856235742569,0.1736382395029068,0.1676826328039169,0.6824627950189943,-0.3732053774284674,0.0793027148613531,76.0
1652967651.174746,0.0646747946739196,-0.2268367409706115,-0.01093390583992,0.5888591408729553,0.363808661699295,-0.7217258214950562,-0.1553172767162323,0.0817194059491157,0.1802836656570434,0.6843636753784699,-0.3723534967039741,0.0809555545373551,76.0
1652967651.1847038,0.0764496326446533,-0.1758446097373962,-0.0131308734416961,0.5896880626678467,0.3647086322307586,-0.7205939292907715,-0.3776446282863617,-0.023869339376688,0.1597536206245422,0.6858219457940128,-0.373319847139495,0.0841584378456225,76.0
1652967651.194695,0.0691238045692443,-0.1152307391166687,-0.0014300644397735,0.5897812247276306,0.3674273490905761,-0.719135046005249,-0.6042360067367554,-0.0769379884004592,0.1089687496423721,0.6868928584837632,-0.3762413801949422,0.0885930737401231,76.0
1652967651.20468,0.0386385321617126,-0.075059175491333,0.0236957669258117,0.5895658731460571,0.3718120455741882,-0.7170550227165222,-0.7473827600479126,-0.0684907138347625,0.0663480535149574,0.6881343895381079,-0.3809602568150251,0.0939548524658501,76.0
1652967651.214834,-0.0076600313186645,-0.0573147535324096,0.0723835229873657,0.5895081758499146,0.3768657445907593,-0.7144594788551331,-0.7492766976356506,0.0006675890181213,0.0526750423014164,0.6898659318838957,-0.3864101956636461,0.099600874028179,76.0
1652967651.224572,-0.0259256958961486,-0.0367164015769958,0.1410892009735107,0.5900737047195435,0.3813259601593017,-0.7116203904151917,-0.5759763121604919,0.0981651172041893,0.0494209229946136,0.6922923818442276,-0.3912302157323432,0.1046747039852099,76.0
1652967651.234624,-0.0064634084701538,0.0001916885375976,0.1898968517780304,0.5911497473716736,0.3842303454875946,-0.7091608047485352,-0.3081201314926147,0.1467837840318679,0.0398517660796642,0.6948900772906368,-0.3943740310565159,0.1081481155623223,76.0
1652967651.244566,0.0249685049057006,0.0210257768630981,0.2016900777816772,0.5922953486442566,0.3852392137050628,-0.7076560258865356,-0.0263382531702518,0.1517551094293594,0.0081327175721526,0.6968877185954687,-0.3954670303589571,0.1094873095047705,76.0
1652967651.254462,0.0330654382705688,0.0206384062767028,0.1733016669750213,0.5932621359825134,0.384742796421051,-0.7071160674095154,0.1607857048511505,0.1349241882562637,-0.0278405398130416,0.6980663995807774,-0.3949291541305917,0.1088503165989928,76.0
1652967651.2644448,0.0288355946540832,0.0244503617286682,0.1274491846561432,0.5940129160881042,0.3836439251899719,-0.7070826888084412,0.1952073276042938,0.1121626943349838,-0.038497444242239,0.6987124240435406,-0.3937389239081088,0.1072781521112838,76.0
1652967651.2745771,0.0176300406455993,0.0307443141937255,0.0757002234458923,0.5945373773574829,0.3827043175697326,-0.7071511149406433,0.1355219483375549,0.084673061966896,-0.05143728479743,0.699099436429328,-0.3927216859565698,0.105721752989165,76.0
1652967651.284307,0.0093994140625,0.0366463661193847,0.024027019739151,0.5948486328125,0.3824518024921417,-0.7070258855819702,0.0388619862496852,0.0728478282690048,-0.0758946985006332,0.6994444936894921,-0.3924483942879592,0.1045817968049785,76.0
1652967651.294302,-0.0041563510894775,0.0260058045387268,-0.0015860199928283,0.59499192237854,0.383055716753006,-0.7065783143043518,-0.0658361315727233,0.0645785555243492,-0.0941263139247894,0.6998751749302873,-0.3931020638083949,0.1039746406639417,76.0
1652967651.304408,-0.0090937614440917,0.0166260600090026,0.0017075836658477,0.5950923562049866,0.3844923675060272,-0.7057129144668579,-0.1694480031728744,0.0776304379105568,-0.1132004037499427,0.7005621993891064,-0.3946578667694116,0.1039387685627686,76.0
1652967651.314193,-0.0118878483772277,-0.0101296305656433,-0.0021332800388336,0.5951856374740601,0.3865937292575836,-0.7044852375984192,-0.2293679416179657,0.0806322991847992,-0.119874894618988,0.7014976613676739,-0.3969352848886266,0.1043316966652009,76.0
1652967651.324255,-0.0239360928535461,-0.0169460177421569,-0.0203580260276794,0.5954540967941284,0.3890256583690643,-0.7029178142547607,-0.2625120282173157,0.1247401088476181,-0.1015837788581848,0.7028183000944184,-0.3995736904653642,0.1051651203067494,76.0
1652967651.334098,-0.0381474494934082,-0.0144832134246826,-0.0118387341499328,0.5961766839027405,0.3912332653999328,-0.7010776996612549,-0.2204383611679077,0.1703349202871322,-0.0607552342116832,0.7047098673789314,-0.4019712884891153,0.1061953367870683,76.0
1652967651.344106,-0.0247412323951721,-0.0039502382278442,0.0269233584403991,0.5972357988357544,0.3926933407783508,-0.6993578672409058,-0.1145358905196189,0.1783047020435333,-0.0343545153737068,0.7067986021193228,-0.403558357975063,0.1070175040764967,76.0
1652967651.3540149,-0.0042331218719482,-0.0045809149742126,0.0427257418632507,0.598349392414093,0.3932331204414367,-0.6981015801429749,-0.0029724780470132,0.1676673889160156,-0.0189131274819374,0.7086069909139601,-0.4041453782665617,0.1071839396299753,76.0
1652967651.36413,0.0017037987709045,-0.0084760189056396,0.0331622958183288,0.5994467735290527,0.3930309414863586,-0.6972734928131104,0.069330483675003,0.162460908293724,0.0108048198744654,0.7100991611920706,-0.4039254930495678,0.1068904710481837,76.0
1652967651.3740768,0.0019842982292175,-0.0060223340988159,0.0286423861980438,0.6006463766098022,0.3922865390777588,-0.6966601014137268,0.1102305129170417,0.1501785218715667,0.035590972751379,0.7115227775639075,-0.4031160792432714,0.1064593622826044,76.0
1652967651.383891,0.0096641182899475,0.0020484924316406,0.0306211709976196,0.60164874792099,0.3912386000156402,-0.6963843703269958,0.1170359477400779,0.1023638546466827,0.0363800674676895,0.7125433720310016,-0.4019770935702553,0.1058979853243733,76.0
1652967651.393918,0.0141998529434204,0.0130500197410583,0.0125911831855773,0.6022857427597046,0.3903934061527252,-0.6963080167770386,0.0565173476934433,0.0574992857873439,0.0291816964745521,0.7131211514775098,-0.4010588541693066,0.1054882279359735,76.0
1652967651.40404,0.0094630122184753,0.0166043639183044,-0.0127321183681488,0.6026585698127747,0.390173465013504,-0.6961086392402649,-0.0631238371133804,0.0433813370764255,0.0270021669566631,0.7135690471331305,-0.4008199811474008,0.1056782748892138,76.0
1652967651.413784,-0.0075681805610656,0.0158262848854064,-0.0147673487663269,0.6028592586517334,0.3908964693546295,-0.6955289840698242,-0.1756101548671722,0.0598471276462078,0.0062355194240808,0.7141460960234353,-0.4016053607593495,0.1065616469514776,76.0
1652967651.4237518,-0.0191434025764465,0.0115752816200256,0.0055582225322723,0.6030514240264893,0.3926198780536651,-0.6943907737731934,-0.2051065266132354,0.106597863137722,-0.0127964941784739,0.7151145622771008,-0.4034784779022552,0.1077725779478164,76.0
1652967651.433677,-0.0226969122886657,-0.0017761588096618,0.0297988951206207,0.6035379767417908,0.3945632874965668,-0.6928648948669434,-0.1329826712608337,0.1512083560228347,-0.0287876352667808,0.7166032092553491,-0.4055925280409611,0.1087595953520746,76.0
1652967651.443684,-0.0219729542732238,-0.0080440044403076,0.0680218338966369,0.6044314503669739,0.3953570425510406,-0.6916324496269226,0.0366319231688976,0.184903472661972,-0.0381079018115997,0.7182180069203723,-0.4064565377548774,0.1088272448267436,76.0
1652967651.4536262,-0.0154569149017333,-0.0037830471992492,0.0915700793266296,0.6054685711860657,0.3949106633663177,-0.6909801363945007,0.1978167593479156,0.1868975907564163,-0.045212872326374,0.7195352559392867,-0.40597059664377,0.1075999422102534,76.0
1652967651.463618,-0.0009113550186157,0.0015603899955749,0.0681138038635253,0.6064412593841553,0.3936781585216522,-0.6908303499221802,0.2878121733665466,0.1609629243612289,-0.0577113553881645,0.7204384345201988,-0.4046294465111356,0.1054269876827908,76.0
1652967651.4735332,0.0035496354103088,-0.0108010172843933,0.012059062719345,0.6072139739990234,0.3920852243900299,-0.6910574436187744,0.2674322426319122,0.1103039681911468,-0.0516437217593193,0.7209068618449052,-0.4028972367403514,0.102969543782324,76.0
1652967651.48349,-0.0016993284225463,-0.0076483488082885,-0.0322414636611938,0.6077479720115662,0.3907009661197662,-0.6913719773292542,0.1678100526332855,0.0638744160532951,-0.0146582713350653,0.721117101252458,-0.4013929648738735,0.1011332503340217,76.0
1652967651.493476,-0.0048409700393676,0.0012464523315429,-0.0484008193016052,0.6080056428909302,0.3899230659008026,-0.6915845274925232,0.0400787182152271,0.0017031331080943,0.0270555820316076,0.7211748944819781,-0.4005480407368788,0.1004469494519747,76.0
1652967651.50346,-0.0018476247787475,-0.0026079416275024,-0.0578177273273468,0.6079420447349548,0.3898489475250244,-0.6916822195053101,-0.0928377881646156,-0.0514407791197299,0.0562491565942764,0.7210529538803578,-0.4004675624228355,0.1009298289956806,76.0
1652967651.5134,0.0088791847229003,0.0089867115020751,-0.0570026040077209,0.6077590584754944,0.3906512856483459,-0.6913902759552002,-0.2424823939800262,-0.0552648119628429,0.0910903364419937,0.7211130424392063,-0.4013390070826479,0.1026988204180705,76.0
1652967651.523325,0.0358002185821533,0.0303269624710083,-0.0351040661334991,0.607678234577179,0.3922970294952392,-0.690528929233551,-0.3493220508098602,-0.0548698641359806,0.1177642866969108,0.7216652827885919,-0.4031274803255134,0.105671461804975,76.0
1652967651.53327,0.0640419125556945,0.0415775775909423,0.0029504001140594,0.6077568531036377,0.3942816853523254,-0.6893283724784851,-0.3581647276878357,-0.0338339284062385,0.1289056986570358,0.7225925528116173,-0.4052860726195237,0.1092512247709623,76.0
1652967651.543424,0.0810949206352233,0.0360360145568847,0.0526875257492065,0.6081598401069641,0.3956614434719085,-0.6881814002990723,-0.225216805934906,0.0053140060044825,0.1514605432748794,0.7237476378280036,-0.406787969801834,0.1124982729059535,76.0
1652967651.553259,0.0863736867904663,0.0289244651794433,0.1158628463745117,0.6089693903923035,0.3956117630004883,-0.6874937415122986,-0.0378575548529624,0.0526135042309761,0.1670681536197662,0.7249039190885972,-0.4067338701507311,0.1147609591907702,76.0
1652967651.563458,0.0808998942375183,0.0131556987762451,0.1572824418544769,0.6101096868515015,0.3941549658775329,-0.6873194575309753,0.1512290090322494,0.0831852629780769,0.1544578224420547,0.725958433668282,-0.4051481842951727,0.1156496734075135,76.0
1652967651.573125,0.0704972147941589,0.0054446458816528,0.1465582251548767,0.6112959980964661,0.3918938934803009,-0.6875582933425903,0.2287724614143371,0.0913068875670433,0.1297431886196136,0.7267504797808093,-0.4026892610811828,0.1154115496532316,76.0
1652967651.583087,0.0472071766853332,0.0066551566123962,0.1043809652328491,0.6123539805412292,0.3896375596523285,-0.6878990530967712,0.1953758895397186,0.0858119875192642,0.0967855080962181,0.7273631483377491,-0.4002380089345643,0.1147709095039677,76.0
1652967651.593051,0.0131189227104187,-0.0064162015914916,0.0662258267402648,0.6132544279098511,0.38807412981987,-0.6879807710647583,0.1089810207486152,0.0855422094464302,0.0503151714801788,0.7280339119351525,-0.3985410302123491,0.1142581542298395,76.0
1652967651.603052,-0.0163241624832153,-0.0276582241058349,0.0498599708080291,0.6140109300613403,0.3875027000904083,-0.6876279711723328,-0.0037700282409787,0.086683377623558,0.0068521182984113,0.7289011711432464,-0.3979210896888445,0.1141247634696445,76.0
1652967651.613148,-0.0313830375671386,-0.0462754368782043,0.0429950058460235,0.6145129203796387,0.3880352675914764,-0.6868788003921509,-0.1161692142486572,0.0604233257472515,-0.0371151119470596,0.7298488502427016,-0.3984988554600829,0.1144651015646607,76.0
1652967651.622956,-0.0423946976661682,-0.0614476799964904,0.0299341082572937,0.6146755814552307,0.3894842267036438,-0.6859124898910522,-0.2000252306461334,0.032171718776226,-0.0659076124429702,0.7306799860590267,-0.4000715231402749,0.1152303466725822,76.0
1652967651.632886,-0.0631149411201477,-0.0643029808998107,0.0160230100154876,0.6146286129951477,0.3916765451431274,-0.6847051382064819,-0.2639138400554657,0.0300436411052942,-0.0850064381957054,0.7315176927001039,-0.4024530173598204,0.1163645707582027,76.0
1652967651.642882,-0.0768949389457702,-0.067988634109497,0.010499745607376,0.6145078539848328,0.3942701518535614,-0.6833235621452332,-0.2754975259304046,0.0361159145832061,-0.0947999432682991,0.7324241815114756,-0.4052735276366882,0.1176490287778379,76.0
1652967651.6529732,-0.0875453948974609,-0.0709797739982605,0.0270459055900573,0.6144618988037109,0.3966601192951202,-0.6819803714752197,-0.192659392952919,0.0562277324497699,-0.09455306828022,0.7333653534139236,-0.4078756298671762,0.118666926984706,76.0
1652967651.662988,-0.0894187092781066,-0.073692500591278,0.0542804300785064,0.6145346760749817,0.3981121480464935,-0.6810681819915771,-0.0321709103882312,0.0732413381338119,-0.0853800773620605,0.7340899207123904,-0.4094579526487923,0.1187723410554348,76.0
1652967651.6727529,-0.0835235714912414,-0.0749481320381164,0.08499476313591,0.614758312702179,0.3981137275695801,-0.6808653473854065,0.166632667183876,0.0699580311775207,-0.0516125597059726,0.734419014550743,-0.4094596911229228,0.117729301368945,76.0
1652967651.682838,-0.0668094158172607,-0.0770354866981506,0.0746974945068359,0.614950954914093,0.3967380821704864,-0.6814941167831421,0.308956503868103,0.0466228835284709,-0.0245788134634494,0.7341157347743066,-0.4079605658581907,0.1156304052711982,76.0
