1652967289.123375,-0.0116552859544754,-0.0085396766662597,-0.0169160366058349,-0.2290520370006561,-0.3593961596488952,-0.9046378135681152,0.0479283854365348,0.0131725147366523,-0.0391768179833889,-0.2479858205423541,0.3676207430943088,0.2270535383085579,104.0
1652967289.133029,-0.0173193216323852,-0.0014176368713378,-0.0198203325271606,-0.2288049012422561,-0.3602150380611419,-0.9043745994567872,0.0540797561407089,0.0031161529477685,-0.0476211681962013,-0.2477982407820862,0.3684983948874257,0.2267548255732726,104.0
1652967289.142977,-0.0159470736980438,0.0098029375076293,-0.0180519223213195,-0.2286207377910614,-0.3608542680740356,-0.904166340827942,0.0307314880192279,-0.0089898314327001,-0.0541874207556247,-0.2476615901308212,0.3691837211865207,0.2263347525423946,104.0
1652967289.152812,-0.0057325512170791,0.0161287188529968,-0.0221884846687316,-0.2285050749778747,-0.361249566078186,-0.9040376543998718,0.0077721113339066,-0.0292021594941616,-0.0604871250689029,-0.2475751530087806,0.369607623407419,0.2257480707635638,104.0
1652967289.163056,-0.010868489742279,0.0122086405754089,-0.0144620537757873,-0.2285876423120498,-0.3614228963851928,-0.9039475321769714,-0.0265476442873477,-0.0334940031170845,-0.063686192035675,-0.2476846913708858,0.3697935129794297,0.2250967398989793,104.0
1652967289.173144,-0.0062302947044372,0.0046373605728149,-0.0111484229564666,-0.2287397533655166,-0.3612575232982635,-0.9039751887321472,-0.0562440194189548,-0.0416030623018741,-0.062400683760643,-0.2478355691786661,0.3696161542131033,0.2243584997185435,104.0
1652967289.182758,-0.0025999695062637,-0.0002716779708862,-0.006174236536026,-0.228891059756279,-0.3608453571796417,-0.9041014909744264,-0.0739061757922172,-0.0343484506011009,-0.0539538189768791,-0.2479596331216943,0.3691741632794539,0.2235869994522661,104.0
1652967289.192946,-0.0091883987188339,0.0079676508903503,0.0029007196426391,-0.2290164828300476,-0.3602309823036194,-0.9043146967887878,-0.0938884019851684,-0.0162322986871004,-0.0488967448472976,-0.2480338740702707,0.3685154862230522,0.2228674322605258,104.0
1652967289.202621,-0.0055146366357803,0.0053339004516601,0.0109663009643554,-0.2289976477622985,-0.3596143126487732,-0.9045648574829102,-0.0796962827444076,-0.0023630883079022,-0.0412110537290573,-0.2479484893336894,0.3678545301733048,0.2222081691428919,104.0
1652967289.212669,-0.0035528242588043,0.0008261799812316,0.0235632061958313,-0.2289453148841858,-0.359241247177124,-0.9047263264656068,-0.050073679536581,0.0094144754111766,-0.0354559607803821,-0.2478516656777383,0.3674547489641173,0.221693133201985,104.0
1652967289.222475,-0.003335028886795,0.0060731172561645,0.0366583466529846,-0.2288884371519088,-0.3592443466186523,-0.904739499092102,-0.0015517491847276,0.0063841175287961,-0.0308394506573677,-0.2477891279596462,0.3674580741285064,0.2213317013077085,104.0
1652967289.2325912,0.0037182569503784,0.0137205123901367,0.0360940396785736,-0.228846400976181,-0.3597634136676788,-0.9045438766479492,0.045685801655054,-0.0109418760985136,-0.0209537949413061,-0.2477968753472552,0.368014316849282,0.2211505688779793,104.0
1652967289.242586,0.002106636762619,0.0155784487724304,0.0328110456466674,-0.2290505468845367,-0.3605240285396576,-0.9041892886161804,0.0766988471150398,-0.0284561533480882,-0.0131876738741993,-0.2481022808101723,0.3688296372353888,0.2211956620530193,104.0
1652967289.252426,0.0065061748027801,0.0185189843177795,0.0152409374713897,-0.2294065356254577,-0.3612644374370575,-0.9038034677505492,0.0585009343922138,-0.0474881678819656,-0.0065550715662539,-0.2485739791432104,0.3696235607831217,0.2212876783882103,104.0
1652967289.262548,0.0078132152557373,0.0064402222633361,0.0082080364227294,-0.2299201339483261,-0.3617236018180847,-0.9034892320632936,0.0325583517551422,-0.0684026628732681,0.0045498153194785,-0.2491908732671991,0.3701160341221334,0.2213874822324706,104.0
1652967289.272311,0.0030624866485595,0.00116628408432,-0.002222329378128,-0.2306777834892273,-0.3618370294570923,-0.9032506346702576,-0.0012659253552556,-0.0758890807628631,0.0099056987091898,-0.2500416132558247,0.3702376985154014,0.2215487560482256,104.0
1652967289.282422,-0.0037815868854522,0.0001327991485595,-0.0108797848224639,-0.2313868105411529,-0.3615261912345886,-0.9031937718391418,-0.0427471920847892,-0.062721237540245,0.0062426719814538,-0.2507935165348791,0.3699042684270002,0.2216125520334649,104.0
1652967289.292328,-0.0131318718194961,-0.0010722279548645,-0.003352016210556,-0.2319242358207702,-0.3608752489089966,-0.9033162593841552,-0.05364590883255,-0.0519479513168334,-0.0076510389335453,-0.2513191579691285,0.369206205131076,0.2214921353844523,104.0
1652967289.302423,-0.0130597949028015,-0.0080318450927734,0.0026403069496154,-0.2323625087738037,-0.3602147102355957,-0.9034672379493712,-0.0360365584492683,-0.0455019325017929,-0.0067273401655256,-0.2517339565525269,0.3684980462948506,0.221305966960042,104.0
1652967289.312181,-0.0122669637203216,-0.013961911201477,0.0122771859169006,-0.2326212972402572,-0.3597655594348907,-0.903579592704773,-0.0080376788973808,-0.0232685282826423,-0.0044202441349625,-0.2519725705325513,0.3680166193906322,0.2211619568687856,82.0
1652967289.3219562,-0.0136322677135467,-0.0131094455718994,0.0139417350292205,-0.2327208369970321,-0.3596295416355133,-0.9036080837249756,0.016669999808073,-0.0039805322885513,-0.0026923464611172,-0.2520682770029802,0.3678708475726959,0.221109164074986,82.0
1652967289.332371,-0.0154345482587814,-0.0114115476608276,0.0189232528209686,-0.2326122820377349,-0.3598808348178863,-0.903536021709442,0.0503443367779254,0.011258341372013,-0.0033211186528205,-0.251974859554783,0.3681401712589358,0.2211180511925037,82.0
1652967289.342072,-0.0137978345155715,-0.0122923254966735,0.0228164196014404,-0.2324179112911224,-0.3604933619499206,-0.903341829776764,0.0855740308761596,0.0112839080393314,-0.0058463281020522,-0.2518249730460278,0.3687967579451769,0.2212227548263015,82.0
1652967289.35211,-0.0104352235794067,-0.010557472705841,0.0183640420436859,-0.2323015332221985,-0.3615341782569885,-0.9029557108879088,0.1298453509807586,-0.0040678838267922,-0.0135455271229147,-0.2518072568157341,0.3699128403652299,0.2214003890719572,82.0
1652967289.3620849,-0.0103891491889953,-0.009356141090393,0.0103374123573303,-0.232347622513771,-0.3628458976745605,-0.902417540550232,0.1374619305133819,-0.0111239291727542,-0.0127555197104811,-0.2519990634848462,0.3713201216295396,0.2216453641955593,82.0
1652967289.372004,-0.008955031633377,-0.0075870156288146,0.0073495507240295,-0.232545793056488,-0.3640847206115722,-0.9018673300743104,0.1326517313718795,-0.0215017348527908,-0.0026288498193025,-0.2523524088981432,0.3726498850724884,0.2219388203143519,82.0
1652967289.382082,-0.0052383244037628,0.0074633955955505,-0.0042785108089447,-0.2328903079032898,-0.3649841248989105,-0.9014148116111756,0.0814673006534576,-0.0345120765268802,0.0059029292315244,-0.2528320967075401,0.3736157463127083,0.2222786055179968,82.0
1652967289.3920422,-0.0052628219127655,0.0069015622138977,-0.0174291729927063,-0.2333083152770996,-0.3652001321315765,-0.9012192487716676,0.0111854188144207,-0.0331647843122482,0.0182930212467908,-0.2533194031603434,0.3738477909116809,0.2225477107763968,82.0
1652967289.402266,-0.0135402977466583,0.0028488039970397,-0.0234454870223999,-0.2337588667869568,-0.3647838532924652,-0.9012710452079772,-0.0473061874508857,-0.0302035082131624,0.0209657289087772,-0.2537738967336573,0.3734006512536615,0.2227366682634806,82.0
1652967289.411605,-0.0166594833135604,-0.0011253952980041,-0.0185355246067047,-0.2341797202825546,-0.3640022575855255,-0.9014777541160583,-0.06557547301054,-0.0219940487295389,0.0213244557380676,-0.2541555615476529,0.3725613635214496,0.2228376616462324,82.0
1652967289.421544,-0.0101436674594879,-0.001768946647644,-0.0062686502933502,-0.2345309555530548,-0.363177090883255,-0.9017192721366882,-0.0517506040632724,-0.0212757941335439,0.0215291790664196,-0.2544552663591745,0.3716755583359332,0.2229226948308631,82.0
1652967289.431539,-0.01014044880867,0.002409279346466,0.0065632164478302,-0.2347936183214187,-0.3626727759838104,-0.9018538594245912,-0.0133166620507836,-0.0145648922771215,0.0122928032651543,-0.2546916685901061,0.3711343435020911,0.2230194471100931,82.0
1652967289.4414492,-0.0145040154457092,-0.0017440915107727,0.0062500238418579,-0.2349466234445572,-0.362619012594223,-0.9018356800079346,0.026594802737236,-0.0043137469328939,0.0009253667667508,-0.2548554764671852,0.3710766345089465,0.2231272142021955,82.0
1652967289.45144,-0.0161060392856597,-0.0053158998489379,0.0124517083168029,-0.2349620461463928,-0.3629155457019806,-0.9017122983932496,0.0579524599015712,0.0037098245229572,-0.0116391601040959,-0.2549048747505325,0.3713948489235553,0.2231924396613621,82.0
1652967289.46132,-0.0057537853717803,-0.0092333555221557,0.0154647827148437,-0.2349383234977722,-0.3637160658836365,-0.9013959169387816,0.1009955927729606,0.0004175715148448,-0.0065330052748322,-0.2549658699027923,0.3722540961809391,0.2233411290135319,82.0
1652967289.4714952,8.58604907989502e-05,-0.0055696368217468,0.013112723827362,-0.2350101470947265,-0.3648735284805298,-0.9009092450141908,0.1197889894247055,-0.0072462069801986,-0.0045010135509073,-0.2551723451623837,0.3734969781436541,0.2236204508472698,82.0
1652967289.481496,-0.0067267417907714,-0.0064030289649963,0.0070980191230773,-0.2351402789354324,-0.3660914897918701,-0.9003810882568359,0.1080450564622879,-0.0044599547982215,0.0025146659463644,-0.2554509253807934,0.3748054591186704,0.2239603462443073,82.0
1652967289.491462,-0.0129846781492233,-0.0039193034172058,-0.0035292506217956,-0.2352910190820694,-0.3670150935649872,-0.8999655842781067,0.0748548805713653,-0.004259418696165,0.0113371852785348,-0.2557205786588477,0.3757981617382774,0.2243197756199025,82.0
1652967289.501421,-0.0134505778551101,0.0024428963661193,-0.0114150345325469,-0.2353439182043075,-0.3675064146518707,-0.8997512459754944,0.0382138416171073,0.0075081852264702,0.0045956969261169,-0.2558339127874049,0.3763263662328925,0.2245638662910864,82.0
1652967289.511338,-0.0077397376298904,0.0086464881896972,-0.0071085691452026,-0.2353937476873397,-0.3676777482032776,-0.8996681571006775,0.0249960385262966,0.0009842391591519,0.0033796979114413,-0.2559083488264909,0.3765106144205976,0.2247220277544113,82.0
1652967289.5213342,-4.054605960845947e-05,0.006478726863861,0.0031822919845581,-0.2355703711509704,-0.3677909970283508,-0.8995756506919861,0.020607016980648,-0.0185733772814273,0.0053498288616538,-0.2561172883344624,0.3766324024712452,0.2248613234123204,82.0
1652967289.5313249,0.0095218569040298,0.0001862049102783,0.0060034394264221,-0.2359317243099212,-0.3678350448608398,-0.8994629383087158,0.01898062415421,-0.0294185690581798,0.01456995960325,-0.2565239080179038,0.3766797711447526,0.2250400870650892,82.0
1652967289.541254,0.0108330249786376,-0.0019794106483459,0.0044424533843994,-0.2363121062517166,-0.3676626086235046,-0.8994336128234863,-0.0051589999347925,-0.0265295170247554,0.0305929444730281,-0.2569275617370357,0.376494325674053,0.2252927614492375,82.0
1652967289.551223,-0.0012926906347274,-0.0006374716758728,-0.0014808177947998,-0.2366223186254501,-0.3672782778739929,-0.8995090126991272,-0.0329464226961135,-0.0129788210615515,0.0431343019008636,-0.2572295251951696,0.3760810846748533,0.2256031019072082,82.0
1652967289.561188,-0.0096562802791595,-0.0076855421066284,-0.0034575164318084,-0.2368646711111068,-0.3667816817760467,-0.8996478915214539,-0.0374574847519397,-0.0045261075720191,0.044880423694849,-0.2574434939872244,0.3755472402610832,0.2259674927085515,82.0
1652967289.571271,-0.0106007307767868,-0.0073723793029785,0.0067232251167297,-0.2371409237384796,-0.3664338886737823,-0.899716854095459,-0.0150653598830103,-0.0067985830828547,0.0434343256056308,-0.2577117466106201,0.3751734047723167,0.2263747983057071,82.0
1652967289.581081,-0.0073342770338058,-0.0040682554244995,0.0054101347923278,-0.2374471724033355,-0.3664025068283081,-0.8996488451957703,0.0161990188062191,-0.0072578717954456,0.0417419597506523,-0.2580486529458154,0.375139698040862,0.2268077361632356,82.0
1652967289.591045,-0.0087556093931198,-0.0025487542152404,-0.0028921365737915,-0.2377348095178604,-0.3665688633918762,-0.899505078792572,0.0198065377771854,-0.0134425302967429,0.0390798673033714,-0.2583869955262434,0.3753184830090178,0.2272859792684676,82.0
1652967289.6010098,-0.0029268860816955,-0.0031485557556152,-0.0089629292488098,-0.2379330694675445,-0.3666016161441803,-0.8994393348693848,0.0047417669557034,-0.0034792190417647,0.0401122570037841,-0.2586110788938014,0.3753536809684759,0.2277285572015369,82.0
1652967289.610956,-0.0086105167865753,0.0051843523979187,-0.015536606311798,-0.2379867285490036,-0.3663755655288696,-0.8995172381401062,-0.0273740906268358,0.0023126236628741,0.0398853570222854,-0.2586454085289885,0.3751107180463673,0.2280932754441503,82.0
1652967289.620912,-0.009581834077835,0.0110135078430175,-0.0175211727619171,-0.23802250623703,-0.3659016191959381,-0.8997006416320801,-0.0468057133257389,-0.0001346613280475,0.0407952852547168,-0.258632162724562,0.3746014305649639,0.2283731698199999,82.0
1652967289.630914,-0.0007994771003723,0.0090435147285461,-0.0124926567077636,-0.2382141500711441,-0.365330159664154,-0.8998821377754211,-0.0539464503526687,-0.0114491013810038,0.0392051115632057,-0.2587813226699124,0.3739874649925744,0.2286329718269448,82.0
1652967289.641017,-0.0040627121925354,0.0091391801834106,-0.0093494355678558,-0.2385214865207672,-0.3647807836532593,-0.9000235795974731,-0.0545597672462463,-0.0163281187415123,0.0355399549007415,-0.2590615451035201,0.3733973549066028,0.2288796207316314,82.0
1652967289.650818,-0.011927455663681,0.0069574117660522,-0.0149397253990173,-0.2388049364089965,-0.3641801178455353,-0.9001916646957397,-0.0486861690878868,-0.0081085385754704,0.0249493643641471,-0.2593095117204695,0.3727523072629119,0.2290507950827025,82.0
1652967289.6607242,-0.0171101689338684,0.012220561504364,-0.013121873140335,-0.2389627695083618,-0.3637396395206451,-0.9003278613090515,-0.0282388217747211,-0.0057689514942467,0.0118488166481256,-0.2594358036336324,0.3722794063485009,0.2291426264090174,82.0
1652967289.670692,-0.0108951479196548,0.0148884654045104,-0.0032502114772796,-0.2390437722206115,-0.363616794347763,-0.9003559947013855,0.0021081669256091,0.0028040304314345,0.0048841182142496,-0.2595120877965321,0.3721475128634156,0.2291986720230158,82.0
1652967289.6806931,-0.0108640193939208,0.0219445824623107,0.0057310163974761,-0.2390138655900955,-0.3638089597225189,-0.9002863168716431,0.0272280350327491,0.0041512702591717,-0.0091347619891166,-0.2595002645968253,0.3723538339822633,0.2292116702681764,82.0
1652967289.6906738,-0.0083939880132675,0.0322617888450622,0.0088675022125244,-0.2390424907207489,-0.3642751574516296,-0.9000901579856873,0.0467303618788719,-0.0126780439168214,-0.0117563782259821,-0.2595840124888798,0.3728543790826847,0.2292491797916345,82.0
1652967289.7005758,-0.0026815235614776,0.0461605191230773,0.0073161125183105,-0.2392617911100387,-0.3648142218589782,-0.8998135328292847,0.0292853266000747,-0.0263538006693124,-0.0103575335815548,-0.2598879159454,0.3734332566943594,0.2292825489022113,82.0
1652967289.710715,0.0059115886688232,0.0507416725158691,0.0101750493049621,-0.2396151721477508,-0.3649876415729522,-0.8996491432189941,-0.0121787590906023,-0.0535318925976753,0.0114851808175444,-0.2603001018873038,0.3736195404996407,0.2293068067626059,82.0
1652967289.720557,0.0118693560361862,0.045264720916748,0.0043990314006805,-0.2404001951217651,-0.3645063638687134,-0.899634838104248,-0.1028294414281845,-0.0928563401103019,0.0454103499650955,-0.26111868140378,0.3731026504337178,0.2294633494761661,82.0
1652967289.73088,0.0166199803352355,0.0289056301116943,0.0023390054702758,-0.2416718155145645,-0.3630262017250061,-0.8998926281929016,-0.2092725187540054,-0.1335393190383911,0.087692029774189,-0.2623657240012089,0.3715136222682718,0.2297229776328928,82.0
1652967289.74058,0.0307029485702514,-0.0096433758735656,-0.0095100104808807,-0.2435782700777053,-0.3604698181152344,-0.9004060626029968,-0.3197430968284607,-0.1838187873363495,0.1364631056785583,-0.2641968761108012,0.3687715200813785,0.2301768026845741,82.0
1652967289.7504349,0.0465501397848129,-0.0647923946380615,-0.0304042994976043,-0.2460434883832931,-0.3567263782024383,-0.901226282119751,-0.4499335885047912,-0.2298611253499984,0.173919141292572,-0.2665148674400611,0.3647613713750996,0.2307098773781857,82.0
1652967289.760526,0.0391022264957428,-0.1574899554252624,-0.0447741448879241,-0.2490173280239105,-0.351618617773056,-0.9024160504341124,-0.5878012180328369,-0.2930236160755157,0.1948900818824768,-0.2692447007039127,0.3592995758262111,0.2311505568351651,82.0
1652967289.770341,0.0302620828151702,-0.3201721906661987,-0.0854192078113555,-0.2526894211769104,-0.3451990187168121,-0.9038726091384888,-0.7221401333808899,-0.3526478111743927,0.2352100759744644,-0.2726035078681308,0.3524508189241832,0.2314820473045873,82.0
1652967289.780432,0.0506308078765869,-0.5287140011787415,-0.1285695433616638,-0.2566854059696197,-0.3374032974243164,-0.905688464641571,-0.8587158918380737,-0.3506473004817962,0.2868061065673828,-0.2761723263836064,0.3441570570958945,0.2318385111370273,82.0
1652967289.790272,0.0520916879177093,-0.7854579091072083,-0.1527761816978454,-0.2606334984302521,-0.3283486366271972,-0.9078862071037292,-0.9361595511436462,-0.2650106847286224,0.3905759155750274,-0.2795593310198948,0.3345547347671294,0.2326131761973133,82.0
1652967289.800288,-0.0680003464221954,-1.0466036796569824,-0.2363165915012359,-0.2636188566684723,-0.3186150193214416,-0.9104886054992676,-0.978343427181244,-0.0734916403889656,0.4776801168918609,-0.2818289697838305,0.3242679837508219,0.2342848580152026,82.0
1652967289.810186,-0.2189374268054962,-1.19225811958313,-0.3339205980300903,-0.2646287977695465,-0.3081081509590149,-0.9138057827949524,-1.0388166904449463,0.2041165232658386,0.5125760436058044,-0.281878981709303,0.3132038090311217,0.236322445850686,82.0
1652967289.820087,-0.3065404295921325,-1.2559120655059814,-0.4673868715763092,-0.2628412544727325,-0.297322541475296,-0.9178854823112488,-1.015623688697815,0.520224392414093,0.4628496766090393,-0.2788920584927397,0.3018871636054605,0.2382895707683827,82.0
1652967289.83008,-0.3842176795005798,-1.2667603492736816,-0.5991969704627991,-0.2575364112854004,-0.2877353429794311,-0.922433376312256,-0.8563151955604553,0.8828374743461609,0.2631267011165619,-0.2722596851005615,0.2918613489401992,0.2393344435650568,82.0
1652967289.84008,-0.4574039578437805,-1.2194342613220217,-0.6502380967140198,-0.2479487955570221,-0.2802886068820953,-0.9273400902748108,-0.7040297389030457,1.2647836208343506,-0.0636568590998649,-0.2612648195989319,0.2840947532453395,0.2382446257519393,82.0
1652967289.850171,-0.4803853034973144,-1.157250165939331,-0.656164288520813,-0.2339853644371032,-0.2751711010932922,-0.9324868321418762,-0.5230634212493896,1.6094107627868652,-0.4027771055698395,-0.2458501779390744,0.2787676720519707,0.2342765985576479,82.0
1652967289.859925,-0.4786360263824463,-1.0859014987945557,-0.6580605506896973,-0.2159134745597839,-0.2722525298595428,-0.9376885890960692,-0.3701518774032593,1.9426456689834597,-0.6970192193984985,-0.226316627528611,0.2757332284712639,0.2276399775905491,82.0
1652967289.869901,-0.5008423328399658,-1.0003658533096311,-0.6340835690498352,-0.1944853365421295,-0.2708693742752075,-0.942764699459076,-0.3038913607597351,2.159509658813477,-0.9116641283035278,-0.2034387107162547,0.2742960501707937,0.2187032320495124,82.0
1652967289.879876,-0.4428268671035766,-0.9243777990341188,-0.6196296811103821,-0.1705764085054397,-0.269728809595108,-0.9477077722549438,-0.3022757768630981,2.3561248779296875,-1.0088129043579102,-0.178081702851121,0.2731113978755243,0.2082927385776712,82.0
1652967289.8898602,-0.4360458552837372,-0.8275153040885925,-0.5855404138565063,-0.1447799056768417,-0.268631249666214,-0.9523003697395324,-0.2823473215103149,2.5047574043273926,-1.0855337381362915,-0.150876403602511,0.2719717818095672,0.1971661001213714,82.0
1652967289.8998032,-0.5007432699203491,-0.6913118958473206,-0.5310693979263306,-0.1171918585896492,-0.2673771977424621,-0.9564389586448668,-0.2841900289058685,2.665274143218994,-1.1813886165618896,-0.1219216344142264,0.2706700936052371,0.1851486060177761,82.0
1652967289.909721,-0.5239908695220947,-0.5769469738006592,-0.5018033385276794,-0.0877034217119216,-0.2663698494434356,-0.9598724842071532,-0.1748134791851043,2.822382926940918,-1.3076112270355225,-0.0911168687339703,0.2696248344507667,0.1721279775312045,82.0
1652967289.920016,-0.5668233633041382,-0.4459360837936401,-0.4171656966209411,-0.0562997758388519,-0.2668247520923614,-0.9620991945266724,0.0823581293225288,2.954687595367432,-1.472909450531006,-0.0584509819196719,0.2700968324017234,0.1577537785602442,82.0
1652967289.929738,-0.5678673386573792,-0.2838490009307861,-0.3283274471759796,-0.0233649145811796,-0.269878089427948,-0.962610960006714,0.420024573802948,3.058156490325928,-1.6256457567214966,-0.0242676725719033,0.2732664100169041,0.14184360714549,82.0
1652967289.9395251,-0.5476308465003967,-0.1071489453315734,-0.2651806175708771,0.0107809025794267,-0.2753924429416656,-0.9612714052200316,0.6935543417930603,3.1001501083374023,-1.7519735097885132,0.0112147834024097,0.2789979059328252,0.1243599060438057,82.0
1652967289.949544,-0.53489089012146,0.0831526517868042,-0.2327513396739959,0.0458161868155002,-0.2820496261119842,-0.9583052396774292,0.7852581739425659,3.1784157752990723,-1.8743926286697388,0.0477732201201861,0.2859298106521551,0.1053603767735196,82.0
1652967289.9595551,-0.5273204445838928,0.2737768292427063,-0.2124183773994445,0.0818706303834915,-0.2878104448318481,-0.9541814923286438,0.6519158482551575,3.252586603164673,-1.9576456546783447,0.0855923145043095,0.291939745892009,0.084973538023176,82.0
1652967289.969502,-0.520436704158783,0.4618881344795227,-0.1759102940559387,0.1189474463462829,-0.290901780128479,-0.9493300914764404,0.4183470606803894,3.350748300552368,-2.0283191204071045,0.1246466174468117,0.2951692365506658,0.0637467751062523,82.0
1652967289.97943,-0.5185403823852539,0.6342849731445312,-0.1130915284156799,0.156647726893425,-0.2910069227218628,-0.9438095688819884,0.215725839138031,3.3738739490509038,-2.0568606853485107,0.1644745358820155,0.2952791553741007,0.0422110342738128,82.0
1652967289.989612,-0.4653623700141907,0.786683976650238,-0.0167230367660522,0.1936033517122268,-0.289002001285553,-0.9375476241111756,0.1402105838060379,3.22688627243042,-2.053993225097656,0.2036374396804293,0.2931841993517208,0.0208642109582711,82.0
1652967289.999504,-0.3851996064186096,0.8933514952659607,0.1470887064933776,0.2281561344861984,-0.286386102437973,-0.9305523633956908,0.2359213829040527,2.931161403656006,-2.0048439502716064,0.2404404159100263,0.2904528265493186,-0.0002317900821198,82.0
1652967290.010541,-0.3126845955848694,0.9718347191810608,0.3541869223117828,0.259614497423172,-0.2848967015743255,-0.922731876373291,0.4626890122890472,2.6556053161621094,-1.898179292678833,0.2742640123269623,0.2888986579082441,-0.0207697888003383,82.0
1652967290.019273,-0.2343167066574096,1.166087627410889,0.5440158843994141,0.2875393629074096,-0.2847689688205719,-0.9144548773765564,0.5992213487625122,2.318075180053711,-1.739976406097412,0.3046494716827173,0.2887654177095293,-0.0405086023704991,82.0
1652967290.029642,-0.1291148662567138,1.3119126558303833,0.7335395812988281,0.3115794658660888,-0.2858771383762359,-0.9061967134475708,0.7241270542144775,1.947880864143372,-1.524057388305664,0.3311694463653094,0.2899216413787189,-0.0588267326201956,82.0
1652967290.039256,-0.0484875440597534,1.4051719903945925,0.934512972831726,0.3309429883956909,-0.2885778844356537,-0.8984428644180298,0.8348449468612671,1.4906822443008425,-1.181315302848816,0.352929372142889,0.2927411967006371,-0.0748819702076246,82.0
1652967290.049211,0.034566581249237,1.4418587684631348,1.0434868335723877,0.3449652791023254,-0.2932120859622955,-0.8916420936584473,0.9303932785987854,1.0224015712738037,-0.7780160903930664,0.3691517430760357,0.2975848706396223,-0.0877060090358235,82.0
1652967290.059389,0.0834631323814392,1.465937614440918,1.0291504859924316,0.3539606034755707,-0.2994904220104217,-0.886012077331543,0.9363917708396912,0.63840252161026,-0.3836978673934936,0.3800740729615504,0.3041585242202218,-0.0968905426330142,82.0
1652967290.069077,0.047122985124588,1.4987363815307615,0.9845266342163086,0.3590507209300995,-0.3065632879734039,-0.8815336227416992,0.844957709312439,0.3682072460651397,-0.1022715121507644,0.3867856270981965,0.3115803658553294,-0.1027038684882434,82.0
1652967290.0790591,-0.0088809728622436,1.5424656867980957,0.941787838935852,0.3613590002059936,-0.313201904296875,-0.8782506585121155,0.6763845682144165,0.1505820453166961,0.0653976500034332,0.3903406329942891,0.3185627162515078,-0.1058379699567904,82.0
1652967290.089013,-0.0237914025783538,1.5759611129760742,0.8831311464309692,0.3614988923072815,-0.3187542259693146,-0.8761930465698242,0.5215907692909241,-0.0475259870290756,0.1147811710834503,0.3913031432297014,0.3244148673424137,-0.1072708809165118,82.0
1652967290.099077,-0.0408644378185272,1.5791112184524536,0.8497647047042847,0.3598036468029022,-0.3234279751777649,-0.8751775026321411,0.474526435136795,-0.2688044905662536,0.1036611795425415,0.3900563399925022,0.3293499519161583,-0.1081540675371619,82.0
1652967290.1089869,-0.0670545101165771,1.556135177612305,0.8369948267936707,0.3562390506267547,-0.3282362222671509,-0.8748455047607422,0.5807636380195618,-0.4990224838256836,0.0472341254353523,0.3866997397634586,0.334435731333995,-0.1094721618154986,82.0
1652967290.118773,-0.0876415073871612,1.5376702547073364,0.8273239135742188,0.3506114780902862,-0.3342055380344391,-0.8748589754104614,0.767520010471344,-0.7709379196166992,0.0101226307451725,0.3811643165903911,0.3407621663330099,-0.1118795956679602,82.0
1652967290.12913,-0.1115675866603851,1.5346590280532837,0.8121718764305115,0.3429060876369476,-0.3416517972946167,-0.8750368356704712,0.9424143433570862,-0.9979042410850524,-0.0229154787957668,0.3734835396094061,0.3486739055503979,-0.1153204742336363,82.0
1652967290.138902,-0.149782657623291,1.5327985286712646,0.8199096918106079,0.333345890045166,-0.3503356873989105,-0.8752973079681396,1.0554907321929932,-1.2139976024627686,0.001642633229494,0.3638784902458433,0.3579294959114639,-0.1193208095716944,82.0
1652967290.148775,-0.1736274063587188,1.544044017791748,0.7958065271377563,0.3216681778430938,-0.3599391877651214,-0.8757701516151428,1.107604742050171,-1.4182223081588743,0.1017103791236877,0.3520007327182038,0.3682027125165559,-0.1228959051241283,82.0
1652967290.158756,-0.2010539472103119,1.5406081676483154,0.7329152822494507,0.3076366186141968,-0.3702443838119507,-0.8765151500701904,1.1104323863983154,-1.650983810424805,0.2749155163764953,0.3375448801395933,0.3792720755782269,-0.1250616123106734,82.0
1652967290.168682,-0.2241816222667694,1.5060718059539795,0.6815580129623413,0.2906946837902069,-0.3807614743709564,-0.877791166305542,1.046824932098389,-1.9070483446121216,0.4669429957866668,0.319798792708072,0.390619662053587,-0.125025481784768,82.0
1652967290.178626,-0.2473158836364746,1.4529006481170654,0.6182315349578857,0.2707686424255371,-0.3913485705852508,-0.8795058727264404,1.0204641819000244,-2.1640944480896,0.6346433758735657,0.2986562358096595,0.4020965776898424,-0.1227411345068335,82.0
1652967290.1886492,-0.2715078592300415,1.3930619955062866,0.5536609888076782,0.247871994972229,-0.4022021889686584,-0.8813585638999939,1.0426517724990845,-2.41306471824646,0.7713770270347595,0.2741568359523437,0.4139208788090279,-0.118541346970864,82.0
1652967290.198691,-0.3068938255310058,1.352964162826538,0.5439754724502563,0.2221922725439071,-0.4134975075721741,-0.8829781413078308,1.080379605293274,-2.678413391113281,0.895317792892456,0.2465212388814696,0.4262920186009893,-0.1127433640545991,82.0
1652967290.208575,-0.3205682337284088,1.3270188570022583,0.5342962741851807,0.1932183802127838,-0.4253179132938385,-0.8841783404350281,1.1446760892868042,-2.9825756549835205,1.048264980316162,0.2151465362009836,0.439313130933484,-0.1051786497933056,82.0
1652967290.218504,-0.3355978727340698,1.270621657371521,0.4707947075366974,0.1606558561325073,-0.4373626112937927,-0.8848183751106262,1.114882469177246,-3.310574769973755,1.23685884475708,0.1796125699330205,0.4526638072200956,-0.0952894361364727,82.0
1652967290.2285771,-0.3612873256206512,1.1780049800872805,0.4130176901817322,0.124074213206768,-0.447929710149765,-0.8854176998138428,0.8105481863021851,-3.634641647338867,1.4665591716766355,0.1392241387201079,0.4644484229037071,-0.082261328900526,82.0
1652967290.2384238,-0.3928397595882416,1.0839927196502686,0.3215095400810241,0.0832999870181083,-0.4544287919998169,-0.8868796825408936,0.2618032097816467,-3.950646162033081,1.739459991455078,0.0936500450347137,0.4717308630663799,-0.0651881377187314,82.0
1652967290.248431,-0.4805426597595215,0.8972715735435486,0.1313520669937133,0.0393500328063964,-0.4549298882484436,-0.8896574378013611,-0.4000826179981231,-4.082245826721191,1.9647362232208248,0.0442017347624292,0.472293468339611,-0.0444224176224694,82.0
1652967290.258311,-0.6647189855575562,0.5957163572311401,0.0243951678276062,-0.0063930423930287,-0.4494591951370239,-0.8932780027389526,-0.8478101491928101,-4.154031753540039,2.0494914054870605,-0.0071567116106481,0.4661598345874212,-0.0217657636636541,82.0
1652967290.268427,-0.7894756197929382,0.2019562125205993,0.100755751132965,-0.052763745188713,-0.4420490264892578,-0.8954377174377441,-0.5800559520721436,-4.257224082946777,2.030247449874878,-0.0588570320345059,0.4578817213046982,0.0006588820075906,82.0
1652967290.2782269,-0.8141742944717407,-0.1196980476379394,0.1609429121017456,-0.1001780703663826,-0.4389885067939758,-0.8928905129432678,0.2644760012626648,-4.354100227355957,2.033194065093994,-0.1117280097252819,0.45447259529847,0.0229809437899693,82.0
1652967290.288281,-0.7787851095199585,-0.2321217060089111,0.1238159537315368,-0.1473775804042816,-0.4423431158065796,-0.8846538066864014,1.0415067672729492,-4.253530025482178,2.0686373710632324,-0.1650774935538811,0.4582096147671638,0.0464867778459997,82.0
1652967290.298187,-0.6820931434631348,-0.2599718570709228,0.0639936923980712,-0.1928305625915527,-0.4504834711551666,-0.8717115521430969,1.5924932956695557,-3.992417335510254,2.087654590606689,-0.217703337545338,0.4673068095694183,0.0720904154867898,82.0
1652967290.3081698,-0.7047035098075867,-0.3084965348243713,-0.0659837126731872,-0.2354514896869659,-0.4606275558471679,-0.8557948470115662,1.752638578414917,-3.7153730392456055,2.10245943069458,-0.2684834265229436,0.4787021080003376,0.0993881521746249,82.0
1652967290.318079,-0.7289171814918518,-0.3832675218582153,-0.2982534170150757,-0.2756909430027008,-0.468943178653717,-0.8390988111495972,1.4725018739700315,-3.4636218547821045,2.2036054134368896,-0.3174447982225114,0.4880938394329195,0.1278567630418222,82.0
1652967290.3282151,-0.8094730377197266,-0.5104610323905945,-0.5180023312568665,-0.3140926361083984,-0.4725524187088012,-0.8234318494796753,0.9796836972236632,-3.2862820625305176,2.2814688682556152,-0.364407660367661,0.4921847357873121,0.1563933303125117,82.0
1652967290.338181,-0.9009333848953248,-0.6175732612609863,-0.611160397529602,-0.3512028157711029,-0.4714048504829407,-0.8089709281921387,0.6318120956420898,-3.2150394916534424,2.248950719833374,-0.4095827829061116,0.4908830642064333,0.1835189390982382,82.0
1652967290.347981,-0.9093865156173706,-0.7347812056541443,-0.6448451280593872,-0.3870153725147247,-0.4680393934249878,-0.7944546341896057,0.5321310758590698,-3.244718551635742,2.074267625808716,-0.453311603891466,0.4870708404108311,0.2085026444826201,82.0
1652967290.357935,-0.8267765045166016,-0.8318223357200623,-0.6479448080062866,-0.4213466346263885,-0.4640699326992035,-0.7791701555252075,0.455453872680664,-3.207538604736328,1.8158130645751955,-0.4957240666355852,0.4825843360147132,0.2305453616294588,82.0
1652967290.368125,-0.6656997799873352,-0.9452248811721802,-0.6579771041870117,-0.453349232673645,-0.4597596824169159,-0.7636069059371948,0.3332744240760803,-3.0861737728118896,1.5712499618530271,-0.5357702143710533,0.477724563303683,0.2492781961037665,82.0
1652967290.38072,-0.5674962401390076,-1.1080632209777832,-0.6834876537322998,-0.4824762344360351,-0.4546501040458679,-0.7486721277236938,0.1261679977178573,-2.840906143188477,1.3946274518966677,-0.5724585332493535,0.471979340860318,0.2647280339156674,82.0
1652967290.387882,-0.5605178475379944,-1.2206594944000244,-0.7114197015762329,-0.5080245137214661,-0.4481718838214874,-0.7355630397796631,-0.1039421707391738,-2.436779260635376,1.2628337144851685,-0.6044304720156796,0.4647192975593563,0.2770993715142075,82.0
1652967290.397855,-0.6009712815284729,-1.2060847282409668,-0.699242115020752,-0.5294149518013,-0.4407266676425934,-0.7248998284339905,-0.2248657345771789,-2.0092215538024902,1.1080392599105835,-0.6307919690724298,0.4564080375847581,0.2867234578743985,82.0
1652967290.40792,-0.6366182565689087,-1.171999454498291,-0.6205325126647949,-0.546929657459259,-0.4341091811656952,-0.7158331871032715,-0.0830087289214134,-1.6662541627883911,0.9048789143562316,-0.6524302607476603,0.4490491843820404,0.2945529276295345,82.0
1652967290.417668,-0.6026670932769775,-1.156885862350464,-0.5193778872489929,-0.5611817240715027,-0.4303443431854248,-0.7070210576057434,0.2750844359397888,-1.4139941930770874,0.6745328307151794,-0.6709042529464279,0.4448742276593624,0.3020119412381611,82.0
1652967290.427695,-0.5299359560012817,-1.1380915641784668,-0.4288816154003143,-0.5729997754096985,-0.4303407371044159,-0.697479784488678,0.6565569639205933,-1.2655903100967407,0.5077456831932068,-0.6877311139966216,0.4448702143313028,0.3103125559632642,82.0
1652967290.4376569,-0.4238722920417785,-1.0409605503082275,-0.4011549055576324,-0.5834060907363892,-0.4327378571033478,-0.6872955560684204,0.7576300501823425,-1.1681138277053833,0.4221816658973694,-0.7038220206532323,0.4475275040189202,0.3194106813140701,82.0
1652967290.448034,-0.3346693515777588,-0.9442615509033204,-0.437838613986969,-0.5925461053848267,-0.4349183142185211,-0.6780376434326172,0.5444200038909912,-1.0137346982955933,0.3841365575790405,-0.7182141892020417,0.4499475630931689,0.3275463917364205,82.0
1652967290.457515,-0.3097579479217529,-0.8697891235351562,-0.4241948127746582,-0.6005813479423523,-0.435332715511322,-0.6706619262695312,0.2394030690193176,-0.907917320728302,0.3640089631080627,-0.7303263056619621,0.4504078177735687,0.3335482623864792,82.0
1652967290.467529,-0.2485371232032776,-0.8007320761680603,-0.3950555622577667,-0.6078317761421204,-0.4337712526321411,-0.6651187539100647,-0.0405811741948127,-0.7980675101280212,0.365182101726532,-0.7404251771087155,0.4486741149018507,0.3372547663330665,82.0
1652967290.521141,-0.2182338237762451,-0.7533489465713501,-0.3700112104415893,-0.6142703890800476,-0.4306784272193908,-0.6612018942832947,-0.2147961258888244,-0.695372462272644,0.3465041816234588,-0.7486193377817297,0.4452443516123316,0.3391275343081438,82.0
1652967290.522295,-0.201547622680664,-0.735591471195221,-0.3229937851428985,-0.6198176741600037,-0.427280843257904,-0.6582226753234863,-0.1640884578227996,-0.5547066926956177,0.3213615417480469,-0.755357301197414,0.4414831055961182,0.3402220644809647,82.0
1652967290.5224252,-0.17771977186203,-0.6448902487754822,-0.2534404695034027,-0.6274558305740356,-0.4251788556575775,-0.6523204445838928,0.4118412435054779,-0.2472919821739196,0.2220247238874435,-0.7659717517437992,0.4391594716608828,0.3463221982424307,82.0
1652967290.5285292,-0.123613953590393,-0.4562254548072815,-0.223808616399765,-0.6299412250518799,-0.4316936433315277,-0.6456117630004883,0.7235091924667358,0.0137283168733119,0.0115436939522624,-0.7731135147300461,0.4463695457578442,0.3577201533379838,82.0
1652967290.537385,-0.1000373363494873,-0.3489994406700134,-0.2450679838657379,-0.6293326616287231,-0.4361758530139923,-0.6431881189346313,0.5760219693183899,0.1061289235949516,-0.0863778069615364,-0.7745104186085273,0.4513445540603681,0.3624976609290846,82.0
1652967290.54742,-0.0666990876197815,-0.2586574554443359,-0.2457090616226196,-0.6279876828193665,-0.4398377239704132,-0.6420078873634338,0.3210354745388031,0.1477589309215545,-0.1472203880548477,-0.7743590789956198,0.4554179848591169,0.3650704308222968,82.0
1652967290.557209,-0.0365760922431945,-0.2001742720603943,-0.2190650999546051,-0.6262351274490356,-0.4421134293079376,-0.642156720161438,0.0592401623725891,0.1603929102420807,-0.1986674815416336,-0.7728462169113781,0.457953536834259,0.3651571980722739,82.0
1652967290.567647,-0.0099077224731445,-0.1640433669090271,-0.1413618624210357,-0.6243695020675659,-0.4431565403938293,-0.6432534456253052,-0.1192068085074424,0.1353562623262405,-0.2062657475471496,-0.770502163133058,0.4591167933471467,0.3632437531925474,82.0
1652967290.577333,0.0335032939910888,-0.1219839453697204,-0.09407839179039,-0.6227976679801941,-0.4432750940322876,-0.6446939706802368,-0.2099531441926956,0.0884349942207336,-0.1770321875810623,-0.7681245690570665,0.4592490495220136,0.3603856833356848,82.0
1652967290.5870562,0.0316217541694641,-0.1164345741271972,-0.0528126955032348,-0.6216180324554443,-0.4429605603218078,-0.6460471153259277,-0.1821292489767074,0.0494572333991527,-0.1357385516166687,-0.7661296367709853,0.4588982003928788,0.3575430426635383,82.0
1652967290.596994,0.0144397020339965,-0.1123363375663757,-0.0079586207866668,-0.6209612488746643,-0.4427554011344909,-0.6468188762664795,-0.0777158290147781,0.0199206992983818,-0.0803689956665039,-0.7650049664703348,0.4586693613232748,0.3556813176360476,82.0
1652967290.607057,-0.0020698904991149,-0.0923899412155151,0.0191990137100219,-0.6205496788024902,-0.4431491494178772,-0.6469441652297974,0.0651177614927291,0.010584988631308,-0.0681560039520263,-0.7645770120305112,0.4591085660062227,0.3550403535571623,82.0
1652967290.6182709,-0.0088904500007629,-0.0862600803375244,0.0200803279876709,-0.6201378107070923,-0.4444424510002136,-0.6464517712593079,0.2104567736387252,0.0308653321117162,-0.0632636994123458,-0.7646257079494541,0.4605517779284462,0.3555715626617925,82.0
1652967290.626957,-0.0120759010314941,-0.0711841583251953,-0.0087162256240844,-0.6195462942123413,-0.4464381635189056,-0.6456432938575745,0.2566226720809936,0.0633641481399536,-0.0783193483948707,-0.7647741766756342,0.462780826159823,0.3569012207913577,82.0
1652967290.637111,-0.013240098953247,-0.0540611743927001,-0.0390364527702331,-0.6185194849967957,-0.4484055042266845,-0.6452644467353821,0.1737415194511413,0.131184309720993,-0.097689963877201,-0.7642387254115358,0.4649806524774462,0.3579160060899582,82.0
1652967290.64668,-0.0210102200508117,-0.038598358631134,-0.0632375180721283,-0.6169443726539612,-0.449686586856842,-0.645880401134491,0.0062281438149511,0.2011618018150329,-0.1259261220693588,-0.7624884574491865,0.4664144026132417,0.3577555700461931,82.0
1652967290.656605,-0.0218449234962463,-0.0173612833023071,-0.0746534466743469,-0.6149195432662964,-0.4500505030155182,-0.6475557088851929,-0.1354733258485794,0.2380765229463577,-0.1399292945861816,-0.7595529866573651,0.4668218773439864,0.3561626046531642,82.0
1652967290.666595,-0.0203829407691955,-0.0016484260559082,-0.0628987550735473,-0.6126583814620972,-0.4497964978218078,-0.6498713493347168,-0.208332359790802,0.2393939793109893,-0.1598721146583557,-0.7559317459033235,0.4665374893930311,0.3535777074537452,82.0
1652967290.6765451,-0.0055725574493408,0.0012725591659545,-0.0324530899524688,-0.6104399561882019,-0.4495567679405212,-0.6521210074424744,-0.1626954227685928,0.2178030014038086,-0.1645176261663437,-0.7523970354320942,0.4662690600313496,0.3507985820836479,82.0
1652967290.686667,-0.0071200728416442,0.0088546872138977,0.0062956511974334,-0.6083125472068787,-0.4499601125717163,-0.653828501701355,-0.0401916205883026,0.1875476241111755,-0.1907641440629959,-0.7493513051011776,0.4667206694720848,0.3485486400899047,82.0
1652967290.696442,-0.0080074667930603,0.0192658901214599,0.0363669693470001,-0.6063417792320251,-0.4513907134532928,-0.654672384262085,0.1158102974295616,0.1561783552169799,-0.1968904435634613,-0.7470901726800897,0.468323237771818,0.3472498223961057,82.0
1652967290.706567,-0.0062530040740966,0.0356769561767578,0.046361893415451,-0.6044952273368835,-0.4536952078342438,-0.6547871232032776,0.2363958358764648,0.1425296515226364,-0.1754061877727508,-0.7454824169859625,0.4709075189456638,0.347099381153977,82.0
1652967290.716679,-0.01030033826828,0.0712813138961792,0.0429700016975402,-0.6028587818145752,-0.456406831741333,-0.654411256313324,0.2766062319278717,0.1282250732183456,-0.1566921770572662,-0.7444176379225766,0.4739526874917357,0.3476984768617182,82.0
1652967290.726799,-0.0077216625213623,0.0912541151046752,0.0414137244224548,-0.6014701724052429,-0.458802580833435,-0.6540135741233826,0.1817332506179809,0.0974487736821174,-0.1192806288599968,-0.7435714447086252,0.4766470934805851,0.3483661973289265,82.0
1652967290.736408,0.0127485990524292,0.1162111163139343,0.0329286456108093,-0.6004254817962646,-0.4599610269069671,-0.6541597247123718,-0.0266256108880043,0.0897944271564483,-0.0841712653636932,-0.7425940275135667,0.4779513055494914,0.3481732623440079,82.0
1652967290.7464418,0.018583595752716,0.1066316962242126,0.0262368619441986,-0.599561870098114,-0.4596931934356689,-0.6551393270492554,-0.1824639439582824,0.0771103277802467,-0.0506058484315872,-0.7411317078071105,0.477649706799286,0.3467709873963859,82.0
1652967290.756324,0.0255900621414184,0.0647099018096923,0.0450879037380218,-0.5990458130836487,-0.4584789574146271,-0.6564610600471497,-0.2351790964603424,0.0391983091831207,-0.0116715366020798,-0.7396992826236523,0.4762829204533181,0.3449004106582405,82.0
1652967290.766324,0.0289646387100219,0.0491704940795898,0.0484673976898193,-0.5989108681678772,-0.4570214450359344,-0.6575995087623596,-0.2104322016239166,0.0080971159040927,0.0029215207323431,-0.7387244706667585,0.4746435606376217,0.343187191696111,82.0
1652967290.77647,0.0171688795089721,0.0394434928894043,0.0537993907928466,-0.5989863872528076,-0.4558989405632019,-0.6583094596862793,-0.1109526753425598,-0.0172196384519338,-0.0014271177351474,-0.7382500818702854,0.4733819504067724,0.3419968273917562,82.0
1652967290.786339,0.014072835445404,0.0330095291137695,0.0643529891967773,-0.5992015600204468,-0.4555424749851227,-0.658360481262207,0.0036780340597033,-0.0382082760334014,-0.0150031140074133,-0.7383902650725483,0.472981509604603,0.3415645088571418,82.0
1652967290.796165,0.0186190605163574,0.0321475267410278,0.0530333817005157,-0.5995363593101501,-0.4559721946716308,-0.6577579379081726,0.0783331021666526,-0.0602575466036796,-0.032454427331686,-0.7391241486955732,0.4734642586711873,0.3417974081288535,82.0
1652967290.806145,0.0267632603645324,0.031334102153778,0.0289317667484283,-0.5999137759208679,-0.4567576348781585,-0.6568681597709656,0.0923399925231933,-0.076710820198059,-0.0387543998658657,-0.7401115145062596,0.4743469910433255,0.3422185566356424,82.0
1652967290.816103,0.0318928360939025,0.0132660865783691,0.0068778395652771,-0.6004047393798828,-0.4575613737106323,-0.6558594703674316,0.0627761036157608,-0.1116450503468513,-0.0299560017883777,-0.7412842238504611,0.4752506984881794,0.3426582057690777,82.0
1652967290.826339,0.025420069694519,0.0026938915252685,-0.0080970525741577,-0.6011645793914795,-0.4576316475868225,-0.6551139950752258,-0.0823824182152748,-0.1169865503907203,-0.0017081182450056,-0.7424807025531677,0.4753297432513511,0.3425480886409471,82.0
1652967290.83603,0.0052881240844726,0.0279197096824646,-0.0416780412197113,-0.6018151044845581,-0.4563992917537689,-0.6553763747215271,-0.2922160625457763,-0.0675459206104278,0.0093353241682052,-0.7428200236720184,0.4739442051544615,0.3412400535086857,82.0
1652967290.846026,-0.0045544505119323,0.0368399024009704,-0.0353988111019134,-0.6022112369537354,-0.4539047181606293,-0.6567435264587402,-0.4258550703525543,-0.0364604443311691,0.0205011591315269,-0.7421096835958796,0.4711426133181141,0.3385745857065634,82.0
1652967290.855936,-0.0072523951530456,0.0064389705657958,-0.0138790011405944,-0.6024886965751648,-0.4509036242961883,-0.6585538387298584,-0.4160542488098144,-0.0163583178073167,0.0313582979142665,-0.7409680457281821,0.4677774647202792,0.3355355985660526,82.0
1652967290.86597,-0.010498046875,-0.0159296989440917,0.0119362771511077,-0.602676272392273,-0.4484138786792755,-0.6600804924964905,-0.2653241157531738,0.0013703443109989,0.0196308009326457,-0.7399700243975245,0.4649900291605534,0.3331381597807182,82.0
1652967290.875896,-0.0063210129737854,-0.026719331741333,0.0541842877864837,-0.6027334928512573,-0.4473269283771515,-0.6607654094696045,-0.0384488478302955,-0.0025750224012881,-0.010060210712254,-0.7395008675412423,0.4637743230458608,0.3320395041437743,82.0
1652967290.8858318,0.0096818804740905,-0.0245475769042968,0.0762625932693481,-0.6026536226272583,-0.4480124115943908,-0.6603737473487854,0.1875925362110138,-0.0045273858122527,-0.0347431860864162,-0.7397301312873322,0.4645409214700806,0.3324489882966818,82.0
1652967290.895946,0.0117523670196533,-0.012804627418518,0.0579433739185333,-0.6024200320243835,-0.4499721527099609,-0.6592535376548767,0.3151116967201233,0.0188013724982738,-0.0408483296632766,-0.7403824634613284,0.4667341449152888,0.334063446840248,82.0
1652967290.905782,0.0144116878509521,-0.0007226467132568,0.0433958172798156,-0.6019970178604126,-0.4525449275970459,-0.6578773260116577,0.3734676837921142,0.028297672048211,-0.0368999280035495,-0.7410733771490386,0.469617176773466,0.3363158683857974,82.0
1652967290.915712,0.0280168056488037,0.0047261714935302,0.0319236516952514,-0.6017624735832214,-0.4552176594734192,-0.6562459468841553,0.3446053266525268,0.0090654417872428,-0.0099692065268754,-0.7421158952894975,0.4726166488269557,0.3389028467607163,82.0
1652967290.92573,0.0248754620552063,0.0192381739616394,0.0138475894927978,-0.6019169688224792,-0.4571610689163208,-0.6547515392303467,0.2159474790096283,-0.0342711135745048,0.0215450450778007,-0.743379581479103,0.4748005563729542,0.3411677765576414,82.0
1652967290.935656,0.0140079259872436,0.0326665639877319,-0.0241889655590057,-0.6023104786872864,-0.457668274641037,-0.6540350317955017,0.0033839540556073,-0.0248437356203794,0.0512487292289733,-0.7442507515671544,0.475370933993099,0.342344353059013,82.0
1652967290.945693,-0.0008957386016845,0.0291012525558471,-0.032444030046463,-0.6026350855827332,-0.4567526876926422,-0.6543759703636169,-0.1515744626522064,-0.0019884877838194,0.0511256903409957,-0.744259571028387,0.4743414387312258,0.342146079091117,82.0
1652967290.95558,0.0078064799308776,0.0111198425292968,-0.0179313421249389,-0.6029297113418579,-0.4551673531532287,-0.6552086472511292,-0.1760574430227279,-0.0176850520074367,0.0426855571568012,-0.7438694167421414,0.472560167568424,0.3412114017474182,82.0
1652967290.965698,0.0209476351737976,-0.0014770030975341,-0.0075763761997222,-0.6032839417457581,-0.4536967575550079,-0.6559021472930908,-0.1251481920480728,-0.0324184596538543,0.0292874611914157,-0.7436349853628947,0.4709092414428682,0.3403092494928786,82.0
1652967290.975503,0.0224890112876892,-0.0133350491523742,0.0035839676856994,-0.6036503911018372,-0.4529247283935547,-0.6560985445976257,-0.0227776058018207,-0.0470568984746933,0.0154906129464507,-0.743788344293797,0.4700431076490463,0.3398738175344964,82.0
1652967290.985477,0.0197374820709228,-0.0233809947967529,0.0045579075813293,-0.6040574312210083,-0.452876329421997,-0.6557572484016418,0.0460512563586235,-0.0590349957346916,0.0074971346184611,-0.7443835665559055,0.4699888291315787,0.3400761535195618,82.0
1652967290.99537,0.0111539363861083,-0.0243911743164062,-0.010474294424057,-0.6043850779533386,-0.4531944692134857,-0.6552354097366333,0.0650190189480781,-0.0499163307249546,0.0019750334322452,-0.7450505288601446,0.4703456987277051,0.3405055042658564,82.0
1652967291.0053658,0.0048155784606933,-0.0234304070472717,-0.01855930685997,-0.6046537756919861,-0.4536085724830627,-0.6547006964683533,0.0612136349081993,-0.0363453961908817,-0.0003230078145861,-0.7456789021697678,0.4708103077910301,0.3409609529452754,82.0
1652967291.0152888,-0.0030772686004638,-0.0122373104095458,-0.0202492475509643,-0.6048633456230164,-0.4541312158107757,-0.6541445851325989,0.0516448281705379,-0.0340086854994297,-0.000693111680448,-0.7462751867492299,0.4713968352173935,0.341410059083837,82.0
1652967291.025295,-0.000734806060791,-0.0025405287742614,-0.02893927693367,-0.6050085425376892,-0.4545201361179352,-0.6537400484085083,0.0254339948296546,-0.0130400201305747,-0.0141274277120828,-0.7467032426638534,0.471833428624331,0.3416771252006782,82.0
1652967291.03543,-0.0074913501739501,0.0024815797805786,-0.0170405507087707,-0.6049048900604248,-0.4548527002334595,-0.6536046862602234,0.0178888607770204,0.0060909567400813,-0.0267261192202568,-0.7467210343639625,0.4722067936671477,0.3416490401863613,82.0
1652967291.045227,-0.0020073056221008,0.0033541321754455,0.0034656524658203,-0.6046210527420044,-0.4552478492259979,-0.6535922288894653,0.0318113341927528,0.0074081560596823,-0.0270840488374233,-0.7464965913073315,0.4726505521995088,0.3415291901244895,82.0
1652967291.055214,0.0052440762519836,0.0025548338890075,0.0066114068031311,-0.6042125225067139,-0.4556012153625488,-0.6537237167358398,0.0343594476580619,0.0197326261550188,-0.0258535165339708,-0.746059427350918,0.4730474940981872,0.3414125700044993,82.0
1652967291.065294,0.0070290565490722,0.0095741152763366,0.0237369537353515,-0.60378497838974,-0.4559268355369568,-0.6538918018341064,0.0483351834118366,0.0180556327104568,-0.0171585623174905,-0.7455784273043108,0.4734133133273608,0.341389164988666,82.0
1652967291.075093,0.0141987800598144,0.0101906657218933,0.0302596688270568,-0.603477954864502,-0.4563460350036621,-0.6538827419281006,0.0665222480893135,0.0067064668983221,0.0020858580246567,-0.7453318383577772,0.4738843613434491,0.3416240655338998,82.0
