1652967504.5402632,-0.0309952795505523,0.0283659696578979,-0.0048345625400543,0.4509323835372925,0.3935064971446991,-0.8011321425437927,-0.326568067073822,-0.0315549001097679,0.0864576920866966,0.512669671801964,-0.4044427123796781,-0.2328888963314882,70.0
1652967504.550251,-0.0509412884712219,0.0043139457702636,0.0427202582359313,0.451347142457962,0.3950544595718384,-0.8001360893249512,-0.1589607447385788,0.0448516681790351,0.1014955341815948,0.5135949488490541,-0.406127136353096,-0.2306975566702268,70.0
1652967504.5602732,-0.0516175329685211,-0.0218584537506103,0.0783643126487732,0.4524200856685638,0.3950701951980591,-0.7995221614837646,0.0168012268841266,0.1091627478599548,0.1138949543237686,0.5149405593592046,-0.406144247181114,-0.2293141115017874,70.0
1652967504.570166,-0.0305629968643188,-0.0199451446533203,0.0818938612937927,0.4538417756557464,0.3940125405788421,-0.7992382645606995,0.1034897193312645,0.1289330422878265,0.1091064363718032,0.5164389056926892,-0.404993239419019,-0.2286042123357431,70.0
1652967504.580102,-0.0146218836307525,-0.0120518207550048,0.0409161150455474,0.4552041292190552,0.3927082121372223,-0.7991054654121399,0.0915691405534744,0.1174745261669159,0.0842074751853942,0.5177983566027694,-0.4035745242436696,-0.2282638244661149,70.0
1652967504.5901031,-0.0108456015586853,-0.0035967230796813,-0.00513756275177,0.4563259184360504,0.3920852541923523,-0.7987714409828186,-0.0230435915291309,0.0994247868657112,0.0522251166403293,0.5190376677440578,-0.4028972430433141,-0.2278477972761703,70.0
1652967504.600095,-0.0027001500129699,-0.0030887722969055,-0.0272152423858642,0.4571679234504699,0.3926175236701965,-0.7980281710624695,-0.1751601547002792,0.0660830810666084,0.0413538292050361,0.5202334723960029,-0.4034759364890427,-0.2269077678619021,70.0
1652967504.610001,0.0144322514533996,0.0056379437446594,-0.0145173072814941,0.4576441347599029,0.394293338060379,-0.7969282269477844,-0.2826667129993438,0.0150219732895493,0.0344673097133636,0.5212780871613131,-0.4052987802714646,-0.2252759124951253,70.0
1652967504.620106,0.0166592895984649,0.0043184757232666,0.009676307439804,0.4576906561851501,0.3964364230632782,-0.7958376407623291,-0.2800884842872619,-0.0225983709096908,0.0136262094601988,0.5219135957023052,-0.4076319330433856,-0.223519247548631,70.0
1652967504.629967,0.0125520229339599,-0.0109374523162841,0.0328973233699798,0.4574186205863952,0.3985755145549774,-0.7949250340461731,-0.2313059866428375,-0.0174106396734714,9.586848318576811e-05,0.5221525692075912,-0.4099631173070316,-0.2221073151287091,70.0
1652967504.63985,0.0181277096271514,-0.0175423622131347,0.050683706998825,0.4571377635002136,0.4001982808113098,-0.7942710518836975,-0.1374133229255676,-0.0151144629344344,-0.0126183293759822,0.5222428424848722,-0.4117332074888169,-0.2212137695911796,70.0
1652967504.649835,0.0349048376083374,-0.0132264494895935,0.0617421567440032,0.4568401277065277,0.4010264277458191,-0.7940245270729065,-0.0158106461167335,-0.0241938717663288,-0.0238946471363306,0.5220954672711722,-0.4126370443980597,-0.2209723574185216,70.0
1652967504.660003,0.0453827381134033,-0.0044386386871337,0.062530905008316,0.4563872516155243,0.4010006487369537,-0.794297993183136,0.0764455199241638,-0.0369618646800518,-0.0467339158058166,0.5215181331888669,-0.41260889332926,-0.2214940640067753,70.0
1652967504.6698198,0.0385541915893554,-0.0087928175926208,0.0459807813167572,0.4558610320091247,0.4004303812980652,-0.7948876023292542,0.106892704963684,-0.0327597185969352,-0.0629987567663192,0.5206996220169685,-0.411986489018616,-0.2225442448711396,70.0
1652967504.679728,0.0260902047157287,-0.013416051864624,0.0162838101387023,0.4553550779819488,0.399823397397995,-0.7954829335212708,0.0745818987488746,-0.030566070228815,-0.0672614127397537,0.5198976814058235,-0.4113241606880394,-0.2237050024374215,70.0
1652967504.689742,0.0197775661945343,-0.0133240222930908,-0.0135172307491302,0.4549538195133209,0.3997629880905151,-0.7957428097724915,-0.0108628245070576,-0.0266317818313837,-0.072506159543991,0.5193769233349027,-0.4112582604265667,-0.2245233456401213,70.0
1652967504.699683,0.020073652267456,-0.0123171210289001,-0.0333280563354492,0.4545051753520965,0.4005766212940216,-0.7955900430679321,-0.1068506091833114,-0.0382146686315536,-0.0684192776679992,0.5190345860711635,-0.4121460929632688,-0.2248216482160566,70.0
1652967504.709611,0.0275909006595611,-0.0075354576110839,-0.0373235046863555,0.4538696408271789,0.402191698551178,-0.795137882232666,-0.200731098651886,-0.0635481998324394,-0.063386283814907,0.5186768268575105,-0.4139094525052683,-0.224577277188425,70.0
1652967504.719516,0.0321441888809204,-0.0056225657463073,-0.029581606388092,0.4529936909675598,0.4043985605239868,-0.7945178151130676,-0.2547642290592193,-0.0980228185653686,-0.0578820630908012,0.5181811221875797,-0.4163211156006915,-0.2238982441726664,70.0
1652967504.7294688,0.0312890410423278,-0.0016728639602661,-0.0250555872917175,0.4520483314990997,0.4068915545940399,-0.7937831282615662,-0.2621965706348419,-0.1126444265246391,-0.0374403595924377,0.5176804607704775,-0.4190486146453881,-0.2228773578619547,70.0
1652967504.739471,0.023369014263153,0.006073772907257,-0.0094352066516876,0.4511945247650146,0.4090629518032074,-0.7931526303291321,-0.1979757845401764,-0.1122793108224868,-0.0122346049174666,0.5172093016326674,-0.4214269185184355,-0.2217274217524377,70.0
1652967504.749485,0.0094804763793945,-0.0036553144454956,0.0213588774204254,0.4505261778831482,0.4100528657436371,-0.7930213212966919,-0.0280490703880786,-0.0978510454297065,0.0162920355796813,0.5166435555585714,-0.4225120361840065,-0.2210085761577676,70.0
1652967504.75957,-0.0043689608573913,-0.0136416554450988,0.0632784664630889,0.4500629007816314,0.4094235897064209,-0.7936093211174011,0.1457397788763046,-0.0669226869940757,0.0385840237140655,0.5158836559856295,-0.4218221915110182,-0.2210394684133497,70.0
1652967504.769372,-0.0122701227664947,-0.0221606492996215,0.0710770189762115,0.4499074220657348,0.4074081480503082,-0.7947338819503784,0.2730198800563812,-0.0424642749130725,0.0453900769352912,0.5151281327125373,-0.4196141989062192,-0.2217492902311393,70.0
1652967504.779282,-0.0201145410537719,-0.0185476541519165,0.0412149429321289,0.4498935341835022,0.4048300683498382,-0.7960581183433533,0.2770441770553589,-0.0210077185183763,0.0253545828163623,0.5144014821788215,-0.4167929697871619,-0.2228751940363227,70.0
1652967504.789307,-0.0284760296344757,-0.0220245122909545,0.0004147589206695,0.4499847888946533,0.4027072489261627,-0.7970825433731079,0.1823863983154297,-0.0105833616107702,0.0087384730577468,0.5139376048968323,-0.4144726105235813,-0.2238985118055066,70.0
1652967504.799259,-0.0225155353546142,-0.0150418877601623,-0.0237065255641937,0.4500057399272918,0.4016973078250885,-0.7975801825523376,0.0434263795614242,-0.0163592249155044,-0.0155117390677332,0.5136903600119237,-0.4133695027593927,-0.2244911170782081,70.0
1652967504.809294,-0.0092124342918396,-0.0036290287971496,-0.0359379053115844,0.4497946500778198,0.4019047617912292,-0.7975947260856628,-0.0861559212207794,-0.0444271303713321,-0.0365005657076835,0.5134818068357306,-0.4135960411025305,-0.2245856771836256,70.0
1652967504.81919,-0.0052676200866699,-0.0033328533172607,-0.0370911955833435,0.4492373168468475,0.4031496047973633,-0.7972805500030518,-0.1824132055044174,-0.075243629515171,-0.0416897386312484,0.5131199438383316,-0.4149559243847867,-0.224223264147451,70.0
1652967504.829232,-0.010009080171585,0.0032660365104675,-0.0210829973220825,0.4484703242778778,0.4051009714603424,-0.7967230081558228,-0.2355353534221649,-0.0829051733016967,-0.0253935120999813,0.512688443336292,-0.417089257846234,-0.2233758031686941,70.0
1652967504.839051,-0.0189002156257629,0.0034328699111938,0.00270676612854,0.4477331638336181,0.4070833325386047,-0.7961269617080688,-0.1784582138061523,-0.0712844729423523,0.0057953000068664,0.5123052539393457,-0.4192585493579756,-0.2223503838760258,70.0
1652967504.849043,-0.0208403766155242,-0.0016553997993469,0.0355561971664428,0.4472319185733795,0.408154159784317,-0.7958604693412781,-0.0420803315937519,-0.047898881137371,0.0336896665394306,0.5119697699939616,-0.4204312087834622,-0.2215474559331137,70.0
1652967504.859037,-0.0196315646171569,-0.01018488407135,0.0660154819488525,0.4469844102859497,0.4077699780464172,-0.7961963415145874,0.1185266524553299,-0.0344869345426559,0.0530199520289897,0.5115532558004735,-0.4200104363729379,-0.2213753605063484,70.0
1652967504.868953,-0.0156778693199157,-0.0134295225143432,0.0735898613929748,0.4468759596347809,0.4061160087585449,-0.7971020936965942,0.2153303623199463,-0.0220247264951467,0.0536937750875949,0.5109645458560942,-0.4181997481213741,-0.2218217686935338,70.0
1652967504.878888,-0.0091502964496612,-0.0045664310455322,0.0471517741680145,0.446818083524704,0.4040811657905578,-0.7981679439544678,0.1995514035224914,-0.027777686715126,0.0473906025290489,0.5103395624811837,-0.4159740969372428,-0.2225298973639931,70.0
1652967504.888833,-0.0047987103462219,0.0021978020668029,0.0071384608745574,0.4467236995697021,0.4025753438472748,-0.7989813089370728,0.095946580171585,-0.0361460335552692,0.0287682227790355,0.5098155552957735,-0.4143284897999525,-0.2229806810071542,70.0
1652967504.898987,-0.0062941908836364,0.0046095252037048,-0.0118280053138732,0.4464797079563141,0.4020868241786957,-0.7993635535240173,-0.0223987083882093,-0.0381820201873779,0.0033150594681501,0.5093792252043052,-0.4137949067058756,-0.2230629993013429,70.0
1652967504.908794,-0.0071158409118652,0.0065077543258666,-0.0033324658870697,0.4462027251720428,0.4026245176792145,-0.7992476224899292,-0.1114001497626304,-0.027235735207796,-0.010034947656095,0.509176792841503,-0.4143822276522792,-0.2227581641909309,70.0
1652967504.918777,-0.0054801702499389,-0.0014818310737609,0.0242671966552734,0.4458793103694916,0.4036961197853088,-0.7988874912261963,-0.1202652752399444,-0.0191868636757135,-0.0185456126928329,0.5090600325348682,-0.4155532115479026,-0.222285386526869,70.0
1652967504.928711,-0.0057286322116851,0.0053238868713378,0.0486813187599182,0.4456089735031128,0.4046268463134765,-0.7985673546791077,-0.0394830852746963,-0.0079361787065863,-0.0127904834225773,0.5089725060958946,-0.4165707562229015,-0.2219983685065677,70.0
1652967504.938654,-0.0057763755321502,0.0136363506317138,0.086164653301239,0.4454583525657654,0.4046190977096557,-0.7986553311347961,0.1165390014648437,0.0078840628266334,-0.0047442750073969,0.5087817986441954,-0.4165622642614796,-0.2222741744780404,70.0
1652967504.948646,-0.0048480927944183,0.0028096437454223,0.1078946590423584,0.445476084947586,0.4030459225177765,-0.7994404435157776,0.3420664966106415,0.0269192215055227,-0.0075591220520436,0.5083808274489215,-0.4148426514704116,-0.2235449248297246,70.0
1652967504.9586391,-0.002408891916275,-0.0044110417366027,0.1160048842430114,0.4457987546920776,0.3992234170436859,-0.8011767268180847,0.6662107110023499,0.0591823495924472,0.0052312416955828,0.5077664447656508,-0.4106696911318921,-0.2261908390358352,70.0
1652967504.968718,-0.0006333589553833,0.0039740204811096,0.1571264266967773,0.4463883340358734,0.3925409913063049,-0.8041449785232544,1.0030728578567505,0.0682854056358337,0.0097617739811539,0.5067574202415212,-0.4033927137050226,-0.2305045216570584,70.0
1652967504.97848,0.010821521282196,0.0017817020416259,0.1877857148647308,0.4468963146209717,0.3833202421665191,-0.808300256729126,1.2761658430099487,0.056906521320343,-0.0023646643385291,0.5050547691806841,-0.3933884502784078,-0.236494262424946,70.0
1652967504.988358,0.0178552567958831,0.0104144215583801,0.1362457573413849,0.4472326040267944,0.3727875053882599,-0.8130267858505249,1.3171334266662598,0.0454449653625488,-0.0185549333691597,0.502907300287564,-0.3820112469715617,-0.2434230778822123,70.0
1652967504.998454,0.0100847482681274,0.0173223614692688,0.0477558374404907,0.4475263059139251,0.362766683101654,-0.8173864483833313,1.16602885723114,0.0580502413213253,-0.0367283448576927,0.500928593943015,-0.3712351150541154,-0.2501370009779489,70.0
1652967505.0083551,0.0041059553623199,0.0041205883026123,-0.0097503960132598,0.4479508996009826,0.3544006943702698,-0.8208168148994446,0.9328619837760924,0.0815958380699157,-0.0499188303947448,0.4995651262904505,-0.3622730874005168,-0.2559067828398658,70.0
1652967505.018358,0.0121522545814514,-0.0182524919509887,-0.0252920985221862,0.4483732581138611,0.347832441329956,-0.8233917951583862,0.745733380317688,0.0592431239783763,-0.0677055492997169,0.4986448681466766,-0.3552581711793373,-0.2606879006014371,70.0
1652967505.028305,0.0236725211143493,-0.0390197038650512,-0.0275805592536926,0.4484496116638183,0.342705100774765,-0.825497567653656,0.6046617031097412,0.0361871793866157,-0.1041146144270896,0.4976443046049446,-0.3497948787575231,-0.2648749197770462,70.0
1652967505.038394,0.0361130833625793,-0.0943613052368164,-0.0401662290096282,0.4482313394546509,0.3385823965072632,-0.8273153901100159,0.5235207676887512,0.0004462273791432,-0.1241296008229255,0.4965182423104398,-0.3454099068654347,-0.2687844930564715,70.0
1652967505.048249,0.05109703540802,-0.1255161166191101,-0.0701382756233215,0.4475754201412201,0.3352445065975189,-0.8290279507637024,0.4595124125480652,-0.0272322706878185,-0.1598422080278396,0.4950401562884972,-0.3418647502106655,-0.2725643664388173,70.0
1652967505.058202,0.0684058666229248,-0.1841482520103454,-0.1290411949157714,0.4467155635356903,0.3321662247180938,-0.830729067325592,0.4257062375545501,-0.0680713132023811,-0.1440246254205703,0.4933811870242801,-0.338599265451262,-0.2762129357169988,70.0
1652967505.068119,0.0845347642898559,-0.2340975403785705,-0.1545008420944214,0.4453419148921966,0.3296259939670563,-0.8324766159057617,0.3783690929412842,-0.1330061107873916,-0.1800718456506729,0.4912231406428475,-0.3359073911315253,-0.2797152182408969,70.0
1652967505.078141,0.1050023436546325,-0.2757959961891174,-0.2316194176673889,0.443337470293045,0.3275667428970337,-0.8343572020530701,0.2938683032989502,-0.2134253084659576,-0.1709569096565246,0.4884135670456969,-0.3337270659341754,-0.2830507378390141,70.0
1652967505.088093,0.1287742555141449,-0.3082260489463806,-0.3354780077934265,0.4407142400741577,0.3262922465801239,-0.8362442255020142,0.1862106174230575,-0.3012983798980713,-0.1428446173667907,0.4850262386979251,-0.3323784777732004,-0.2857158887838798,70.0
1652967505.097934,0.1441604793071746,-0.3666704893112182,-0.456131249666214,0.4374739825725555,0.3255312740802765,-0.8382397890090942,0.1143550723791122,-0.3851634562015533,-0.0690774545073509,0.4810105753547004,-0.3315735661736225,-0.2874551578355767,70.0
1652967505.108058,0.132348358631134,-0.4639391899108886,-0.512209415435791,0.4339510202407837,0.3248010277748108,-0.8403515815734863,0.0464707724750041,-0.4652437567710876,0.0595048666000366,0.4766752300122589,-0.3308013398689269,-0.2879274763569084,70.0
1652967505.117946,0.1235737800598144,-0.5675185322761536,-0.5214062929153442,0.4303660094738006,0.3240033388137817,-0.8425003886222839,-0.0284029357135295,-0.5227134227752686,0.2414240688085556,0.4722660447706798,-0.3299580579490321,-0.2865837232145458,70.0
1652967505.1278749,0.1625604033470153,-0.6561206579208374,-0.5770751237869263,0.4266119003295898,0.3235503733158111,-0.8445812463760376,-0.1871594935655594,-0.6290810108184814,0.3989033699035644,0.467732408170258,-0.3294793063524145,-0.2830556281874824,70.0
1652967505.1380758,0.2316838502883911,-0.6825347542762756,-0.658210039138794,0.4220636487007141,0.3241341412067413,-0.8466400504112244,-0.4241909682750702,-0.8015036582946777,0.5044681429862976,0.4624597339702954,-0.3300963085405907,-0.2773453962093436,70.0
1652967505.147824,0.2914062440395355,-0.6765346527099609,-0.6885759234428406,0.4161895513534546,0.3264849185943603,-0.8486424088478088,-0.6683845520019531,-1.0132399797439575,0.583215594291687,0.4559527144279361,-0.3325823026162361,-0.2696218067631576,70.0
1652967505.157799,0.3353557288646698,-0.6301699876785278,-0.6441136598587036,0.4085101783275604,0.3303014636039734,-0.8508938550949097,-0.8017580509185791,-1.266391038894653,0.6144803166389465,0.447597453597945,-0.3366229415236723,-0.2605270668842707,70.0
1652967505.1677442,0.3435905873775482,-0.576464056968689,-0.5536007881164551,0.3990088105201721,0.3344998955726623,-0.8537575006484985,-0.7621486186981201,-1.4553676843643188,0.6425051093101501,0.4371932033158914,-0.3410744999824627,-0.2509462441404659,70.0
1652967505.1778631,0.3205852508544922,-0.596598744392395,-0.4665226936340332,0.388124406337738,0.3375554382801056,-0.8575639128684998,-0.5677461624145508,-1.6240780353546145,0.7137473225593567,0.425005260620774,-0.344318709063679,-0.2414825661415286,70.0
1652967505.187588,0.3079046607017517,-0.6110607385635376,-0.38581183552742,0.3763909339904785,0.3385096490383148,-0.8624042868614197,-0.337128072977066,-1.7199985980987549,0.8293938636779785,0.4115235174585541,-0.3453325790827742,-0.2320860296613126,70.0
1652967505.19764,0.3245333433151245,-0.5862948894500732,-0.3460918962955475,0.3640957772731781,0.3370129466056824,-0.8682491779327393,-0.0860279500484466,-1.8252304792404173,0.9541032910346984,0.3970709065774759,-0.3437424309751214,-0.2225424424948407,70.0
1652967505.207576,0.3421980440616607,-0.5502885580062866,-0.3560934066772461,0.3514969646930694,0.333373099565506,-0.8748213052749634,0.0669125318527221,-1.8686156272888184,1.0986953973770142,0.3820510022363449,-0.3398791025238308,-0.2124759485915214,70.0
1652967505.21756,0.3548085987567901,-0.5268489718437195,-0.3620328903198242,0.3387795984745025,0.3284483253955841,-0.881674587726593,0.1377334296703338,-1.9120914936065676,1.2431039810180664,0.3668516876383361,-0.33466029749799,-0.2013767196630715,70.0
1652967505.227466,0.3927573263645172,-0.5143845677375793,-0.3130351305007934,0.3259773552417755,0.3231517374515533,-0.8884322047233582,0.0739925429224968,-1.9528510570526123,1.3646525144577026,0.3516619556158312,-0.3290580299157903,-0.1888698621606849,70.0
1652967505.237453,0.4463809728622436,-0.4720697402954101,-0.2569551169872284,0.3126521706581116,0.3185548484325409,-0.8948583602905273,-0.0498681478202343,-2.058751583099365,1.423371434211731,0.3361288968461734,-0.3242045102556019,-0.1750918079465811,70.0
1652967505.247562,0.4781837463378906,-0.4256091117858886,-0.2249196469783783,0.2982291579246521,0.315343290567398,-0.9008984565734864,-0.2124441415071487,-2.1705846786499023,1.4378831386566162,0.3196808581950618,-0.3208183715940933,-0.1603967204039354,70.0
1652967505.257426,0.477861076593399,-0.3835917115211487,-0.1670625209808349,0.2826979458332062,0.3136995136737823,-0.9064626693725586,-0.3361570239067077,-2.278518915176392,1.435383439064026,0.3023102558721304,-0.3190867346297013,-0.1451345850750062,70.0
1652967505.267339,0.4713808298110962,-0.3418725132942199,-0.0762101709842681,0.2661221325397491,0.3130266368389129,-0.911698043346405,-0.3571792542934418,-2.3652567863464355,1.4254083633422852,0.2840065898295137,-0.318378159040656,-0.1296681428987439,70.0
1652967505.277309,0.4701471924781799,-0.3018892407417297,0.0206255316734313,0.2486637681722641,0.3121229410171509,-0.916921854019165,-0.2380895912647247,-2.440593957901001,1.4058977365493774,0.2648244480712559,-0.3174267774332471,-0.1144982450553011,70.0
1652967505.28723,0.4775876104831695,-0.2854760289192199,0.101199209690094,0.2303133308887481,0.3101167678833008,-0.922379195690155,-0.0434023924171924,-2.5196328163146973,1.3982934951782229,0.2446914319649145,-0.3153158650106998,-0.099903294643911,70.0
1652967505.2971668,0.498042345046997,-0.2485606074333191,0.1535120010375976,0.2109114378690719,0.3066778779029846,-0.9281514286994934,0.1179950162768364,-2.617128133773804,1.3701410293579102,0.2234437399006328,-0.31170075155848,-0.0859055233848448,70.0
1652967505.307536,0.5059975385665894,-0.1857309341430664,0.1643089652061462,0.1903219819068908,0.3025337159633636,-0.9339437484741212,0.1630222052335739,-2.702350616455078,1.354852557182312,0.2010305235850003,-0.3073498389187081,-0.0723140380170532,70.0
1652967505.317699,0.504310667514801,-0.1363317370414734,0.1024159789085388,0.168845996260643,0.2994700372219085,-0.9390466809272766,-0.05544114112854,-2.76962947845459,1.3492980003356934,0.1779047799265363,-0.304137164642796,-0.0586123012686108,70.0
1652967505.3302689,0.510081946849823,-0.0329210758209228,0.0362162590026855,0.1467325687408447,0.2997060418128967,-0.9426801204681396,-0.4699896574020386,-2.8195433616638184,1.3630725145339966,0.1544155429191379,-0.304384504792399,-0.044199218780115,70.0
1652967505.337101,0.5021726489067078,0.0664951801300048,-0.0285099148750305,0.1239869147539138,0.3049687147140503,-0.9442570209503174,-1.049187421798706,-2.87910270690918,1.3160672187805176,0.1305594008106872,-0.3099055843832523,-0.0292412689626683,70.0
1652967505.347357,0.4815582633018493,0.1681813597679138,-0.0855297148227691,0.100564457476139,0.3163494765758514,-0.9432973265647888,-1.6818759441375732,-2.9307901859283447,1.2394028902053833,0.1062083385273588,-0.3218788586133339,-0.0142542419878219,70.0
1652967505.3577352,0.4341937601566314,0.2575110793113708,-0.0976062715053558,0.0772655084729194,0.3333698809146881,-0.9396247267723083,-2.119823217391968,-2.8429315090179443,1.1872600317001345,0.082045583280469,-0.3398756687097911,0.0003230906203831,70.0
1652967505.366821,0.3796221911907196,0.2875764369964599,-0.0378638505935668,0.0554057918488979,0.3518592715263366,-0.9344117045402528,-1.911328673362732,-2.6970620155334477,1.164646863937378,0.0592254930951868,-0.3595566619755083,0.014264002529303,70.0
1652967505.3771648,0.3399828970432281,0.2236562371253967,0.1200568974018096,0.0355663187801837,0.3651726245880127,-0.930260181427002,-1.024608850479126,-2.512171506881714,1.2697280645370483,0.0382140454265519,-0.3738182366418145,0.0279615684372711,70.0
1652967505.386894,0.3095963895320892,0.21567302942276,0.3830521702766418,0.018040232360363,0.3687026500701904,-0.9293723106384276,0.2118182629346847,-2.3620798587799072,1.4835484027862549,0.019408763004104,-0.3776129482139471,0.0428149802767293,70.0
1652967505.3967671,0.2996959090232849,0.2047036290168762,0.5296429395675659,0.0022601706441491,0.3609210848808288,-0.9325936436653136,1.3790467977523804,-2.287875175476074,1.6829931735992432,0.002423527516215,-0.3692553657255567,0.0597140352646489,70.0
1652967505.406616,0.2852382659912109,0.1730273365974426,0.3669163584709167,-0.0124264797195792,0.345180869102478,-0.9384539127349854,1.8802385330200195,-2.2082834243774414,1.8460617065429688,-0.0132406640271732,-0.3524314906579651,0.0786403704529003,70.0
1652967505.4165978,0.2342589348554611,0.2077135443687439,0.0612004399299621,-0.0264343246817588,0.3296840190887451,-0.9437211751937866,1.4294146299362185,-2.14328932762146,1.95745587348938,-0.0280034134624955,-0.3359688578935753,0.0991437079158962,70.0
1652967505.426642,0.1535864472389221,0.2446409463882446,-0.1387306749820709,-0.0395881347358226,0.3204934298992157,-0.9464231133461,0.6204617023468018,-2.0078766345977783,2.005969285964966,-0.041804841160157,-0.3262503526150331,0.1204518067768182,70.0
1652967505.4390578,0.0754403471946716,0.2801761031150818,-0.1429916024208068,-0.0513925924897193,0.3201767206192016,-0.9459628462791444,-0.3231794536113739,-1.8760364055633545,2.0375146865844727,-0.0542749852063494,-0.3259160332712955,0.1417295357755044,70.0
1652967505.44677,0.0583687387406826,0.3196098208427429,-0.0011442899703979,-0.0622903406620025,0.3276366293430328,-0.9427481889724731,-0.9898667335510254,-1.830979943275452,2.052720069885254,-0.0659772463025914,-0.333801053083181,0.1627680098971545,70.0
1652967505.4572182,0.0795277282595634,0.2281873822212219,0.235608160495758,-0.0718679130077362,0.3389463424682617,-0.938056707382202,-1.0175926685333252,-1.68988835811615,2.1133298873901367,-0.0764642364403173,-0.3457967138237852,0.1839068587530962,70.0
1652967505.466572,0.149809643626213,0.0876958966255188,0.5195218324661255,-0.0796650871634483,0.347269058227539,-0.9343755841255188,-0.3253484070301056,-1.574157476425171,2.220440149307251,-0.0850545425880404,-0.3546573371150406,0.2061650640830646,70.0
1652967505.476557,0.2423866540193557,0.018669843673706,0.924691379070282,-0.0867470875382423,0.3470371663570404,-0.9338309168815612,0.7869772911071777,-1.6534003019332886,2.2681360244750977,-0.0926279553027088,-0.3544100888959988,0.2302532027674136,70.0
1652967505.486541,0.2708694338798523,0.0465398430824279,1.2611312866210938,-0.0951187908649444,0.3368607461452484,-0.9367375373840332,1.7577996253967283,-1.7550395727157593,2.108361959457397,-0.1011957691645577,-0.3435807889349929,0.2548025191287643,70.0
1652967505.49622,0.2365053445100784,0.0421937704086303,1.2415156364440918,-0.1054629608988761,0.3214269578456878,-0.9410431981086732,1.8356082439422607,-1.8356479406356807,1.8366955518722532,-0.1116045812483872,-0.3272360169189087,0.2775823735726911,70.0
1652967505.541305,0.2131191790103912,0.0750733017921447,0.9788450002670288,-0.1175077110528945,0.3091037273406982,-0.9437409043312072,1.1353286504745483,-1.87118661403656,1.5715068578720093,-0.1238751514539997,-0.3142504621635038,0.2972253691670198,70.0
1652967505.54639,0.225624218583107,0.216809332370758,1.4378472566604614,-0.1844866126775741,0.3112525641918182,-0.9322481155395508,-0.3351693451404571,-2.1298537254333496,-0.4138030111789703,-0.1953700546537332,-0.3165107955184119,0.3234832378833787,70.0
1652967505.556474,0.1614091545343399,0.1970524787902832,1.4648332595825195,-0.2058580815792083,0.3115186691284179,-0.9276737570762634,0.0237954854965209,-2.0584895610809326,-0.8479092121124268,-0.2183693487486359,-0.3167908186778935,0.3166169716236782,70.0
1652967505.566191,0.1498158723115921,0.2441800832748413,1.4517858028411863,-0.2278952002525329,0.3072780668735504,-0.9239285588264464,0.4160449504852295,-2.0347025394439697,-1.2229154109954834,-0.2418316386280157,-0.3123313826325705,0.3065395634427235,70.0
1652967505.576128,0.1906216144561767,0.3184474110603332,1.406063675880432,-0.2507260739803314,0.2985720336437225,-0.9208643436431884,0.7275351881980896,-2.0267279148101807,-1.546183705329895,-0.2658287466248323,-0.3031961051387125,0.2940821786897087,70.0
1652967505.585789,0.2194300591945648,0.396227478981018,1.2648298740386963,-0.2742244899272918,0.2869737446308136,-0.9178491234779358,0.8027600646018982,-2.018004894256592,-1.8372677564620967,-0.2903266661434281,-0.2910661875115019,0.279375592198118,70.0
1652967505.5957808,0.2377942502498626,0.4613282680511474,1.0706493854522705,-0.2978376746177673,0.2744434475898742,-0.9143158793449402,0.7084873914718628,-1.962438941001892,-2.078667640686035,-0.3149093997251601,-0.278010888150525,0.2623122667718058,70.0
1652967505.6057382,0.2589679360389709,0.5441471934318542,0.9414324760437012,-0.3211323618888855,0.2617993652820587,-0.910129189491272,0.6046106815338135,-1.8816012144088743,-2.276444435119629,-0.3392049727057055,-0.2648861324169132,0.2431539587383663,70.0
1652967505.615699,0.2639222145080566,0.6341364979743958,0.902737021446228,-0.3437105119228363,0.2486454844474792,-0.905559778213501,0.5752836465835571,-1.7809361219406128,-2.4685001373291016,-0.3627588440432959,-0.2512815649496445,0.2223021658148596,70.0
1652967505.62578,0.2567297518253326,0.6740301251411438,0.8507335186004639,-0.3652503490447998,0.234761506319046,-0.9008213877677916,0.4987372457981109,-1.6420531272888184,-2.6076693534851074,-0.3852075267366729,-0.2369732067385971,0.2000651406985391,70.0
1652967505.635607,0.2649583518505096,0.7019018530845642,0.746532678604126,-0.3853197991847992,0.2208593785762787,-0.8959630727767944,0.3827786743640899,-1.503201961517334,-2.6835877895355225,-0.4061505116400589,-0.2226955132651596,0.1768275725101749,70.0
1652967505.645805,0.2790379226207733,0.7504851222038269,0.6503709554672241,-0.4038244187831878,0.2075240164995193,-0.8909879922866821,0.2019224166870117,-1.338374376296997,-2.782802104949951,-0.4255385274347164,-0.2090431989729376,0.1525696128149819,70.0
1652967505.655798,0.2752459049224853,0.7727587223052979,0.5734065175056458,-0.4205707311630249,0.1949345916509628,-0.8860704302787781,-0.0102665433660149,-1.159937024116516,-2.9107251167297363,-0.4431603441647223,-0.1961907681727235,0.1267464043607792,70.0
1652967505.665714,0.2941048443317413,0.8012828230857849,0.4908536672592163,-0.4355997443199157,0.1832033991813659,-0.8812998533248901,-0.188810721039772,-0.9862614870071412,-3.0422096252441406,-0.4590527942619657,-0.1842440199874565,0.0990984787346043,70.0
1652967505.675541,0.3004317283630371,0.8174313902854919,0.4275131821632385,-0.4489151239395141,0.1714553833007812,-0.8769711256027222,-0.2364844977855682,-0.7945775389671326,-3.1571907997131348,-0.4731164423151057,-0.1723067326370602,0.0700302608209336,70.0
1652967505.685496,0.2872272133827209,0.8174532055854797,0.4193949699401855,-0.4601857364177704,0.159004732966423,-0.8734681606292725,-0.219498261809349,-0.5858246088027954,-3.234694480895996,-0.4848953132575443,-0.1596824833741936,0.0402864919677535,70.0
1652967505.695612,0.3091920018196106,0.8343642354011536,0.3954266905784607,-0.4695162177085876,0.1456194818019867,-0.8708326816558838,-0.1840483844280243,-0.4256823360919952,-3.292989730834961,-0.4944809676633838,-0.146139093537657,0.0102697343428017,70.0
1652967505.7054172,0.3667733669281006,0.871787428855896,0.3035658597946167,-0.4774607419967651,0.1318437457084655,-0.8687050938606262,-0.2583121657371521,-0.359541118144989,-3.3266022205352783,-0.5025541093778788,-0.132228734951107,-0.020011417924715,70.0
1652967505.71544,0.3984122276306152,0.93878972530365,0.1887230575084686,-0.4843803942203522,0.1186958029866218,-0.8667681217193604,-0.4088917970657348,-0.2762523591518402,-3.3286561965942383,-0.5096010135453577,-0.1189762992338924,-0.0508317301308836,70.0
1652967505.725327,0.3903092443943023,0.9649271368980408,0.0975295156240463,-0.4897814393043518,0.1072281971573829,-0.865226149559021,-0.6645839214324951,-0.1019812375307083,-3.294654369354248,-0.5150997630307614,-0.1074347510359388,-0.0823824732097941,70.0
1652967505.735323,0.3881748914718628,0.9490779638290404,0.0215624272823333,-0.4931402504444122,0.0979139283299446,-0.8644221425056458,-0.910250961780548,0.096545971930027,-3.295334815979004,-0.5184348634144917,-0.0980710571684035,-0.1149833556075445,70.0
1652967505.745439,0.4020093977451324,0.9142373204231262,-0.071813091635704,-0.4947066903114319,0.0907340198755264,-0.8643105030059814,-1.1842687129974363,0.2590487897396087,-3.280012607574463,-0.5198566244902879,-0.0908589816699152,-0.1487715238087583,70.0
1652967505.755783,0.3985831439495086,0.9066584706306458,-0.1315789371728897,-0.4945305585861206,0.0861535370349884,-0.864879846572876,-1.4619839191436768,0.4525114595890045,-3.218818426132202,-0.5194193288279748,-0.0862604692687263,-0.1835820419338031,70.0
1652967505.765454,0.3808958530426025,0.9027618169784546,-0.1772661954164505,-0.4923309087753296,0.0840655416250228,-0.8663390278816223,-1.650726079940796,0.6894909143447876,-3.1349411010742188,-0.5167761589721547,-0.0841648728829269,-0.2189336212147047,70.0
1652967505.775342,0.3821053206920624,0.8889402151107788,-0.2294099330902099,-0.4877725541591644,0.0832002311944961,-0.8689969182014465,-1.5873708724975586,0.9575591087341307,-2.995110988616944,-0.5114814247478838,-0.0832965201962445,-0.2536755341642613,70.0
1652967505.785275,0.407932698726654,0.9083973169326782,-0.2332660108804702,-0.4808393120765686,0.0821582302451133,-0.872951090335846,-1.3745700120925903,1.1831202507019043,-2.800919532775879,-0.5034728897167856,-0.082250941159175,-0.2862097038942431,70.0
1652967505.795131,0.4577429294586181,0.950891137123108,-0.2355619966983795,-0.4719642400741577,0.0804564282298088,-0.8779388070106506,-1.1691396236419678,1.3928889036178589,-2.6184346675872803,-0.4932594062440624,-0.0805434845589016,-0.3160353418893221,70.0
1652967505.805187,0.5150264501571655,0.9617249965667723,-0.3507763147354126,-0.4607663452625274,0.0788494572043418,-0.8840119242668152,-1.1371946334838867,1.6230307817459106,-2.4325945377349854,-0.4804806051258739,-0.0789313880058736,-0.3437379147406142,70.0
1652967505.8151588,0.551678478717804,0.9193406701087952,-0.4973935484886169,-0.447323739528656,0.0778836533427238,-0.8909745216369629,-1.037888526916504,1.8406591415405276,-2.275496482849121,-0.465295215515778,-0.0779626092622966,-0.3696397439861042,70.0
1652967505.82518,0.5185002684593201,0.8286742568016052,-0.5736740231513977,-0.4314947724342346,0.0766952633857727,-0.8988493084907532,-0.8571615219116211,2.094489574432373,-2.115546941757202,-0.4475625493136473,-0.076770653726372,-0.3934834147154665,70.0
1652967505.835294,0.4516436159610748,0.7341641783714294,-0.5403703451156616,-0.4129932224750519,0.0749925449490547,-0.9076412916183472,-0.6400960683822632,2.3580689430236816,-1.9308757781982424,-0.4270191357375953,-0.0750630153640751,-0.4149793118556872,70.0
1652967505.845127,0.4124920964241028,0.6390184164047241,-0.5606184601783752,-0.3919386267662048,0.0725660845637321,-0.9171250462532043,-0.4844984412193298,2.570952653884888,-1.7840008735656738,-0.4038642634212843,-0.0726299232165013,-0.4341458821273882,70.0
1652967505.8551831,0.4105236232280731,0.5313481092453003,-0.7016419172286987,-0.3687299191951751,0.0701416879892349,-0.9268863797187804,-0.4112662971019745,2.7475061416625977,-1.626634955406189,-0.3786219107817777,-0.0701993283232399,-0.451594965231372,70.0
1652967505.864945,0.422932356595993,0.4421589970588684,-0.8426864743232727,-0.3436477780342102,0.0683944895863533,-0.9366047382354736,-0.3602694869041443,2.878835678100586,-1.4012311697006226,-0.3516575337655128,-0.0684479233400353,-0.4671298650238258,70.0
1652967505.87499,0.4566813707351684,0.3605656027793884,-0.8770890235900879,-0.3170025646686554,0.0669236332178115,-0.946060597896576,-0.1824686080217361,2.9746172428131104,-1.1540290117263794,-0.3233184938715738,-0.0669736880058315,-0.4801184204268757,70.0
1652967505.884861,0.5004890561103821,0.2357856035232544,-0.8653355240821838,-0.289307564496994,0.0636844858527183,-0.9551154375076294,0.2119034081697464,3.0193030834198,-0.9396412372589112,-0.2941181875700922,-0.0637276151526116,-0.4900602018595079,70.0
1652967505.894855,0.5253503918647766,0.0765005350112915,-0.8670730590820312,-0.2607173323631286,0.0573959350585937,-0.9637075066566468,0.6191015243530273,3.060136079788208,-0.6962118148803711,-0.2642111207500825,-0.057427494942459,-0.4967657298880235,70.0
1652967505.904911,0.557511568069458,-0.0577829480171203,-0.9165343046188354,-0.2317823022603988,0.0490721464157104,-0.9715291261672974,0.7714830636978149,2.9986650943756104,-0.4753427505493164,-0.2341969002966633,-0.0490918610704283,-0.5006418528474978,70.0
1652967505.9148002,0.6023083329200745,-0.1408135890960693,-1.0354814529418943,-0.203687846660614,0.0417832918465137,-0.978143870830536,0.4927927851676941,2.8146398067474365,-0.2959056198596954,-0.2053051140391027,-0.0417954578435172,-0.502947581238022,70.0
1652967505.924717,0.6251249313354492,-0.1761609315872192,-1.1736003160476685,-0.1773406416177749,0.0391704179346561,-0.9833697080612184,-0.0524053424596786,2.6053478717803955,-0.160971388220787,-0.1784220073617303,-0.0391804407189689,-0.5046922252410316,70.0
1652967505.934705,0.5835075378417969,-0.2559666037559509,-1.251491665840149,-0.1526451855897903,0.0418206639587879,-0.9873958230018616,-0.4994531273841858,2.448378801345825,-0.1021410971879959,-0.153379527046849,-0.0418328648362002,-0.506478773378146,70.0
1652967505.944615,0.4956719875335693,-0.3804183006286621,-1.1595547199249268,-0.1290644258260727,0.0476161837577819,-0.990492343902588,-0.6472398638725281,2.345308780670166,0.0433991327881813,-0.1295732578717381,-0.0476341969161951,-0.5076686007618642,70.0
1652967505.95475,0.4208261966705322,-0.4802973866462707,-0.9964101314544678,-0.1059917211532592,0.0538441762328147,-0.9929081201553344,-0.5496004223823547,2.3112361431121826,0.3325073719024658,-0.1063460380683337,-0.0538702288892726,-0.5066392554555603,70.0
1652967505.964541,0.3937596976757049,-0.5333999991416931,-0.8964220881462097,-0.0830908715724945,0.0586687996983528,-0.9948135018348694,-0.3174312710762024,2.2608180046081543,0.6700276732444763,-0.0833306512454828,-0.0587025079632415,-0.5020601196041313,70.0
1652967505.9746552,0.4187725782394409,-0.5423098802566528,-0.8815255165100098,-0.0605115592479705,0.0616097413003444,-0.9962643384933472,-0.1900608092546463,2.183180809020996,0.9999842047691344,-0.0606639330507214,-0.0616487837404982,-0.4938940712536074,70.0
1652967505.984451,0.4862412810325622,-0.5188568234443665,-0.8594532012939453,-0.03867057710886,0.0636005327105522,-0.9972259402275084,-0.1104262322187423,2.066780567169189,1.3090074062347412,-0.0387587299576636,-0.0636434909833998,-0.4824373229880275,70.0
1652967505.9944549,0.5172028541564941,-0.515287458896637,-0.7860751748085022,-0.0179200991988182,0.0651736930012703,-0.997713029384613,-0.121302843093872,1.9318021535873413,1.5165613889694214,-0.0179592457901334,-0.0652199233833743,-0.4683009701115089,70.0
1652967506.00435,0.5081036686897278,-0.5363258719444275,-0.6873684525489807,0.0016771293012425,0.0670681446790695,-0.997747004032135,-0.2555692493915558,1.805008053779602,1.6113029718399048,0.0016809148567561,-0.0671185300898274,-0.4526721182248412,70.0
1652967506.014332,0.4805148243904114,-0.4757615327835083,-0.5716749429702759,0.0200191345065832,0.0707746669650077,-0.9972914457321168,-0.5405229330062866,1.6566364765167236,1.6835664510726929,0.0200708102817404,-0.0708338879670234,-0.4361430528005679,70.0
1652967506.024271,0.3896313905715942,-0.3789510130882263,-0.3854228854179382,0.0372484028339386,0.0767528191208839,-0.9963541626930236,-0.7100507616996765,1.5937219858169556,1.6764605045318604,0.0373672994350113,-0.0768283816964857,-0.4190845231092727,70.0
1652967506.034284,0.2695916593074798,-0.4045236706733703,-0.2132750153541565,0.0548253767192363,0.082232542335987,-0.9951040148735046,-0.540479838848114,1.6926238536834717,1.6799036264419556,0.0550394755768959,-0.0823255032243327,-0.4021194345318548,70.0
1652967506.044362,0.2042612433433532,-0.5033485293388367,-0.0039717778563499,0.073677510023117,0.0845534428954124,-0.9936912655830384,-0.0813250094652175,1.8241558074951167,1.7647241353988647,0.0740098487543849,-0.0846545194817813,-0.3847613138373127,70.0
1652967506.0542011,0.214787095785141,-0.7008783221244812,0.145668476819992,0.0933945700526237,0.0802531614899635,-0.9923895001411438,0.6136870384216309,1.8317538499832156,1.902802586555481,0.0938344282598262,-0.0803395598580484,-0.3667660941707369,70.0
1652967506.0641708,0.2662476301193237,-0.7263504862785339,0.2336261570453643,0.1117735281586647,0.070573054254055,-0.9912245869636536,0.8910842537879944,1.5628297328948977,1.9463105201721191,0.1122887408215775,-0.0706317646501504,-0.3483255587788266,70.0
1652967506.074109,0.2624289393424988,-0.698624312877655,0.0891788229346275,0.126548022031784,0.0607845559716224,-0.990096390247345,0.5321620106697083,1.186586856842041,1.8330787420272827,0.1271245802108047,-0.0608220487893871,-0.3304571139125369,70.0
1652967506.0840368,0.1825584918260574,-0.6800616383552551,-0.123893916606903,0.1379980593919754,0.057243525981903,-0.9887768626213074,-0.3308306336402893,0.9316802024841307,1.823583483695984,0.1386687020657732,-0.0572748353833391,-0.3126409554216217,70.0
1652967506.094012,0.1368610858917236,-0.776983380317688,0.0399577841162681,0.1475626528263092,0.0608875602483749,-0.987176775932312,-0.872471809387207,0.7916799187660217,1.9113644361495967,0.1483808264691352,-0.060925243517869,-0.2932883214731941,70.0
1652967506.103899,0.1703674793243408,-0.9454233050346376,0.5328932404518127,0.1557280123233795,0.0657853707671165,-0.9856069684028624,-0.7120261788368225,0.6137696504592896,1.973293423652649,0.1567066663353284,-0.0658329140674401,-0.2727919112385543,70.0
1652967506.114091,0.2097465544939041,-1.0460127592086792,0.9790552854537964,0.1618964225053787,0.0667058303952217,-0.9845505952835084,-0.0867332816123962,0.3791078627109527,1.8694514036178589,0.1629783732066391,-0.0667553978283956,-0.2530538078371474,70.0
1652967506.123867,0.1610400825738906,-1.0409607887268066,1.170472264289856,0.1658183485269546,0.0618275329470634,-0.9842162728309632,0.4890248775482178,0.2250037491321563,1.5580475330352783,0.1669101075853954,-0.0618669916900603,-0.2364634628953796,70.0
1652967506.1338391,0.0301934480667114,-0.9998310804367064,1.1897978782653809,0.1687352955341339,0.0529390014708042,-0.9842387437820436,0.8044576644897461,0.2161522060632705,1.1972172260284424,0.1697868161049373,-0.0529637608509854,-0.2240231520784696,70.0
1652967506.143992,-0.0381188094615936,-0.9197063446044922,1.209141969680786,0.1711601018905639,0.0423839800059795,-0.9843311309814452,0.9797471165657043,0.1552592366933822,0.8542357087135315,0.1721632845428045,-0.0423966816857423,-0.2154217336507904,70.0
1652967506.153915,-0.0030200630426406,-0.8072476387023926,1.2530759572982788,0.1720263361930847,0.0313936062157154,-0.9845919609069824,1.025149703025818,-0.04250044003129,0.497745007276535,0.172972416349294,-0.031398765225856,-0.2105693507492498,70.0
1652967506.163782,0.0511029213666915,-0.7480773329734802,1.1900944709777832,0.1706377267837524,0.0211177114397287,-0.9851075410842896,0.9116066098213196,-0.2573695778846741,0.2088450789451599,0.1715154746621203,-0.0211192804444481,-0.2088400291264302,70.0
1652967506.173771,0.0598157197237014,-0.7146111726760864,1.1198033094406128,0.1671434044837951,0.013253366574645,-0.985843539237976,0.6569221019744873,-0.4518413245677948,-0.0514783784747123,0.1679464876373081,-0.0132537542684994,-0.209389760096128,70.0
1652967506.183634,0.0428696125745773,-0.6156862378120422,1.1603553295135498,0.1616896241903305,0.0082696080207824,-0.9868069887161256,0.4276837110519409,-0.6558083295822144,-0.3564090430736542,0.1624081743676377,-0.0082697020162647,-0.2122336614975387,70.0
1652967506.193506,0.0139435976743698,-0.501941442489624,1.217454433441162,0.154330238699913,0.0056747985072433,-0.9880030155181884,0.277870774269104,-0.8329756855964661,-0.6832811832427979,0.1549520554400211,-0.0056748289886446,-0.2178798669541476,70.0
1652967506.20338,-0.0120181739330291,-0.391140341758728,1.2224270105361938,0.1453646421432495,0.0044711311347782,-0.9893680214881896,0.2374645620584488,-0.9847294688224792,-0.987790048122406,0.1458829840939345,-0.0044711462560412,-0.2264524071522686,70.0
1652967506.21354,-0.0216711461544036,-0.2554334998130798,1.2263106107711792,0.1349828392267227,0.0030137551948428,-0.9908433556556702,0.3860300779342651,-1.114712834358215,-1.2640608549118042,0.1353967584389613,-0.00301375985164,-0.2380006943143041,70.0
1652967506.2235231,-0.0164998769760131,-0.107598066329956,1.2149666547775269,0.1233570948243141,0.0003653629973996,-0.9923622608184814,0.5063605308532715,-1.228750467300415,-1.542216420173645,0.1236721164311169,-0.0003653630029093,-0.2524465482689391,70.0
1652967506.233384,-0.0024109110236167,0.0239853262901306,1.1154062747955322,0.1108397841453552,-0.0029337629675865,-0.9938339591026306,0.5321463346481323,-1.291605830192566,-1.784538507461548,0.1110684777755335,0.0029337670877421,-0.2695700925552138,70.0
1652967506.243435,0.0073512569069862,0.1779247522354126,0.970073699951172,0.0981479212641716,-0.0057945079170167,-0.9951549768447876,0.4325915873050689,-1.2794450521469116,-1.9833418130874636,0.0983078392818305,0.0057945403592189,-0.2887470723014767,70.0
1652967506.253837,0.006782591342926,0.3487484455108642,0.8565208911895752,0.0859602391719818,-0.0074913599528372,-0.9962704181671144,0.2834412455558777,-1.2014455795288086,-2.1560213565826416,0.0860688737181871,0.007491429975506,-0.309603019654435,70.0
1652967506.263342,0.0161128193140029,0.5062616467475891,0.7754437923431396,0.0747837051749229,-0.0080335456877946,-0.9971674084663392,0.1978146880865097,-1.0835882425308228,-2.2978010177612305,0.0748560036953231,0.0080336320996789,-0.3319069808661418,70.0
1652967506.273281,0.040138229727745,0.6345860958099365,0.7257562875747681,0.0650099888443946,-0.0080591579899191,-0.997852087020874,0.149015724658966,-0.9201682806015016,-2.413070678710937,0.0650579869662528,0.0080592453982858,-0.3554317363226914,70.0
1652967506.283253,0.0772959440946579,0.7414454817771912,0.6858445405960083,0.0569813027977943,-0.0080949058756232,-0.9983424544334412,0.1604910194873809,-0.7371161580085754,-2.5210461616516118,0.0570140513897593,0.0080949943526401,-0.3800952228799552,70.0
1652967506.293208,0.1305235475301742,0.8434613943099976,0.614754855632782,0.0505676642060279,-0.0079433321952819,-0.99868905544281,0.1146159395575523,-0.5839948058128357,-2.6318953037261963,0.0505908380662619,0.0079434157865419,-0.4057827819368078,70.0
1652967506.303028,0.1752047836780548,0.9025701880455016,0.4628041982650757,0.0456813499331474,-0.00729885045439,-0.9989293813705444,-0.004317907616496,-0.433623343706131,-2.749397993087769,0.0456984708902042,0.007298915269294,-0.4326005804512629,70.0
1652967506.313134,0.2079667150974273,0.9452040195465088,0.2780537903308868,0.0424909479916095,-0.0053029670380055,-0.9990828037261964,-0.1644386053085327,-0.2349816262722015,-2.8027431964874268,0.0425043406267455,0.005302991767239,-0.4602144554204383,70.0
1652967506.323209,0.2510248124599457,0.9519760012626648,0.1668542772531509,0.0410435870289802,-0.001555843395181,-0.99915611743927,-0.3567100465297699,-0.0832252278923988,-2.8294830322265625,0.0410551677720984,0.0015558440032721,-0.4881205609690669,70.0
1652967506.333064,0.2981832325458526,0.968215823173523,0.0616520717740058,0.0407296381890773,0.0043726856820285,-0.999160647392273,-0.6126866936683655,0.0306043960154056,-2.868591547012329,0.0407412975789297,-0.0043726995865331,-0.5162873571384474,70.0
1652967506.343176,0.3002702593803406,0.9845492839813232,-0.1136554330587387,0.0416180789470672,0.0132983550429344,-0.9990450739860536,-0.9426047205924988,0.2127901315689087,-2.8853018283843994,0.0416337846139181,-0.0132987474008257,-0.5446054641112847,70.0
1652967506.352999,0.2587724030017853,0.9252009987831116,-0.3485477268695831,0.0443128384649753,0.0250918865203857,-0.9987025260925292,-1.1680333614349363,0.4402283430099487,-2.81760311126709,0.0443413219623398,-0.0250945197964362,-0.5726157244215547,70.0
1652967506.3629122,0.227566659450531,0.8813774585723877,-0.4918094277381897,0.0490293279290199,0.038730189204216,-0.9980461597442628,-1.2950410842895508,0.691627025604248,-2.6180689334869385,0.0490858520630062,-0.0387398767369316,-0.5991488572623983,70.0
1652967506.372901,0.2037122398614883,0.7927645444869995,-0.4961236417293548,0.0560990758240222,0.052977867424488,-0.9970186948776244,-1.2783337831497192,0.9665762782096864,-2.4016408920288086,0.0562075597072853,-0.0530026817325662,-0.6234727396343493,70.0
1652967506.383112,0.2127434909343719,0.6852859854698181,-0.5427838563919067,0.0656377747654914,0.0668163895606994,-0.9956039786338806,-1.2447408437728882,1.218120813369751,-2.1940205097198486,0.0658323238308946,-0.0668662078191159,-0.6456129370174261,70.0
1652967506.392976,0.250876635313034,0.6231245398521423,-0.6425533294677734,0.0770499035716056,0.0808314979076385,-0.99374520778656,-1.2827335596084597,1.396916389465332,-1.9746108055114744,0.0773800520099726,-0.0809197792989534,-0.6654601403237038,70.0
1652967506.402755,0.277312159538269,0.5610191822052002,-0.706977128982544,0.0899668261408805,0.0957405194640159,-0.9913322925567628,-1.438239336013794,1.5332778692245483,-1.806331992149353,0.0905055202483628,-0.0958873899352079,-0.683112121365522,70.0
1652967506.41272,0.3026889562606811,0.5024094581604004,-0.7864500880241394,0.1034083664417266,0.1125608831644058,-0.9882493615150452,-1.6367924213409424,1.5573065280914309,-1.6379454135894775,0.1042585250615106,-0.112799942434343,-0.698790710831302,70.0
1652967506.422689,0.3261941969394684,0.4714013934135437,-0.9148389101028442,0.117043025791645,0.1316967606544494,-0.9843561053276062,-1.924630641937256,1.5936766862869265,-1.409998893737793,0.1183474951808114,-0.1320804606634096,-0.7120822053126731,70.0
1652967506.432598,0.3490182757377624,0.4592525959014892,-0.9236009120941162,0.1307637691497802,0.1530320346355438,-0.9795315265655518,-2.0773398876190186,1.5889240503311155,-1.141403079032898,0.1327115744359633,-0.1536357263392372,-0.722216235398273,70.0
1652967506.4426389,0.3542552590370178,0.4368460178375244,-0.8683622479438782,0.1447833776473999,0.1738126575946808,-0.9740774631500244,-1.8681780099868772,1.6485228538513184,-0.9014129042625428,0.1475560925689848,-0.1746999374718938,-0.7296473029669959,70.0
1652967506.452779,0.3358213901519775,0.3692638874053955,-0.7922126054763794,0.1602265238761901,0.1910467892885208,-0.9684154987335204,-1.4489027261734009,1.8368816375732424,-0.5710379481315613,0.1639668557928266,-0.192228474541286,-0.7344591769438229,70.0
1652967506.462667,0.3563437163829803,0.289318323135376,-0.6893081665039062,0.1779274493455886,0.20331571996212,-0.962810754776001,-0.9590166211128236,2.005211353302002,-0.2633232176303863,0.1827384000495384,-0.2047431915074281,-0.7364514663867526,70.0
1652967506.472487,0.3945468664169311,0.2080439925193786,-0.6973207592964172,0.197417750954628,0.2106569111347198,-0.9574183821678162,-0.5512839555740356,2.137233257293701,-0.0423298478126525,0.2033480179786907,-0.2122468967841624,-0.7365277078226624,70.0
1652967506.482435,0.4133294820785522,0.1392717361450195,-0.7911338806152344,0.2184606045484542,0.2149467766284942,-0.9518786072731018,-0.4098381102085113,2.2451560497283936,0.1791245490312576,0.2255979126789894,-0.2166373271109712,-0.7348417992095404,70.0
1652967506.492416,0.4273548126220703,0.0708492994308471,-0.8383179903030396,0.240568071603775,0.218399167060852,-0.9457424879074096,-0.4822321534156799,2.294695854187012,0.3817631304264068,0.2490869208783336,-0.2201737309069593,-0.7309911123696837,70.0
1652967506.5023742,0.4570073783397674,0.0104303359985351,-0.8787393569946289,0.2629480361938476,0.2227487415075302,-0.9387445449829102,-0.7158533930778503,2.25184178352356,0.5398116111755371,0.2731070322494988,-0.224633146600148,-0.724869430169187,70.0
1652967506.512325,0.4943321347236633,-0.0299676060676574,-0.9541836977005004,0.2848273515701294,0.2290250062942505,-0.9308173656463624,-0.9796733260154724,2.147069215774536,0.6883552670478821,0.2969495377057451,-0.2310759456069438,-0.7163798228741872,70.0
1652967506.522273,0.51336270570755,-0.0623821020126342,-0.9973556995391846,0.3059121370315552,0.2367813289165496,-0.9221455454826356,-1.2014249563217163,2.035933256149292,0.8772889375686646,0.320315469595095,-0.2390516316761839,-0.7053568138326848,70.0
1652967506.5323749,0.5076059699058533,-0.1192432641983032,-0.957446038722992,0.3263630867004394,0.2452420592308044,-0.9128764867782592,-1.3254963159561155,1.9218240976333616,1.0895841121673584,0.3433500985849858,-0.2477693676500489,-0.6915562359453741,70.0
1652967506.542118,0.492950290441513,-0.1827801465988159,-0.9349774718284608,0.3465729653835296,0.2534741461277008,-0.9031268358230592,-1.3563281297683716,1.8895256519317627,1.3290265798568726,0.3664178768116988,-0.2562700064082294,-0.675102268129922,70.0
1652967506.552209,0.4914250373840332,-0.2662695646286011,-0.9314124584197998,0.367278516292572,0.2598426640033722,-0.8930779695510864,-1.221273422241211,1.899661898612976,1.613226056098938,0.390167071652242,-0.262859268548328,-0.6561122042348315,70.0
1652967506.562458,0.5256358981132507,-0.3557243347167969,-0.8437350392341614,0.3883197605609894,0.2630007565021515,-0.8831978440284729,-0.9709013104438782,1.826009511947632,1.8596971035003664,0.4142343284734256,-0.2661311543330925,-0.6351470658701871,70.0
1652967506.572099,0.5532363653182983,-0.4489855170249939,-0.7676141262054443,0.4090896546840668,0.2628075182437897,-0.8738294243812561,-0.7909179329872131,1.7514969110488892,2.0719528198242188,0.4378505566758814,-0.2659308593178605,-0.6129779897486055,70.0
1652967506.582022,0.5602103471755981,-0.5273432731628418,-0.7896449565887451,0.4296729862689972,0.2606989741325378,-0.8645329475402832,-0.8757858276367188,1.69011127948761,2.298370122909546,0.4612448341179895,-0.2637461527169606,-0.5890483421665887,70.0
1652967506.5920382,0.6009438037872314,-0.5241791009902954,-0.8570966720581055,0.4497916102409363,0.2588911354541778,-0.8547882437705994,-1.1628248691558838,1.5460989475250244,2.469500541687012,0.4843891236340645,-0.2618740114756556,-0.5623591571318814,70.0
1652967506.602092,0.6544484496116638,-0.4916008114814758,-0.8681014776229858,0.4684916138648987,0.2588790655136108,-0.8446877002716064,-1.581038475036621,1.3265628814697266,2.5785012245178223,0.5063932023201313,-0.2618615136807852,-0.5327492248267399,70.0
1652967506.611928,0.6974459290504456,-0.476162314414978,-0.7874025702476501,0.485293298959732,0.2615236341953277,-0.834323525428772,-2.016610622406006,1.0708712339401243,2.644270181655884,0.526825644131031,-0.264600441004987,-0.5001541127819173,70.0
1652967506.621897,0.7369840145111084,-0.4788340926170349,-0.6739968061447144,0.5002748370170593,0.2663429379463196,-0.8238850235939026,-2.314629316329956,0.8422553539276123,2.745800495147705,0.5457072927538285,-0.2695969298511869,-0.4647384251074192,70.0
1652967506.631837,0.7536871433258057,-0.4502142071723938,-0.5090190172195435,0.5137230753898621,0.2707072794437408,-0.814129114151001,-2.1941516399383545,0.5948527455329895,2.90506649017334,0.562908982633317,-0.2741276704640594,-0.4275265442190539,70.0
1652967506.6417642,0.740513801574707,-0.4417195320129394,-0.2802117764949798,0.5255231261253357,0.2713616788387298,-0.8063425421714783,-1.763357400894165,0.3337474465370178,3.028860569000244,0.5775951930816778,-0.274807518498303,-0.3905055131011409,70.0
1652967506.6519508,0.6986233592033386,-0.3680958747863769,-0.1071117222309112,0.5354158878326416,0.2674053013324737,-0.8011393547058105,-1.2994557619094849,0.1052905619144439,3.073838710784912,0.5891449853437544,-0.2706992738134373,-0.3554626583234864,70.0
1652967506.6617398,0.6192386150360107,-0.3679715991020202,-0.0754990577697753,0.5439541339874268,0.2599625587463379,-0.7978304028511047,-1.041919231414795,0.0162561908364295,3.0739171504974365,0.5984007966591102,-0.2629834155604348,-0.3224737283279595,70.0
1652967506.671824,0.5587382912635803,-0.4723684191703796,-0.0977835357189178,0.5519947409629822,0.2512717247009277,-0.7950876951217651,-1.0620863437652588,0.0305855963379144,3.085355758666992,0.6068607894165375,-0.2539939096427512,-0.290264338476434,70.0
1652967506.681635,0.5508993268013,-0.5430856943130493,-0.092925950884819,0.5597878694534302,0.2431792467832565,-0.7921498417854309,-1.291093349456787,-0.0003331201151013,3.017158508300781,0.6151878895708285,-0.2456421515577169,-0.2576387719788086,70.0
1652967506.691617,0.569304347038269,-0.5455104112625122,-0.0850088894367218,0.5666362047195435,0.2377188801765442,-0.7889317274093628,-1.635252833366394,-0.0988359972834587,2.98434853553772,0.6228578214784508,-0.2400167308797944,-0.2239340868175703,70.0
1652967506.701558,0.5745369791984558,-0.4829486608505249,-0.0391066670417785,0.5722830295562744,0.2352431565523147,-0.7855907678604126,-2.06257700920105,-0.2506443858146667,3.023735284805298,0.6295820212297029,-0.2374687308466746,-0.1878603597344897,70.0
1652967506.711483,0.5778120756149292,-0.4231200814247131,0.0571590662002563,0.5770035982131958,0.2336277216672897,-0.7826141715049744,-1.9816275835037231,-0.3910875022411346,3.1550698280334477,0.635308663361252,-0.2358069856230663,-0.1498742693619136,70.0
1652967506.721483,0.5571997761726379,-0.2523959279060364,0.296208769083023,0.5807701349258423,0.2283426523208618,-0.7813870310783386,-1.3793903589248655,-0.5426552295684814,3.256413221359253,0.6391705876355203,-0.230375027830919,-0.1131490185042124,70.0
1652967506.731433,0.5000977516174316,-0.1908774971961975,0.6804816126823425,0.5833982825279236,0.2172082364559173,-0.7826027274131775,-0.6910332441329956,-0.6481736302375793,3.330127239227295,0.6405885561077864,-0.2189535136721056,-0.0798413113894948,70.0
1652967506.7415218,0.4586290121078491,-0.2280967831611633,0.8796527981758118,0.5851789712905884,0.2014477103948593,-0.7854835987091064,-0.2541312873363495,-0.6548453569412231,3.246022224426269,0.6402882353316646,-0.2028357037602322,-0.0501389302109103,70.0
1652967506.751582,0.3812159299850464,-0.2713241577148437,0.7721653580665588,0.5863896012306213,0.1847743839025497,-0.7886733412742615,-0.2106189429759979,-0.5736106634140015,3.0345139503479004,0.6393370417418967,-0.1858422873276252,-0.023302213076895,70.0
1652967506.761314,0.3170288205146789,-0.3769243955612182,0.7237389087677002,0.5873442888259888,0.1699683964252472,-0.791288435459137,-0.4003537893295288,-0.5075792670249939,2.8209524154663086,0.638531136695839,-0.1707976028133915,0.0023664349534523,70.0
1652967506.7712622,0.2804816961288452,-0.3531416058540344,0.8498384356498718,0.5875755548477173,0.1583402901887893,-0.7935259342193604,-0.5934598445892334,-0.5641181468963623,2.4843573570251465,0.6373686137697531,-0.159009508357124,0.0269202071661703,70.0
1652967506.7812018,0.2363083958625793,-0.2422626614570617,0.9186080694198608,0.5860029458999634,0.1502854079008102,-0.7962505221366882,-0.7757832407951355,-0.7254095077514648,2.1374106407165527,0.6344502160037526,-0.1508569496740324,0.0497388779706341,70.0
1652967506.791246,0.1522865295410156,-0.0944860577583313,0.8620368242263794,0.5827445387840271,0.1449822336435318,-0.7996180057525635,-0.8624520897865295,-0.8311641216278076,1.9274635314941408,0.6297805654194336,-0.145495012618787,0.0710353568544128,70.0
1652967506.801239,0.0774908661842346,0.0422417521476745,0.893031120300293,0.5787132978439331,0.1412096172571182,-0.8032128214836121,-0.9026806354522704,-0.8308146595954895,1.8215982913970947,0.6243510099527394,-0.1416831625651095,0.091510770254587,70.0
1652967506.811268,0.0584158897399902,0.1179414987564086,0.9473497867584229,0.5748695731163025,0.1380842179059982,-0.8065096139907837,-0.875220000743866,-0.7620289325714111,1.7602459192276,0.6192564010312928,-0.1385268419222633,0.11141298778231,70.0
1652967506.821049,0.0616576671600341,0.2147911190986633,0.978299617767334,0.5710937976837158,0.1348595768213272,-0.8097313642501831,-0.7069461345672607,-0.7396750450134277,1.613511085510254,0.6142661363050423,-0.1352717506717563,0.1299696929053261,70.0
1652967506.831067,-0.0040638446807861,0.2165781259536743,1.0507314205169678,0.5675861835479736,0.1310618072748184,-0.8128153681755066,-0.4892865419387817,-0.6345145106315613,1.4420812129974363,0.6095818010963032,-0.1314399518034129,0.1460473996211772,70.0
1652967506.840936,-0.0662566423416137,0.2027444243431091,1.1024274826049805,0.5647459626197815,0.1267291158437729,-0.8154763579368591,-0.2957285940647125,-0.4895493686199188,1.207045555114746,0.6056983456233351,-0.1270708034831772,0.1592622176377384,70.0
1652967506.851049,-0.0737008452415466,0.1937429904937744,1.023043155670166,0.5624703168869019,0.1226172670722007,-0.8176748752593994,-0.2098136842250824,-0.4029095470905304,0.9471197128295898,0.6025520983811796,-0.1229266218298812,0.1694756026966127,70.0
1652967506.860906,-0.0453624725341796,0.1875398755073547,0.8704663515090942,0.5601176619529724,0.1198596134781837,-0.8196962475776672,-0.2628009021282196,-0.4327951073646545,0.7250655293464661,0.5994457605500639,-0.1201484739607359,0.1777220786717944,70.0
1652967506.870896,-0.0331703424453735,0.2108097076416015,0.7411898970603943,0.556958794593811,0.1186886951327323,-0.8220157623291016,-0.2899670302867889,-0.5165504217147827,0.5152484178543091,0.5955010700926847,-0.118969134323151,0.1844190323298676,70.0
1652967506.88097,-0.0843706130981445,0.2665833234786987,0.6842146515846252,0.553074836730957,0.1185197979211807,-0.8246583342552185,-0.2407367676496505,-0.5381055474281311,0.3433485627174377,0.5907700516883649,-0.1187990417195168,0.1894556086482368,70.0
1652967506.890802,-0.1521509885787964,0.2519482970237732,0.6387101411819458,0.5491235852241516,0.1188277825713157,-0.8272504210472107,-0.2020455598831176,-0.4931591153144836,0.1933534890413284,0.5860109820885847,-0.1191092140776922,0.1928771800617528,70.0
1652967506.900735,-0.1631851196289062,0.2263755798339843,0.511935830116272,0.5453872084617615,0.1198543682694435,-0.8295708298683167,-0.2154882103204727,-0.4448185265064239,0.0794998407363891,0.5815828014355859,-0.120143190793135,0.1951523759884977,70.0
1652967506.910736,-0.1625094413757324,0.1898476481437683,0.3833378255367279,0.5420259833335876,0.1215450316667556,-0.8315255045890808,-0.2678672671318054,-0.3767345547676086,0.032031126320362,0.5776713426759911,-0.1218463086154441,0.1968993252153191,70.0
1652967506.920662,-0.1542025804519653,0.1670277118682861,0.3053765296936035,0.5391818284988403,0.1238837614655494,-0.8330280780792236,-0.32770836353302,-0.3200227618217468,0.0193826705217361,0.5744432902860941,-0.1242028506423385,0.1987510260618564,70.0
1652967506.93064,-0.1125359535217285,0.1282246112823486,0.2699533998966217,0.5366997718811035,0.126622587442398,-0.8342182636260986,-0.3494458794593811,-0.2948431074619293,0.0020231222733855,0.571690783334993,-0.126963420711223,0.2007082562577952,70.0
1652967506.9406018,-0.0543596148490905,0.0846069455146789,0.232126235961914,0.5341112017631531,0.129735991358757,-0.835400402545929,-0.3848741054534912,-0.3248793482780456,-0.0377392023801803,0.5688501844631301,-0.130102710814694,0.2025175591195228,70.0
1652967506.950934,-0.023909568786621,0.0792820453643798,0.1948433667421341,0.5313100814819336,0.1335105746984481,-0.8365910649299622,-0.423857718706131,-0.3240548372268677,-0.0986765846610069,0.5658217005179738,-0.1339104286665536,0.2041628811739579,70.0
1652967506.960491,-0.026210606098175,0.0950165390968322,0.1665818989276886,0.5285604596138,0.1377394348382949,-0.8376465439796448,-0.4279530048370361,-0.2945804893970489,-0.1514217108488083,0.5629069748451999,-0.1381787332250634,0.205408447177456,70.0
1652967506.970484,-0.0342103242874145,0.1009418964385986,0.1731803119182586,0.526046872138977,0.1419747620820999,-0.8385212421417236,-0.3487694859504699,-0.2514793872833252,-0.1960275322198867,0.5602879145382925,-0.1424561066635594,0.2060559371117894,70.0
1652967506.980413,-0.0310086011886596,0.0925990939140319,0.1905067414045334,0.5238521099090576,0.1453392654657364,-0.8393184542655945,-0.1869588941335678,-0.2052050977945327,-0.2258899062871933,0.5579805943547144,-0.1458558737569946,0.2056968033746612,70.0
1652967506.990384,-0.0416669845581054,0.1049546003341674,0.1927362531423568,0.521937370300293,0.1472143679857254,-0.8401840925216675,0.0174256712198257,-0.1603803634643554,-0.2381249964237213,0.5558749224994937,-0.147751355512783,0.2041273340411499,70.0
1652967507.00029,-0.0697046518325805,0.0874359607696533,0.1573474258184433,0.5205560922622681,0.1478436738252639,-0.8409302234649658,0.1052428036928176,-0.0921712666749954,-0.2117089033126831,0.5542904892366344,-0.1483876265345724,0.2018630997188888,70.0
1652967507.0103111,-0.0807018280029296,0.0564355254173278,0.1035134196281433,0.5196819305419922,0.1479362100362777,-0.8414544463157654,0.0902667939662933,-0.053634263575077,-0.1611831486225128,0.5532599709780427,-0.1484811971625245,0.1997138849120747,70.0
1652967507.020423,-0.0775067806243896,0.0421386957168579,0.0529388040304183,0.5191876292228699,0.1482788920402526,-0.8416992425918579,-0.0039491252973675,-0.0157652851194143,-0.1211472451686859,0.5527046563956819,-0.1488277041860723,0.1982796208927554,70.0
1652967507.030233,-0.0690716505050659,0.0299909114837646,0.028576374053955,0.5189617872238159,0.1492496132850647,-0.8416669368743896,-0.097018077969551,-0.0039216764271259,-0.0936554297804832,0.5525273848906174,-0.149809337871986,0.1976556432213841,70.0
1652967507.040106,-0.0562731027603149,0.0322041511535644,0.0368706136941909,0.5187516808509827,0.1508278250694275,-0.8415151238441467,-0.151020735502243,-0.0058010690845549,-0.096401110291481,0.5524271046370945,-0.1514056225855231,0.1975437617562932,70.0
1652967507.05016,-0.050263226032257,0.0410832166671752,0.047491431236267,0.5185249447822571,0.1527954787015915,-0.8412998914718628,-0.1714580953121185,-0.0027134001720696,-0.1237656250596046,0.5523460466648651,-0.1533963529867342,0.1975108292650727,70.0
1652967507.060113,-0.0514259338378906,0.0412831306457519,0.0508037358522415,0.5183753371238708,0.1547932624816894,-0.841026782989502,-0.1220133751630783,0.0219765529036521,-0.1637283712625503,0.5523622127377525,-0.1554181828502309,0.1970479332924366,70.0
1652967507.0700622,-0.0568553209304809,0.0139325857162475,0.0719040036201477,0.5184336304664612,0.1563675254583358,-0.8406996130943298,-0.0340736731886863,0.0581414811313152,-0.1873815059661865,0.5525862524789564,-0.1570118636470102,0.1959587418849354,70.0
1652967507.080091,-0.0394529104232788,0.0036429166793823,0.0875222086906433,0.5186856389045715,0.1571983098983764,-0.8403891921043396,0.0746584013104438,0.0692277923226356,-0.2066216319799423,0.5529684511112571,-0.1578530393079505,0.1941687357146186,70.0
1652967507.09014,-0.0252289772033691,0.0078403949737548,0.0832443684339523,0.5188812613487244,0.1572799533605575,-0.8402531147003174,0.1637400686740875,0.0606641359627246,-0.2248051613569259,0.5532093899452277,-0.157935724019664,0.1916329571831505,70.0
1652967507.099882,-0.0213896632194519,0.0077018141746521,0.0496455878019332,0.5189482569694519,0.157065287232399,-0.8402518630027771,0.1516021788120269,0.0497700497508049,-0.2263799160718917,0.5532677235736218,-0.1577183473334539,0.1888021272472758,70.0
1652967507.1099072,-0.0148183703422546,0.0186694860458374,-0.0064013451337814,0.5189535021781921,0.1573108285665512,-0.8402026891708374,0.0367102175951004,0.0306549426168203,-0.1973447948694229,0.5532984222205855,-0.1579669836796594,0.1864235926225779,70.0
1652967507.119935,-0.0064575672149658,0.0177972912788391,-0.05769744515419,0.5188323259353638,0.1586954146623611,-0.8400171399116516,-0.130124032497406,0.021302293986082,-0.1562301218509674,0.5532928015051611,-0.1593691751499701,0.1851420384320615,70.0
1652967507.129828,0.0008467435836791,0.020551323890686,-0.0885979980230331,0.518775999546051,0.1613214462995529,-0.8395516276359558,-0.2999615669250488,0.0279532726854085,-0.1243193373084068,0.5534921210476924,-0.162029486188917,0.1850902148794212,70.0
1652967507.139776,0.0055768489837646,0.0347218513488769,-0.0711239725351333,0.5188218951225281,0.1648129969835281,-0.8388447761535645,-0.3544178009033203,0.0377788431942462,-0.1134838387370109,0.5539084031325002,-0.165568406496156,0.1858687156599713,70.0
1652967507.149751,-0.0014440417289733,0.0360387563705444,-0.0243081599473953,0.5189458727836609,0.1683206707239151,-0.8380712270736694,-0.2962386608123779,0.0635859370231628,-0.1236608475446701,0.5544281560287184,-0.1691257848243238,0.1866135841941852,70.0
1652967507.159958,-0.0188966393470764,0.0324270725250244,0.0134431421756744,0.5193391442298889,0.1713103353977203,-0.8372213840484619,-0.1981722116470337,0.111858457326889,-0.1392601132392883,0.555221653224542,-0.1721595081487361,0.1867959035685095,70.0
1652967507.169657,-0.0287314057350158,0.0051823854446411,0.0293222367763519,0.5201864242553711,0.1732382476329803,-0.8362981677055359,-0.0447709262371063,0.1596840322017669,-0.1414236724376678,0.5564468507706655,-0.1741166912364372,0.1862069196886638,70.0
1652967507.179624,-0.0078069567680358,-0.0036758780479431,0.0335501134395599,0.5212498903274536,0.1739084422588348,-0.8354965448379517,0.0762210711836814,0.1552475243806839,-0.1333502680063247,0.5577938093686731,-0.1747972108931116,0.1849383989156716,70.0
1652967507.18958,0.0222603678703308,-0.0051236152648925,0.0269313603639602,0.5221274495124817,0.1735386699438095,-0.8350253105163574,0.1576352417469024,0.1118257492780685,-0.1302258372306823,0.5588030335657872,-0.1744217254695077,0.1831561145740253,70.0
1652967507.199484,0.0263752937316894,-0.0078233480453491,-0.0058980286121368,0.5227426886558533,0.1727071702480316,-0.8348127603530884,0.1378607302904129,0.0871563553810119,-0.1169084012508392,0.5594471037865008,-0.1735774779654632,0.1812515522460647,70.0
1652967507.209525,0.0176470279693603,-0.0042897462844848,-0.0433203876018524,0.5233075618743896,0.1720588356256485,-0.8345927000045776,0.0629944875836372,0.0808451920747757,-0.0702828392386436,0.5600516651441675,-0.1729193009396537,0.1798900868516206,70.0
1652967507.2201,0.0083241462707519,0.0036498308181762,-0.0504412353038787,0.523963451385498,0.1719622910022735,-0.8342009782791138,-0.0295505579560995,0.0783768147230148,-0.0159152075648307,0.5608269726853066,-0.172821282512304,0.1794327081961851,70.0
1652967507.229615,0.0072777867317199,0.0072020888328552,-0.0519318133592605,0.5246740579605103,0.1723999828100204,-0.833663821220398,-0.0993757173418998,0.0858800038695335,0.0363804884254932,0.5617279287756889,-0.1732656211339745,0.1798906293699532,70.0
1652967507.239396,0.0133116245269775,-0.011357307434082,-0.0201249122619628,0.52549147605896,0.1733232289552688,-0.8329573273658752,-0.1741000860929489,0.0947127044200897,0.0677534714341163,0.56281247066702,-0.1742029678961751,0.1810778048503289,70.0
1652967507.249373,0.0155115127563476,-0.0225854516029357,0.010493591427803,0.5263432860374451,0.1745345443487167,-0.8321661353111267,-0.1800410598516464,0.1106059178709983,0.0741921961307525,0.5639728781059806,-0.1754330303666716,0.1826437820054075,70.0
1652967507.2593122,0.0102813839912414,-0.0111777782440185,0.0266781747341156,0.5274078249931335,0.1758518069982528,-0.8312143087387085,-0.1799220293760299,0.1362064629793167,0.0546010360121727,0.565403653332674,-0.1767709921917335,0.1841596581318731,70.0
1652967507.26928,0.0099622011184692,-0.0127328634262084,0.0479710698127746,0.5287646055221558,0.1771724373102188,-0.8300710916519165,-0.1616173237562179,0.1655110865831375,0.0279577076435089,0.5671899899024635,-0.1781126890106109,0.1854883740431302,70.0
1652967507.279231,0.0302317142486572,-0.0163038372993469,0.0733427852392196,0.5301473140716553,0.1781831532716751,-0.8289720416069031,-0.099555879831314,0.1647412180900573,-0.0112285399809479,0.5689752244222149,-0.1791397526418544,0.1862860900735884,70.0
1652967507.289206,0.0521278381347656,-0.0180392265319824,0.0838497728109359,0.5313681960105896,0.1785709410905838,-0.8281064629554749,0.0015664799138903,0.1345146000385284,-0.051355455070734,0.5704945931803841,-0.1795338601730599,0.1862892521729524,70.0
1652967507.299282,0.0635730624198913,-0.0208514332771301,0.0866191983222961,0.5321605205535889,0.1784260123968124,-0.8276287317276001,0.070296011865139,0.0825376883149147,-0.089631587266922,0.5714344644777305,-0.1793865633787979,0.1854731567198459,70.0
1652967507.309115,0.0638779401779174,-0.0209224820137023,0.0691829472780227,0.5324812531471252,0.1782230883836746,-0.8274661898612976,0.0601056888699531,0.035778172314167,-0.1234510689973831,0.5717980144288942,-0.1791803317492689,0.1841908320140808,70.0
1652967507.319069,0.0517799258232116,-0.0156561732292175,0.028141900897026,0.5324180126190186,0.1786147356033325,-0.8274224400520325,-0.0218855142593383,0.007873729802668,-0.1274669170379638,0.5717679973794864,-0.1795783637796151,0.1829817757486591,70.0
1652967507.329038,0.040292203426361,-4.7266483306884766e-05,-0.0040768384933471,0.5320954322814941,0.1798581182956695,-0.8273605704307556,-0.1262350976467132,-0.0251345541328191,-0.1117497459053993,0.5715262921178285,-0.1808422219362197,0.1823746276789707,70.0
1652967507.338922,0.0329008698463439,0.0007686614990234,-0.0069150030612945,0.5316284894943237,0.181826576590538,-0.8272304534912109,-0.195292592048645,-0.0403669811785221,-0.1012177765369415,0.571198472036064,-0.182843678961087,0.1823463101789359,70.0
1652967507.348958,0.0305885672569274,-0.0110783576965332,-0.0030913054943084,0.5310721397399902,0.1842284351587295,-0.8270564079284668,-0.2332551479339599,-0.0431933961808681,-0.0883235484361648,0.5708180107637963,-0.1852867984643763,0.1827030202561406,70.0
1652967507.3589091,0.0245285034179687,-0.0133486986160278,0.0139392614364624,0.5306472778320312,0.1867901682853698,-0.8267544507980347,-0.2336466908454895,-0.0317017473280429,-0.0806770473718643,0.5706201537230343,-0.1878937823698577,0.1832735907118907,70.0
1652967507.3688831,0.0168942213058471,0.0008790493011474,0.0267140865325927,0.5304079651832581,0.189380943775177,-0.8263185024261475,-0.2303076237440109,-0.0087293209508061,-0.0885765179991722,0.5706548993619117,-0.1905316464499022,0.1838635613748677,70.0
1652967507.37882,0.0044962763786315,0.006151258945465,0.0238280147314071,0.5303852558135986,0.1920533776283264,-0.8257160782814026,-0.2289249151945114,0.0152739090844988,-0.1082522869110107,0.5709670289183465,-0.1932540488600088,0.1842935370046778,70.0
1652967507.388795,0.0039659738540649,-0.0018827319145202,0.0219543427228927,0.5305646657943726,0.1947205364704132,-0.8249757885932922,-0.2146972417831421,0.0490752793848514,-0.1175770834088325,0.5715287982234535,-0.1959725259426419,0.1846122875669608,70.0
1652967507.398884,0.0104579329490661,-0.0183194875717163,0.0196670591831207,0.5309086441993713,0.1968857496976852,-0.8242403268814087,-0.1596802026033401,0.0541843958199024,-0.1193010583519935,0.572229650129108,-0.1981804737947965,0.1846441118164587,70.0
1652967507.408712,0.0235586166381835,-0.0135486721992492,0.0362765341997146,0.5311746001243591,0.1984189748764038,-0.8237010836601257,-0.0827635824680328,0.0365287065505981,-0.1286069452762603,0.5727557185659269,-0.1997445618080366,0.1842887068281221,70.0
1652967507.418642,0.0300121903419494,-0.0281701683998107,0.031612753868103,0.5312365293502808,0.1994053721427917,-0.8234228491783142,-0.0311055816709995,0.0155515167862176,-0.1256696283817291,0.5729627062852146,-0.2007510722443625,0.1835068607692928,70.0
1652967507.428629,0.0313039422035217,-0.0367479920387268,0.0019593238830566,0.5310586094856262,0.2002654671669006,-0.8233289122581482,-0.0403251759707927,-0.0151709746569395,-0.1182316839694976,0.572862104627605,-0.2016288655077418,0.182664357320949,70.0
1652967507.4385738,0.0238206982612609,-0.0286412835121154,-0.0287722647190094,0.5305768251419067,0.2013339698314666,-0.8233789801597595,-0.0870068594813346,-0.0562174245715141,-0.1004382669925689,0.5724210440037116,-0.2027195909095769,0.1820777544226194,70.0
1652967507.448516,0.014628529548645,-0.0175786614418029,-0.0437567681074142,0.529805064201355,0.2027991861104965,-0.823516309261322,-0.1422418802976608,-0.0985363870859146,-0.076484203338623,0.5716825695997979,-0.2042156723469287,0.1819667319024024,70.0
1652967507.458486,0.0118196606636047,-0.0137643814086914,-0.0391450524330139,0.5286924242973328,0.2045198827981948,-0.8238058090209961,-0.174449622631073,-0.1422546654939651,-0.0462459474802017,0.5705666333917759,-0.2059731913771763,0.1823406442782219,70.0
1652967507.468612,0.0084493160247802,-0.004707932472229,-0.0265938341617584,0.5273935794830322,0.2062356323003769,-0.824210524559021,-0.1763423383235931,-0.1554261296987533,-0.0175083111971616,0.5692261209117435,-0.2077263119469611,0.1830320331029857,70.0
1652967507.478416,0.0018733739852905,0.0099058747291564,-0.0046810805797576,0.5261264443397522,0.2076535522937774,-0.8246641755104065,-0.1505720466375351,-0.1484134495258331,-0.0001151682808995,0.5678850355474016,-0.2091756176395411,0.1838351713299441,70.0
1652967507.488399,0.005052626132965,0.0160448551177978,0.0211847424507141,0.5251445174217224,0.2089636176824569,-0.8249590992927551,-0.1219696998596191,-0.1222247257828712,0.0060559082776308,0.5668763238960773,-0.2105150676113561,0.1846322706135825,70.0
1652967507.498334,0.014461874961853,0.0198055505752563,0.0334474891424179,0.5244174599647522,0.2099760323762893,-0.8251644968986511,-0.0877631977200508,-0.0881288573145866,-0.0119369775056838,0.5661362217024156,-0.2115504462355512,0.1852421901494559,70.0
1652967507.508301,0.0096796751022338,0.0223142504692077,0.0375305265188217,0.5239506363868713,0.2105164378881454,-0.8253233432769775,-0.0506741516292095,-0.0484461598098278,-0.034881442785263,0.5656460662304179,-0.2121031999172577,0.1854602661276027,70.0
