1652966910.7736158,-0.0045094937086105,-0.0244423151016235,-0.0401737838983535,0.2356038689613342,-0.1354853957891464,-0.962358832359314,0.0181530471891164,-0.0654834136366844,-0.1002890542149543,0.2400966487675901,0.1359033523416154,-0.0392119699096468,112.0
1652966910.783617,0.0110026597976684,-0.0876315236091613,-0.0372267663478851,0.2350453287363052,-0.1358231455087661,-0.9624478220939636,0.0903561413288116,-0.0867887064814567,-0.1065637320280075,0.2395277004836027,0.1362442644159884,-0.0403461260240201,112.0
1652966910.793937,0.0364220440387725,-0.1739560961723327,-0.056728184223175,0.2342688888311386,-0.1367685049772262,-0.96250319480896,0.1444532573223114,-0.116499625146389,-0.1017080247402191,0.2387530115490417,0.1371985298632946,-0.0416472560446262,112.0
1652966910.803972,0.0449413955211639,-0.2555210590362549,-0.0894356220960617,0.2332873791456222,-0.1380576640367508,-0.9625575542449952,0.1646826267242431,-0.1177417188882827,-0.1146493926644325,0.2377771408008933,0.1385000265258988,-0.0430674051224234,112.0
1652966910.81327,0.0163978338241577,-0.2845824956893921,-0.0875615775585174,0.2326713800430297,-0.1391534954309463,-0.962548851966858,0.1251540631055832,-0.045342244207859,-0.1681081354618072,0.2371746620366158,0.1396065451562907,-0.0447524478306108,112.0
1652966910.823361,-0.0195778012275695,-0.2954046726226806,-0.0985032320022583,0.2329719811677932,-0.1396254152059555,-0.9624078273773192,0.0526436455547809,0.0498039759695529,-0.2183470577001571,0.2375032092418368,0.1400831068418774,-0.0469165525907531,112.0
1652966910.8331609,-0.0056122988462448,-0.2870961427688598,-0.1162856370210647,0.2342804968357086,-0.1384292989969253,-0.9622629284858704,-0.2305101007223129,0.1648463606834411,-0.2155964821577072,0.2388217743609232,0.1388752690002393,-0.048852241851574,112.0
1652966910.843178,0.0082893073558807,-0.3028503656387329,-0.1685079783201217,0.2365684807300567,-0.135294497013092,-0.9621490240097046,-0.3053587675094604,0.2462216466665268,-0.2283897697925567,0.241092649844928,0.1357106846710546,-0.0504040614125068,112.0
1652966910.853117,0.0085511356592178,-0.3234744668006897,-0.1335719674825668,0.2396025508642196,-0.1314884275197982,-0.9619258642196656,-0.3424027264118194,0.3203349113464355,-0.2447403222322464,0.2441185191874669,0.1318702956303698,-0.0518485948553877,112.0
1652966910.863169,-0.0079745054244995,-0.3585478663444519,-0.0599047541618347,0.2433871030807495,-0.1281292885541916,-0.9614289402961732,-0.1968447417020797,0.4052796363830566,-0.30329629778862,0.2479425094159192,0.1284824851026562,-0.05379327622651,112.0
1652966910.873006,-0.0164358615875244,-0.4170637726783752,0.004740834236145,0.2478964626789093,-0.1266738027334213,-0.9604691863059998,0.0646610930562019,0.4358580410480499,-0.379304826259613,0.2525869201313223,0.1270150440530918,-0.0569540165142529,112.0
1652966910.883051,-0.0005201697349548,-0.4441921710968017,0.0610589087009429,0.2527174651622772,-0.1269616037607193,-0.9591739177703856,0.2062634974718094,0.4665475189685821,-0.4556070566177368,0.2576194052558583,0.1273051904934553,-0.0613496923537844,112.0
1652966910.8931432,0.015773206949234,-0.4840673208236694,0.084942877292633,0.258030503988266,-0.1280489414930343,-0.9576135277748108,0.2828966379165649,0.5097652673721313,-0.5327188968658447,0.2632006364883077,0.1284014759638867,-0.0668216877454797,112.0
1652966910.902957,0.054849088191986,-0.5302144885063171,0.0682564079761505,0.2635408043861389,-0.1291694790124893,-0.955961048603058,0.2123691886663437,0.4982305765151977,-0.5355975031852722,0.26899972160404,0.1295313890911129,-0.0727387192565349,112.0
1652966910.912914,0.0785707235336303,-0.5044103264808655,0.0811415612697601,0.268994003534317,-0.1287489682435989,-0.954497754573822,-0.0395882129669189,0.5107465386390686,-0.5310340523719788,0.2746931109489162,0.129107347441844,-0.0781674250347658,112.0
1652966910.922892,0.0393165349960327,-0.4397739768028259,0.096681959927082,0.2748771905899048,-0.1249717399477958,-0.9533229470252992,-0.4177314937114715,0.5854434370994568,-0.5313329100608826,0.2807217113799373,0.1252993470929595,-0.0826043293391273,112.0
1652966910.9327822,-0.0050832629203796,-0.3643259406089782,0.1106544360518455,0.2814809381961822,-0.1177955269813537,-0.9523091316223145,-0.7863531112670898,0.6878358125686646,-0.4862963855266571,0.2873943418682866,0.1180696620735608,-0.0858127437695295,112.0
1652966910.94282,-0.0298769474029541,-0.2875792980194092,0.1951742470264434,0.2890169620513916,-0.1080618202686309,-0.9512054324150084,-0.9507838487625122,0.7995114922523499,-0.4367583990097046,0.2949786027344922,0.1082732465773387,-0.0877039430896862,112.0
1652966910.952738,-0.0361329615116119,-0.2931417226791382,0.2952612936496734,0.2974092066287994,-0.0983466133475303,-0.9496713280677797,-0.8402392268180847,0.8792437314987183,-0.3550131022930145,0.3034957480314817,0.0985058449185503,-0.0888342362579492,112.0
1652966910.962772,-0.0235652327537536,-0.3378340005874634,0.4131278991699219,0.3062190413475036,-0.0902519151568412,-0.947673201560974,-0.6578382253646851,0.921026885509491,-0.2747161388397217,0.3125371369269308,0.0903748881486869,-0.0895295023936577,112.0
1652966910.972622,-0.021582007408142,-0.3985440135002136,0.4815747141838074,0.3151915669441223,-0.0842358097434043,-0.9452822804450988,-0.4882273972034454,0.9383724331855774,-0.1808814853429794,0.3218433460840341,0.0843357487549353,-0.0899668546999965,112.0
1652966910.982609,-0.0443608164787292,-0.401479959487915,0.4906554222106933,0.3243748545646667,-0.0792174041271209,-0.94260573387146,-0.5225688815116882,0.9967917799949646,-0.0739600956439971,0.3314320439484441,0.0793004939922843,-0.0896035162615358,112.0
1652966910.99261,-0.0873789191246032,-0.3242575526237488,0.4729491472244262,0.3341745734214782,-0.0732756853103637,-0.9396584630012512,-0.7517771124839783,1.0893805027008057,0.0403672009706497,0.3416851875041493,0.0733414205792544,-0.0876723444545668,112.0
1652966911.002819,-0.1280347406864166,-0.203967273235321,0.4758445620536804,0.3447553515434265,-0.0647117272019386,-0.9364593625068665,-1.0900362730026243,1.1883851289749146,0.1982082277536392,0.3527496636055822,0.0647569793028088,-0.0832744396724158,112.0
1652966911.012655,-0.1514010429382324,-0.1243379712104797,0.471442699432373,0.3559755980968475,-0.0546183437108993,-0.9328977465629578,-1.3112146854400637,1.2606439590454102,0.411692202091217,0.3645273672911901,0.0546455371934116,-0.0762847990488726,112.0
1652966911.0226378,-0.1632091403007507,-0.02918142080307,0.5300833582878113,0.3676768839359283,-0.0438772812485694,-0.9289178848266602,-1.4005725383758545,1.3229243755340576,0.6474429368972778,0.3768908645113124,0.0438913717423547,-0.066385337276122,112.0
1652966911.0327291,-0.1669517755508422,0.0266981720924377,0.5713112354278564,0.3800102174282074,-0.0348121896386146,-0.9243269562721252,-1.1229850053787231,1.3992958068847656,0.8491162061691284,0.3900565315520682,0.0348192239755095,-0.054663137880857,112.0
1652966911.042544,-0.1338742077350616,0.0541390776634216,0.6170074939727783,0.3925564587116241,-0.0305359475314617,-0.9192208647727966,-0.5983994603157043,1.3948243856430054,1.0696851015090942,0.4036086808358833,0.0305406955190196,-0.0425531217086608,112.0
1652966911.0526009,-0.1112923622131347,0.1069918274879455,0.6575826406478882,0.4046883583068847,-0.032079093158245,-0.913891851902008,-0.0984264314174652,1.3477039337158203,1.2578915357589722,0.4168658995021062,0.0320845967898912,-0.0304938299292483,112.0
1652966911.062521,-0.1447934210300445,0.1794591546058654,0.5974567532539368,0.4164609014987945,-0.0377033129334449,-0.9083715081214904,0.1257672607898712,1.352658987045288,1.3731062412261963,0.4298750570118841,0.0377122495947096,-0.0186273532485588,112.0
1652966911.0725532,-0.1800639331340789,0.2444848418235778,0.4464735984802246,0.4281871020793915,-0.0447554476559162,-0.9025811553001404,0.0971990600228309,1.3809418678283691,1.4520670175552368,0.442961033669242,0.0447704036224189,-0.0063582296823503,112.0
1652966911.0823932,-0.1877309679985046,0.3144029378890991,0.3334714770317077,0.4398061633110046,-0.0514585152268409,-0.8966172933578491,-0.0572405792772769,1.364365816116333,1.547330379486084,0.4560325999803372,0.0514812510211365,0.0069745477615981,112.0
1652966911.0923672,-0.1770981550216674,0.3832240700721741,0.2858657836914062,0.450825572013855,-0.0574417263269424,-0.8907619118690491,-0.1918345987796783,1.3098737001419067,1.6529542207717896,0.4685254987463954,0.0574733602310815,0.0218191923880963,112.0
1652966911.102491,-0.1809609234333038,0.4415814876556396,0.2637279629707336,0.4612343609333038,-0.0628765076398849,-0.8850476741790771,-0.3106241226196289,1.274649739265442,1.7325414419174194,0.4804167679588522,0.0629180095666597,0.0380187590927583,112.0
1652966911.112289,-0.1706673502922058,0.4456180930137634,0.2319464683532714,0.4708992838859558,-0.0683875009417533,-0.8795322775840759,-0.3021875321865082,1.175937533378601,1.806006669998169,0.4915629233442517,0.0684409214770598,0.0550425898998653,112.0
1652966911.122213,-0.1406040787696838,0.4399173855781555,0.1951212286949157,0.4791813194751739,-0.0743173882365226,-0.8745639324188232,-0.3550656735897064,1.019141435623169,1.8861441612243648,0.5012362986222317,0.0743859656867046,0.0728366290990356,112.0
1652966911.1324968,-0.1520312130451202,0.4720488786697387,0.1698384433984756,0.4860460758209228,-0.0799031406641006,-0.8702727556228638,-0.4651256799697876,0.906162679195404,1.9052152633666992,0.5093445925641158,0.0799884127312114,0.0914114044279823,112.0
1652966911.142219,-0.1811379194259643,0.5211576223373413,0.1171418279409408,0.4919899404048919,-0.0844574943184852,-0.8664945363998413,-0.5844784379005432,0.8234975934028625,1.8412927389144895,0.5164015224872468,0.0845582225851116,0.1103252185311569,112.0
1652966911.152124,-0.165532112121582,0.5771799087524414,0.036584123969078,0.497014045715332,-0.0878689140081405,-0.8632821440696716,-0.7213745713233948,0.6965444684028625,1.8273872137069704,0.5223797742495588,0.0879823802419709,0.1294507586104673,112.0
1652966911.1624022,-0.1428703069686889,0.6382978558540344,-0.0125482603907585,0.5006430745124817,-0.0903722569346427,-0.8609235286712646,-0.7967633008956909,0.5290095210075378,1.8118051290512085,0.526719399346095,0.0904957281677817,0.1490289516968373,112.0
1652966911.1721458,-0.1601647734642028,0.6713169813156128,-0.0257961601018905,0.5029229521751404,-0.09236790984869,-0.8593815565109253,-0.8185518383979797,0.3913869261741638,1.7771027088165283,0.5294771844466021,0.0924997583455071,0.168671809211952,112.0
1652966911.181978,-0.1861799955368042,0.6875328421592712,-0.0206015408039093,0.5040968656539917,-0.0943581759929657,-0.8584770560264587,-0.7715047001838684,0.2647834420204162,1.7291021347045898,0.5309538233940762,0.0944987600659943,0.1878601528594236,112.0
1652966911.191994,-0.183822214603424,0.6940255761146545,-0.0149224400520324,0.5040736794471741,-0.0967413783073425,-0.858225405216217,-0.6722955107688904,0.1127257868647575,1.6986926794052124,0.531061745187231,0.0968929175173519,0.2063201478718501,112.0
1652966911.201922,-0.1650872230529785,0.6861019730567932,-0.0216441303491592,0.502596378326416,-0.1000752300024032,-0.8587093949317932,-0.5354079604148865,-0.0723796188831329,1.6853752136230469,0.5295351644312336,0.1002430313620226,0.2239564964744987,112.0
1652966911.2118711,-0.1450015604496002,0.6842490434646606,-0.0507639497518539,0.4995090067386627,-0.104234829545021,-0.8600150346755981,-0.4789962768554687,-0.2442225366830825,1.6892657279968262,0.5261928916218692,0.1044245088739231,0.2410834733199507,112.0
1652966911.22184,-0.1333218514919281,0.7181879281997681,-0.0818561017513275,0.4949551522731781,-0.1082073673605918,-0.8621546030044556,-0.5223237872123718,-0.3988632261753082,1.6450647115707395,0.5211508119166721,0.1084196527739249,0.2580835028521399,112.0
1652966911.231783,-0.1260914206504821,0.7370460033416748,-0.1314398348331451,0.4890827536582947,-0.1113732829689979,-0.86509770154953,-0.589111864566803,-0.5527048707008362,1.6003822088241575,0.5145516070744663,0.1116048202847739,0.2749346608121849,112.0
1652966911.241918,-0.1085085272789001,0.7217179536819458,-0.1819955706596374,0.4818452894687652,-0.1135061308741569,-0.868873655796051,-0.6882266998291016,-0.7141785025596619,1.5668362379074097,0.5063398055106075,0.1137512819614788,0.2919527127560166,112.0
1652966911.251729,-0.1005252003669738,0.7110268473625183,-0.2182042896747589,0.473251610994339,-0.1144830957055091,-0.8734566569328308,-0.747840940952301,-0.8622859120368958,1.501252293586731,0.4965371752300823,0.1147346558069118,0.3089510928337181,112.0
1652966911.262301,-0.1086068153381347,0.6742430925369263,-0.2226059138774871,0.4634346961975097,-0.1149032413959503,-0.8786498308181763,-0.7112392783164978,-0.999825656414032,1.4384828805923462,0.4853575397052816,0.1151575975503411,0.3254200933402671,112.0
1652966911.271625,-0.1229028403759002,0.6175310015678406,-0.2153146564960479,0.4525537192821502,-0.1155111417174339,-0.8842241168022156,-0.5982200503349304,-1.1052799224853516,1.3841164112091064,0.4730499910874008,0.1157695687901165,0.3410477774282457,112.0
1652966911.281498,-0.1275082528591156,0.5810073614120483,-0.2038346230983734,0.4407711625099182,-0.1170729622244834,-0.8899520635604858,-0.4133276343345642,-1.207529902458191,1.3286443948745728,0.459860618619774,0.117342057019646,0.3554753091818334,112.0
1652966911.291354,-0.123870313167572,0.5565503835678101,-0.1881010383367538,0.4280695021152496,-0.1196992471814155,-0.8957837820053101,-0.269248753786087,-1.3008097410202026,1.284684658050537,0.4457886005304051,0.1199869486259278,0.3687542171754567,112.0
1652966911.301328,-0.1242916882038116,0.5526698231697083,-0.2106317430734634,0.4146054089069366,-0.1228643506765365,-0.9016688466072084,-0.2183299213647842,-1.3684793710708618,1.2327303886413574,0.4309902173977825,0.1231755909817866,0.381221463362092,112.0
1652966911.31182,-0.1135554313659668,0.5579637885093689,-0.2822930514812469,0.4005732238292694,-0.125574380159378,-0.9076189398765564,-0.259084016084671,-1.4112005233764648,1.158680081367493,0.415633306411157,0.1259067737277564,0.3931519688380244,112.0
1652966911.321274,-0.0699397921562194,0.5028793811798096,-0.3608929514884949,0.3860714137554168,-0.1273883134126663,-0.9136307239532472,-0.3187143206596374,-1.479866862297058,1.096781849861145,0.399809197087564,0.1277353949356677,0.4046473008332897,112.0
1652966911.331208,-0.0085358917713165,0.4320138096809387,-0.3861957192420959,0.3706421852111816,-0.1278881579637527,-0.919928789138794,-0.4688319265842438,-1.6096336841583252,1.0407435894012451,0.3830065770757847,0.1282393575137471,0.4160667259568974,112.0
1652966911.341206,-0.0180711448192596,0.4033165574073791,-0.4102069139480591,0.3541307151317596,-0.1260479539632797,-0.9266624450683594,-0.7135428786277771,-1.6962121725082395,0.930688738822937,0.3650306327423328,0.1263841373947759,0.4274573974824721,112.0
1652966911.351159,-0.0895031094551086,0.385901391506195,-0.4408110976219177,0.3372448086738586,-0.1210632994771003,-0.93360036611557,-1.0221697092056274,-1.7182589769363403,0.8151698708534241,0.3466443595900702,0.1213609911717757,0.4386499995711038,112.0
1652966911.3614922,-0.1314631998538971,0.4110347628593445,-0.4429899454116821,0.3201076090335846,-0.112460508942604,-0.940682590007782,-1.3635393381118774,-1.775326371192932,0.7494377493858337,0.3280010373095262,0.1126989252065656,0.4499938308469927,112.0
1652966911.371274,-0.1691618263721466,0.4714664816856384,-0.4026731252670288,0.3022795021533966,-0.1009279415011406,-0.9478610754013062,-1.5205730199813845,-1.851840138435364,0.6819895505905151,0.3087111117788997,0.101100081885283,0.461436937650778,112.0
1652966911.381284,-0.2341115772724151,0.5071529746055603,-0.3371064960956573,0.2838094532489776,-0.0890257135033607,-0.9547390341758728,-1.3524547815322876,-1.913677453994751,0.5831447243690491,0.2889447309110107,0.0891437335792711,0.4717784343311517,112.0
1652966911.390954,-0.2603783905506134,0.5164163112640381,-0.2737402617931366,0.2646508812904358,-0.0789971798658371,-0.9611032009124756,-1.039789080619812,-2.0108821392059326,0.48801389336586,0.2687023113190261,0.0790795754723767,0.4802869684029102,112.0
1652966911.401167,-0.2606486082077026,0.5095237493515015,-0.2544117569923401,0.2444132566452026,-0.0719584748148918,-0.966997504234314,-0.6577684283256531,-2.139387369155884,0.3565134108066559,0.2475697356354732,0.0720207234692918,0.4865261221979126,112.0
1652966911.4110398,-0.2525995671749115,0.4678938388824463,-0.3252761960029602,0.2227991670370102,-0.0676071271300315,-0.9725172519683838,-0.4080897271633148,-2.297433853149414,0.2044894397258758,0.2252090062960973,0.0676587360535154,0.4904432420076562,112.0
1652966911.421023,-0.2519141137599945,0.3931869268417358,-0.418640524148941,0.1997901052236557,-0.0643917173147201,-0.9777206182479858,-0.3284803926944732,-2.43410325050354,0.0431940332055091,0.2015677524518768,0.0644362977398034,0.4924569468968313,112.0
1652966911.431005,-0.2854601740837097,0.266794204711914,-0.4839260876178741,0.1753680557012558,-0.0611941628158092,-0.9825992584228516,-0.2648887038230896,-2.5662803649902344,-0.1514308452606201,0.1766140716505192,0.0612324197768772,0.4925741866705527,112.0
1652966911.441064,-0.3307327330112457,0.1541008353233337,-0.4895561933517456,0.1498397886753082,-0.0575782172381877,-0.9870322942733764,-0.3691677153110504,-2.660060405731201,-0.3524353504180908,0.1506580779832405,0.0576100774633536,0.490623760112689,112.0
1652966911.451124,-0.3633613586425781,0.0161786675453186,-0.4990223348140716,0.1233558803796768,-0.0542308501899242,-0.9908795952796936,-0.1944513618946075,-2.7705769538879395,-0.5302962064743042,0.1238540835146631,0.0542574668601282,0.4865795919224976,112.0
1652966911.4611502,-0.3938860595226288,-0.1496678590774536,-0.4925570487976074,0.095897190272808,-0.052441120147705,-0.9940088987350464,-0.0445899628102779,-2.83512282371521,-0.6383896470069885,0.0961775298606978,0.0524651866592934,0.480906750444443,112.0
1652966911.470808,-0.464684784412384,-0.3121457099914551,-0.5141491293907166,0.0684140473604202,-0.0521045364439487,-0.99629545211792,0.0923393219709396,-2.7661783695220947,-0.7910616397857666,0.068560806273122,0.0521281433231953,0.4738051664556896,112.0
1652966911.4807758,-0.540823757648468,-0.4565209150314331,-0.5700012445449829,0.042136050760746,-0.0530456490814685,-0.9977027177810668,0.1845134645700454,-2.6058619022369385,-0.9652882814407348,0.0422079882919866,0.0530705584598275,0.4650145380056649,112.0
1652966911.490763,-0.5593951344490051,-0.5904136896133423,-0.6343874335289001,0.017906492576003,-0.054897878319025,-0.9983313679695128,0.26675546169281,-2.368966579437256,-1.1479313373565674,0.0179344979750286,0.0549254919502539,0.4544162224163918,112.0
1652966911.500763,-0.5344324111938477,-0.7640306353569031,-0.6810904741287231,-0.0037602833472192,-0.0576638095080852,-0.998328983783722,0.3060392141342163,-2.128979444503784,-1.3321738243103027,-0.0037665595198206,0.057695812179459,0.4420365095383683,112.0
1652966911.510697,-0.4768715500831604,-0.9194691777229308,-0.6702524423599243,-0.0232047047466039,-0.0609029717743396,-0.9978739023208618,0.296716034412384,-1.9612072706222532,-1.4858628511428833,-0.0232499541228697,0.060940685010521,0.4279653544531107,112.0
1652966911.520788,-0.4305067956447601,-1.028688669204712,-0.6387104988098145,-0.0411118157207965,-0.064063586294651,-0.9970986247062684,0.2386940121650695,-1.8400413990020752,-1.5846152305603027,-0.0412081021754296,0.0641074849653749,0.4127215404372211,112.0
1652966911.530556,-0.4332970976829529,-1.1269755363464355,-0.6008755564689636,-0.0576238892972469,-0.0663302615284919,-0.9961324334144592,0.0220345370471477,-1.7010709047317505,-1.6263378858566284,-0.0577832250143593,0.0663789939119245,0.3967477119607542,112.0
1652966911.540602,-0.4581989645957947,-1.1469130516052246,-0.6154989004135132,-0.072577953338623,-0.0653025135397911,-0.9952226281166076,-0.4547309577465057,-1.5262596607208252,-1.651541233062744,-0.0727974847126069,0.0653490192232891,0.3803174466020594,112.0
1652966911.550535,-0.4883685111999511,-1.1166836023330688,-0.6404430866241455,-0.085575558245182,-0.0595080889761447,-0.9945529699325562,-0.9899662733078004,-1.29746675491333,-1.6867152452468872,-0.0858328383444995,0.0595432666356029,0.3630850098426988,112.0
1652966911.560495,-0.4944820404052734,-1.0187137126922607,-0.6333727240562439,-0.0961398556828498,-0.0489240102469921,-0.994164764881134,-1.3890089988708496,-1.0194368362426758,-1.7594722509384155,-0.0964043753403997,0.0489435501133485,0.344903147899599,112.0
1652966911.570408,-0.4610209763050079,-0.9372609853744508,-0.5500751733779907,-0.1041645258665084,-0.0376934111118316,-0.993845522403717,-1.1546357870101929,-0.7796421051025391,-1.9070746898651123,-0.104428299982487,0.0377023409111936,0.3254374974340827,112.0
1652966911.580387,-0.4111940860748291,-1.0497887134552002,-0.3112170398235321,-0.1103970557451248,-0.0327466018497943,-0.993347942829132,-0.2443481385707855,-0.6265039443969727,-2.0650079250335693,-0.1106821462356061,0.0327524554957184,0.3050030899625666,112.0
1652966911.590508,-0.3999930024147033,-1.207011103630066,-0.1070237457752227,-0.1150063276290893,-0.03807208314538,-0.992634892463684,0.7969121932983398,-0.4487026929855346,-2.2591140270233154,-0.1153453695089393,0.0380812873745802,0.2839435541679468,112.0
1652966911.600323,-0.4117404818534851,-1.2493371963500977,-0.0721862465143203,-0.1173122003674507,-0.0516388267278671,-0.9917516112327576,1.3405790328979492,-0.226726621389389,-2.4605085849761963,-0.1177407730138538,0.0516618044200873,0.2618187743204344,112.0
1652966911.610302,-0.3990963697433471,-1.200324773788452,-0.2130518555641174,-0.1170321479439735,-0.0671910643577575,-0.9908525943756104,1.1415876150131226,-0.0096064060926437,-2.5217478275299072,-0.1175678775703934,0.067241720932178,0.2385412646277898,112.0
1652966911.620236,-0.3825766444206238,-1.1076595783233645,-0.3186048865318298,-0.1144173443317413,-0.078810267150402,-0.990301787853241,0.6092230677604675,0.1600688993930816,-2.518953323364258,-0.1150278297505976,0.0788920764348359,0.214539736308729,112.0
1652966911.630186,-0.385286271572113,-1.0250879526138306,-0.2539460659027099,-0.1103038862347602,-0.08528733253479,-0.9902318716049194,0.147194042801857,0.2527399957180023,-2.4588370323181152,-0.1109346527446648,0.0853910659456774,0.1901817291752409,112.0
1652966911.640206,-0.4180170595645904,-1.003015637397766,-0.1111196801066398,-0.1051762402057647,-0.087565004825592,-0.9905908703804016,-0.1793012470006942,0.3669056892395019,-2.4031336307525635,-0.1057789536192639,0.0876772954087125,0.166046096810367,112.0
1652966911.6501908,-0.451488196849823,-1.0452206134796145,0.0164966881275177,-0.0988352596759796,-0.0873432382941246,-0.991263210773468,-0.3822849094867706,0.4947313666343689,-2.402745723724365,-0.0993779236999184,0.0874546786592083,0.1418681324978323,112.0
1652966911.660275,-0.4430351257324219,-1.1000685691833496,0.0760345086455345,-0.0911140143871307,-0.0852355435490608,-0.9921860098838806,-0.4852214157581329,0.6557578444480896,-2.379301071166992,-0.0915747387959872,0.0853390913831505,0.1176370830429689,112.0
1652966911.670103,-0.4361352324485779,-1.0726368427276611,0.133706659078598,-0.0817785561084747,-0.0824371203780174,-0.9932352900505066,-0.4677084684371948,0.8446469902992249,-2.3720943927764893,-0.0821502300496009,0.0825307794119887,0.09359364643216,112.0
1652966911.680007,-0.4658953249454498,-0.9431158900260924,0.3130419254302978,-0.0701916739344596,-0.080345407128334,-0.9942925572395324,-0.2981109023094177,1.1138228178024292,-2.4261043071746826,-0.0704776631667445,0.0804321039118715,0.0694027562270011,112.0
1652966911.689935,-0.4845751523971557,-0.8517658710479736,0.4718485474586487,-0.0558453388512134,-0.0805063843727111,-0.9951884150505066,0.0277202539145946,1.3765206336975098,-2.4189577102661133,-0.0560565513864936,0.0805936034082734,0.0450541554897311,112.0
1652966911.700014,-0.4658428728580475,-0.7476578950881958,0.5181074738502502,-0.0391924977302551,-0.0831556916236877,-0.9957655668258668,0.2453537732362747,1.594225525856018,-2.271936416625977,-0.0393388575150488,0.08325182801389,0.0216285109198885,112.0
1652966911.709894,-0.4393869042396545,-0.6315638422966003,0.5054240226745605,-0.020711338147521,-0.0858683660626411,-0.9960911870002748,0.1217183917760849,1.7558766603469849,-2.0510025024414062,-0.0207896171746739,0.0859742388217725,6.581330503838094e-05,112.0
1652966911.719844,-0.4332087934017181,-0.5533958077430725,0.514009416103363,-0.0010563146788626,-0.085023820400238,-0.9963783621788024,-0.3831410706043243,1.8680565357208248,-1.803480863571167,-0.0010601537540435,0.0851265990526948,-0.0191776756940866,112.0
1652966911.729937,-0.4583697915077209,-0.4626604914665222,0.5140269994735718,0.0195117816329002,-0.0781444087624549,-0.996751070022583,-0.9847996830940248,1.9998767375946045,-1.5651475191116333,0.0195728797967248,0.0782241608158456,-0.0359247404769918,112.0
1652966911.7397962,-0.4663377404212951,-0.3859431743621826,0.5643138885498047,0.0410905703902244,-0.0652599111199379,-0.9970219135284424,-1.481494665145874,2.126891613006592,-1.3249026536941528,0.0411899977007708,0.0653063197209625,-0.0500011735065976,112.0
1652966911.749865,-0.4090052247047424,-0.3259551525115967,0.6073110103607178,0.0631953105330467,-0.0483510345220565,-0.9968292117118835,-1.7639645338058472,2.189366340637207,-1.032096028327942,0.0633116004257496,0.0483698953412672,-0.0608471701729625,112.0
1652966911.759835,-0.3598806262016296,-0.2079900503158569,0.6526753306388855,0.0855886563658714,-0.0303761605173349,-0.9958673715591432,-1.6635020971298218,2.253690481185913,-0.8072155714035034,0.0857331610224304,0.0303808345862526,-0.0686437747373463,112.0
1652966911.769704,-0.3637185096740722,-0.0756694674491882,0.6978856921195984,0.1087136641144752,-0.016199292615056,-0.9939411282539368,-1.0235090255737305,2.3708035945892334,-0.6432309150695801,0.1089433023447175,0.0162000012692857,-0.0744850905969042,112.0
1652966911.779683,-0.3622943758964538,0.0996626019477844,0.7678742408752441,0.1324970126152038,-0.0090546263381838,-0.9911420345306396,-0.2745160162448883,2.42477822303772,-0.5548219680786133,0.1328932585510598,0.0090547503282168,-0.079598448872156,112.0
1652966911.789544,-0.3381661772727966,0.2105052471160888,0.7459976673126221,0.1567239314317703,-0.0086166691035032,-0.9876048564910888,0.3090609014034271,2.479271650314331,-0.473503977060318,0.1573785990841751,0.0086167761865172,-0.0846927313646134,112.0
1652966911.799797,-0.3207569420337677,0.2497533559799194,0.6177849173545837,0.1812916398048401,-0.0124840028584003,-0.983350157737732,0.5766891837120056,2.5202910900115967,-0.4251689314842224,0.1823140635497625,0.0124843274864294,-0.0899124422719257,112.0
1652966911.809488,-0.2675036787986755,0.3120591640472412,0.5054248571395874,0.2060107737779617,-0.0173877347260713,-0.9783952236175536,0.5906113386154175,2.5151000022888184,-0.3668880462646484,0.2075283616670977,0.0173886100726612,-0.0949390506003095,112.0
1652966911.819444,-0.1713725477457046,0.3010174036026001,0.4165359735488891,0.2299815863370895,-0.0223556812852621,-0.9729381799697876,0.5485879778862,2.3967716693878174,-0.2182093411684036,0.2321178336165764,0.0223575444685651,-0.0990627946567012,112.0
1652966911.829365,-0.1198625564575195,0.3315925002098083,0.3711181879043579,0.252476692199707,-0.0269409157335758,-0.967227816581726,0.4689535200595855,2.262245178222656,-0.1052953451871872,0.2553337632737791,0.026944176053172,-0.1017681471220584,112.0
1652966911.83933,-0.1589220464229583,0.4036197662353515,0.3558271825313568,0.2739427983760834,-0.030814966186881,-0.961252212524414,0.4070669710636139,2.2130517959594727,-0.1043216958642005,0.2776256244652993,0.0308198448666771,-0.1038557947815729,112.0
1652966911.849279,-0.1932402849197387,0.4625604748725891,0.3226191103458404,0.2949553430080414,-0.0341517068445682,-0.9549005031585692,0.347957044839859,2.1784536838531494,-0.0948764458298683,0.299588971724419,0.0341583481224588,-0.1059296857362117,112.0
1652966911.859299,-0.1598381996154785,0.5476975440979004,0.2884160876274109,0.315248966217041,-0.0366307944059371,-0.9483017921447754,0.224075585603714,2.0927231311798096,-0.073414035141468,0.3209420801056392,0.0366389908468606,-0.1076035638908149,112.0
1652966911.869327,-0.1393277943134308,0.6252484321594238,0.280759185552597,0.3345944881439209,-0.0380528643727302,-0.941593587398529,0.12598617374897,2.0145339965820312,-0.0428337939083576,0.3414322383353472,0.0380620546766355,-0.1087152457974466,112.0
1652966911.879163,-0.1133954524993896,0.6476123332977295,0.2701563835144043,0.352866917848587,-0.0386652685701847,-0.9348742961883544,0.0006500864401459,1.8854420185089111,0.0354375764727592,0.3609155900614794,0.038674909268904,-0.108973598395046,112.0
1652966911.889124,-0.0714561641216278,0.6921966075897217,0.2321887910366058,0.3696129024028778,-0.0381427593529224,-0.9284026026725768,-0.1862803101539611,1.7333976030349731,0.1327034831047058,0.3788820696473728,0.0381520132249111,-0.1078556506719206,112.0
1652966911.899022,-0.0412290096282959,0.7308421730995178,0.1896546632051468,0.3848263919353485,-0.0361970216035842,-0.922278881072998,-0.3851390779018402,1.5792036056518557,0.2153283208608627,0.3952931566488543,0.0362049295882564,-0.105188029843974,112.0
1652966911.9092178,-0.0147250294685363,0.7578144073486328,0.1509580761194229,0.3983615040779114,-0.0327634923160076,-0.9166431427001952,-0.5677433609962463,1.4026068449020386,0.2922470867633819,0.4099631097902686,0.0327693565245137,-0.1009297419594218,112.0
1652966911.9190211,0.0075761079788208,0.7846677303314209,0.1113108843564987,0.4101942777633667,-0.0282725412398576,-0.9115598201751708,-0.7054908275604248,1.2191412448883057,0.3519426584243774,0.4228469651821283,0.0282763088109692,-0.0954018174276124,112.0
1652966911.928932,0.0063629150390625,0.7965126037597656,0.1369289308786392,0.4203643500804901,-0.0230525694787502,-0.9070624709129332,-0.7677946090698242,1.052586317062378,0.3749376833438873,0.4339700065021826,0.023054612476708,-0.0889880373049342,112.0
1652966911.939108,-0.0126152336597442,0.8095803260803223,0.1582280248403549,0.4292411804199219,-0.018030259758234,-0.9030098915100098,-0.6870850920677185,0.9337711930274964,0.3711655735969543,0.4437297384966379,0.0180312372833664,-0.0825417704972553,112.0
1652966911.9489322,0.0096450448036193,0.8214346170425415,0.1423611491918563,0.4369186758995056,-0.0140194613486528,-0.8993917107582092,-0.5742495656013489,0.7883118987083435,0.4005439877510071,0.4522179740205085,0.0140199202663595,-0.0763562638783587,112.0
1652966911.9590611,0.0595161318778991,0.826077938079834,0.1134970486164093,0.4432457089424133,-0.0112631563097238,-0.896329402923584,-0.4572438299655914,0.636529803276062,0.4454091787338257,0.4592476313506469,0.0112633946908357,-0.0703112882008034,112.0
1652966911.9688048,0.0894565880298614,0.8266434669494629,0.0759788900613784,0.448064774274826,-0.0095573822036385,-0.8939499855041504,-0.3980461657047272,0.4563402533531189,0.4872424304485321,0.4646223868627296,0.0095575272503659,-0.0643055662321868,112.0
1652966911.97876,0.0784835219383239,0.8498466610908508,0.0413160920143127,0.451515257358551,-0.0087690893560647,-0.8922203183174133,-0.2403182983398437,0.3258389830589294,0.4831443428993225,0.4684822861125688,0.0087692019217618,-0.0584519725462635,112.0
1652966911.988725,0.035964161157608,0.8966268301010132,0.024695873260498,0.4539192616939544,-0.0091013815253973,-0.8909963369369507,-0.1710652858018875,0.2244714498519897,0.4835536479949951,0.4711800639867906,0.0091015075163939,-0.0532130362199532,112.0
1652966911.9987612,0.031068742275238,0.9565487504005432,0.0450609177350997,0.4550915360450744,-0.0101640615612268,-0.8903866410255432,-0.0867037922143936,0.0441464111208915,0.4510204792022705,0.4725014097191378,0.0101642362050874,-0.0485458209191062,112.0
1652966912.008821,0.0258085131645202,0.990302801132202,0.0862038880586624,0.4545991718769073,-0.0118630547076463,-0.8906171321868896,0.0457481890916824,-0.1403122246265411,0.4135472476482391,0.4719580756798943,0.0118633331073292,-0.0445945602135755,112.0
1652966912.018581,0.0305646061897277,0.9222054481506348,0.0887740105390548,0.4525133669376373,-0.0152724226936697,-0.8916268348693848,0.3127814829349518,-0.3243142962455749,0.4237769842147827,0.469640967798689,0.0152730168932835,-0.0417106738388346,112.0
1652966912.02854,0.078273981809616,0.7817217707633972,0.0926796793937683,0.4484288990497589,-0.02113120816648,-0.8935686945915222,0.5056994557380676,-0.5778878331184387,0.533667266368866,0.4651188854586646,0.0211327816754321,-0.0393478084529893,112.0
1652966912.038543,0.0954304933547973,0.7241508960723877,0.1019283086061477,0.4420450925827026,-0.028350431472063,-0.8965446949005127,0.5416702628135681,-0.8168039917945862,0.5682103633880615,0.458075511525477,0.0283542311028962,-0.0366975536487775,112.0
1652966912.048478,0.0324446260929107,0.727011501789093,0.0678477585315704,0.4337724149227142,-0.035163439810276,-0.9003360867500305,0.4348138272762298,-0.9802921414375304,0.5100881457328796,0.4489733080851906,0.0351706897389415,-0.0340501121926733,112.0
1652966912.058445,-0.0296514630317688,0.7524994611740112,0.0283638387918472,0.4242742657661438,-0.0401131026446819,-0.9046448469161988,0.2078036069869995,-1.0925941467285156,0.4279429912567138,0.4385377357827023,0.0401238672319911,-0.0312209095162256,112.0
1652966912.068431,-0.0456728041172027,0.7899372577667236,-0.0228093862533569,0.4137300550937652,-0.0423609018325805,-0.9094135761260986,-0.0738391280174255,-1.2076747417449951,0.3669370114803314,0.4269557465213325,0.0423735816892767,-0.0279017328295255,112.0
1652966912.078487,-0.0327222645282745,0.8194765448570251,-0.0411430746316909,0.4018476605415344,-0.0421241372823715,-0.914737105369568,-0.2808903157711029,-1.374439001083374,0.3291425108909607,0.4139235847163827,0.0421366035859261,-0.0240547604962771,112.0
1652966912.0883188,-0.0397053956985473,0.8120173811912537,-0.0145050287246704,0.3886739313602447,-0.0399841107428073,-0.9205073714256288,-0.4226759970188141,-1.4785077571868896,0.3015348017215729,0.3995295522950647,0.0399947722481112,-0.0196808404283338,112.0
1652966912.098289,-0.031897485256195,0.7105836272239685,-0.0233556181192398,0.3744725584983825,-0.0370997078716754,-0.9264954924583436,-0.4361955523490906,-1.599111557006836,0.291251540184021,0.384106100913883,0.0371082231497738,-0.0153377680072218,112.0
1652966912.1082811,0.0343141853809356,0.6289188265800476,-0.0281297229230403,0.3586301207542419,-0.0348738059401512,-0.9328280687332152,-0.2999639511108398,-1.81097412109375,0.3022364675998688,0.3670338345491784,0.0348808767921047,-0.0112717351062024,112.0
1652966912.1182551,0.0364359319210052,0.6399310827255249,0.0318838208913803,0.3406850397586822,-0.0325552076101303,-0.9396136999130248,-0.391368418931961,-2.0008034706115723,0.2661703526973724,0.3478376120331559,0.0325609595289681,-0.0072472676482522,112.0
1652966912.128129,-0.0694622993469238,0.6095830202102661,0.0275288298726081,0.3212628364562988,-0.0291004870086908,-0.9465428590774536,-0.531065821647644,-2.113933563232422,0.1776092052459716,0.3272064516709133,0.0291045959860863,-0.0037325558793733,112.0
1652966912.138118,-0.1450385749340057,0.6173666715621948,0.0063580423593521,0.3006782233715057,-0.0232800375670194,-0.9534414410591124,-0.7961981296539307,-2.235813617706299,0.1333410739898681,0.305489186507541,0.0232821417544269,-0.0002271358017433,112.0
1652966912.148252,-0.1697118878364563,0.637019157409668,0.0049819946289062,0.2786443829536438,-0.015037533827126,-0.9602766036987304,-0.9931463599205016,-2.3727548122406006,0.1179794743657112,0.2824151162134223,0.0150381004581301,0.003552686621448,112.0
1652966912.15825,-0.1726983785629272,0.5809553861618042,0.0227919891476631,0.2554010152816772,-0.0054885190911591,-0.9668196439743042,-1.0583178997039795,-2.4663074016571045,0.1467384248971939,0.2582664413157169,0.0054885467253277,0.0075618179584844,112.0
1652966912.167995,-0.135434478521347,0.4501150846481323,-0.014493815600872,0.2311986535787582,0.0044382666237652,-0.9728964567184448,-1.086273431777954,-2.545724630355835,0.1851735115051269,0.2333118811936949,-0.0044382813872816,0.0117703231434845,112.0
1652966912.177968,-0.097920149564743,0.3310883045196533,-0.065145768225193,0.2059829235076904,0.014883317053318,-0.978442370891571,-1.1488728523254397,-2.6503214836120605,0.1597416400909423,0.2074913764628521,-0.0148838663960502,0.0159047295257398,112.0
1652966912.1879911,-0.1267681866884231,0.3081891536712646,-0.0965471640229225,0.1799145638942718,0.027455361559987,-0.9832990169525146,-1.5134531259536743,-2.6831042766571045,0.1257849335670471,0.1809685732433202,-0.0274588127115894,0.0198748419586001,112.0
1652966912.1981869,-0.2046914845705032,0.380338191986084,-0.167029932141304,0.1535745710134506,0.044501855969429,-0.9871344566345216,-1.969254732131958,-2.692251682281494,0.0185117423534393,0.1543388749644542,-0.0445165580965453,0.0234917040169992,112.0
1652966912.207809,-0.2830224633216858,0.4699631333351135,-0.1795215457677841,0.1269098222255706,0.0665759742259979,-0.9896774888038636,-2.557006597518921,-2.718180656433105,-0.02743661403656,0.1275374780511103,-0.0666252562635816,0.0265071009981433,112.0
1652966912.217941,-0.3630262911319732,0.4796993732452392,-0.0950576066970825,0.0998274683952331,0.0940657779574394,-0.9905483722686768,-2.934998035430908,-2.7737667560577397,-0.0620270818471908,0.1004408725989565,-0.0942050513686979,0.0292463479431064,112.0
1652966912.228036,-0.4301267266273498,0.4087209701538086,0.0039945691823959,0.0720029696822166,0.1237367466092109,-0.989699363708496,-2.9703378677368164,-2.8601503372192383,-0.0484648570418357,0.0726244128485061,-0.1240546940867114,0.0312999228229542,112.0
1652966912.237722,-0.4555155634880066,0.2895132303237915,0.1192095130681991,0.0433909520506858,0.1506574153900146,-0.9876333475112916,-2.456192970275879,-2.9202351570129395,-0.0759505480527877,0.0439060369262833,-0.1512332413737139,0.032321794744643,112.0
1652966912.24769,-0.4230904579162597,0.163629949092865,0.2035737782716751,0.0143685806542634,0.1711057722568512,-0.9851478934288024,-1.7038403749465942,-2.947378873825073,-0.1629981398582458,0.0145841679921284,-0.1719518764593561,0.0317651302654944,112.0
1652966912.25765,-0.3476833701133728,0.0907415151596069,0.2525225281715393,-0.0149569865316152,0.1845501959323883,-0.9827092885971068,-1.0480340719223022,-2.954514503479004,-0.2889448702335357,-0.0152189789360708,-0.1856141750038946,0.0295257282797949,112.0
1652966912.267604,-0.3132101893424988,0.0780296325683593,0.1937546581029892,-0.0444252677261829,0.1920790672302246,-0.9803733825683594,-0.5421456694602966,-2.93371057510376,-0.382035493850708,-0.0452836611943967,-0.1932802240152521,0.0258324357129915,112.0
1652966912.277549,-0.3236059844493866,0.1525942683219909,0.0728548616170883,-0.0735802426934242,0.196020245552063,-0.9778353571891784,-0.3761628270149231,-2.8759710788726807,-0.4181396961212158,-0.07510654595781,-0.1972977690573052,0.0214915902065288,112.0
1652966912.287642,-0.3695783615112304,0.2205420136451721,0.0053619891405105,-0.101902924478054,0.199868693947792,-0.9745092391967772,-0.5123754143714905,-2.7705347537994385,-0.4604414403438568,-0.1041897967116847,-0.2012239037222764,0.0167094687023556,112.0
1652966912.297495,-0.3973870277404785,0.0837869644165039,-0.0644712746143341,-0.1295294314622879,0.2055692821741104,-0.9700326919555664,-0.7667062282562256,-2.7590911388397217,-0.4340915977954864,-0.1327457409028105,-0.2070453758967742,0.0112873814210783,112.0
1652966912.3076758,-0.3735105395317077,-0.0804835557937622,-0.0622012913227081,-0.1571900993585586,0.2142093330621719,-0.9640568494796752,-1.1485297679901123,-2.790457248687744,-0.376494288444519,-0.1616283489265824,-0.2158823017083745,0.0058418649288734,112.0
1652966912.317934,-0.4093413054943084,-0.1857904195785522,-0.0114472955465316,-0.1844696551561355,0.2257569581270218,-0.9565588235855104,-1.3630393743515017,-2.725435256958008,-0.4602067470550537,-0.1905084778649504,-0.2277199892299289,-0.0006492996966958,112.0
1652966912.32733,-0.4013528823852539,-0.2459645867347717,0.0389267206192016,-0.2111806124448776,0.2373641431331634,-0.9481882452964784,-1.2031733989715576,-2.6844873428344727,-0.5202677845954895,-0.2191433768996852,-0.2396515449368471,-0.0083165009962349,112.0
1652966912.33732,-0.3192305266857147,-0.2943263649940491,0.1709524095058441,-0.2379898726940155,0.2450937330722808,-0.939835011959076,-0.6685349941253662,-2.7607219219207764,-0.5150831341743469,-0.2480117914947097,-0.2476163664174084,-0.0157998822530584,112.0
1652966912.347301,-0.305325984954834,-0.3033397197723388,0.2637370228767395,-0.2650932669639587,0.2471424788236618,-0.9320118427276612,-0.0562197864055633,-2.775952816009521,-0.4705785512924194,-0.2771130168000664,-0.2497301342062083,-0.021593396369992,112.0
1652966912.357288,-0.3982349932193756,-0.3317949175834656,0.2470772713422775,-0.2914469242095947,0.2453085631132125,-0.924598515033722,0.0743499398231506,-2.660122871398926,-0.4666855335235595,-0.3053560273331452,-0.2478379723566734,-0.0260368820101466,112.0
1652966912.367316,-0.4773103296756744,-0.3398105502128601,0.1109836995601654,-0.3160093128681183,0.2450343668460846,-0.9165676236152648,-0.3425307869911194,-2.4424962997436523,-0.4452357590198517,-0.3320121750821334,-0.2475551437737234,-0.0308463330209362,112.0
1652966912.377332,-0.4501365721225738,-0.3984426856040954,-0.0245171040296554,-0.3383918106555938,0.2487144470214843,-0.907541811466217,-0.7768012881278992,-2.262779712677002,-0.4500185251235962,-0.3568987651389504,-0.2513527762943669,-0.0372079223576578,112.0
1652966912.387248,-0.3363204300403595,-0.5857186913490295,0.011092334985733,-0.3593887090682983,0.2556160092353821,-0.8974966406822205,-1.0487467050552368,-2.177476167678833,-0.3732291460037231,-0.3808809859273291,-0.2584848247133193,-0.0445928569130009,112.0
1652966912.39712,-0.2916470766067505,-0.6803544759750366,0.138591468334198,-0.3792055249214172,0.2637675106525421,-0.8869215846061707,-1.0690295696258545,-2.052552938461304,-0.3824319541454315,-0.4040306359185135,-0.2669259700084479,-0.0523716020415593,112.0
1652966912.407002,-0.3063551783561706,-0.7395872473716736,0.2645550966262817,-0.3975631892681122,0.2708147466182709,-0.8766999840736389,-0.8546831011772156,-1.8968641757965088,-0.3789185583591461,-0.4257415533456996,-0.2742392946811652,-0.0600678064085489,112.0
1652966912.417019,-0.2746865153312683,-0.7223447561264038,0.3022953569889068,-0.4145224392414093,0.2754176259040832,-0.8673616647720337,-0.479052722454071,-1.8081748485565183,-0.2680226862430572,-0.4458214640058976,-0.2790241150716802,-0.0661266291216828,112.0
1652966912.426949,-0.2573622763156891,-0.6446058750152588,0.3376467227935791,-0.4301071465015411,0.277023047208786,-0.8592240810394287,-0.1047483012080192,-1.6749091148376465,-0.1431531012058258,-0.4641084726211626,-0.2806945163469294,-0.0692523204976941,112.0
1652966912.436919,-0.2870168685913086,-0.5726344585418701,0.3103396296501159,-0.4439095854759216,0.2768032848834991,-0.8522465825080872,-0.0099158054217696,-1.4872726202011108,-0.1008487790822982,-0.4802037855445559,-0.2804658190066463,-0.0705571818453212,112.0
1652966912.4469628,-0.2375417947769165,-0.6246276497840881,0.1800606548786163,-0.4563363194465637,0.2768790125846863,-0.8456329703330994,-0.1202530339360237,-1.401470422744751,-0.0752390548586845,-0.4948535243771362,-0.2805446164363842,-0.0716337095250659,112.0
1652966912.457748,-0.1610961556434631,-0.7252411842346191,0.1000889837741851,-0.4678710401058197,0.2778101563453674,-0.8389983177185059,-0.191291257739067,-1.300734519958496,-0.0878605768084526,-0.5087008638362401,-0.2815137867379987,-0.0730484806325005,112.0
1652966912.469564,-0.1531063616275787,-0.7628768086433411,0.1460572183132171,-0.4785616397857666,0.2790372967720032,-0.8325363993644714,-0.2249870300292968,-1.1719439029693604,-0.1939143985509872,-0.5217017589092533,-0.2827914499716001,-0.0754471819489363,112.0
1652966912.4767718,-0.1764408946037292,-0.7357569336891174,0.1792545020580291,-0.488201379776001,0.2796077728271484,-0.8267278075218201,-0.16620734333992,-1.0120325088500977,-0.2339361160993576,-0.5334215965613903,-0.2833855559563539,-0.0784387963338232,112.0
1652966912.486717,-0.2046021819114685,-0.7140939831733704,0.207688421010971,-0.4965238571166992,0.279539942741394,-0.8217794895172119,-0.090259313583374,-0.8607870936393738,-0.214063212275505,-0.5435062020575152,-0.2833149278458453,-0.0811614463992862,112.0
1652966912.496665,-0.2078804969787597,-0.6636242866516113,0.2089181542396545,-0.503468930721283,0.279485136270523,-0.8175616264343262,-0.1014485880732536,-0.7286234498023987,-0.1122588217258453,-0.5519690668475543,-0.28325784346958,-0.0831348268549356,112.0
1652966912.5066252,-0.1704274415969848,-0.6375091075897217,0.1717696189880371,-0.5091226696968079,0.2800430953502655,-0.8138611316680908,-0.081832006573677,-0.6247529983520508,-0.015896450728178,-0.5590051530972653,-0.283838987097143,-0.0842174604197208,112.0
1652966912.516613,-0.0938646793365478,-0.6283933520317078,0.1458554863929748,-0.5138927698135376,0.2804292738437652,-0.810724139213562,0.0276814382523298,-0.5725683569908142,0.0253481902182102,-0.5649515267200633,-0.2842413040230147,-0.0844233007398121,112.0
1652966912.5266662,-0.0152369737625122,-0.6736441850662231,0.096803218126297,-0.5184391140937805,0.2796158194541931,-0.8081063628196716,0.2145828753709793,-0.5848226547241211,0.0497352480888366,-0.5704106758511888,-0.2833939481933329,-0.0833685939074433,112.0
1652966912.536498,-0.0507263541221618,-0.6745009422302246,0.084391564130783,-0.5227904319763184,0.2775468826293945,-0.8060135841369629,0.2947522699832916,-0.4793989956378937,-0.0386840924620628,-0.5753991431662759,-0.2812397284178512,-0.0817482849779279,112.0
1652966912.546875,-0.1592642664909362,-0.618372917175293,0.0454621315002441,-0.5260077714920044,0.2746672034263611,-0.8049060106277466,0.2838360667228699,-0.2595607042312622,-0.1240300759673118,-0.5788332031796518,-0.2782435767851665,-0.0808167938826961,112.0
1652966912.556628,-0.1676231622695922,-0.501549482345581,0.0056346356868743,-0.5276434421539307,0.2722736597061157,-0.8046485781669617,0.1576898396015167,-0.0789760053157806,-0.1060609221458435,-0.5804025476135096,-0.275755162982307,-0.0806139276248973,112.0
1652966912.56665,-0.1297529339790344,-0.4056542515754699,0.0141340196132659,-0.5279465913772583,0.2712968587875366,-0.8047797083854675,-0.0293614082038402,0.0569902509450912,-0.0664489939808845,-0.5805912069495436,-0.2747401639296748,-0.0809939494643677,112.0
1652966912.61071,-0.1155246496200561,-0.3559466004371643,-0.0159769654273986,-0.5270686149597168,0.2722940742969513,-0.8050183653831482,-0.2181803286075592,0.1637017875909805,0.0423243604600429,-0.579692257404324,-0.2757763836130395,-0.0818588741012254,112.0
1652966912.6115432,-0.0743755102157592,-0.3167479634284973,0.0097826421260833,-0.525294840335846,0.2742291688919067,-0.8055207133293152,-0.1557012349367141,0.2192914336919784,0.0947471186518669,-0.5778629288568464,-0.2777880600895736,-0.0823569007684808,112.0
1652966912.6196818,-0.0482197999954223,-0.2575289011001587,0.055748701095581,-0.5196511745452881,0.272574633359909,-0.8097319006919861,0.4145537912845611,0.2083556503057479,0.1535144597291946,-0.5705587194728671,-0.2760679737025918,-0.0756509057701149,112.0
1652966912.626349,-0.0847046375274658,-0.1832596063613891,-0.0098052620887756,-0.5172850489616394,0.2702422440052032,-0.8120254278182983,0.2933655083179474,0.2888837158679962,0.1093422397971153,-0.5672037958203974,-0.2736446279547936,-0.0724544128373119,112.0
1652966912.636475,-0.0745306015014648,-0.1169860363006591,-0.0924308598041534,-0.5143975615501404,0.269310712814331,-0.8141663670539856,0.0543790273368358,0.3485561013221741,0.1067046448588371,-0.5634806227403731,-0.2726772385659693,-0.0705096873293667,112.0
1652966912.64645,-0.0470722317695617,-0.0550272464752197,-0.1063387095928192,-0.5110942125320435,0.2703554332256317,-0.8158987164497375,-0.178018718957901,0.3930174708366394,0.0868365839123725,-0.5596188447271427,-0.2737621890002013,-0.0700251083071298,112.0
1652966912.6561332,-0.0303982496261596,-0.0327295064926147,-0.0840703248977661,-0.5075044631958008,0.2728520333766937,-0.8173071146011353,-0.3011494576931,0.4311526119709015,0.0775413513183593,-0.5556795661227536,-0.2763563231702107,-0.0706840347731949,112.0
