1652965973.0222502,0.0399222373962402,0.0176039934158325,0.0010842978954315,-0.8987020254135132,0.293120414018631,-0.3262130916118622,0.5423905849456787,-0.1469083130359649,0.0257313214242458,-1.2226029637995588,-0.2974889873138485,-0.358797058830801,79.0
1652965973.032125,0.0462626814842224,0.0234507322311401,-0.0443976521492004,-0.8990610837936401,0.2918952107429504,-0.3263225257396698,0.4354945123195648,-0.1451042890548706,0.0579347983002662,-1.2226234816757453,-0.2962077406023202,-0.3538132311222164,79.0
1652965973.041774,0.0494433045387268,0.0297092199325561,-0.0735021233558654,-0.8992966413497925,0.2913365960121155,-0.3261723518371582,0.3016597330570221,-0.1293359845876693,0.0853626951575279,-1.222855099186583,-0.2956237502600941,-0.3499540801510116,79.0
1652965973.051923,0.05717533826828,0.0268466174602508,-0.0868881046772003,-0.8994144797325134,0.2914778888225555,-0.3257205784320831,0.2011792063713073,-0.130930945277214,0.1217486634850502,-1.2233410780585592,-0.295771460624073,-0.3471683372197374,79.0
1652965973.061756,0.0619682669639587,0.0091390907764434,-0.0828666090965271,-0.8994619846343994,0.2920035421848297,-0.3251181542873382,0.2042106837034225,-0.1296901851892471,0.1406408548355102,-1.2239501998927975,-0.2963210078375218,-0.3447784170786773,79.0
1652965973.0716949,0.062414526939392,-0.0224738717079162,-0.0734938979148864,-0.8994505405426025,0.2925948202610016,-0.3246178328990936,0.3050875067710876,-0.1429175734519958,0.1780295073986053,-1.2244381934384834,-0.2969393026128421,-0.3418013804539792,79.0
1652965973.081661,0.0474660992622375,-0.0635342895984649,-0.055594652891159,-0.8994098901748657,0.2930060923099518,-0.3243594467639923,0.5367146134376526,-0.1812835931777954,0.2114407420158386,-1.2246779451099905,-0.2973694252245874,-0.337061027081371,79.0
1652965973.0916262,0.0071128606796264,-0.1383080184459686,-0.062159389257431,-0.8993399143218994,0.2928722500801086,-0.3246742486953735,0.8244422674179077,-0.1965949088335037,0.2558952867984772,-1.2243434209198945,-0.2972294242722113,-0.3295619414841576,79.0
1652965973.101584,-0.0358076691627502,-0.2195451259613037,-0.0892882347106933,-0.8992202877998352,0.2921538352966308,-0.3256515264511108,1.182477355003357,-0.2294218391180038,0.301596999168396,-1.22333979401509,-0.2964781636822956,-0.318825065085852,79.0
1652965973.112547,-0.0862209200859069,-0.3124871850013733,-0.1490161120891571,-0.899023711681366,0.2905718684196472,-0.327603816986084,1.5097174644470217,-0.2087926268577575,0.3298854529857635,-1.2213514460041468,-0.2948244422159785,-0.304451100425031,79.0
1652965973.121889,-0.125160276889801,-0.3678108155727386,-0.1898687183856964,-0.8985517024993896,0.288562536239624,-0.3306602835655212,1.6225312948226929,-0.1283974796533584,0.3805868327617645,-1.218183332057554,-0.2927251762134024,-0.2877408210505136,79.0
1652965973.131582,-0.1225782036781311,-0.3758088946342468,-0.2334350347518921,-0.8977006077766418,0.2867949903011322,-0.3344877958297729,1.5981484651565552,-0.0535999424755573,0.4243897199630737,-1.2141269734152285,-0.2908796060527619,-0.2705148249775381,79.0
1652965973.141357,-0.0958128571510315,-0.3850319385528564,-0.2838371694087982,-0.8965423703193665,0.2856071591377258,-0.3385857343673706,1.4706836938858032,-0.0175031367689371,0.4668013453483581,-1.209698049272193,-0.2896399213109681,-0.2538979606021823,79.0
1652965973.151547,-0.0697238445281982,-0.3719398081302643,-0.3135038912296295,-0.8951350450515747,0.2853819131851196,-0.3424767851829529,1.2700752019882202,0.0052626286633312,0.5242078900337219,-1.205381183797502,-0.2894048872467787,-0.2387000965543976,79.0
1652965973.161509,-0.0817444324493408,-0.3407211005687713,-0.3080981969833374,-0.8935971856117249,0.2861712574958801,-0.3458176553249359,1.0757094621658323,-0.0020584543235599,0.546471357345581,-1.2015511708402888,-0.2902285949984835,-0.2254056768180548,79.0
1652965973.171492,-0.1242120862007141,-0.3345086574554443,-0.2636615633964538,-0.8921299576759338,0.2872821390628814,-0.3486731350421905,1.0055303573608398,-0.0314405784010887,0.520166277885437,-1.1982180984257438,-0.2913881465939638,-0.2133091459522283,79.0
1652965973.181436,-0.1666440963745117,-0.3405016958713531,-0.1708499491214752,-0.890820324420929,0.2882357537746429,-0.3512250483036041,1.0335943698883057,-0.0427787713706493,0.4949007630348205,-1.1952380713704711,-0.292383878708374,-0.2016167435333134,79.0
1652965973.19143,-0.2153783440589904,-0.4164897799491882,-0.0282810926437377,-0.8895868062973022,0.2885349690914154,-0.3540944457054138,1.1966917514801023,-0.019960543140769,0.426568329334259,-1.1919775229770069,-0.2926963796477736,-0.1892553768980256,79.0
1652965973.2013478,-0.262620210647583,-0.576534628868103,0.1227259039878845,-0.8885484933853149,0.286560595035553,-0.3582799136638641,1.7098326683044434,0.031276598572731,0.2803743183612823,-1.187517770479584,-0.2906349253866194,-0.1739868918625499,79.0
1652965973.21133,-0.2726787328720093,-0.7493265867233276,0.2315133213996887,-0.8876299858093262,0.2809988558292389,-0.3649007678031921,2.3996081352233887,0.149557963013649,0.1453659236431121,-1.180761525786272,-0.2848347325540328,-0.1533738188819951,79.0
1652965973.221425,-0.287997305393219,-0.9151653051376344,0.2519550919532776,-0.8866851925849915,0.2715281844139099,-0.374248206615448,3.049138307571411,0.2632757425308227,-0.0042386744171381,-1.171405272886641,-0.2749805204220069,-0.1269341425141209,79.0
1652965973.2312288,-0.3065090179443359,-1.0107635259628296,0.1843600273132324,-0.8856143355369568,0.2585721015930176,-0.3857819736003876,3.483454465866089,0.3944444060325622,-0.1201184093952179,-1.159973796075498,-0.2615437280883691,-0.0960726532847728,79.0
1652965973.241209,-0.3203759789466858,-1.0659537315368652,0.111539214849472,-0.8843510746955872,0.2429834604263305,-0.3986001312732696,3.649837732315064,0.4838916361331939,-0.2179714292287826,-1.1473387196925036,-0.2454403077759347,-0.0630387761457328,79.0
1652965973.251131,-0.3306827545166015,-1.0708837509155271,0.0528519749641418,-0.8827112913131714,0.2265364229679107,-0.4117060601711273,3.398009777069092,0.6140179634094238,-0.2685571014881134,-1.1343793224177217,-0.2285201733243374,-0.0311306612083857,79.0
1652965973.261115,-0.3734763264656067,-1.054532766342163,-0.0410677939653396,-0.8805519342422485,0.2107455283403396,-0.4245169162750244,2.9806783199310303,0.7199090123176575,-0.2917008697986603,-1.121568373289502,-0.2123375506683631,-0.0029207594866351,79.0
1652965973.271044,-0.4179857969284057,-1.0233886241912842,-0.074028193950653,-0.8777905702590942,0.1963884234428405,-0.4369386434555053,2.5594656467437744,0.8423131704330444,-0.2767744064331054,-1.1089335540434948,-0.1976732473084966,0.0210867520691962,79.0
1652965973.281033,-0.4933887720108032,-1.0146453380584717,0.0365510880947113,-0.8741343021392822,0.1832517683506012,-0.4497865438461303,2.2824153900146484,1.074255347251892,-0.315355509519577,-1.0955759212253622,-0.1842932216609611,0.041496211570318,79.0
1652965973.291376,-0.5916280746459961,-1.0443072319030762,0.1745294332504272,-0.8691262602806091,0.169846162199974,-0.4645124971866607,2.3445112705230717,1.3897491693496704,-0.3626271486282348,-1.079962896537644,-0.1706735551427054,0.0604683685039247,79.0
1652965973.300951,-0.6630037426948547,-1.1000356674194336,0.2697851955890655,-0.8623715043067932,0.1551415622234344,-0.4819194376468658,2.584937572479248,1.7181979417800903,-0.3569545149803161,-1.061198811929706,-0.1557707522692223,0.0804983469645265,79.0
1652965973.310931,-0.7291519045829773,-1.164376735687256,0.3360204398632049,-0.8536116480827332,0.1386194378137588,-0.5021272301673889,2.898832082748413,2.0657355785369877,-0.3625319898128509,-1.039069909487153,-0.1390672615213795,0.1026761398072405,79.0
1652965973.3208709,-0.7750557661056519,-1.1775398254394531,0.3382028937339782,-0.8426046371459961,0.120277926325798,-0.5249291062355042,3.0125575065612797,2.4168009757995605,-0.3819183707237243,-1.0136481369727084,-0.1205698328697786,0.1262574120203154,79.0
1652965973.330821,-0.8033016324043274,-1.1337556838989258,0.2259283065795898,-0.8292666077613831,0.1009759604930877,-0.5496550798416138,2.935214042663574,2.7195305824279785,-0.4010020494461059,-0.985461057040409,-0.1011483450804181,0.1493814892203489,79.0
1652965973.340757,-0.8265070915222168,-1.0652780532836914,0.0697937384247779,-0.8136296272277832,0.0819701924920082,-0.5755759477615356,2.610021114349365,2.985023260116577,-0.4307552576065063,-0.955109389838261,-0.0820622691827806,0.1699675414234797,79.0
1652965973.350766,-0.8644425272941589,-1.003321647644043,-0.0500536933541297,-0.7957594394683838,0.0644121840596199,-0.6021776795387268,2.2140517234802246,3.2027573585510254,-0.4311768412590027,-0.922999766236272,-0.0644568099154952,0.1868862596290361,79.0
1652965973.3608608,-0.9198142290115356,-0.924293339252472,-0.0773263871669769,-0.7757575511932373,0.04877720028162,-0.6291429996490479,1.7728314399719238,3.4016265869140625,-0.4428443610668182,-0.8893811660384815,-0.0487965627621675,0.1998100599372948,79.0
1652965973.3706698,-0.975166082382202,-0.8516567945480347,-0.0154504515230655,-0.7534714937210083,0.0349206365644931,-0.6565524339675903,1.5401941537857056,3.600277900695801,-0.4257242083549499,-0.8540259512202859,-0.034927739172147,0.2096023887688239,79.0
1652965973.380629,-1.0242679119110107,-0.7992770671844482,0.0813193917274475,-0.7290582656860352,0.0217384900897741,-0.6841062307357788,1.529598832130432,3.749344110488892,-0.3890435993671417,-0.8171968944326546,-0.021740201861584,0.2180799407383114,79.0
1652965973.390775,-1.02423357963562,-0.7648575305938721,0.1742323040962219,-0.7028017640113831,0.0081712482497096,-0.7113387584686279,1.6423732042312622,3.8001105785369873,-0.3402041494846344,-0.7793613438816502,-0.0081713390301953,0.2269005604634608,79.0
1652965973.4005551,-1.0532159805297852,-0.6461161971092224,0.2513484060764313,-0.6753910183906555,-0.0067653059959411,-0.7374287247657776,1.8093549013137815,3.789482593536377,-0.3841058015823364,-0.7415157964388114,0.0067653577337392,0.2361677923555374,79.0
1652965973.41052,-1.1106581687927246,-0.4599401354789734,0.3063418865203857,-0.6468947529792786,-0.0236423164606094,-0.7622126340866089,1.9952754974365237,3.8129963874816895,-0.4281693994998932,-0.703742606726067,0.0236445195032789,0.24570297726106,79.0
1652965973.42047,-1.1288800239562988,-0.290428876876831,0.3259592354297638,-0.6172746419906616,-0.0423746332526207,-0.7856057286262512,2.1197683811187744,3.832908868789673,-0.505163848400116,-0.6659794651871324,0.0423873250557044,0.2551010300103142,79.0
1652965973.430612,-1.1423988342285156,-0.1623817086219787,0.2979373931884765,-0.5863761305809021,-0.0629520490765571,-0.807589054107666,2.207343578338623,3.867391586303711,-0.621498703956604,-0.6280172715517257,0.0629937064353257,0.2637127780546874,79.0
1652965973.4403958,-1.1279869079589844,-0.0745792388916015,0.2694031000137329,-0.5544928312301636,-0.0849548354744911,-0.8278408050537109,2.206479787826538,3.8478550910949703,-0.7488141655921936,-0.5901728925104661,0.0850573628213113,0.270796530867845,79.0
1652965973.450307,-1.1222797632217407,0.0264296531677246,0.2626673579216003,-0.5215799808502197,-0.107592299580574,-0.8463912606239319,2.175708532333374,3.839905023574829,-0.9070884585380554,-0.5522750378483711,0.1078009680679175,0.2756612538657483,79.0
1652965973.460287,-1.0884873867034912,0.0934242010116577,0.2474286258220672,-0.4879895150661468,-0.1310498267412185,-0.8629554510116577,2.185549020767212,3.7768731117248535,-1.011383295059204,-0.5146551242526605,0.1314278687946772,0.2785323368360108,79.0
1652965973.470259,-1.0914214849472046,0.1536281704902649,0.2922204732894897,-0.4537902772426605,-0.154937133193016,-0.8775356411933899,2.1693336963653564,3.753761768341065,-1.181407451629639,-0.4772487500303549,0.1555638123797784,0.279212985550982,79.0
1652965973.4802132,-1.093018651008606,0.1704404950141906,0.2985811829566955,-0.4188372790813446,-0.1796846538782119,-0.8901060223579407,2.2060513496398926,3.705100536346436,-1.3287460803985596,-0.4398093478774023,0.1806658802131283,0.2776805858263873,79.0
1652965973.490166,-1.095921277999878,0.1867585182189941,0.2698694467544555,-0.3829757273197174,-0.2048974931240081,-0.900747776031494,2.16095232963562,3.754925012588501,-1.513630509376526,-0.4020191202740928,0.2063589831139124,0.2735371254022853,79.0
1652965973.500307,-1.1443452835083008,0.1659558415412902,0.2559119462966919,-0.344851404428482,-0.2295447438955307,-0.9101575016975404,1.9685274362564087,3.920384168624878,-1.7278125286102295,-0.3621784766829783,0.2316099047121735,0.2662082666716471,79.0
1652965973.5101218,-1.1449077129364014,0.1356706619262695,0.2235954999923706,-0.3040363788604736,-0.2521294355392456,-0.9186906814575196,1.7219234704971311,4.081605434417725,-1.9558387994766235,-0.3195997819926514,0.2548801470350969,0.2546598396980606,79.0
1652965973.519978,-1.213836431503296,0.0273125171661376,0.1785058677196502,-0.2598268091678619,-0.2730798125267029,-0.9262382984161376,1.5866117477416992,4.379844665527344,-2.1579768657684326,-0.2734892653967779,0.2765930776866649,0.2393243236996251,79.0
1652965973.529984,-1.3617610931396484,-0.1129465103149414,0.1567878723144531,-0.2110232710838318,-0.2923011183738708,-0.932753562927246,1.4014374017715454,4.824917793273926,-2.3567087650299072,-0.2224914267607534,0.2966321743765383,0.2204871882976629,79.0
1652965973.539996,-1.5760587453842163,-0.1014442443847656,0.118380457162857,-0.1551423519849777,-0.3070553541183471,-0.9389610290527344,0.7027971744537354,5.602146625518799,-2.665764808654785,-0.1637482530883279,0.3120973541370189,0.1969821502360176,79.0
1652965973.5500898,-1.7983115911483765,0.0515100955963134,-0.0525367856025695,-0.0909401252865791,-0.3142998218536377,-0.944957971572876,0.1580105572938919,6.2337846755981445,-2.850704431533813,-0.0959417569166777,0.3197189970946172,0.1687356764985021,79.0
1652965973.5599232,-1.823107361793518,0.290482759475708,-0.1639494001865387,-0.0204594451934099,-0.3165192902088165,-0.9483653903007508,-0.0283784214407205,6.763648986816406,-3.017409086227417,-0.0215700313321431,0.3220578569469711,0.1380861290321771,79.0
1652965973.570108,-1.818334698677063,0.7034293413162231,-0.0975867211818695,0.0555630624294281,-0.3136681020259857,-0.9479056000709534,-0.4099052846431732,7.185718059539795,-3.2548317909240723,0.0585496671203249,0.3190536430303318,0.1053859237473941,79.0
1652965973.579817,-1.719273567199707,1.1338404417037964,-0.100259393453598,0.1342363953590393,-0.3062652349472046,-0.9424341917037964,-0.5490944981575012,7.3406267166137695,-3.378324031829834,0.1414841386425978,0.3112672449874862,0.0712168670344778,79.0
1652965973.589814,-1.608962059020996,1.600921869277954,0.0233865976333618,0.2134542763233184,-0.2932077348232269,-0.931915521621704,-0.939287543296814,7.363543033599853,-3.5447957515716557,0.2251649401048665,0.2975803147622463,0.0370716771190494,79.0
1652965973.5998158,-1.4528131484985352,1.9653081893920896,0.1192048788070678,0.290993720293045,-0.273852676153183,-0.9166936874389648,-1.305371642112732,7.291901111602783,-3.564197063446045,0.3073775140878923,0.277396586339335,0.0046466682792145,79.0
1652965973.609846,-1.2395212650299072,2.19495177268982,0.2414175122976303,0.3660013377666473,-0.2499166280031204,-0.8964288234710693,-1.3917373418807983,7.223090171813965,-3.6493477821350098,0.3876309200429176,0.2525941445304509,-0.0256775580296145,79.0
1652965973.619664,-0.9493653774261476,2.2197954654693604,0.3366063237190246,0.4376161396503448,-0.2218602150678634,-0.8713610768318176,-1.79692280292511,7.097352027893066,-3.527196168899536,0.4654230972052778,0.2237218150820858,-0.0527046315289634,79.0
1652965973.629581,-0.6554905772209167,2.1861841678619385,0.3569583892822265,0.5041385889053345,-0.1879520267248153,-0.8429224491119385,-2.2427539825439453,6.791471481323242,-3.527162551879883,0.5390096246541307,0.1890765909417371,-0.0740415901274741,79.0
1652965973.639826,-0.4350149035453796,2.089373826980591,0.3765855431556701,0.5634633898735046,-0.1465592682361602,-0.813037097454071,-3.394032716751098,6.235455513000488,-3.427763700485229,0.6060363233601258,0.1470890771727588,-0.088368822782611,79.0
1652965973.649544,-0.4094794988632202,1.7353010177612305,0.3415201008319855,0.6162512898445129,-0.0954110771417617,-0.7817487120628357,-4.613424777984619,6.047427654266357,-3.2295923233032227,0.6675650150017454,0.0955564314844812,-0.0915226318375152,79.0
1652965973.659481,-0.6464709639549255,1.3166930675506592,0.249735414981842,0.6634997129440308,-0.034678041934967,-0.7473724484443665,-6.190454959869385,5.805063247680664,-2.752659320831299,0.7260206040689555,0.0346849975783334,-0.0798643133080307,79.0
1652965973.6694531,-0.955493152141571,1.0229946374893188,0.2346740663051605,0.7053405046463013,0.0306457579135894,-0.7082058787345886,-7.482701301574707,5.79572868347168,-1.9863810539245603,0.7833711237474106,-0.0306505566814658,-0.0504341691309614,79.0
1652965973.6795878,-1.2956660985946655,0.8847257494926453,0.3869252800941467,0.745357871055603,0.0974344611167907,-0.6595060229301453,-8.184646606445312,6.230039119720459,-1.4762518405914309,0.8464326901193848,-0.0975892898148353,-0.0046312858503561,79.0
1652965973.6896338,-1.384911060333252,0.7153388261795044,0.525689959526062,0.7835620641708374,0.1576138883829116,-0.6009894609451294,-7.946820259094238,6.3733415603637695,-1.0286660194396973,0.916505804331202,-0.1582738736362418,0.0499858551163718,79.0
1652965973.699338,-1.238929033279419,0.8394005298614502,0.6772536039352417,0.8174812197685242,0.2079392969608307,-0.5371086597442627,-7.488911628723144,6.093235969543457,-0.6172688007354736,0.9894958547257658,-0.2094677313841995,0.1087739207868192,79.0
1652965973.709458,-1.0282535552978516,1.090052843093872,0.6156696677207947,0.8459262847900391,0.2488017678260803,-0.471705824136734,-7.42876386642456,5.60418176651001,-0.2600057721138,1.0621212806369345,-0.2514429308657944,0.1713235635495312,79.0
1652965973.719244,-0.7942572832107544,1.436856746673584,0.1803557276725769,0.8688574433326721,0.2832368016242981,-0.4060340225696563,-7.966856479644775,4.992732048034668,0.040109310299158,1.133633221968017,-0.2871674416834003,0.2413446392299979,79.0
1652965973.72922,-0.5463730096817017,1.7388441562652588,-0.2775583267211914,0.8867202401161194,0.3129433989524841,-0.3402846455574035,-8.827436447143555,4.345933437347412,0.2771844565868377,1.20437091354715,-0.3182905248119314,0.322518421494571,79.0
1652965973.7391071,-0.4646732807159424,1.909588098526001,-0.4162775576114654,0.9003421068191528,0.3377862870693207,-0.2743799984455108,-9.60969066619873,3.7383105754852295,0.494454026222229,1.2749867066222906,-0.3445639441887587,0.4160573691631308,79.0
1652965973.749148,-0.5264922380447388,1.839840531349182,-0.4049976170063019,0.9106626510620116,0.3558337688446045,-0.209942489862442,-9.525936126708984,3.1774253845214844,0.6265726685523987,1.344216881010856,-0.3638060638974928,0.5162229387786245,79.0
1652965973.759037,-0.5946193933486938,1.630374550819397,-0.4410065412521362,0.9182735085487366,0.3663910031318664,-0.150104209780693,-8.871325492858887,2.699254035949707,0.6878310441970825,1.4087658379902968,-0.3751273393914996,0.614313715473491,79.0
1652965973.768966,-0.6371018290519714,1.4061919450759888,-0.5480431914329529,0.923936367034912,0.3700188100337982,-0.0970946624875068,-7.6885504722595215,2.25089693069458,0.7380359172821045,1.4660925884725895,-0.3790292737086121,0.7033915465176398,79.0
1652965973.779155,-0.6631308197975159,1.2050257921218872,-0.6263048648834229,0.9281911849975586,0.3684465289115906,-0.0520412251353263,-6.468092441558838,1.9171212911605835,0.7319791913032532,1.5147876100275557,-0.3773374339278298,0.7793138887946025,79.0
1652965973.789174,-0.6610435247421265,1.1496617794036863,-0.6864312887191772,0.9314292073249816,0.3636468350887298,-0.0141637288033962,-5.500547409057617,1.572914719581604,0.702255129814148,1.555591051548126,-0.3721797834068026,0.843505752415386,79.0
1652965973.7988958,-0.6046479940414429,1.13988995552063,-0.7305790185928345,0.9338411688804626,0.357242226600647,0.0178553275763988,-4.981241703033447,1.3107794523239136,0.6611557602882385,1.589914301418681,-0.3653136241181324,0.8991025401048268,79.0
1652965973.8088531,-0.6115480661392212,1.1704514026641846,-0.6741481423377991,0.935629427433014,0.3500361740589142,0.0455213822424411,-4.57900333404541,1.032217502593994,0.5441088080406189,1.6194112118623232,-0.3576097087960644,0.9497479823121237,79.0
1652965973.818783,-0.6123999357223511,1.1392433643341064,-0.636709451675415,0.9366796612739564,0.34322190284729,0.0694968104362487,-4.462202072143555,0.757388710975647,0.36227548122406,1.6448554851617374,-0.350345025941612,0.997216480670664,79.0
1652965973.828759,-0.6691519618034363,1.102036952972412,-0.5736790895462036,0.936974048614502,0.337503433227539,0.0903915017843246,-4.545413017272949,0.4414229989051819,0.1085372194647789,1.6669704277269115,-0.3442634384875067,1.0443745769828274,79.0
1652965973.8387132,-0.6927216649055481,1.014004468917847,-0.4824680089950561,0.9366334080696106,0.3329776525497436,0.1088286861777305,-4.915127754211426,0.1513819694519043,-0.1518547534942627,1.6864689767059498,-0.3394596868223304,1.093923777123383,79.0
1652965973.8488178,-0.7182019352912903,0.9168261289596558,-0.3787446022033691,0.9357768893241882,0.329489141702652,0.1255321949720382,-5.563991069793701,-0.2198003679513931,-0.3849266469478607,1.7041477869647266,-0.3357624629333122,1.1488041166188698,79.0
1652965973.858643,-0.6968722939491272,0.9869648218154908,-0.2949898242950439,0.9346040487289428,0.3260871469974518,0.1420634686946869,-6.524137496948242,-0.4524529278278351,-0.6256711483001709,1.7216455117036489,-0.3321615129320097,1.2125515436773409,79.0
1652965973.868651,-0.7376591563224792,0.9954595565795898,-0.2152998149394989,0.9330173134803772,0.3224469125270843,0.1597070097923278,-7.66267728805542,-0.6180610656738281,-0.8768349289894104,1.740325942356883,-0.328313351472791,1.2875176722973,79.0
1652965973.878576,-0.7818858623504639,0.9857666492462158,-0.0750179886817932,0.9309487342834472,0.3182582259178161,0.1790129393339157,-8.505939483642578,-0.7603886723518372,-1.1883838176727295,1.7607683890687085,-0.3238916107322671,1.3733308660568193,79.0
1652965973.888581,-0.8232972025871277,0.9979205131530762,-0.0078211426734924,0.9280334711074828,0.3147058188915252,0.1992840468883514,-8.842734336853027,-0.7820460200309753,-1.5826122760772705,1.7823220390779049,-0.3201467198095182,1.4658510921866066,79.0
1652965973.898515,-0.8612698912620544,0.9727805852890016,0.0510858595371246,0.9240596890449524,0.3129887878894806,0.2194342315196991,-8.644567489624023,-0.8181554675102234,-2.009860038757324,1.8039454525939096,-0.3183382932617892,1.5598222738311065,79.0
1652965973.90849,-0.901285707950592,0.9698162078857422,0.1251454651355743,0.9191688299179076,0.3138040006160736,0.2380237430334091,-8.318357467651367,-0.8988175988197327,-2.377264499664306,1.8241856870100064,-0.3191967800032727,1.6517083421261316,79.0
1652965973.918584,-1.004159688949585,0.9980218410491944,0.1053940057754516,0.913323938846588,0.3174269795417785,0.2551060318946838,-7.969424247741699,-0.9662994146347046,-2.796051502227783,1.843170701963815,-0.3230148931849476,1.7412715285921545,79.0
1652965973.928407,-1.1084678173065186,0.9475696086883544,0.0721220076084137,0.9064720273017884,0.3243318498134613,0.2704020142555237,-7.476670742034912,-1.1115509271621704,-3.186983585357666,1.8606941821265324,-0.3303053064433974,1.828093004160562,79.0
1652965973.93838,-1.2050018310546875,0.8704299926757812,0.1026512086391449,0.8988035917282104,0.3346961140632629,0.283073365688324,-6.898778438568115,-1.3269065618515017,-3.5350255966186523,1.8759067941949612,-0.3412827302268867,1.911013938157101,79.0
1652965973.948251,-1.2415428161621094,0.8203089237213135,0.0546428561210632,0.8902547955513,0.3486926257610321,0.2930179238319397,-6.375945568084717,-1.5099118947982788,-3.8707115650177,1.8887676145596504,-0.3561758128080833,1.990028781666057,79.0
1652965973.9582691,-1.2094764709472656,0.8177953958511353,0.0114620625972747,0.8804662823677063,0.366131842136383,0.3012078702449798,-5.925575256347656,-1.5775387287139893,-4.229091167449951,1.9004163855409613,-0.3748488172728161,2.0659746701217587,79.0
1652965973.968237,-1.0899550914764404,0.8047611713409424,0.0155665278434753,0.8686720132827759,0.3871738314628601,0.3090386986732483,-5.568878173828125,-1.5541654825210571,-4.602595806121826,1.9125932361270304,-0.3975643859208964,2.1397965736744373,79.0
1652965973.978184,-1.101728916168213,0.7964448928833008,0.1301977932453155,0.8546127080917358,0.4105888307094574,0.3178890645503998,-5.592106342315674,-1.5181702375411987,-4.878040790557861,1.9269066536172008,-0.4230997502254191,2.21408150642792,79.0
1652965973.98831,-1.178964614868164,0.7845354080200195,0.2338041961193084,0.8385257720947266,0.4337830245494842,0.3297069668769836,-6.039294719696045,-1.4517613649368286,-5.05765438079834,1.9454255260844604,-0.4486871556455702,2.2930379832633223,79.0
1652965973.998006,-1.254786729812622,0.7931152582168579,0.2788358330726623,0.8201248049736023,0.4556611776351928,0.3460753560066223,-6.5135698318481445,-1.3352620601654053,-5.377899169921875,1.970105289132161,-0.4731148258852131,2.379682454975642,79.0
1652965974.008131,-1.2778522968292236,0.7766585350036621,0.2659344375133514,0.7987567186355591,0.4774126410484314,0.3661482632160187,-6.5768141746521,-1.283897876739502,-5.8144307136535645,2.000611829106385,-0.4977077371893464,2.472836459096696,79.0
1652965974.018023,-1.2495975494384766,0.7506434917449951,0.1996804475784301,0.774164080619812,0.50042325258255,0.387616217136383,-6.31486177444458,-1.2928330898284912,-6.267683506011963,2.034995777467509,-0.5240875624415317,2.569232467733067,79.0
1652965974.028014,-1.2599087953567505,0.7407441735267639,0.1025600433349609,0.7462673187255859,0.5255221128463745,0.408547580242157,-5.768063545227051,-1.393484592437744,-6.7151288986206055,2.0716832814061634,-0.5533286883326642,2.6665581653742643,79.0
1652965974.0379272,-1.2838411331176758,0.6370272636413574,0.1587722301483154,0.7153138518333435,0.55408775806427,0.4258086383342743,-4.738356590270996,-1.691318392753601,-7.184979438781738,2.1077345232495595,-0.5872667600478019,2.7616529166874395,79.0
1652965974.047925,-1.2873393297195437,0.4340587258338928,0.3257858157157898,0.681489109992981,0.5887344479560852,0.4347003996372223,-3.05217719078064,-2.182456016540528,-7.601167678833008,2.1385958625705075,-0.6294922915357791,2.849418677681125,79.0
1652965974.058027,-1.2389140129089355,0.0587813258171081,0.6264637112617493,0.6450417637825012,0.6314707398414612,0.4303083717823028,-0.9084657430648804,-2.837876081466675,-7.949158668518066,2.159099954732563,-0.683448497479564,2.923918112291424,79.0
1652965974.067837,-1.1432507038116455,-0.330885648727417,0.9386383295059204,0.6054699420928955,0.68288254737854,0.4087511003017425,1.4402040243148804,-3.502524137496948,-8.19626235961914,2.164612830267131,-0.7517012741734289,2.9805895224745558,79.0
1652965974.078064,-0.9740791916847228,-0.6314831972122192,1.1739447116851809,0.5615425109863281,0.7404533624649048,0.3693218231201172,3.4899823665618896,-3.925808906555176,-8.261838912963867,2.152559684047292,-0.8337446217191896,3.0159473397664827,79.0
1652965974.087915,-0.8498786091804504,-0.8316950798034668,1.403581976890564,0.5129035115242004,0.7987799644470215,0.3144525289535522,5.02136754989624,-4.24941349029541,-8.01244831085205,2.120780345862341,-0.9252645806238904,3.027738207709177,79.0
1652965974.097672,-0.6715312600135803,-1.0438861846923828,1.7952306270599363,0.4619517922401428,0.8514673709869385,0.2482011318206787,5.932119369506836,-4.326175689697266,-7.2997612953186035,2.063827442361993,-1.0187770804241985,3.011048180673379,79.0
1652965974.107631,-0.5244827270507812,-1.1381356716156006,2.1542978286743164,0.4112778604030609,0.8944694399833679,0.1754279881715774,6.398157119750977,-4.308298110961914,-6.453912258148193,1.9739737867366132,-1.1072431898696258,2.957620047606729,79.0
1652965974.1176128,-0.3971240818500519,-1.0312811136245728,2.353777885437012,0.3619982898235321,0.9267853498458862,0.1001286506652832,6.5244221687316895,-4.3999505043029785,-5.705451488494873,1.8406492333698237,-1.1857615616608428,2.858911078971501,79.0
1652965974.128028,-0.2529256939888,-0.4122560024261474,2.1700453758239746,0.3142812550067901,0.9491103291511536,0.020410107448697,7.511290073394775,-4.861892223358154,-5.16513204574585,1.6356474283887628,-1.250398932413817,2.689493911321922,79.0
1652965974.137532,-0.2170675694942474,0.514565110206604,1.3485350608825684,0.26641446352005,0.9602264761924744,-0.0835959762334823,11.380844116210938,-5.451105117797852,-4.379432201385498,1.266744246635466,-1.2878122908384058,2.3571736149322664,79.0
1652965974.147476,-0.3079828321933746,0.5219888687133789,1.4767873287200928,0.2279809713363647,0.9505348205566406,-0.2109690308570861,11.539546012878418,-5.69318962097168,-1.986209511756897,0.8241347559964235,-1.2549532019783458,1.9534340418232747,79.0
1652965974.157442,-0.799982488155365,0.2158291637897491,2.8229823112487797,0.1946815848350525,0.922516107559204,-0.3332608640193939,12.401918411254885,-5.723586559295654,-2.0290427207946777,0.5286997981671476,-1.1745496918039835,1.6993927083236238,79.0
1652965974.167451,-1.089632868766785,-0.4822858572006225,3.004993438720703,0.1534604281187057,0.8739431500434875,-0.4611651599407196,13.881302833557127,-5.778066635131836,-1.9263232946395876,0.3212405235730198,-1.0632570449234326,1.53316787892504,79.0
1652965974.177377,-0.798240065574646,-0.601940929889679,2.394212484359741,0.1095956340432167,0.8006726503372192,-0.5889922976493835,14.689619064331056,-5.697638511657715,-1.4166773557662964,0.1839691703561249,-0.9284171163815164,1.437932783415619,79.0
1652965974.187533,-0.6305471658706665,-0.3505141139030456,0.9797519445419312,0.0679556131362915,0.7140803337097168,-0.6967576146125793,12.377354621887209,-4.6940083503723145,-0.5094197988510132,0.0972237132884726,-0.7953094982658891,1.393329472524676,79.0
1652965974.197473,-0.7213295698165894,-0.3981980085372925,-0.6150435209274292,0.0381935648620128,0.6365125179290771,-0.7703201174736023,8.288904190063477,-3.672343492507935,0.5822535753250122,0.0495408507074308,-0.6899680166203366,1.3833854063004618,79.0
1652965974.207268,-0.8528397083282471,-0.3094497919082641,-1.8798630237579343,0.0166275147348642,0.5886794328689575,-0.8081955313682556,3.7257392406463614,-3.1694893836975098,1.2836073637008667,0.0205707254304362,-0.6294242267244388,1.392228048250982,79.0
1652965974.217225,-0.7010505795478821,-0.4051166176795959,-2.1794209480285645,-0.002013391116634,0.5768207311630249,-0.816868245601654,-0.3422858119010925,-3.4480297565460205,1.4140819311141968,-0.0024647636019378,-0.6148313109487133,1.4095185225464044,79.0
1652965974.2271929,-0.4827262163162231,-0.8676837682723999,-1.0387709140777588,-0.0224159695208072,0.583540141582489,-0.8117748498916626,-0.9960606694221495,-3.2252116203308105,0.9982813596725464,-0.0276065154986612,-0.6230812258355644,1.4240436643059655,79.0
1652965974.237143,-0.6502920389175415,-1.4512486457824707,0.0583664178848266,-0.0412362739443779,0.5874464511871338,-0.8082117438316345,0.3120924830436706,-2.716214179992676,0.795862078666687,-0.0509774178832975,-0.6278997878622373,1.434893146966416,79.0
1652965974.2471008,-0.8722329139709473,-1.6343262195587158,0.5716469883918762,-0.0573020055890083,0.577461838722229,-0.8144042491912842,2.297893047332764,-2.19634747505188,0.4851356744766235,-0.0702448783569455,-0.6156163303424815,1.4438598835325924,79.0
1652965974.257056,-0.908595085144043,-1.5160727500915527,0.4702277779579162,-0.0717515870928764,0.5507224798202515,-0.8315987586975098,4.2030558586120605,-1.7886106967926023,0.2025896161794662,-0.0860683429669835,-0.5832295266508134,1.4509737614204792,79.0
1652965974.267189,-0.776040256023407,-1.2666261196136477,-0.0009694695472717,-0.085409939289093,0.510368824005127,-0.8557037115097046,5.334185123443604,-1.5590587854385376,-0.0453831814229488,-0.0994830259482604,-0.5356136039641828,1.4571228244852374,79.0
1652965974.2769809,-0.6626447439193726,-0.9003795981407166,-0.3506422936916351,-0.0989061519503593,0.4621534645557403,-0.8812671303749084,5.6807355880737305,-1.3710554838180542,-0.2735950946807861,-0.1117640561459512,-0.4804220156142794,1.4619448897257483,79.0
1652965974.2869592,-0.6289561986923218,-0.6017922759056091,-0.5804756879806519,-0.1119037792086601,0.4127814769744873,-0.9039297699928284,5.245853424072266,-1.1891427040100098,-0.465478777885437,-0.1231703170605876,-0.4255057314674028,1.464982428712342,79.0
1652965974.296895,-0.6185085773468018,-0.3132497072219848,-0.8415591716766357,-0.1238925457000732,0.3706576526165008,-0.9204691648483276,3.80578875541687,-0.999027132987976,-0.6039222478866577,-0.1337930827988134,-0.3797170153318955,1.4655501203111854,79.0
1652965974.306859,-0.6011613011360168,-0.0753488540649414,-1.0990703105926514,-0.1353804469108581,0.3417002558708191,-0.9300070405006408,2.276960849761963,-0.9828721284866332,-0.775602400302887,-0.1445539278413531,-0.3487254563417205,1.462770938541207,79.0
1652965974.3167949,-0.5753393769264221,-0.0029005408287048,-1.1478761434555054,-0.1478051543235778,0.3257782459259033,-0.9338212609291076,0.9410185813903807,-1.0552831888198853,-1.0116465091705322,-0.156977666791784,-0.3318347745654856,1.4559850354422597,79.0
1652965974.326805,-0.6129170656204224,-0.0709691643714904,-0.9013763666152954,-0.161344364285469,0.318795770406723,-0.933989942073822,0.2581604123115539,-1.0433306694030762,-1.2769231796264648,-0.1710591902946775,-0.324458699414554,1.4450479971162096,79.0
1652965974.3368769,-0.684506356716156,-0.1751911044120788,-0.5929960608482361,-0.1752653568983078,0.3149656057357788,-0.9327800869941713,0.1114318072795867,-0.984765648841858,-1.5572998523712158,-0.1857301759467946,-0.3204204163310125,1.4306793661200272,79.0
1652965974.346698,-0.7321138978004456,-0.2452256679534912,-0.426140546798706,-0.189516931772232,0.3099600374698639,-0.931669533252716,0.3412144184112549,-0.9466419816017152,-1.828639030456543,-0.20067846633178,-0.3151510141122717,1.4136609722348163,79.0
1652965974.356612,-0.7490444183349609,-0.2855622172355652,-0.3446501493453979,-0.2043094336986541,0.3006284832954407,-0.9316008687019348,0.8535197973251343,-0.9409806132316588,-2.108328342437744,-0.2158921122442396,-0.3053515402453629,1.3947560960692256,79.0
1652965974.366631,-0.7533317804336548,-0.2815098166465759,-0.2691032588481903,-0.2195228040218353,0.285323292016983,-0.9329524636268616,1.4134647846221924,-0.9037402868270874,-2.3609402179718018,-0.2310953144014766,-0.2893437126250138,1.374631860489245,79.0
1652965974.376582,-0.7577195763587952,-0.2418731451034546,-0.2290345132350921,-0.2347120195627212,0.2636871933937073,-0.9356170892715454,2.0293867588043213,-0.90180504322052,-2.5883734226226807,-0.2457910483018739,-0.2668426849101475,1.3539303899421438,79.0
1652965974.386562,-0.7452055215835571,-0.1917950510978698,-0.2060471922159195,-0.2501404881477356,0.2356491833925247,-0.9390948414802552,2.556598663330078,-0.9571447372436525,-2.8112802505493164,-0.2603192346203444,-0.2378865073156855,1.3329625050221916,79.0
1652965974.3965092,-0.7378156781196594,-0.086306095123291,-0.1626115590333938,-0.2656632959842682,0.201979175209999,-0.9426703453063964,3.0246071815490723,-0.9928428530693054,-2.996233940124512,-0.2746955337217854,-0.2033783221389114,1.311864328870657,79.0
1652965974.4066138,-0.7251134514808655,0.0039458870887756,-0.1492146402597427,-0.2809289693832397,0.1637409627437591,-0.9456573128700256,3.292106866836548,-1.058758020401001,-3.166977405548096,-0.2887690404704511,-0.1644816146229858,1.2908044991082277,79.0
1652965974.416403,-0.7221586108207703,0.0631133913993835,-0.1261550486087799,-0.2961366474628448,0.1227675452828407,-0.947222888469696,3.388974905014038,-1.1760765314102173,-3.337048053741455,-0.3030094131246182,-0.1230780456676536,1.2693445075700944,79.0
1652965974.426333,-0.7301525473594666,0.1047734022140502,-0.100231222808361,-0.311107188463211,0.0804100111126899,-0.9469670057296752,3.3866238594055176,-1.257495403289795,-3.4926507472991943,-0.3174214343967778,-0.0804969165071933,1.2471461473115597,79.0
1652965974.436336,-0.7124350666999817,0.1382845044136047,-0.1033363491296768,-0.325452446937561,0.0374030917882919,-0.9448183178901672,3.340027332305908,-1.340095281600952,-3.606849670410156,-0.3317312199687416,-0.037411817559364,1.2242849665006963,79.0
1652965974.446298,-0.6717029809951782,0.1368163824081421,-0.1225081980228424,-0.3391612768173218,-0.0057877292856574,-0.940710425376892,3.2651774883270264,-1.4561127424240112,-3.735609292984009,-0.3460312158581142,0.0057877616117082,1.2007568147885954,79.0
1652965974.4562678,-0.6478960514068604,0.109882652759552,-0.1407915949821472,-0.3520275950431824,-0.0497601851820945,-0.9346659779548644,3.3622066974639893,-1.5209157466888428,-3.914357900619507,-0.3602030217126341,0.0497807424421152,1.1763690453446598,79.0
1652965974.466219,-0.655077338218689,0.043714165687561,-0.1074669584631919,-0.3637062013149261,-0.0977179929614067,-0.926374077796936,3.9640793800354,-1.6452970504760742,-4.089200019836426,-0.3741218106735964,0.0978741810907541,1.152105463836585,79.0
1652965974.476356,-0.696223795413971,0.0450924038887023,0.0885272175073623,-0.3743937909603119,-0.1524005085229873,-0.9146602153778076,4.59672737121582,-1.8157851696014404,-4.139915466308594,-0.3885196970017378,0.152996696345851,1.1297039829056983,79.0
1652965974.486362,-0.6812688112258911,0.0905590653419494,0.2853657007217407,-0.3841302096843719,-0.211833581328392,-0.898649275302887,5.061218738555908,-1.9974747896194456,-4.046960830688477,-0.403946429608254,0.2134507438479198,1.1105221604104163,79.0
1652965974.496069,-0.6683283448219299,0.0392564535140991,0.2895230650901794,-0.3933323919773102,-0.2723264098167419,-0.8781388998031616,5.058134078979492,-2.257181167602539,-3.925562620162964,-0.4211194418224053,0.2758100019288596,1.09389129119041,79.0
1652965974.5060592,-0.6137698292732239,-0.0154064297676086,0.252657026052475,-0.4025264680385589,-0.3298054337501526,-0.8539325594902039,4.705986976623535,-2.545774221420288,-3.765456438064575,-0.4404903489226616,0.3360974731236385,1.078769897997125,79.0
1652965974.515985,-0.5443321466445923,-0.016468346118927,0.2738219499588012,-0.412225991487503,-0.3818389177322387,-0.8272053599357605,4.1116862297058105,-2.8945298194885254,-3.620591163635254,-0.462315313567326,0.3917851613431707,1.0638724431970374,79.0
1652965974.525974,-0.4960212707519531,0.0139088630676269,0.3171595633029938,-0.4226035475730896,-0.4268702268600464,-0.799492359161377,3.332019805908203,-3.192561388015747,-3.4896492958068848,-0.4862570358854828,0.4410290036769405,1.0479853078230823,79.0
1652965974.5358648,-0.4903677701950073,0.0825616717338562,0.2648163139820099,-0.4330940842628479,-0.464324951171875,-0.7725489139556885,2.489950656890869,-3.3653972148895264,-3.38613224029541,-0.5109481012819064,0.482872271259239,1.029919401355068,79.0
1652965974.545922,-0.4919343888759613,0.1534497141838073,0.1494850218296051,-0.4428189098834991,-0.4945014417171478,-0.7479168772697449,1.5729104280471802,-3.4567208290100098,-3.3849990367889404,-0.5345679731321661,0.5172611447736656,1.008199294983569,79.0
1652965974.555859,-0.4781416654586792,0.2082815170288086,0.0185335278511047,-0.4509201049804687,-0.5181825160980225,-0.7267447113990784,0.6963807344436646,-3.4986252784729004,-3.52998948097229,-0.5553319918347014,0.5447245396628394,0.9808814635141724,79.0
1652965974.5658278,-0.4497956037521362,0.2465531826019287,-0.1065726280212402,-0.4569120407104492,-0.5368446707725525,-0.709245502948761,-0.122756727039814,-3.58042049407959,-3.835936069488525,-0.5723031224256128,0.5666927132588353,0.9462521459930336,79.0
1652965974.575758,-0.4382742941379547,0.2783217430114746,-0.1725295782089233,-0.4603157341480255,-0.5520644783973694,-0.6952224373817444,-0.7828400135040283,-3.66152548789978,-4.259093761444092,-0.5848433432035953,0.5848382029456214,0.90305758456402,79.0
1652965974.5857592,-0.451999694108963,0.2658789157867431,-0.2301969528198242,-0.4607199430465698,-0.5659303665161133,-0.6837103962898254,-1.2060469388961792,-3.7684249877929688,-4.7768754959106445,-0.5929609287911792,0.6015612720235027,0.8513631931787765,79.0
1652965974.595701,-0.4849942922592163,0.2564324736595154,-0.281355619430542,-0.4576478600502014,-0.5798045992851257,-0.6740808486938477,-1.5279210805892944,-3.884310960769653,-5.380560874938965,-0.596438697476831,0.6184888786614458,0.7909137064470424,79.0
1652965974.605656,-0.5425293445587158,0.2420066595077514,-0.3684004545211792,-0.450573593378067,-0.5950241684913635,-0.6655296087265015,-1.721782684326172,-4.090323925018311,-6.142422199249268,-0.5951327144839239,0.6372957134148651,0.7211294290316203,79.0
1652965974.615625,-0.6462265849113464,0.2625799179077148,-0.3668361306190491,-0.4391920566558838,-0.6121219396591187,-0.6575842499732971,-1.9560848474502563,-4.47736930847168,-7.009531021118164,-0.588847076676853,0.6587412483152227,0.6402793196612473,79.0
1652965974.625574,-0.862393856048584,0.261128306388855,-0.2807224988937378,-0.4240135848522186,-0.6294642090797424,-0.6511430144309998,-2.629703998565674,-4.931279182434082,-7.832541465759277,-0.5772067740101317,0.6808635194243309,0.5456547547649376,79.0
1652965974.635536,-1.1100151538848877,0.1922968626022339,-0.1053912639617919,-0.4049078524112701,-0.6421520113945007,-0.6509150862693787,-3.9896299839019775,-5.173569679260254,-8.542757987976074,-0.5564819198058234,0.6973022457632778,0.4338383276297824,79.0
1652965974.645454,-1.3567092418670654,0.0673474073410034,0.0590518712997436,-0.3820449411869049,-0.6440890431404114,-0.6627148389816284,-6.203493118286133,-5.235569000244141,-9.220806121826172,-0.5229493145326616,0.6998317805784953,0.3009843311778872,79.0
1652965974.655437,-1.5945017337799072,0.0122036933898925,0.236203134059906,-0.3558766543865204,-0.6268891096115112,-0.6930813789367676,-9.259201049804688,-4.765091419219971,-9.649202346801758,-0.4743656289972359,0.677553844577132,0.1461319330745508,79.0
1652965974.665427,-1.749138593673706,0.1017569303512573,0.3953357338905334,-0.3287116885185241,-0.5807756781578064,-0.7447470426559448,-13.035819053649902,-4.133501052856445,-9.900854110717772,-0.4156570898798364,0.6196812417117696,-0.0240011767696505,79.0
1652965974.675372,-1.822384595870972,0.7166420817375183,0.3680596947669983,-0.3024474382400512,-0.493990421295166,-0.8151680827140808,-17.305850982666016,-2.876415252685547,-10.000131607055664,-0.3552808521556023,0.5166733087512264,-0.2007432207910973,79.0
1652965974.685453,-1.850055456161499,1.4093810319900513,0.1974593698978424,-0.2753411829471588,-0.3614455163478851,-0.8908110857009888,-20.45732688903809,-0.8313915133476257,-10.329899787902832,-0.2997756513986278,0.3698177644606344,-0.3738924056595101,79.0
1652965974.695178,-1.9248638153076167,1.9011449813842771,0.0808500945568084,-0.2440204322338104,-0.2011656165122985,-0.9486761689186096,-19.85567283630371,1.3925474882125854,-10.463257789611816,-0.251764257796145,0.2025477129402706,-0.5360742123392787,79.0
1652965974.7052631,-2.212672472000122,1.7689485549926758,0.317482590675354,-0.2100111693143844,-0.0508352071046829,-0.9763765335083008,-15.936020851135254,2.5180976390838623,-10.245526313781738,-0.211864480994847,0.0508571261809092,-0.6789756194630802,79.0
1652965974.715346,-2.2018988132476807,1.2921500205993652,1.605103850364685,-0.1932580322027206,0.0510699264705181,-0.9798179268836976,-8.371710777282715,0.9127966165542604,-9.42989444732666,-0.1947390792957644,-0.0510921503522337,-0.8009479307814854,79.0
1652965974.725195,-1.549099087715149,0.7003366947174072,3.2459421157836914,-0.197650745511055,0.0776509791612625,-0.9771921634674072,-1.1017805337905884,-0.5768733620643616,-7.476922035217285,-0.1995714819184888,-0.0777292246441053,-0.8923410709561153,79.0
1652965974.7352052,-0.9537938237190248,0.726567268371582,4.39104700088501,-0.2128168493509292,0.0546927712857723,-0.975560188293457,2.6424686908721924,-1.5816675424575806,-5.36237907409668,-0.2147834496561283,-0.054720075135874,-0.9534090668891356,79.0
1652965974.745109,-0.5078955888748169,-0.0022892355918884,3.4428975582122803,-0.2321861535310745,0.0163615886121988,-0.9725337624549866,2.6674623489379883,-2.0326497554779053,-3.0998103618621826,-0.2343566200052627,-0.0163623188389029,-0.9878095097878534,79.0
1652965974.755005,-0.3822517693042755,0.1235570311546325,1.4047976732254028,-0.2527274489402771,0.0017575901001691,-0.96753591299057,-0.7788189053535461,-2.044670343399048,-1.4060139656066897,-0.2554985708595864,-0.0017575910190984,-1.006935928854904,79.0
1652965974.765019,-0.5520496368408203,0.8104625344276428,0.0552204698324203,-0.2684001624584198,0.0229045562446117,-0.9630351662635804,-4.067994117736816,-1.1673831939697266,-1.080823540687561,-0.2718049764906259,-0.0229065585578089,-1.0243932376250318,79.0
1652965974.775049,-0.7311496734619141,1.1141502857208252,0.3806657791137695,-0.275396317243576,0.0646925121545791,-0.959151566028595,-4.91112756729126,-0.2631976306438446,-1.0329781770706177,-0.2796033554751461,-0.0647377243405374,-1.0475699286616929,79.0
1652965974.785428,-0.6715704202651978,0.7711668014526367,1.2944586277008057,-0.2757714986801147,0.1012628301978111,-0.9558744430541992,-2.993177652359009,0.3459783494472503,-0.5919627547264099,-0.2808748884797088,-0.1014366971388857,-1.066838520758402,79.0
1652965974.794887,-0.5834001898765564,0.1383888125419616,1.6319282054901123,-0.2701916992664337,0.1135094910860061,-0.9560920596122742,0.2759076952934265,0.8936569094657898,-0.3238489925861358,-0.2754181441345772,-0.1137546674455667,-1.0749011245070996,79.0
1652965974.804933,-0.398024320602417,-0.178807258605957,1.7542263269424438,-0.2601940333843231,0.0942234322428703,-0.9609479904174804,3.4287171363830566,1.261213302612305,-0.4524860680103302,-0.2644275695768717,-0.094363411910384,-1.073260408755796,79.0
1652965974.814923,-0.2570921778678894,-0.2674407362937927,1.2800626754760742,-0.2480347156524658,0.0512971766293048,-0.9673920273780824,4.947338581085205,1.323128342628479,-0.7397715449333191,-0.2509885962656815,-0.0513197019569223,-1.068186908552181,79.0
1652965974.825068,-0.0993257015943527,-0.1439123153686523,0.5803287029266357,-0.2368864119052887,0.0018094180850312,-0.9715356826782228,4.642636299133301,1.002192139625549,-0.8535585403442383,-0.2391601943200606,-0.001809419088385,-1.0641391807179317,79.0
1652965974.8349938,0.079472005367279,0.0091968774795532,0.2598483860492706,-0.2294963896274566,-0.0373904556035995,-0.9725910425186156,2.9287123680114746,0.4829119741916656,-0.7367708086967468,-0.2317252331813129,0.0373991731413581,-1.0629738914696578,79.0
1652965974.845262,0.1829301565885543,0.1044166684150695,0.1575924009084701,-0.2271958738565445,-0.0561366789042949,-0.972229778766632,0.6279507875442505,-0.0644395425915718,-0.5458922386169434,-0.2295657671920247,0.0561662041427567,-1.0651457601485177,79.0
1652965974.855458,0.2019048929214477,0.1252954006195068,0.0788780003786087,-0.2297979146242141,-0.0533194951713085,-0.9717767238616944,-1.3540829420089722,-0.4992258846759796,-0.3376396000385284,-0.2322063974242759,0.0533447928576491,-1.070324076463249,79.0
1652965974.86496,0.1451636403799057,0.0802986025810241,0.1571235656738281,-0.2356176972389221,-0.0346259698271751,-0.9712287783622742,-2.514739990234375,-0.6896442770957947,-0.2088688611984253,-0.2379995843609423,0.0346328939238076,-1.0775330126192626,79.0
1652965974.874528,0.024811714887619,-0.0430033206939697,0.2994880974292755,-0.2421731352806091,-0.0085334787145257,-0.9701955318450928,-2.900737762451172,-0.6527485847473145,-0.2168695628643036,-0.2446141256791239,0.0085335818333277,-1.0860664359105212,79.0
1652965974.884721,-0.0607455819845199,-0.1005576848983764,0.3994829356670379,-0.2477413266897201,0.0181501470506191,-0.9686561822891236,-2.6977689266204834,-0.4929850399494171,-0.2502296566963196,-0.2503903399247837,-0.0181511442746576,-1.0952588747601677,79.0
1652965974.894322,-0.0656740665435791,-0.0661007165908813,0.4775408208370209,-0.2516934275627136,0.0407239757478237,-0.9669498205184937,-2.0588901042938232,-0.304566890001297,-0.2180744111537933,-0.2546455542359105,-0.0407352412277938,-1.103530900012768,79.0
1652965974.904266,-0.0468769967555999,0.0161216259002685,0.5686301589012146,-0.2537821531295776,0.0556221567094326,-0.965660810470581,-1.1116644144058228,-0.1196388229727745,-0.1154524311423301,-0.2569952610807394,-0.0556508776570641,-1.1091815276528711,79.0
1652965974.914248,-0.0056649446487426,0.0294389128684997,0.6243700385093689,-0.2542837262153625,0.0613142140209674,-0.9651840925216676,-0.1351221054792404,0.0186084732413291,-0.0076885330490767,-0.2576026678839661,-0.0613526972118805,-1.1113048275952655,79.0
1652965974.924319,-0.0048308074474334,-0.0128989219665527,0.5969240069389343,-0.2534546852111816,0.0590971149504184,-0.9655404090881348,0.5795952081680298,0.1377356648445129,0.0754779875278472,-0.2567086596983906,-0.0591315699132285,-1.110340349959604,79.0
1652965974.934169,0.0013066828250885,-0.0457745790481567,0.4685947597026825,-0.2518254518508911,0.0517757572233676,-0.9663866758346558,0.9459606409072876,0.1809539198875427,0.1445888131856918,-0.2549155279938442,-0.0517989166445166,-1.107309963584273,79.0
1652965974.944104,0.0263099372386932,-0.0401979684829711,0.35360187292099,-0.2500037550926208,0.0428977869451046,-0.9672940969467164,0.9562993049621582,0.1758235991001129,0.239206925034523,-0.2529220400963692,-0.0429109561119789,-1.1030302792108766,79.0
1652965974.954102,0.0341210216283798,-0.0194090604782104,0.2452237904071808,-0.2483391314744949,0.0356295146048069,-0.9680176973342896,0.6686976552009583,0.1446587592363357,0.3433290421962738,-0.2511281749875998,-0.0356370587048005,-1.0981523659007504,79.0
1652965974.964057,0.042363166809082,0.0004193782806396,0.1196189671754837,-0.2471513450145721,0.0323433391749858,-0.9684369564056396,0.200886458158493,0.0833538621664047,0.4378153383731842,-0.24987280076356,-0.0323489801909759,-1.0932889484778994,79.0
