1652956380.4065108,0.0210510641336441,-0.0222255587577819,0.0110464096069335,-0.0828949734568595,0.6009530425071716,-0.794974148273468,-0.219281867146492,0.3951436877250671,-1.453449010848999,-0.1038983237701963,-0.6446929639459716,-0.036220875096724,96.0
1652956380.416537,0.0280977636575698,-0.0377780199050903,0.0454673767089843,-0.0884615555405616,0.6015357375144958,-0.7939327955245972,-0.2423959821462631,0.3885335922241211,-1.4335123300552368,-0.1109642744280911,-0.6454221893293361,-0.054406309845311,96.0
1652956380.4265451,0.022612988948822,-0.0399021506309509,0.0634894967079162,-0.0938562974333763,0.602251410484314,-0.7927700281143188,-0.2666690647602081,0.4049977958202362,-1.4052271842956543,-0.1178417969739289,-0.6463183764059621,-0.0723927930512453,96.0
1652956380.436594,0.0250537246465683,-0.0475789308547973,0.0587006211280822,-0.0988910347223281,0.6030730605125427,-0.7915323972702026,-0.2723769545555115,0.4207304120063782,-1.3595017194747925,-0.1242921610091547,-0.6473479613315629,-0.0899472538100667,96.0
1652956380.446403,0.038430631160736,-0.0510176420211792,0.0775827765464782,-0.1035246551036834,0.603783130645752,-0.7903977632522583,-0.2455155402421951,0.4567499458789825,-1.3269542455673218,-0.130236554558854,-0.6482384863800619,-0.1070150476385379,96.0
1652956380.456524,0.0442714095115661,-0.0661648511886596,0.1066881418228149,-0.1077174693346023,0.6040815114974976,-0.7896090745925903,-0.1822414994239807,0.4959994852542877,-1.2965848445892334,-0.1355818058936816,-0.6486127868132339,-0.1236612520070332,96.0
1652956380.4666,0.0445786267518997,-0.0773514509201049,0.1151425242424011,-0.1114426776766777,0.6038668155670166,-0.78925621509552,-0.1248895153403282,0.5246450304985046,-1.2705188989639282,-0.1402723089430103,-0.6483434536103172,-0.1398130033359286,96.0
1652956380.4766722,0.0480280891060829,-0.0712183117866516,0.117464542388916,-0.1147395446896553,0.6033300757408142,-0.7891942858695984,-0.0988109782338142,0.5613272786140442,-1.244836449623108,-0.1443766153871766,-0.6476702355461018,-0.1555986468778669,96.0
1652956380.4863958,0.055244818329811,-0.0652224421501159,0.1214929223060607,-0.1176380217075347,0.6026128530502319,-0.7893155217170715,-0.0922028794884681,0.5827444195747375,-1.217694878578186,-0.1479490021867278,-0.6467712008161475,-0.1709946236594622,96.0
1652956380.496403,0.0561732724308967,-0.0614745020866394,0.1219029426574707,-0.120183914899826,0.601897656917572,-0.7894776463508606,-0.0897553712129592,0.6068564653396606,-1.1919331550598145,-0.1510723024583573,-0.645875320679915,-0.1860330356357129,96.0
1652956380.506428,0.0531519204378128,-0.0555465221405029,0.1265293359756469,-0.122335284948349,0.6012538075447083,-0.7896378636360168,-0.1072842925786972,0.6289196610450745,-1.1521226167678833,-0.1537038520234224,-0.6450693007135269,-0.2006534551983161,96.0
1652956380.51643,0.0512146800756454,-0.0502282977104187,0.1397674679756164,-0.1241669729351997,0.600787341594696,-0.7897070050239563,-0.1279488205909729,0.6390157341957092,-1.1172895431518557,-0.1559549029148553,-0.6444856505977814,-0.2149031273144538,96.0
1652956380.526299,0.0509182810783386,-0.0435798168182373,0.1445502638816833,-0.1256863623857498,0.6005973815917969,-0.7896111011505127,-0.1751751899719238,0.6344119310379028,-1.0686519145965576,-0.1578507697556397,-0.6442480818375894,-0.2286512464751278,96.0
1652956380.536381,0.0570725351572036,-0.0344545841217041,0.1394116878509521,-0.1269730776548385,0.6008073687553406,-0.7892454266548157,-0.2110423147678375,0.6216471791267395,-1.0114450454711914,-0.1595122741502793,-0.6445107031102508,-0.2418328659727018,96.0
1652956380.546272,0.0574825704097747,-0.0221725702285766,0.1408946514129638,-0.1280697584152221,0.6012775301933289,-0.7887099981307983,-0.2171425521373748,0.5913177728652954,-0.9491544365882874,-0.1609737857060445,-0.6450989924374826,-0.2543227927035438,96.0
1652956380.5562038,0.0564781725406646,-0.0149143934249877,0.1537989377975464,-0.1290032118558883,0.6017246842384338,-0.7882166504859924,-0.1927140355110168,0.5673239231109619,-0.8860040903091431,-0.1622263930601477,-0.6456587144155017,-0.2660270004089174,96.0
1652956380.566098,0.0536683797836303,-0.0156061053276062,0.1570439338684082,-0.1297334432601928,0.6019739508628845,-0.7879064679145813,-0.1454591751098632,0.5468335151672363,-0.8186607360839844,-0.1631916155069838,-0.645970806378338,-0.2768606986755632,96.0
1652956380.576047,0.0512860566377639,-0.0088281631469726,0.1499916315078735,-0.1302350461483001,0.6019614934921265,-0.7878332138061523,-0.1061005219817161,0.5288612246513367,-0.7573314905166626,-0.1638263376340463,-0.6459552165887339,-0.2868171526713439,96.0
1652956380.58604,0.0542803406715393,0.0026565194129943,0.1485843658447265,-0.1305743157863617,0.6016749739646912,-0.7879958748817444,-0.0659786686301231,0.5087493062019348,-0.7064682841300964,-0.1642121863426319,-0.6455965097611674,-0.2959861412205661,96.0
1652956380.596081,0.057401418685913,0.0152395367622375,0.1578853130340576,-0.1307809501886367,0.6011173129081726,-0.78838711977005,-0.0161617062985897,0.4873342216014862,-0.660221517086029,-0.164387242261173,-0.6448985141130464,-0.3044793152754136,96.0
1652956380.6060948,0.0600164532661438,0.0234072208404541,0.1612600684165954,-0.1308935582637787,0.6003060340881348,-0.7889864444732666,0.0048413118347525,0.4589973986148834,-0.6218967437744141,-0.1644035030377784,-0.6438836855856301,-0.3123715522964542,96.0
1652956380.615904,0.066263660788536,0.0345069766044616,0.1547656655311584,-0.1309761852025985,0.599476158618927,-0.7896034121513367,0.0048591550439596,0.4297897815704345,-0.5713297724723816,-0.1643791986535091,-0.6428464971059791,-0.3197051072709807,96.0
1652956380.625862,0.0743608325719833,0.0476834177970886,0.1483680605888366,-0.1310625076293945,0.5987021923065186,-0.7901760935783386,0.0068139149807393,0.3837809860706329,-0.5208237171173096,-0.1643685065687699,-0.641879826610527,-0.3263997610815151,96.0
1652956380.635908,0.0765537321567535,0.0532355308532714,0.1535286903381347,-0.1311649531126022,0.5979971885681152,-0.7906928062438965,0.0099906669929623,0.3475641310214996,-0.4714252054691314,-0.1643891302430566,-0.6409999138189154,-0.3324788176788838,96.0
1652956380.6458058,0.0715883523225784,0.0529524087905883,0.1630237698554992,-0.1312349736690521,0.5973064303398132,-0.7912031412124634,0.0178113058209419,0.3110662996768951,-0.4182621240615845,-0.1643711169026134,-0.6401383668155104,-0.3379390684632732,96.0
1652956380.655744,0.0683232545852661,0.0620789527893066,0.1582940816879272,-0.1312200129032135,0.596680223941803,-0.7916779518127441,0.0157912317663431,0.2769642174243927,-0.3570495843887329,-0.1642559001978756,-0.639357820768753,-0.342649671880507,96.0
1652956380.665687,0.0657794475555419,0.0685513615608215,0.1498550176620483,-0.1311175972223281,0.5961319208145142,-0.792107880115509,0.0164506305009126,0.2449173331260681,-0.2957899570465088,-0.1640425063135124,-0.6386747447622213,-0.3466157485177239,96.0
1652956380.67599,0.0619544386863708,0.0729057788848877,0.1503797173500061,-0.1309089362621307,0.5956224203109741,-0.792525589466095,0.0254119001328945,0.2141025811433792,-0.2463513761758804,-0.1637013018725651,-0.6380402963221893,-0.3498703082623289,96.0
1652956380.685612,0.0547122061252594,0.0787995457649231,0.1505147218704223,-0.1306704580783844,0.5951211452484131,-0.7929413914680481,0.0248531699180603,0.1816660761833191,-0.2027676701545715,-0.1633242055485559,-0.6374164190722,-0.3525556822079062,96.0
1652956380.695548,0.0554534643888473,0.0919486880302429,0.1392476558685302,-0.1304809600114822,0.5947000980377197,-0.7932884693145752,0.0209333971142768,0.1468032747507095,-0.170361116528511,-0.163021425257707,-0.6368925320150821,-0.3547877932921691,96.0
1652956380.7054892,0.053432747721672,0.1028655767440795,0.120945394039154,-0.1303828358650207,0.5943255424499512,-0.7935851812362671,0.0207919813692569,0.1098862662911415,-0.1386071741580963,-0.1628411528565203,-0.6364267416950722,-0.3566251608900701,96.0
1652956380.7154589,0.0501850992441177,0.1042090654373169,0.1037304997444152,-0.1303853094577789,0.5939775705337524,-0.7938452959060669,0.0253300741314888,0.0740720778703689,-0.1064598634839057,-0.1627917783730965,-0.6359941196580666,-0.358047717881576,96.0
1652956380.725405,0.0466655790805816,0.1062724590301513,0.0929558277130127,-0.1305126398801803,0.5935980677604675,-0.7941081523895264,0.0412770844995975,0.0387638919055461,-0.0839324444532394,-0.1628949589400529,-0.6355224907782361,-0.3591656992926759,96.0
1652956380.7354832,0.0419330298900604,0.1113296747207641,0.0851833224296569,-0.1307391971349716,0.5931308269500732,-0.7944199442863464,0.0487879961729049,0.0103696919977664,-0.0669430792331695,-0.1631098355606901,-0.6349420057002655,-0.3599802269950313,96.0
1652956380.745576,0.0401812642812728,0.11528080701828,0.0714071989059448,-0.131184697151184,0.5926247239112854,-0.79472416639328,0.0490095727145671,-0.0187698155641555,-0.066141203045845,-0.1635942508639769,-0.6343135537269987,-0.360708042261591,96.0
1652956380.755456,0.0420553684234619,0.1149990558624267,0.0445702672004699,-0.1318991333246231,0.5922094583511353,-0.794915497303009,0.0331445224583148,-0.0611671283841133,-0.064360611140728,-0.1644303714413946,-0.6337980736511296,-0.3614031848229736,96.0
1652956380.76539,0.0463532656431198,0.1194125413894653,0.0191816687583923,-0.1329774409532547,0.5919632911682129,-0.7949191331863403,0.0084165390580892,-0.1076294332742691,-0.0714816376566886,-0.1657494931573224,-0.6334926014598646,-0.3621883672865853,96.0
1652956380.775043,0.0493727922439575,0.1207796335220336,0.005328357219696,-0.13447105884552,0.5919005870819092,-0.7947145700454712,-0.0169022008776664,-0.1513295620679855,-0.0848629921674728,-0.1676190772499622,-0.6334147998951245,-0.3631342268067749,96.0
1652956380.785069,0.0495495200157165,0.1203615665435791,-0.005053699016571,-0.1364941149950027,0.5919371843338013,-0.7943423390388489,-0.0258653368800878,-0.204961895942688,-0.1129098087549209,-0.1701710044815159,-0.6334601910188125,-0.3644154994995025,96.0
1652956380.7950912,0.0491123497486114,0.1176075339317321,-0.0223296284675598,-0.1389713585376739,0.5921689867973328,-0.7937397360801697,-0.0315547138452529,-0.2514903247356415,-0.1349706798791885,-0.1733274498444827,-0.6337478928605623,-0.3659693191923921,96.0
1652956380.805162,0.0518001168966293,0.1222844123840332,-0.0468273758888244,-0.1419185549020767,0.5924205780029297,-0.7930302619934082,-0.0447261743247509,-0.296050876379013,-0.1528876274824142,-0.1770827690335834,-0.6340601030377798,-0.367765657757925,96.0
1652956380.815215,0.0526403337717056,0.1207407712936401,-0.0576554536819458,-0.1453069746494293,0.5927048325538635,-0.7922037839889526,-0.0596781596541404,-0.341037392616272,-0.1691919118165969,-0.1814047881506301,-0.6344129689676866,-0.369769844958383,96.0
1652956380.825038,0.0533448606729507,0.1093740463256836,-0.0450835227966308,-0.1491548120975494,0.5930723547935486,-0.7912129759788513,-0.0710642412304878,-0.3785061836242676,-0.1909041255712509,-0.1863274285683777,-0.6348693643120484,-0.3720828045306462,96.0
1652956380.835041,0.0615803748369216,0.0949105620384216,-0.0243871212005615,-0.1533925384283065,0.5934941172599792,-0.7900857329368591,-0.0800265744328498,-0.4261821508407593,-0.1945759057998657,-0.1917610936927911,-0.6353932943529468,-0.3745976291901877,96.0
1652956380.844964,0.0752723962068557,0.0659632682800293,-0.0028542876243591,-0.1579903066158294,0.5938729047775269,-0.7888941764831543,-0.0705846026539802,-0.4731094539165497,-0.1858652383089065,-0.1976533041901033,-0.6358640227648443,-0.3770568644993393,96.0
1652956380.8549209,0.0993926525115966,0.0197756886482238,0.0373852849006652,-0.1628845036029815,0.5940080881118774,-0.7877963185310364,-0.0185644775629043,-0.522380530834198,-0.1603975892066955,-0.2038867077775993,-0.6360320865560312,-0.3792373809292952,96.0
1652956380.86486,0.1256206184625625,-0.0322486162185668,0.0962790250778198,-0.1679179817438125,0.5937080979347229,-0.7869652509689331,0.0602816008031368,-0.5657352209091187,-0.1143864169716835,-0.2102215690318314,-0.6356591761116716,-0.3808536801956179,96.0
1652956380.874893,0.152051568031311,-0.0975329875946044,0.1489665508270263,-0.172986626625061,0.5925647020339966,-0.786729097366333,0.2005544900894165,-0.5988706946372986,-0.0413052849471569,-0.2164366104849908,-0.6342390567480337,-0.3815233648758677,96.0
1652956380.8849669,0.1811554431915283,-0.1886380910873413,0.1937784552574157,-0.1776764690876007,0.590294361114502,-0.7873903512954712,0.384809285402298,-0.5936815738677979,0.0485463067889213,-0.2219352480280863,-0.6314234751556018,-0.3807118295233777,96.0
1652956380.894917,0.2167684882879257,-0.301885187625885,0.2636913061141968,-0.1815664619207382,0.5867725014686584,-0.7891334891319275,0.5528393387794495,-0.5374805331230164,0.1548256427049636,-0.2261475405448429,-0.627067246642012,-0.3782104680905556,96.0
1652956380.904731,0.2537716925144195,-0.431680679321289,0.3245744705200195,-0.1842374056577682,0.5823315978050232,-0.7917995452880859,0.6659672260284424,-0.453046053647995,0.2676049172878265,-0.228614021773293,-0.6215938315406385,-0.3740015342417699,96.0
1652956380.914556,0.290553331375122,-0.5785331726074219,0.3751816749572754,-0.185420274734497,0.5773634314537048,-0.7951545715332031,0.7415048480033875,-0.3208534121513366,0.395109623670578,-0.2290938265974893,-0.6154958614218932,-0.3680926791443018,96.0
1652956380.924443,0.2959363758563995,-0.7592960000038147,0.4189851880073547,-0.1845166981220245,0.5723324418067932,-0.7989925742149353,0.7215343713760376,-0.0977486819028854,0.5211167931556702,-0.2269578364431855,-0.6093474392589258,-0.3606630025368248,96.0
1652956380.934652,0.2846823036670685,-0.928915798664093,0.447823703289032,-0.1809225529432296,0.5681522488594055,-0.8027889132499695,0.5842039585113525,0.1637622863054275,0.6608709692955017,-0.2216642298718309,-0.6042587330395222,-0.3518979079822066,96.0
1652956380.94435,0.281217873096466,-1.0626752376556396,0.4761610627174377,-0.1741927564144134,0.565388560295105,-0.8062211871147156,0.4381735324859619,0.4828153550624847,0.8136621117591858,-0.2127898144312432,-0.6009042494644569,-0.3418634187142801,96.0
1652956380.95454,0.2847892642021179,-1.1848374605178833,0.4999457597732544,-0.1638786494731903,0.5639579892158508,-0.809379518032074,0.2946685552597046,0.8215497732162476,0.9956950545310974,-0.1997736770208741,-0.5991709198755741,-0.330284079374162,96.0
1652956380.964312,0.2824681401252746,-1.2735968828201294,0.5407108068466187,-0.1497624516487121,0.5637356042861938,-0.8122643828392029,0.1970269381999969,1.159832000732422,1.189217209815979,-0.1823288209367663,-0.5989015916368078,-0.3167710094534709,96.0
1652956380.9742742,0.2564253211021423,-1.3423843383789062,0.6022847890853882,-0.1316542327404022,0.5638071298599243,-0.8153457641601562,0.2545783817768097,1.529591083526611,1.3845864534378052,-0.160088666641122,-0.59898820537812,-0.3010491759827085,96.0
1652956380.984394,0.2244495302438736,-1.3685706853866575,0.6571988463401794,-0.1093677654862403,0.5627107620239258,-0.8193871378898621,0.4636563658714294,1.89348304271698,1.581362247467041,-0.1326908056227901,-0.5976613852502008,-0.2827457841705609,96.0
1652956380.994823,0.2066731452941894,-1.3692762851715088,0.6916522979736328,-0.0831837803125381,0.5593394637107849,-0.8247544169425964,0.7607014179229736,2.200857639312744,1.7855515480041504,-0.100518929672761,-0.5935887453460507,-0.261779586241873,96.0
1652956381.004305,0.1802462488412857,-1.337079644203186,0.7099614143371582,-0.0534609891474247,0.553039014339447,-0.8314383625984192,1.0737786293029783,2.474495887756348,1.966763973236084,-0.064211006607603,-0.5860074315181818,-0.2384238742452291,96.0
1652956381.014264,0.1331573128700256,-1.2911616563796997,0.7219628095626831,-0.0207763575017452,0.5436469316482544,-0.8390568494796753,1.3621017932891846,2.6917521953582764,2.123203754425049,-0.0247565013972033,-0.5747761325636581,-0.2134515310557454,96.0
1652956381.024389,0.0779095143079757,-1.2260098457336426,0.7067331075668335,0.0142993200570344,0.5312734246253967,-0.8470797538757324,1.5942113399505615,2.86118221282959,2.260937452316284,0.016879121557212,-0.5601029450540804,-0.1874728409982151,96.0
1652956381.03425,-0.0016284026205539,-1.1323548555374146,0.6748859286308289,0.0513262525200843,0.5162913799285889,-0.8548735976219177,1.7566781044006348,3.0113091468811035,2.3775711059570312,0.0599675949981788,-0.5425148374262512,-0.1610930094189857,96.0
1652956381.0441852,-0.1037879139184951,-1.0196298360824585,0.6380303502082825,0.0899481624364852,0.4990087747573852,-0.8619162440299988,1.87922203540802,3.155350923538208,2.45808219909668,0.1039819740324374,-0.5224545917834009,-0.1349470405767331,96.0
1652956381.054134,-0.216023251414299,-0.9040755033493042,0.5956254601478577,0.1298110783100128,0.4798139631748199,-0.8677140474319458,1.9402086734771729,3.2833714485168457,2.506389856338501,0.1484999105002018,-0.5004426560094665,-0.1095626359636206,96.0
1652956381.064121,-0.3117644786834717,-0.7790288925170898,0.5659269690513611,0.1705138385295868,0.458929568529129,-0.8719568252563477,2.011470079421997,3.3895797729492188,2.5272562503814697,0.1931160281264751,-0.4767900180177737,-0.0853615643000716,96.0
1652956381.074127,-0.4008561074733734,-0.6677806377410889,0.5388407707214355,0.211677610874176,0.4364551901817322,-0.8744709491729736,2.048292875289917,3.4833202362060547,2.514418125152588,0.2374952956676524,-0.4516550020579675,-0.0627450125791528,96.0
1652956381.084063,-0.4827408492565155,-0.5473637580871582,0.5319998264312744,0.2529586851596832,0.4127480387687683,-0.8750148415565491,2.0629677772521973,3.562919855117798,2.481153726577759,0.2814185031803841,-0.4254690177060828,-0.0419958832524352,96.0
1652956381.094131,-0.5418965816497803,-0.4329021573066711,0.5274170637130737,0.2940174639225006,0.3881254494190216,-0.8734485507011414,2.0582468509674072,3.6074817180633545,2.438361644744873,0.3247027805055571,-0.3985967012199578,-0.0231449286341734,96.0
1652956381.103966,-0.5931754112243652,-0.3464707732200622,0.5050973892211914,0.3343710005283355,0.3627004325389862,-0.8698530793190002,2.05769157409668,3.60931396484375,2.385967493057251,0.366985654065197,-0.3711640102881684,-0.0062326361908961,96.0
1652956381.113927,-0.6391335725784302,-0.276837408542633,0.4706511497497558,0.3737527132034302,0.3366150557994842,-0.8642911314964294,2.058574676513672,3.604681253433228,2.3309240341186523,0.4081541603369438,-0.3433198606870824,0.0087140891459391,96.0
1652956381.123898,-0.6823760271072388,-0.1901326775550842,0.4422449469566345,0.4120055139064789,0.3099370300769806,-0.856849193572998,2.0789787769317627,3.5952279567718506,2.246861457824707,0.4482007152964268,-0.3151267992235138,0.0216598923804653,96.0
1652956381.133864,-0.7173506021499634,-0.1043729782104492,0.4141303300857544,0.4489637017250061,0.2827385663986206,-0.8476381897926331,2.1057140827178955,3.5896503925323486,2.152214765548706,0.4870964709226492,-0.2866479611342947,0.0322947887787312,96.0
1652956381.143817,-0.7430866956710815,-0.0185041427612304,0.3845028579235077,0.4846790134906769,0.2552218735218048,-0.8366289734840393,2.126410722732544,3.581735372543335,2.0402050018310547,0.5250776266350402,-0.2580771613310158,0.0406564745828085,96.0
1652956381.153818,-0.7521427869796753,0.0891511440277099,0.3539740443229675,0.5190189480781555,0.2277519851922989,-0.823861837387085,2.1227872371673584,3.5645577907562256,1.9149731397628784,0.5621745856669992,-0.2297683626862647,0.0467483355912146,96.0
1652956381.163861,-0.7563053965568542,0.1744057536125183,0.3002725541591644,0.551761269569397,0.2005819082260131,-0.8095223307609558,2.147961139678955,3.5171141624450684,1.764073610305786,0.5982622039700645,-0.2019518596465408,0.0505326642916005,96.0
1652956381.173715,-0.764062225818634,0.2480201721191406,0.2246602922677993,0.582848846912384,0.1737771779298782,-0.7937812805175781,2.169179201126098,3.4782984256744385,1.6197130680084229,0.6333568868106431,-0.1746639186394834,0.0518765096374037,96.0
1652956381.183655,-0.7716759443283081,0.318736732006073,0.1618120670318603,0.6122978329658508,0.1475903689861297,-0.7767293453216553,2.1833317279815674,3.414714813232422,1.4600932598114014,0.6675676364189257,-0.1481315155070303,0.0509496219060155,96.0
1652956381.193691,-0.7762411236763,0.3708985447883606,0.1342504918575287,0.6398885250091553,0.1225091218948364,-0.7586396932601929,2.127866506576538,3.3138363361358643,1.2833949327468872,0.7006898340496863,-0.1228176598096927,0.0478945842234041,96.0
1652956381.2035131,-0.7857434153556824,0.4065812826156616,0.1265450119972229,0.6653209924697876,0.0994071215391159,-0.7399095892906189,1.9842585325241089,3.1414663791656494,1.0886642932891846,0.73236869698414,-0.0995715711339219,0.0432991558904534,96.0
1652956381.213518,-0.7939328551292419,0.4449173212051391,0.1339177638292312,0.6884487271308899,0.0789118036627769,-0.7209793925285339,1.7735522985458374,2.9813501834869385,0.928330659866333,0.7623215398098048,-0.0789939350719445,0.0378770411336726,96.0
1652956381.223443,-0.8083113431930542,0.4949504137039184,0.1393108069896698,0.7097242474555969,0.0610523298382759,-0.7018290758132935,1.5601848363876345,2.854412078857422,0.8154251575469971,0.7909913484217651,-0.0610903205590131,0.0324088921842669,96.0
1652956381.233666,-0.8262293934822083,0.5476192831993103,0.1300150007009506,0.7294275164604187,0.0451253615319728,-0.6825680136680603,1.450283169746399,2.741586208343506,0.7536186575889587,0.8185726975048702,-0.0451406896850111,0.0270642464863167,96.0
1652956381.243373,-0.8409141302108765,0.5825885534286499,0.1081216409802436,0.7478049397468567,0.0301992688328027,-0.6632312536239624,1.3656466007232666,2.664405584335327,0.7322627902030945,0.8452638294556372,-0.0302038619116662,0.0216529594926091,96.0
1652956381.253354,-0.8456778526306152,0.6003062129020691,0.1232735440135002,0.765096127986908,0.0159934051334857,-0.6437174677848816,1.3630517721176147,2.597466230392456,0.6946260333061218,0.8713425674301236,-0.0159940871290193,0.0160690553522339,96.0
1652956381.263283,-0.8453444838523865,0.625830352306366,0.1243830025196075,0.7813491821289062,0.0020207888446748,-0.6240909099578857,1.3783864974975586,2.5267066955566406,0.679974377155304,0.8968272089656582,-0.0020207901252042,0.0098411269536044,96.0
1652956381.273341,-0.8367373943328857,0.6393242478370667,0.1233272776007652,0.796484649181366,-0.0114956256002187,-0.6045495271682739,1.320522427558899,2.426889181137085,0.6448856592178345,0.9215459842263474,0.0114958785499156,0.0032583434993284,96.0
1652956381.283224,-0.8291791081428528,0.6495134830474854,0.1233900859951973,0.8103954195976257,-0.0238875355571508,-0.5853960514068604,1.1959174871444702,2.300034046173096,0.5808650851249695,0.945221713286072,0.0238898080624099,-0.0032471307933049,96.0
1652956381.293179,-0.8234745264053345,0.6627116203308105,0.1098603755235672,0.8230471611022949,-0.0346193015575408,-0.5669169425964355,0.9821626543998718,2.1616735458374023,0.5147637724876404,0.9676250646581728,0.034626218965233,-0.0089900747996051,96.0
1652956381.3032851,-0.8161978721618652,0.689505398273468,0.0942183434963226,0.8343862295150757,-0.0433150343596935,-0.5494754910469055,0.7549521327018738,1.989813208580017,0.4219137132167816,0.9884420162295988,0.0433285889210327,-0.0135682573259165,96.0
1652956381.313219,-0.806368887424469,0.7197522521018982,0.0783021748065948,0.8444241881370544,-0.0498445443809032,-0.5333508849143982,0.5020546317100525,1.7971795797348022,0.3326686918735504,1.0074543701185028,0.0498652075654149,-0.0167772111578652,96.0
1652956381.323056,-0.7820760607719421,0.7561841011047363,0.0649443864822387,0.8530751466751099,-0.0542937591671943,-0.5189557075500488,0.2517561018466949,1.565190315246582,0.259999006986618,1.0242704893279753,0.0543204708961321,-0.0184146612977574,96.0
1652956381.3330112,-0.7573451399803162,0.8113301992416382,0.0279255472123622,0.8603571653366089,-0.0569020025432109,-0.5065054297447205,0.0137659637257456,1.3371057510375977,0.1958258897066116,1.0387157446187538,0.0569327537333329,-0.0183827922076094,96.0
1652956381.342947,-0.7389638423919678,0.8841484785079956,0.0114131681621074,0.8663746118545532,-0.0579067096114158,-0.496025949716568,-0.1863889694213867,1.118199586868286,0.1422726511955261,1.050819859632914,0.0579391218756902,-0.0167853623315513,96.0
1652956381.353034,-0.7346931099891663,0.9550654888153076,0.0202851369976997,0.871274471282959,-0.0577759929001331,-0.4873836040496826,-0.3280506134033203,0.91088604927063,0.1213486790657043,1.0607712770202788,0.0578081860998244,-0.0138421123141343,96.0
1652956381.362904,-0.7313689589500427,1.026990294456482,0.0237425118684768,0.8750609755516052,-0.0569609068334102,-0.4806494116783142,-0.4197624325752258,0.6913406252861023,0.105977714061737,1.0685096400222367,0.0569917544441405,-0.0100522449722931,96.0
1652956381.37299,-0.7163654565811157,1.084417462348938,0.0411009415984153,0.877711832523346,-0.0555510260164737,-0.4759580194950104,-0.4875365495681762,0.4423588216304779,0.0723355710506439,1.073906161980279,0.0555796384917762,-0.0056216238017166,96.0
1652956381.3828502,-0.6913744211196899,1.12583327293396,0.0690592676401138,0.8791185617446899,-0.0535868741571903,-0.4735811054706573,-0.5628222227096558,0.1676396429538726,0.0434929989278316,1.0766701521966933,0.0536125534605344,-0.0007664290200332,96.0
1652956381.3928828,-0.6640235185623169,1.132690191268921,0.0933079123497009,0.8792182803153992,-0.0508885085582733,-0.4736936688423157,-0.6980969905853271,-0.1249239519238472,0.0176921412348747,1.0766183078144815,0.0509104978663885,0.0049052545974721,96.0
1652956381.402736,-0.6375246047973633,1.1353179216384888,0.100926823914051,0.8778047561645508,-0.047353234142065,-0.476672351360321,-0.8663046360015869,-0.4670813083648681,0.0232805199921131,1.0733218291881983,0.047370947235484,0.0118148379492847,96.0
1652956381.412729,-0.6093534231185913,1.1303569078445437,0.1155911013484001,0.874688446521759,-0.0430050641298294,-0.4827739298343658,-1.0586426258087158,-0.8258642554283142,0.0371500328183174,1.0664663020945415,0.0430183292266759,0.0204140030160262,96.0
1652956381.422658,-0.5938969850540161,1.112617254257202,0.1687404215335846,0.8696842193603516,-0.0377284735441207,-0.4921644330024719,-1.2257026433944702,-1.1902132034301758,0.0547244995832443,1.055819000332798,0.0377374312118028,0.030582769232262,96.0
1652956381.432569,-0.5900418758392334,1.082744598388672,0.2386384159326553,0.8628689050674438,-0.0318818427622318,-0.5044211149215698,-1.375510811805725,-1.534759759902954,0.0913804769515991,1.0417877305908874,0.0318872447192954,0.0421859514153706,96.0
1652956381.4427772,-0.5964359045028687,1.0499927997589111,0.2922489047050476,0.8542177677154541,-0.0254489984363317,-0.5192920565605164,-1.5289616584777832,-1.839117169380188,0.1382830142974853,1.0245770866326724,0.0254517460621648,0.0552085434123681,96.0
1652956381.452502,-0.6007304787635803,1.002605438232422,0.316281795501709,0.8438030481338501,-0.0182471349835395,-0.5363427996635437,-1.7198824882507324,-2.110395669937134,0.1721338033676147,1.00459259974239,0.0182481480482258,0.0697489062595013,96.0
1652956381.462479,-0.5837727785110474,0.9589884877204896,0.345570296049118,0.8316823244094849,-0.0098311733454465,-0.5551646947860718,-1.916960597038269,-2.3369574546813965,0.1886280924081802,0.982203094668094,0.0098313314516134,0.085941517837604,96.0
1652956381.4724212,-0.5393334627151489,0.8729385733604431,0.3831814527511596,0.8179742097854614,-0.0001858523464761,-0.5752549171447754,-2.086087703704834,-2.5299084186553955,0.2144644409418106,0.957880582775662,0.0001858523484004,0.1035220015692547,96.0
1652956381.482452,-0.4914387464523315,0.7705256938934326,0.4084890782833099,0.8026264309883118,0.0103341387584805,-0.5963924527168274,-2.1630241870880127,-2.72910475730896,0.2670299112796783,0.9317573903061238,-0.0103343226915537,0.1221117292659242,96.0
1652956381.492353,-0.4518351554870605,0.6851891875267029,0.4528655111789703,0.7856211066246033,0.0208740923553705,-0.6183556914329529,-2.120335578918457,-2.909018039703369,0.3576356768608093,0.9039761221399042,-0.0208756082269375,0.1410060995407303,96.0
1652956381.502325,-0.3789527416229248,0.5534399747848511,0.5183669328689575,0.7668158411979675,0.0307053178548812,-0.6411322951316833,-2.0105948448181152,-3.119851589202881,0.457442969083786,0.8744293256299542,-0.0307101448309358,0.159535152158173,96.0
1652956381.512419,-0.3131260871887207,0.4181894063949585,0.5429049134254456,0.7460789084434509,0.0395840890705585,-0.6646798849105835,-1.8879069089889529,-3.3028807640075684,0.5567388534545898,0.8430330345335272,-0.0395944334146677,0.1775846291877374,96.0
1652956381.5223122,-0.2720351219177246,0.2858840227127075,0.5323447585105896,0.7235884070396423,0.047519750893116,-0.6885940432548523,-1.7823336124420166,-3.438792943954468,0.6417022943496704,0.8101734136843601,-0.0475376519728545,0.1950534420898403,96.0
1652956381.532167,-0.2289085388183593,0.1466621160507202,0.5061354637145996,0.6996116042137146,0.0550827905535697,-0.712397038936615,-1.7513151168823242,-3.5245954990386963,0.6866985559463501,0.7763436027709113,-0.0551106833930544,0.2122296528267964,96.0
1652956381.542112,-0.2077561020851135,0.0382640361785888,0.4375887811183929,0.6745986938476562,0.0632656887173652,-0.7354686260223389,-1.8099267482757568,-3.509894847869873,0.6639828681945801,0.7422568305276838,-0.0633079708248835,0.2293462419157226,96.0
1652956381.5521731,-0.201308012008667,-0.051449179649353,0.3592616319656372,0.6492297053337097,0.0729740560054779,-0.757083535194397,-1.9345545768737795,-3.434188842773437,0.6054469347000122,0.7088553745084245,-0.0730389751782149,0.2464915654473392,96.0
1652956381.5622249,-0.1621813774108886,-0.1078263521194458,0.2931559085845947,0.6237444281578064,0.0846516862511634,-0.777030885219574,-2.0710177421569824,-3.357614040374756,0.5502688884735107,0.6764021334290602,-0.0847531147647906,0.2637322406869992,96.0
1652956381.572061,-0.1452592611312866,-0.137697696685791,0.2644355595111847,0.5982468724250793,0.0977165177464485,-0.7953314781188965,-2.088228225708008,-3.2686452865600586,0.5362992882728577,0.6449064471737261,-0.0978726994855006,0.2808069034745346,96.0
1652956381.582103,-0.1305158138275146,-0.2084249854087829,0.2619622349739074,0.5728527307510376,0.11106938123703,-0.8120980858802795,-2.038171768188477,-3.2254531383514404,0.552176833152771,0.6143399178163098,-0.1112990276113281,0.2973742168554533,96.0
1652956381.591981,-0.0779309868812561,-0.3203380107879638,0.3012924492359161,0.5472455024719238,0.1243209466338157,-0.8276875615119934,-1.9987285137176516,-3.2114741802215576,0.5973061323165894,0.5841903670990561,-0.1246434402436385,0.313544744337978,96.0
1652956381.601945,-0.0816462635993957,-0.4435828328132629,0.3268775343894958,0.5215265154838562,0.1376305073499679,-0.8420616984367371,-1.9962804317474363,-3.1582846641540527,0.6250940561294556,0.5545223243300738,-0.1380687539549293,0.329531698048329,96.0
1652956381.611876,-0.1224919259548187,-0.539378821849823,0.3054547011852264,0.4961338639259338,0.1515154987573623,-0.8549235463142395,-2.0427753925323486,-3.0599405765533447,0.63788902759552,0.5258272477386909,-0.1521012878408953,0.3454466715421912,96.0
1652956381.6218538,-0.1282364428043365,-0.5652706027030945,0.2415768206119537,0.4714828729629516,0.1660006791353225,-0.8661106824874878,-2.0586884021759038,-2.9199578762054443,0.6471397876739502,0.4985088884267315,-0.1667726902819324,0.3612476362973891,96.0
1652956381.6317968,-0.1176612973213195,-0.5813175439834595,0.136672168970108,0.4478614330291748,0.1808479726314544,-0.8756221532821655,-2.025928258895874,-2.783883571624756,0.620818555355072,0.4727877520393768,-0.1818485664138024,0.3765953039281333,96.0
1652956381.641992,-0.1103951632976532,-0.579060435295105,0.0590816736221313,0.4251839220523834,0.1955112069845199,-0.88373863697052,-1.904623031616211,-2.6489007472991943,0.5840416550636292,0.448429465434174,-0.1967786952769006,0.3909624107227253,96.0
1652956381.651891,-0.1203822791576385,-0.601338803768158,0.0298618972301483,0.4034480154514313,0.209044948220253,-0.8908029198646545,-1.6835993528366089,-2.5342047214508057,0.5459914207458496,0.4252660930674908,-0.2105982252264054,0.403888192014749,96.0
1652956381.661696,-0.1256797611713409,-0.6466025710105896,-0.0159685313701629,0.3823020160198211,0.2211839854717254,-0.8971748948097229,-1.5307869911193848,-2.4780967235565186,0.53102046251297,0.4028168870345712,-0.2230283629714974,0.4154892278579041,96.0
1652956381.671656,-0.1193858981132507,-0.684729814529419,-0.0508177280426025,0.3612987101078033,0.2326414585113525,-0.9029624462127686,-1.4637267589569092,-2.4717676639556885,0.5198754072189331,0.3806149380937647,-0.2347927826573843,0.4263154131574093,96.0
1652956381.6816502,-0.1471265852451324,-0.7009219527244568,-0.0745349526405334,0.3402417600154876,0.2436481118202209,-0.9082241654396056,-1.3795119524002075,-2.476612329483032,0.5404195785522461,0.3584402085832935,-0.2461255480638353,0.4366354115997845,96.0
1652956381.6915631,-0.1777315139770507,-0.707141101360321,-0.1276602745056152,0.319149911403656,0.2536520361900329,-0.913128674030304,-1.2226603031158447,-2.4787826538085938,0.5858323574066162,0.3362404761833238,-0.2564539105449289,0.4466331840740576,96.0
1652956381.701528,-0.1911299228668213,-0.7492735385894775,-0.1708639562129974,0.2982313334941864,0.2620199620723724,-0.91782546043396,-1.0174922943115234,-2.446462392807007,0.6150062680244446,0.3141708482408262,-0.2651147105199681,0.4562030642551666,96.0
1652956381.711624,-0.2351439595222473,-0.8277096748352051,-0.1900747418403625,0.2779295742511749,0.2689473927021026,-0.9221835136413574,-0.8799437880516052,-2.3154971599578857,0.5679737329483032,0.2927242486871529,-0.2722999852405927,0.4649861614958639,96.0
1652956381.721634,-0.2935755252838135,-0.8783450722694397,-0.2280097305774688,0.2589075267314911,0.2757086753845215,-0.9257168173789978,-0.9290239810943604,-2.121136426925659,0.4975837469100952,0.2727149913631215,-0.2793268896113503,0.4728714456849827,96.0
1652956381.731405,-0.3201858401298523,-0.9030028581619264,-0.2925960719585418,0.2415725290775299,0.2840816676616668,-0.9278687238693236,-1.1404218673706057,-1.9018759727478027,0.3958149254322052,0.2546977935543331,-0.2880485006784142,0.4801808735574976,96.0
1652956381.741332,-0.33417409658432,-0.9011136889457704,-0.3211829662322998,0.226065531373024,0.2946631908416748,-0.9284761548042296,-1.299907922744751,-1.659177303314209,0.2802177667617798,0.2388329951481106,-0.2991030314055272,0.4867121171346855,96.0
1652956381.751446,-0.3299792110919952,-0.9300894737243652,-0.3403483629226684,0.2124102115631103,0.3063670396804809,-0.9279122352600098,-1.3145596981048584,-1.4391688108444214,0.1865574419498443,0.2250347633563826,-0.3113741836750878,0.4922327753326878,96.0
1652956381.761349,-0.2921389639377594,-0.9786275625228882,-0.3248141705989837,0.2004641145467758,0.3176272511482239,-0.9267832040786744,-1.153265118598938,-1.22750985622406,0.1065480932593345,0.2130193312077432,-0.3232261127188842,0.4965228143552972,96.0
1652956381.771275,-0.2693675756454468,-1.001304030418396,-0.3054644465446472,0.1902965009212494,0.3270403444766998,-0.9256521463394164,-0.8902868628501892,-1.006449580192566,0.0559512637555599,0.2027561103783709,-0.3331699980265374,0.4995452941840267,96.0
1652956381.78114,-0.2528336942195892,-0.9890548586845398,-0.3002771139144897,0.1821091622114181,0.3338006436824798,-0.924885630607605,-0.582467794418335,-0.7876791954040527,0.0115800723433494,0.194412174496372,-0.3403326203080081,0.5014200385592534,96.0
1652956381.791524,-0.227897971868515,-0.9772523641586304,-0.3128132820129394,0.1758654564619064,0.3378224372863769,-0.9246336221694946,-0.2876036465167999,-0.5534234046936035,-0.0359169840812683,0.1879551186684283,-0.344602354605899,0.5021654896041257,96.0
1652956381.8012629,-0.2281633913516998,-0.95370215177536,-0.3382857143878937,0.171705812215805,0.3393995761871338,-0.9248378276824952,-0.0384497717022895,-0.2989996075630188,-0.0978559851646423,0.1835702918081822,-0.3462785181347598,0.5017905383818673,96.0
1652956381.8112211,-0.233922004699707,-0.9138194918632508,-0.3768730759620666,0.1696519404649734,0.3391533493995666,-0.9253070950508118,0.1279066503047943,-0.0507268942892551,-0.1789990812540054,0.1813326397738189,-0.3460167547786087,0.5002610298664875,96.0
1652956381.821098,-0.2273731827735901,-0.8698330521583557,-0.4299187958240509,0.169496551156044,0.338076114654541,-0.9257296919822692,0.1877918243408203,0.187668889760971,-0.2905272245407104,0.1810892660829993,-0.3448718961049885,0.4975213414101437,96.0
1652956381.831145,-0.2370661050081253,-0.8105406761169434,-0.464691162109375,0.1709955185651779,0.3370361030101776,-0.925833225250244,0.1610220521688461,0.4012670516967773,-0.4377107620239258,0.1826355292809713,-0.343767039010963,0.4934067316715004,96.0
1652956381.841103,-0.2585348486900329,-0.742581844329834,-0.4869323968887329,0.1739095598459243,0.3367706537246704,-0.9253869652748108,0.0841837376356124,0.6068044900894165,-0.5979084372520447,0.1857649754162624,-0.3434850858334446,0.4877834157978106,96.0
1652956381.8509588,-0.2692735493183136,-0.6608426570892334,-0.5121516585350037,0.178056463599205,0.3376673758029938,-0.9242708683013916,-0.022226458415389,0.7760164737701416,-0.743270218372345,0.1903138606027659,-0.344437620428907,0.4807444932084546,96.0
1652956381.929659,-0.26865154504776,-0.5873591303825378,-0.5235569477081299,0.1830649524927139,0.3398716449737549,-0.9224827885627748,-0.1367293298244476,0.911148488521576,-0.8823250532150269,0.1959029053394572,-0.346780417939441,0.4724553651025857,96.0
1652956381.929659,-0.2868363261222839,-0.5182807445526123,-0.5011148452758789,0.1887070089578628,0.3432168662548065,-0.9201042652130128,-0.1960726231336593,1.0332403182983398,-1.0239109992980957,0.2022879161487059,-0.3503396817424651,0.4628956354029552,96.0
1652956381.930399,-0.316584050655365,-0.4572722911834717,-0.4652124941349029,0.1948951780796051,0.3470789194107055,-0.9173614978790284,-0.1900349706411361,1.1370782852172852,-1.144501566886902,0.209339363568349,-0.3544546110501855,0.4520431050589243,96.0
1652956381.930572,-0.3439036011695862,-0.3979362845420837,-0.4308809638023376,0.2015390545129776,0.3508486151695251,-0.9144874215126038,-0.1102013140916824,1.231789231300354,-1.2413545846939087,0.2169172427662382,-0.3584771739525879,0.4399947336487029,96.0
1652956381.940524,-0.3679789304733276,-0.1763870120048523,-0.2450514435768127,0.2402322888374328,0.3539381325244903,-0.903889536857605,0.5209356546401978,1.566348910331726,-1.779518723487854,0.2597708318668618,-0.361778477660544,0.3589747259094989,96.0
1652956381.9575691,-0.376763105392456,-0.1537070274353027,-0.2345421910285949,0.2478873133659362,0.3540948033332824,-0.9017587304115297,0.4227685630321502,1.575364351272583,-1.8764833211898804,0.2682668910246352,-0.3619459810609939,0.338842627504001,96.0
1652956381.964792,-0.3928795456886291,-0.1250839829444885,-0.2212917506694793,0.2552910149097442,0.3558589816093445,-0.8989943861961365,0.245254248380661,1.5867136716842651,-1.9442766904830933,0.2766899639734188,-0.3638330534519322,0.318241702110223,96.0
1652956381.970396,-0.4067768156528473,-0.0880772471427917,-0.1966519653797149,0.2624286413192749,0.3596005439758301,-0.8954432606697083,0.0503083951771259,1.5851231813430786,-1.985359787940979,0.2850880503549154,-0.3678397741330854,0.297683373360958,96.0
1652956381.980349,-0.4260395169258117,-0.0559763312339782,-0.1638697385787964,0.2692401707172394,0.3649958074092865,-0.8912282586097717,-0.0561642535030841,1.572073459625244,-2.0249719619750977,0.2933823950190893,-0.3736283049798931,0.2771606867291352,96.0
1652956381.9901729,-0.417249858379364,-0.0311070680618286,-0.1254402101039886,0.2755261957645416,0.3708930313587188,-0.8868616819381714,-0.006762946024537,1.5386848449707031,-2.047714948654175,0.3012218199625412,-0.379970469318452,0.2564242576274052,96.0
1652956382.000005,-0.3813706040382385,-0.0188502073287963,-0.1022015810012817,0.2812576293945312,0.3758679330348968,-0.8829594850540161,0.1840360462665558,1.5054092407226562,-2.0727860927581787,0.3083777170607848,-0.3853332017693646,0.235066734359465,96.0
1652956382.010017,-0.3392370045185089,0.0113325715065002,-0.0709205567836761,0.2864720523357391,0.3788581192493438,-0.8800001740455627,0.493809312582016,1.4808409214019775,-2.1214468479156494,0.3147169516650074,-0.3885621272661292,0.2124814673429529,96.0
1652956382.0199509,-0.2821409106254577,0.0418136119842529,-0.0463440418243408,0.2911435663700104,0.3793823421001434,-0.8782393932342529,0.7789867520332336,1.4402728080749512,-2.177837371826172,0.3201070336904099,-0.3891286485600921,0.1883243142560363,96.0
1652956382.030116,-0.2219110131263733,0.0672702193260192,-0.0248588323593139,0.2951531410217285,0.3783896863460541,-0.8773288130760193,0.9001125693321228,1.3859775066375732,-2.233647346496582,0.3245282098280535,-0.3880560105996156,0.1628924596784992,96.0
1652956382.0399709,-0.1825973987579345,0.084086000919342,-0.018292486667633,0.2984115779399872,0.3773164749145508,-0.876688539981842,0.8592362403869629,1.301026701927185,-2.264902353286743,0.328083505425037,-0.3868968761487501,0.1369211051872421,96.0
1652956382.049763,-0.1734402477741241,0.0995696783065795,-0.0233975052833557,0.3008358180522918,0.3771724998950958,-0.8759216666221619,0.7287070155143738,1.2175445556640625,-2.2935352325439453,0.3308283125114094,-0.3867414002983945,0.1109275392012586,96.0
1652956382.059766,-0.1699816584587097,0.108988881111145,-0.0068815946578979,0.3024584352970123,0.3783415257930755,-0.874858021736145,0.5905648469924927,1.1421411037445068,-2.3065991401672363,0.3328593992965648,-0.3880039918105508,0.0852342615298158,96.0
1652956382.069742,-0.152208924293518,0.0942497849464416,0.0441549122333526,0.3032556176185608,0.380726009607315,-0.8735466003417969,0.4673633277416229,1.039527177810669,-2.3061318397521973,0.3341375880567994,-0.3905813182210131,0.0599301728333578,96.0
1652956382.079706,-0.1316490769386291,0.0783442258834838,0.0940141081809997,0.3031120598316192,0.3838148415088653,-0.8722437620162964,0.436531662940979,0.9395582675933838,-2.27590274810791,0.334453427124982,-0.3939240145674664,0.0350254273790623,96.0
1652956382.089772,-0.1394263207912445,0.0740113854408264,0.1133022308349609,0.3022528290748596,0.3864230811595917,-0.8713899254798889,0.5487027764320374,0.8728277683258057,-2.24576187133789,0.3338773185311642,-0.39675025564506,0.0102284709786364,96.0
1652956382.099766,-0.148442655801773,0.0862544178962707,0.1392223536968231,0.3009389340877533,0.3877093493938446,-0.8712732791900635,0.7004792094230652,0.8171977996826172,-2.2268271446228027,0.3325721392036225,-0.3981452732375739,-0.0148294495659138,96.0
1652956382.109649,-0.130740612745285,0.0994318127632141,0.2113169729709625,0.2992738783359527,0.3876056969165802,-0.8718927502632141,0.854680597782135,0.7845708727836609,-2.229743003845215,0.3306454447566008,-0.3980328150456893,-0.0403485551422992,96.0
1652956382.119691,-0.1074116826057434,0.1196163296699523,0.2517669200897217,0.2973988056182861,0.3864776790142059,-0.8730342984199524,0.9160270690917968,0.7640986442565918,-2.228853464126587,0.3283206941318403,-0.3968094478574552,-0.0662719251811155,96.0
1652956382.129532,-0.0720711350440979,0.1349128484725952,0.3032760322093963,0.295230895280838,0.3851547241210937,-0.8743537664413452,0.8896520733833313,0.7131678462028503,-2.2289905548095703,0.3256360102771188,-0.3953754769678283,-0.0922528446132391,96.0
1652956382.139696,-0.064350426197052,0.1243202686309814,0.3475131690502167,0.2927897274494171,0.3843898773193359,-0.8755105137825012,0.768325924873352,0.6813252568244934,-2.204728364944458,0.3227297808508373,-0.3945468307438819,-0.1178130474682476,96.0
1652956382.149596,-0.0840360522270202,0.1134835481643676,0.355197012424469,0.2902585566043854,0.3847168982028961,-0.8762093782424927,0.5965337157249451,0.6496991515159607,-2.126990556716919,0.3198889814817853,-0.3949011039199582,-0.1423674774219976,96.0
1652956382.159662,-0.100814402103424,0.1139842867851257,0.3678685426712036,0.2879176735877991,0.3862360119819641,-0.8763133883476257,0.4241206645965576,0.6338146924972534,-2.004426956176758,0.3174444383708794,-0.3965474447967778,-0.1652464551637806,96.0
1652956382.169662,-0.1176238358020782,0.121472954750061,0.3784497082233429,0.2858824729919433,0.3885790407657623,-0.8759437799453735,0.3123524188995361,0.6127092838287354,-1.8633530139923096,0.3154712373624842,-0.3990889562243696,-0.1862965606529484,96.0
1652956382.179613,-0.1298908293247223,0.1462024450302124,0.3969302773475647,0.2841876745223999,0.390926718711853,-0.8754504919052124,0.3441542685031891,0.6015980243682861,-1.7399336099624634,0.3138870612844396,-0.4016382349026244,-0.2058396155887968,96.0
1652956382.189477,-0.1162495017051696,0.1721346378326416,0.4206737279891968,0.2828907072544098,0.3919177949428558,-0.8754274845123291,0.5308243632316589,0.5982090830802917,-1.61941397190094,0.312553916098939,-0.4027152255484288,-0.2245706909110341,96.0
1652956382.1995502,-0.0762929320335388,0.1868802309036255,0.4389768838882446,0.2819203436374664,0.3906586766242981,-0.8763028979301453,0.7588162422180176,0.574436604976654,-1.5067132711410522,0.3112584396749218,-0.4013470235874861,-0.2427970520044002,96.0
1652956382.2094169,-0.0332108736038208,0.1910220384597778,0.4630643725395202,0.2810898721218109,0.3874604701995849,-0.8779879808425903,0.8898367881774902,0.5270823240280151,-1.4180980920791626,0.3098410845065874,-0.3978752980960223,-0.2605867534073315,96.0
1652956382.219483,-0.0039819180965423,0.1865796446800232,0.4574180841445923,0.2801354527473449,0.3837073743343353,-0.879939079284668,0.8256775140762329,0.4641806185245514,-1.3396941423416138,0.3082125494939299,-0.393807634901098,-0.2776248767268278,96.0
1652956382.22932,0.0096830129623413,0.1881063580513,0.4178574085235595,0.2790285348892212,0.3808943927288055,-0.8815115094184875,0.6413543820381165,0.4239325225353241,-1.275126576423645,0.3065559102619263,-0.3907634006460291,-0.2934939901250685,96.0
1652956382.2396111,0.005829632282257,0.1844699382781982,0.3761132657527923,0.2778922617435455,0.3796850442886352,-0.8823917508125305,0.4147782325744629,0.393792986869812,-1.2047983407974243,0.3050978087055133,-0.3894558254587139,-0.307956362398975,96.0
1652956382.249335,-0.001892477273941,0.1826076507568359,0.3618175089359283,0.2769168615341186,0.3800800442695617,-0.8825283050537109,0.2378317564725875,0.3936900794506073,-1.1383707523345947,0.3040476108140994,-0.3898828200024676,-0.321039288820063,96.0
1652956382.259231,-0.0042393207550048,0.1901875138282776,0.367093563079834,0.2762424349784851,0.3815331161022186,-0.8821125626564026,0.1194483861327171,0.3955156803131103,-1.0465614795684814,0.3034861075616793,-0.3914543156831274,-0.3328466037711597,96.0
1652956382.269484,0.0059876441955566,0.2089793682098388,0.3676678538322449,0.2758879363536834,0.3835985958576202,-0.8813273906707764,0.031918004155159,0.3894987404346466,-0.9562017917633056,0.3033738472752573,-0.3936898368221029,-0.3433981314369497,96.0
1652956382.279202,0.0316779017448425,0.2172090411186218,0.3472286462783813,0.2756798565387726,0.3859713971614837,-0.8803560137748718,0.0034623933024704,0.353005975484848,-0.8626396059989929,0.3034731612497364,-0.3962605845368783,-0.3528185191178765,96.0
1652956382.2893429,0.0583566427230834,0.2054622173309326,0.3241645991802215,0.2753988206386566,0.3880393505096435,-0.8795344829559326,0.0454734936356544,0.3024956583976745,-0.775664746761322,0.3034485548898326,-0.3985033031158102,-0.3613386700462723,96.0
1652956382.299,0.0561519861221313,0.2005203366279602,0.3084293305873871,0.2750400006771087,0.3893245458602905,-0.87907874584198,0.1258591413497924,0.2695158720016479,-0.697735071182251,0.3032246470810765,-0.3998981609994055,-0.3692181084871658,96.0
1652956382.309184,0.0498055815696716,0.1847108602523803,0.3077613711357116,0.2746878266334533,0.3897483348846435,-0.8790010213851929,0.1903001219034195,0.2466898709535598,-0.6438457369804382,0.3028848615198785,-0.4003583154615751,-0.3766500344004909,96.0
1652956382.319198,0.049928069114685,0.1652435660362243,0.300434798002243,0.274305909872055,0.3897354304790497,-0.8791260123252869,0.1834446191787719,0.2159660458564758,-0.5887691378593445,0.3024485698133944,-0.4003442969191887,-0.3836256697178405,96.0
1652956382.328964,0.045490026473999,0.1579357385635376,0.2723942697048187,0.2738916575908661,0.3899897038936615,-0.8791424036026001,0.1087241694331169,0.1902937591075897,-0.548699140548706,0.3020138010082366,-0.4006204216979179,-0.3899474794732205,96.0
1652956382.339224,0.0448071658611297,0.164678156375885,0.2465961277484893,0.2734148502349853,0.3909465372562408,-0.8788658380508423,0.0048145470209419,0.1723147630691528,-0.5163606405258179,0.3016085920716039,-0.4016597528425594,-0.3956113158128788,96.0
1652956382.3488588,0.0531227588653564,0.1803100109100341,0.2431994080543518,0.2728965282440185,0.3926953375339508,-0.8782470226287842,-0.0881968140602111,0.1617302894592285,-0.4947533309459686,0.3012703043721605,-0.4035605374782963,-0.40068936690213,96.0
1652956382.358855,0.0593951940536499,0.1917215585708618,0.2413606345653534,0.2722850739955902,0.3951292037963867,-0.8773447275161743,-0.1678088158369064,0.1275097429752349,-0.4526266455650329,0.3009261507255154,-0.4062084962100906,-0.405195698736788,96.0
1652956382.368762,0.0644440948963165,0.1845044493675232,0.2254376709461212,0.2715238630771637,0.397944837808609,-0.8763074278831482,-0.2174520194530487,0.0769525542855262,-0.3850384950637817,0.3004688421357508,-0.4092755670404985,-0.4089318842821768,96.0
1652956382.378876,0.0656890273094177,0.1666711568832397,0.2060492634773254,0.2705536484718323,0.4008690118789673,-0.875274121761322,-0.2362259775400161,0.0257058776915073,-0.3040043711662292,0.2997910539315648,-0.4124652263983872,-0.4117866048076974,96.0
1652956382.3888102,0.0617444515228271,0.1307848691940307,0.1993815600872039,0.2694627940654754,0.4033558368682861,-0.8744677305221558,-0.1915421187877655,-0.0529918074607849,-0.2136957645416259,0.2989123526326785,-0.4151813081228309,-0.4139668780927202,96.0
1652956382.3986669,0.0467695295810699,0.0962189435958862,0.2267930805683136,0.2680040001869201,0.4058515429496765,-0.8737610578536987,-0.2643899619579315,-0.1152589172124862,-0.127618134021759,0.2976146627733614,-0.4179103644504765,-0.4148450054644761,96.0
1652956382.408623,0.0341474115848541,0.0855612754821777,0.2188425958156585,0.2662981450557709,0.4082630574703216,-0.8731589913368225,-0.2009699791669845,-0.1360631585121154,-0.1388787925243377,0.2960215269964586,-0.4205505268678273,-0.4155132433227564,96.0
1652956382.4184508,0.0453794300556182,0.0713002681732177,0.2247473299503326,0.2646333575248718,0.4100793004035949,-0.8728139400482178,-0.1535228341817855,-0.1352125406265258,-0.0899455994367599,0.2943859797277693,-0.4225410017511255,-0.4161571450618821,96.0
1652956382.42859,0.0551003813743591,0.0739123821258544,0.2337037920951843,0.2633047699928283,0.4115751087665558,-0.872511625289917,-0.1663769036531448,-0.1101654022932052,-0.0328613147139549,0.2930871341403897,-0.4241816727242505,-0.4162843316254125,96.0
1652956382.438593,0.0432801246643066,0.0817736387252807,0.1973729729652404,0.2623381614685058,0.4133142232894897,-0.8719805479049683,-0.224304661154747,-0.0840485766530036,-0.0146657973527908,0.2922393913444333,-0.4260907260210973,-0.4159311408113554,96.0
1652956382.448567,0.0242466032505035,0.0810236930847168,0.1633484661579132,0.2616878151893616,0.4154631197452545,-0.8711543083190918,-0.2646624743938446,-0.0662152543663978,0.0246009137481451,0.2918164167532485,-0.428451896400238,-0.4151097821940416,96.0
1652956382.458415,0.0167458057403564,0.081266701221466,0.1448854804039001,0.2613761126995086,0.4177975654602051,-0.8701308369636536,-0.294444590806961,-0.0505225770175457,0.0661424994468689,0.2918119124517388,-0.4310198258370801,-0.4137385179818938,96.0
1652956382.4684858,0.0189225673675537,0.0648702383041381,0.1433961689472198,0.2612745463848114,0.4200955927371979,-0.8690542578697205,-0.2782098352909088,-0.0460696667432785,0.0995636135339737,0.2920460601222975,-0.4335506626647671,-0.4119563293915326,96.0
1652956382.478555,0.0222493112087249,0.0532929897308349,0.1372376680374145,0.2613199949264526,0.4220732152462005,-0.86808180809021,-0.2520945966243744,-0.0457708612084388,0.1227994188666343,0.2924028938361366,-0.4357309919837315,-0.4099767724053543,96.0
1652956382.488347,0.0216092467308044,0.0449020266532897,0.1235849261283874,0.2614717781543731,0.4238546192646026,-0.8671676516532898,-0.2436393499374389,-0.0518284328281879,0.1466790735721588,0.2928542775394278,-0.4376969080610148,-0.4077695077826148,96.0
1652956382.49821,0.0181939601898193,0.0283087491989135,0.0927812159061431,0.2616827189922333,0.4255140423774719,-0.8662909269332886,-0.2360040545463562,-0.0513506643474102,0.1651944369077682,0.2933571395953321,-0.4395298270806455,-0.405367925849645,96.0
