1652969391.96825,-0.0287559106945991,0.0028299689292907,-0.0023301746696233,0.1001214906573295,-0.017628263682127,-0.9948190450668336,-0.0336885713040828,0.3766293823719024,0.5354958176612854,0.1003051641677109,0.0176291763161742,0.1344911747788678,123.0
1652969391.978082,-0.0332352817058563,-0.0127913951873779,0.0078049339354038,0.1039447337388992,-0.0176773183047771,-0.9944259524345398,-0.0622168146073818,0.4097247719764709,0.5033098459243774,0.1041491627121509,0.0176782381884576,0.1396845016263172,123.0
1652969391.987965,-0.0172634795308113,-0.0104933381080627,0.0293295066803693,0.1080077290534973,-0.0176869966089725,-0.9939926862716676,-0.0342083536088466,0.4228791892528534,0.472180962562561,0.1082358326636021,0.0176879183249278,0.1445599788426943,123.0
1652969391.997929,-0.0115782618522644,-0.010126769542694,0.0561824589967727,0.1121949404478073,-0.0181727651506662,-0.9935200214385986,0.0318223275244236,0.4363842308521271,0.4269722402095794,0.112450310493566,0.0181737648529666,0.1490245768305613,123.0
1652969392.0078912,-0.0076982900500297,-0.0138657093048095,0.071446493268013,0.1164021268486976,-0.0192308705300092,-0.9930159449577332,0.0884429961442947,0.4297311305999756,0.375302106142044,0.1166882858199561,0.0192320569212849,0.1529172674990459,123.0
1652969392.017888,-0.001039795577526,0.0111833214759826,0.0659727230668068,0.1205773800611496,-0.0205472558736801,-0.9924912452697754,0.0948205962777137,0.4287429451942444,0.321005254983902,0.1208971326430175,0.0205487013369363,0.156261862774315,123.0
1652969392.0279331,-0.0067103579640388,0.0198416709899902,0.0477613434195518,0.1247525811195373,-0.0217908322811126,-0.9919485449790956,0.0779372230172157,0.4272808730602264,0.2453413754701614,0.1251083218138209,0.0217925566034018,0.1589528029154162,123.0
1652969392.038011,-0.0131509751081466,-0.0064556002616882,0.0541480705142021,0.1289348900318145,-0.0227149110287427,-0.9913928508758544,0.0481833890080452,0.428954929113388,0.1722426563501358,0.1293283864699453,0.0227168645717768,0.1609207150767738,123.0
1652969392.047771,0.0003381967544555,-0.0233662128448486,0.0640448406338691,0.1329933255910873,-0.0234411507844924,-0.990839660167694,0.0541459396481514,0.4004218280315399,0.1350404322147369,0.1334254105412692,0.0234432975485726,0.1623426467700681,123.0
1652969392.0582871,0.0267470926046371,-0.040451169013977,0.0918435528874397,0.1366137117147445,-0.0243233628571033,-0.9903257489204408,0.095331996679306,0.3405252695083618,0.1235636100172996,0.1370830751428344,0.0243257615655715,0.1635426462069664,123.0
1652969392.067904,0.0329065173864364,-0.0613990426063537,0.1054979041218757,0.1396095752716064,-0.0258011985570192,-0.9898704290390016,0.1642929464578628,0.2800632417201996,0.1127160191535949,0.1401140648471506,0.0258040628439268,0.1645278159083936,123.0
1652969392.07905,0.0197755694389343,-0.0779938697814941,0.1126333400607109,0.142074629664421,-0.0278096813708543,-0.9894652366638184,0.2074183821678161,0.2254613488912582,0.1001469641923904,0.1426125297346079,0.0278132670179342,0.1653305770597783,123.0
1652969392.087738,0.0048447698354721,-0.0916352868080139,0.0713504031300544,0.1440659761428833,-0.0299685150384902,-0.9891141653060912,0.1992038637399673,0.1887291669845581,0.0830342918634414,0.1446344535263687,0.0299730024372722,0.1659229857531867,123.0
1652969392.097682,-0.0033437013626098,-0.0821874141693115,0.0188667327165603,0.1457389444112777,-0.0318061336874961,-0.9888116717338562,0.1523745656013488,0.1515424847602844,0.0584082715213298,0.1463344131604272,0.0318114998304072,0.1663666227840988,123.0
1652969392.1075702,-0.0081622749567031,-0.0683692693710327,-0.0049058347940444,0.1470327377319336,-0.0331342741847038,-0.9885764718055724,0.1014016717672348,0.114160768687725,0.0391429662704467,0.1476494039986849,0.0331403412300951,0.166655364926491,123.0
1652969392.117481,-0.0040516108274459,-0.0599907040596008,0.0039928071200847,0.1479422152042389,-0.034037310630083,-0.9884101152420044,0.0744488835334777,0.0657639876008033,0.0385603457689285,0.1485739962704975,0.0340438876261624,0.1669204055101634,123.0
1652969392.12748,-0.0036707371473312,-0.0635522603988647,0.0216836966574192,0.1484158337116241,-0.034806203097105,-0.9883123636245728,0.0744747146964073,0.0327320024371147,0.0376466140151023,0.14905715784997,0.0348132361452751,0.1671947143607139,123.0
1652969392.137522,-0.0085414946079254,-0.0629364848136901,0.0148762464523315,0.1486021429300308,-0.0355823710560798,-0.9882566928863524,0.0686416625976562,0.0085767079144716,0.037769004702568,0.1492497957249452,0.0355898831900141,0.1674715019012082,123.0
1652969392.147226,-0.0115221142768859,-0.061594545841217,-0.009646400809288,0.1485767811536789,-0.0361299142241478,-0.988240659236908,0.0278843790292739,-0.0120300343260169,0.0497463047504425,0.1492270780281417,0.0361377798289904,0.1678467601161171,123.0
1652969392.15713,-0.0097294896841049,-0.0584160089492797,-0.0255070962011814,0.1483863145112991,-0.0363672412931919,-0.9882605671882628,0.0042261867783963,-0.0236797668039798,0.0631574541330337,0.1490356506301627,0.0363752617593401,0.1683829582677798,123.0
1652969392.167093,-0.0087026208639144,-0.0495715141296386,-0.0316120721399784,0.1481223851442337,-0.0363505221903324,-0.9883007407188416,-0.0200812835246324,-0.021280525252223,0.0733967721462249,0.1487685022122592,0.0363585331816559,0.1690790609385908,123.0
1652969392.1771069,-0.0061224699020385,-0.0502923727035522,-0.0248588323593139,0.1478768289089203,-0.0362067893147468,-0.988342821598053,-0.0306798666715621,-0.0181917902082204,0.0899517834186554,0.1485192518682455,0.0362147030492888,0.1699169797916301,123.0
1652969392.1870298,0.0020311921834945,-0.0464619398117065,-0.0257605277001857,0.1476882696151733,-0.0361290723085403,-0.988373875617981,-0.0140628051012754,-0.0129219265654683,0.1029725074768066,0.1483280494559734,0.036136935544492,0.1708904385183743,123.0
1652969392.1969872,0.007824569940567,-0.0341620445251464,-0.0321436151862144,0.1475711613893509,-0.0361546725034713,-0.9883903861045836,-0.0115067027509212,0.0022751356009393,0.1116986200213432,0.1482097048363236,0.0361625537004099,0.1719855599307198,123.0
1652969392.207067,0.0028944313526153,-0.011869192123413,-0.0406239069998264,0.1475421786308288,-0.0362803377211093,-0.9883901476860046,0.0029156454838812,0.0032727557700127,0.130120500922203,0.1481810670074814,0.0362883003547291,0.1731834120184571,123.0
1652969392.217125,0.0009772032499313,0.0214095115661621,-0.0454485863447189,0.1474910378456115,-0.0365063212811946,-0.9883894324302672,0.0081158000975847,-0.0025969576090574,0.1398197412490844,0.1481305519525616,0.0365144355596484,0.1744913670273107,123.0
1652969392.235248,-0.0020686388015747,0.0352806448936462,-0.0546793863177299,0.1473935693502426,-0.0368732996284961,-0.988390326499939,0.0120093412697315,-0.0036883209832012,0.1628608703613281,0.1480339579279593,0.0368816607484644,0.1759647872831557,123.0
1652969392.237944,-0.0078348368406295,0.036538541316986,-0.0598729290068149,0.1472698599100113,-0.0371881760656833,-0.9883970022201538,-0.0083833485841751,-0.0013792539248242,0.1912072449922561,0.1479105238944498,0.0371967541136925,0.1776993975636137,123.0
1652969392.24698,-0.0136875957250595,0.0425705313682556,-0.0714376047253608,0.1473242938518524,-0.0372507013380527,-0.9883865118026732,-0.0514754243195056,0.0351625122129917,0.2282760590314865,0.1479659564673196,0.037259321677919,0.1798030332155169,123.0
1652969392.257083,-0.0159434527158737,0.0420104265213012,-0.0801798850297927,0.1477796137332916,-0.0369465388357639,-0.9883299469947816,-0.0891999006271362,0.0842147395014762,0.2705514430999756,0.1484249521640401,0.0369549483566636,0.182345123993502,123.0
1652969392.266739,-0.0122338533401489,0.0383391380310058,-0.0840986669063568,0.1488154828548431,-0.0362931378185749,-0.9881987571716307,-0.1353958994150161,0.1485793590545654,0.3185197710990906,0.1494695247649478,0.0363011092409437,0.1854429278080361,123.0
1652969392.277194,-0.0189131796360015,0.0362836122512817,-0.0980647653341293,0.1504746675491333,-0.0355564020574092,-0.987974226474762,-0.1159439533948898,0.2112824022769928,0.3415689170360565,0.1511447006813505,0.0355638981255731,0.1888951198407569,123.0
1652969392.286775,-0.0369675159454345,0.0340037941932678,-0.0907296240329742,0.1527819335460662,-0.0352163724601268,-0.9876322746276855,-0.0700454413890838,0.2912949621677398,0.3560730218887329,0.1534785949218548,0.0352236548659775,0.1924537196488582,123.0
1652969392.296725,-0.041918471455574,-0.0035756826400756,-0.0706527754664421,0.1560086458921432,-0.0351058430969715,-0.987131655216217,-0.0841609388589859,0.3916682600975036,0.3687055706977844,0.1567459356140673,0.0351130569656769,0.1960880215436223,123.0
1652969392.30685,0.0006691515445709,-0.0041005611419677,-0.0225915573537349,0.1599145531654358,-0.0348577387630939,-0.98651522397995,-0.1039428934454917,0.4211473166942596,0.3550539314746856,0.1607026007237343,0.0348648010247337,0.1997998538733345,123.0
1652969392.316704,0.0432591587305069,0.0458345413208007,-0.0006392002105712,0.1637265384197235,-0.0346238203346729,-0.985897958278656,-0.0803176611661911,0.3838431239128113,0.3055082559585571,0.1645665565219106,0.034630742123033,0.203213569128438,123.0
1652969392.326737,0.0482109785079956,0.0569096207618713,-0.0023528188467025,0.1671365350484848,-0.0344818606972694,-0.9853305816650392,-0.0407342985272407,0.3267273604869842,0.2388400137424469,0.1680255002345833,0.0344886958019781,0.20596435062489,123.0
1652969392.336561,0.0461862981319427,0.0427436232566833,0.0225738883018493,0.1699088811874389,-0.0346130318939685,-0.9848517179489136,0.0054993778467178,0.2544574737548828,0.1753863245248794,0.1708405878152654,0.034619946457796,0.2080391273539406,123.0
1652969392.34672,0.0442798286676406,0.0069851875305175,0.0298533476889133,0.1719221472740173,-0.0352854318916797,-0.9844784140586852,0.0791389718651771,0.1713244915008545,0.1216791570186615,0.1728892905998699,0.0352927585560512,0.2094232296553922,123.0
1652969392.356525,0.0509966313838958,-0.0362911224365234,0.0469576120376586,0.173216238617897,-0.0366578884422779,-0.9842013716697692,0.1598233729600906,0.1007134541869163,0.0874980166554451,0.1742126326440202,0.0366661044677667,0.2102182855925845,123.0
1652969392.366496,0.0471910238265991,-0.0725430250167846,0.0554713532328605,0.1739700883626938,-0.0386866442859172,-0.9839907288551332,0.2222393453121185,0.059954572468996,0.0732410475611686,0.1749921628268905,0.0386963011730503,0.2106570226903304,123.0
1652969392.376445,0.0349376201629638,-0.0879173874855041,0.0351458974182605,0.1743368804454803,-0.0410662628710269,-0.983829379081726,0.2330236732959747,0.022608209401369,0.071694403886795,0.1753817811197925,0.0410778149307996,0.2109521657777106,123.0
1652969392.386375,0.0195078998804092,-0.0808192491531372,-0.0039213187992572,0.1743704825639724,-0.0433503687381744,-0.9837254285812378,0.2078637331724167,-0.0080461045727133,0.0844285786151886,0.1754330551859997,0.0433639594569581,0.2113054337178032,123.0
1652969392.396311,0.0113529711961746,-0.0656980276107788,-0.0189282298088073,0.1740415096282959,-0.0453264899551868,-0.9836946129798888,0.1614746004343032,-0.0523272827267646,0.1120928078889846,0.175114179581424,0.0453420234206471,0.2119361738195323,123.0
1652969392.406354,-0.0035231113433837,-0.0367396473884582,-0.0184144489467144,0.1733078807592392,-0.0468473546206951,-0.9837528467178344,0.1007537245750427,-0.0856133326888084,0.1387366652488708,0.1743808141053118,0.0468645074547919,0.2129511868963876,123.0
1652969392.4164062,-0.0219464898109436,-0.0131861567497253,-0.037271574139595,0.172230526804924,-0.0477350987493991,-0.9838994145393372,0.0165587533265352,-0.1147782504558563,0.181537315249443,0.1732931325333036,0.0477532444779184,0.2144061334045528,123.0
1652969392.426233,-0.0380167067050933,0.0077578425407409,-0.0559122413396835,0.1708904504776001,-0.0476491190493106,-0.9841371774673462,-0.1100151687860488,-0.1297137886285781,0.2354386299848556,0.1719305809236584,0.047667169446189,0.2165393840494186,123.0
1652969392.4362168,-0.0426078140735626,0.0473524332046508,-0.0612059757113456,0.169545903801918,-0.046490516513586,-0.984425127506256,-0.2095653265714645,-0.1172373071312904,0.2893424034118652,0.1705551004555997,0.0465072808812571,0.2194005613875306,123.0
1652969392.4460669,-0.0426608324050903,0.0704891085624694,-0.0510722436010837,0.1683934479951858,-0.0447376556694507,-0.9847041368484496,-0.2446673661470413,-0.0863307937979698,0.3411888480186462,0.1693708347405764,0.0447525914321669,0.222914362914517,123.0
1652969392.456166,-0.0450551062822341,0.0892943739891052,-0.0336055643856525,0.1676444262266159,-0.0430087707936763,-0.984908938407898,-0.2336148768663406,-0.0304403603076934,0.3957917690277099,0.1685972853071954,0.0430220420040425,0.2269352569797277,123.0
1652969392.4661012,-0.0458806753158569,0.1253149509429931,-0.017024353146553,0.1675239652395248,-0.0414778068661689,-0.9849950671195984,-0.2237633019685745,0.0455806404352188,0.4529016613960266,0.1684639658891717,0.0414897083885773,0.2314900877371057,123.0
1652969392.476064,-0.0485558062791824,0.1609453558921814,-0.0191534012556076,0.168322280049324,-0.0400048904120922,-0.9849199056625366,-0.2435930669307708,0.1601506322622299,0.5149306058883667,0.1692642166600035,0.0400155690319043,0.2366322088500173,123.0
1652969392.4863548,-0.045905202627182,0.1964300274848938,-0.0239114537835121,0.1702645570039749,-0.0383138544857502,-0.9846532344818116,-0.2921832501888275,0.2771858870983124,0.5726101994514465,0.1712251075280433,0.0383232344437196,0.2424399108050955,123.0
1652969392.496014,-0.0380512624979019,0.2454811930656433,-0.0338203683495521,0.1733206510543823,-0.0360648520290851,-0.984204888343811,-0.3884873986244201,0.3933727443218231,0.6315160393714905,0.1743149111520617,0.0360726739916193,0.24894881857191,123.0
1652969392.506077,-0.0348982959985733,0.3286756873130798,-0.0579518489539623,0.177385076880455,-0.0327005833387374,-0.9835981130599976,-0.5366986989974976,0.48012176156044,0.6775567531585693,0.1784252035723343,0.0327064153389024,0.256192541913141,123.0
1652969392.515975,-0.0488747954368591,0.4032239913940429,-0.0717984139919281,0.182297870516777,-0.0280092991888523,-0.982844352722168,-0.6713972091674805,0.5642368793487549,0.722209095954895,0.1833957414273221,0.0280129619552754,0.2641608672403957,123.0
1652969392.526103,-0.0840386748313903,0.4455305933952331,-0.0573950000107288,0.1881953775882721,-0.0223626680672168,-0.9818769693374634,-0.7562058568000793,0.6868274807929993,0.756193995475769,0.1893722996900935,0.0223645330410416,0.2727468341470915,123.0
1652969392.535746,-0.1253569722175598,0.4583199620246887,-0.0359135195612907,0.1954102963209152,-0.0165156610310077,-0.9805825352668762,-0.723308801651001,0.8184300065040588,0.7709081172943115,0.1967029687380755,0.0165164118035592,0.2816545964106848,123.0
1652969392.54575,-0.1552349328994751,0.4477008581161499,-0.0283246226608753,0.2040632665157318,-0.0115313176065683,-0.9788897633552552,-0.6034066677093506,0.9753799438476562,0.7870311737060547,0.2055206074104699,0.0115315731771921,0.2905455203022439,123.0
1652969392.555936,-0.1715369224548339,0.4561806917190552,0.0077553689479827,0.2142312228679657,-0.0080910474061965,-0.9767494797706604,-0.4466019570827484,1.1261173486709597,0.8131101131439209,0.2159118872854238,0.0080911359933657,0.2994276955423808,123.0
1652969392.5657,-0.1657947748899459,0.476458728313446,0.0296547152101993,0.2257925271987915,-0.006369792856276,-0.9741545915603638,-0.2827086448669433,1.266094446182251,0.8470350503921509,0.2277612030688542,0.0063698358776538,0.3082730759374895,123.0
1652969392.575636,-0.151392787694931,0.4957342147827148,0.0520842000842094,0.2387495636940002,-0.0063078226521611,-0.9710606932640076,-0.1438786685466766,1.4139968156814575,0.9004278182983398,0.2410828714757258,0.0063078642969766,0.3172421376927825,123.0
1652969392.5856318,-0.1249564886093139,0.5118646025657654,0.117163248360157,0.2531305253505707,-0.0078340172767639,-0.9674004316329956,-0.0048531284555792,1.5841152667999268,0.9532028436660768,0.2559228342789,0.0078340976655136,0.3263930174163715,123.0
1652969392.595502,-0.0745562016963958,0.5032968521118164,0.156283438205719,0.2691822350025177,-0.0107908817008137,-0.9630287885665894,0.0876162201166153,1.7701507806777954,0.9936532974243164,0.2725601000414768,0.0107910906682103,0.3356315384670751,123.0
1652969392.605519,-0.0350668430328369,0.4748467206954956,0.1657041907310485,0.2868523299694061,-0.014596402645111,-0.9578635692596436,0.1278669685125351,1.9525996446609497,1.0072824954986572,0.2909713725609408,0.0145969211143247,0.3448884410751126,123.0
1652969392.615467,-0.0104191005229949,0.4344610571861267,0.1819332689046859,0.3061041235923767,-0.0189083609730005,-0.9518102407455444,0.1667576432228088,2.1271376609802246,0.9958240389823914,0.3111554962290669,0.0189094871238269,0.3539931631726158,123.0
1652969392.625526,0.0157546997070312,0.3743889331817627,0.2076522409915924,0.3266679942607879,-0.0238296091556549,-0.9448387026786804,0.2253767400979995,2.270525932312012,0.9621291160583496,0.33287417993293,0.023831864149566,0.3626615678573424,123.0
1652969392.635375,0.0317873656749725,0.2803753018379211,0.2291076779365539,0.3483092486858368,-0.0295074544847011,-0.936915159225464,0.3100052773952484,2.400353193283081,0.937227427959442,0.3559286673027297,0.0295117389233377,0.3706606703708133,123.0
1652969392.645342,0.0513252615928649,0.1723597049713134,0.2567690908908844,0.3707788288593292,-0.0360659696161747,-0.9280206561088562,0.3855522274971008,2.493812561035156,0.920121431350708,0.3801073942671079,0.0360737940406721,0.3780603831531173,123.0
1652969392.65526,0.0837599635124206,0.1074638962745666,0.28094682097435,0.3935198485851288,-0.0431996323168277,-0.9183005690574646,0.409555435180664,2.520050287246704,0.8918046951293945,0.404857258283669,0.043213079027153,0.3848624658889616,123.0
1652969392.6654248,0.1234025955200195,0.0855013728141784,0.2995477318763733,0.4159347414970398,-0.050417486578226,-0.9079957604408264,0.4004580676555633,2.491086721420288,0.8533728718757629,0.4295529438084235,0.0504388704025637,0.391210714291914,123.0
1652969392.675246,0.148368626832962,0.0591301321983337,0.3049863278865814,0.4374774992465973,-0.0575345493853092,-0.897386908531189,0.3967750668525696,2.397655725479126,0.8092545866966248,0.4535989392112861,0.0575663388295944,0.3970205627594445,123.0
1652969392.685178,0.1659452319145202,0.0348039269447326,0.3117691874504089,0.4578647315502167,-0.0643936842679977,-0.8866867423057556,0.3576737344264984,2.300145387649536,0.7447632551193237,0.4766632915392425,0.0644382682105162,0.4022699619367492,123.0
1652969392.69526,0.1785560250282287,-0.0092987418174743,0.3064998984336853,0.4772211015224457,-0.0704464167356491,-0.8759550452232361,0.2759937345981598,2.2254059314727783,0.6778651475906372,0.4988428258784859,0.0705048167534612,0.4070810527039948,123.0
1652969392.7051349,0.1932113766670227,-0.0801326036453247,0.3190172016620636,0.4958756864070892,-0.0758684054017067,-0.8650729656219482,0.2890639901161194,2.1863551139831543,0.570057213306427,0.5204942877655402,0.0759413811879614,0.4111774295816875,123.0
1652969392.715075,0.2096010446548462,-0.1347187757492065,0.3672250509262085,0.5140319466590881,-0.0812600702047348,-0.8539133071899414,0.3606996834278106,2.14969253540039,0.4638080894947052,0.5418682765905974,0.0813497679239891,0.4139870778440277,123.0
1652969392.725157,0.2278094887733459,-0.1809569597244262,0.4083522856235504,0.5316968560218811,-0.0868953838944435,-0.8424651622772217,0.4797533750534057,2.115689277648926,0.3454638719558716,0.5629883273936737,0.0870051101174637,0.4152663580418334,123.0
1652969392.734961,0.2364309430122375,-0.2254809141159057,0.4082604050636291,0.548969566822052,-0.0928307175636291,-0.8306713104248047,0.5801954865455627,2.0880613327026367,0.2097798138856887,0.5839819806577569,0.0929645658800757,0.4147203101148983,123.0
1652969392.744964,0.2330850958824157,-0.2451564669609069,0.4125112891197204,0.5656973719596863,-0.0985617116093635,-0.818701446056366,0.6276719570159912,2.0107414722442627,0.0534559711813926,0.604639182488701,0.098721988669766,0.412391401207714,123.0
1652969392.754895,0.2305294871330261,-0.2706075310707092,0.4007715582847595,0.5816806554794312,-0.1034235134720802,-0.8068153858184814,0.600085437297821,1.9328393936157229,-0.1012076735496521,0.6246542241976809,0.1036087838180122,0.4086276762435553,123.0
1652969392.76505,0.2276774048805236,-0.2861878275871277,0.379689872264862,0.5968923568725586,-0.1067559048533439,-0.7951871752738953,0.4950527548789978,1.8266489505767824,-0.2434662878513336,0.6439050155274535,0.1069597288504608,0.4039537638910687,123.0
1652969392.774843,0.2293938994407653,-0.2971874475479126,0.3750897645950317,0.6111212968826294,-0.1081677600741386,-0.7841112613677979,0.3518195748329162,1.7008038759231567,-0.3935787677764892,0.6620412638851942,0.1083798106869449,0.3988355465785086,123.0
1652969392.784771,0.2237944602966308,-0.3098856806755066,0.3817846179008484,0.6243501305580139,-0.1073552966117858,-0.7737323641777039,0.2296313494443893,1.5720129013061523,-0.5780279636383057,0.6789540993038048,0.1075625913072542,0.3932603027426312,123.0
1652969392.794771,0.2206363677978515,-0.3372766375541687,0.4024959504604339,0.6366787552833557,-0.1046443879604339,-0.7639958262443542,0.2350550591945648,1.4579622745513916,-0.8040807843208313,0.6947503108459415,0.1048363220802579,0.386504484038175,123.0
1652969392.804747,0.2155526280403137,-0.3732163906097412,0.463302344083786,0.6482780575752258,-0.1008297950029373,-0.7546979188919067,0.3613139390945434,1.356958508491516,-1.0686824321746826,0.7096902026878371,0.1010014327238155,0.3774662727712563,123.0
1652969392.8146749,0.2188389301300048,-0.405195415019989,0.492407739162445,0.6592281460762024,-0.0963506177067756,-0.7457444071769714,0.5602230429649353,1.246776103973389,-1.3505256175994873,0.7238972293620572,0.0965003208479454,0.3653354331138693,123.0
1652969392.8246632,0.2134386301040649,-0.4476959705352783,0.4662555754184723,0.6693891882896423,-0.0914996936917305,-0.7372556328773499,0.7901158928871155,1.1228933334350586,-1.6184334754943848,0.7371885398252567,0.0916278493109074,0.3497582248336757,123.0
1652969392.8349528,0.2022504210472107,-0.4460415244102478,0.4295181930065155,0.6786242723464966,-0.0863785222172737,-0.7293885946273804,1.0270826816558838,0.9760512113571168,-1.8664472103118896,0.7493599124986127,0.0864862977432877,0.3307727980275387,123.0
1652969392.8474832,0.1986938714981079,-0.4261873364448547,0.4158172309398651,0.6866515874862671,-0.0813750624656677,-0.7224178314208984,1.3271257877349854,0.7840902805328369,-2.102023124694824,0.7600207178732449,0.0814651371735148,0.308252616914436,123.0
1652969392.854557,0.2076112627983093,-0.3983047008514404,0.4048806726932525,0.6933287978172302,-0.0769387483596801,-0.7165022492408752,1.7016462087631226,0.5928418636322021,-2.329038619995117,0.7689625933004628,0.0770148589495256,0.2818607404882416,123.0
1652969392.8645449,0.2110412716865539,-0.3809624314308166,0.4075686931610107,0.6988098621368408,-0.0737979114055633,-0.7114903926849365,2.188664436340332,0.4444020390510559,-2.559231758117676,0.7764070200155568,0.0738650581833211,0.2508818693474653,123.0
1652969392.874438,0.2036576271057129,-0.4230861663818359,0.4296084344387054,0.7035080194473267,-0.0722017660737037,-0.7070101499557495,2.6455860137939453,0.3438319265842438,-2.807307720184326,0.7829153098682993,0.0722646498241858,0.2148021660289507,123.0
1652969392.88444,0.2052169442176818,-0.5475677847862244,0.3773055374622345,0.7078385353088379,-0.0711378827691078,-0.7027829885482788,2.906080484390259,0.2953530848026275,-3.059419870376587,0.7889820549783263,0.0711980175935955,0.1743820205976144,123.0
1652969392.894377,0.2064083218574524,-0.6501671671867371,0.2233738899230957,0.7120792269706726,-0.0692142695188522,-0.6986790895462036,2.9232962131500244,0.2860673367977142,-3.254295825958252,0.7948964002983626,0.0692696552232678,0.1314051554998676,123.0
1652969392.9048471,0.2290776371955871,-0.6437969207763672,0.1177068650722503,0.7160212397575378,-0.0655522346496582,-0.694993793964386,2.8251426219940186,0.1916795670986175,-3.3950188159942627,0.8002994258413338,0.0655992711392958,0.0876262230588836,123.0
1652969392.9143229,0.2961766123771667,-0.6043139100074768,0.0754019320011138,0.7188228368759155,-0.0602651350200176,-0.6925761699676514,2.749455213546753,-0.0161423794925212,-3.4481258392333984,0.8039921978672567,0.0603016732343822,0.0438855828036566,123.0
1652969392.9243,0.3909170627593994,-0.5899868011474609,0.1123296916484832,0.7197092771530151,-0.0546971634030342,-0.6921176314353943,2.754669427871704,-0.3043768405914306,-3.384186029434204,0.8049388965940651,0.0547244735688994,0.000410805771308,123.0
1652969392.9342232,0.4672755002975464,-0.602732241153717,0.2119171917438507,0.7181035876274109,-0.0501434057950973,-0.6941273212432861,2.7739083766937256,-0.6587039828300476,-3.214836597442627,0.8023740935736439,0.0501644431090547,-0.0423008175177732,123.0
1652969392.964229,0.5024496912956238,-0.6797583103179932,0.2175386995077133,0.7139351963996887,-0.0470521450042724,-0.6986289620399475,2.711636543273926,-0.9776742458343506,-2.9998433589935303,0.7962335284680743,0.0470695239591223,-0.0835856309364877,123.0
1652969392.974244,0.5120720267295837,-0.709782600402832,-0.3295889496803283,0.6890845894813538,-0.0348670929670333,-0.7238415479660034,1.5383541584014893,-1.6221274137496948,-2.709566593170166,0.7608038792900226,0.034874160678291,-0.1897626754374934,123.0
1652969393.006963,0.5329383611679077,-0.6393669247627258,-0.3884937763214111,0.6773430109024048,-0.0260568540543317,-0.7352057099342346,1.1343600749969482,-1.836550235748291,-2.7129127979278564,0.7444577418236533,0.0260598040212327,-0.2185315334355637,123.0
1652969393.013884,0.5771567821502686,-0.580152690410614,-0.3330638408660888,0.6308968663215637,0.0085553117096424,-0.7758194804191589,0.656414806842804,-2.314176082611084,-2.6697118282318115,0.6827384109308464,-0.0085554158315666,-0.2956671818600028,123.0
1652969393.024039,0.5953882336616516,-0.5443938970565796,-0.3302305340766907,0.6119177341461182,0.0197906047105789,-0.7906737923622131,0.6395050883293152,-2.4590446949005127,-2.5886192321777344,0.6586345685144154,-0.0197918961546614,-0.3202289455739565,123.0
1652969393.033876,0.620911180973053,-0.5001083612442017,-0.3121241927146911,0.5912318825721741,0.0297604501247406,-0.8059523701667786,0.6609387993812561,-2.5951356887817383,-2.458570003509521,0.6329102894725708,-0.0297648442183198,-0.3441735598915174,123.0
1652969393.043824,0.6356839537620544,-0.4442701935768127,-0.2938176095485687,0.5686465501785278,0.0379583947360515,-0.82170569896698,0.7286019921302795,-2.7758305072784424,-2.3289475440979004,0.6053582221087028,-0.0379675159095345,-0.3676055438852476,123.0
1652969393.053777,0.6354192495346069,-0.3974007368087768,-0.2969835102558136,0.5441614985466003,0.044237095862627,-0.8378133773803711,0.774699330329895,-2.9230005741119385,-2.183754205703736,0.5760250806404995,-0.0442515381480705,-0.3904694321325373,123.0
1652969393.063751,0.6261106729507446,-0.3516579270362854,-0.3446699380874634,0.5180696845054626,0.0489089973270893,-0.8539389371871948,0.7725930213928223,-3.03347110748291,-2.0562071800231934,0.5453185452939205,-0.0489285188765355,-0.4124792281377894,123.0
1652969393.07378,0.6107252836227417,-0.3024471402168274,-0.3987266421318054,0.4907151758670807,0.0525659099221229,-0.8697329759597778,0.7024711966514587,-3.101100206375122,-1.939649224281311,0.5136902603817368,-0.052590149001284,-0.4333964840632702,123.0
1652969393.083742,0.5895015001296997,-0.2437236905097961,-0.4070596098899841,0.462378442287445,0.055832952260971,-0.8849230408668518,0.5875574350357056,-3.14414119720459,-1.8275411128997805,0.4814906039863097,-0.0558620010967592,-0.4530008009342812,123.0
1652969393.093634,0.5730828046798706,-0.1788551807403564,-0.4047113358974457,0.4332649111747741,0.0590389110147953,-0.8993307948112488,0.47720468044281,-3.18092679977417,-1.7125215530395508,0.4489524032072182,-0.0590732616544344,-0.4711693477164412,123.0
1652969393.10356,0.568047821521759,-0.1412426829338073,-0.38383749127388,0.4034488499164581,0.0618314333260059,-0.9129106998443604,0.4304904341697693,-3.200857639312744,-1.5727777481079102,0.416128379020209,-0.0618708978998245,-0.4879411914491842,123.0
1652969393.11333,0.5658354759216309,-0.1059399843215942,-0.3314802050590515,0.3730989694595337,0.0637343972921371,-0.9255998134613036,0.4288343787193298,-3.2198166847229004,-1.4271302223205566,0.383166321784504,-0.0637776268231466,-0.5033901282261923,123.0
1652969393.123304,0.5578485727310181,-0.0809593796730041,-0.3108130097389221,0.3423132002353668,0.0643227100372314,-0.9373815655708312,0.488850861787796,-3.230262756347656,-1.2806057929992676,0.350133877596581,-0.0643671490642088,-0.5176456595151298,123.0
1652969393.133236,0.5334919691085815,-0.0567296743392944,-0.3184762895107269,0.3112194836139679,0.0632732212543487,-0.9482293725013732,0.5771781206130981,-3.228035926818848,-1.1257457733154297,0.3171335510552019,-0.0633155200457031,-0.5307250721074438,123.0
1652969393.1434,0.5090627670288086,-0.0319342613220214,-0.3189482688903808,0.2799998223781585,0.060342501848936,-0.9581016898155212,0.6874558925628662,-3.203390121459961,-0.9657328724861144,0.2843264406388541,-0.0603791832760225,-0.5425802919924873,123.0
1652969393.153173,0.4878092408180237,0.0060760974884033,-0.3015154600143432,0.2489615082740783,0.0554981753230094,-0.9669219851493835,0.8151050806045532,-3.1698896884918213,-0.7971006035804749,0.2520046613302181,-0.0555267027255843,-0.5530271372919175,123.0
1652969393.163182,0.4825670123100281,0.0553633570671081,-0.2793819308280945,0.2181166857481002,0.0487302467226982,-0.9747053384780884,0.9285752177238464,-3.1324338912963867,-0.6333611607551575,0.2201501145781552,-0.0487495548277769,-0.5619828767636088,123.0
1652969393.173081,0.489872395992279,0.0949122905731201,-0.2676509916782379,0.1874500960111618,0.0402799732983112,-0.9814478754997252,1.027673363685608,-3.1106979846954346,-0.4744469225406647,0.1887205841239829,-0.0402908734538802,-0.5693653867406845,123.0
1652969393.182935,0.4908407330513,0.1214577555656433,-0.2656316459178924,0.1570170372724533,0.0306770112365484,-0.9871193170547484,1.0700093507766724,-3.062074661254883,-0.3368688225746155,0.1577443594747746,-0.0306818248077474,-0.5751296725831291,123.0
1652969393.193011,0.4825629591941833,0.1257446408271789,-0.268610268831253,0.1271020621061325,0.020349970087409,-0.9916808605194092,1.0950217247009275,-2.983935594558716,-0.2052541077136993,0.1274733371505489,-0.0203513750137564,-0.5793171154328605,123.0
1652969393.202983,0.4718948006629944,0.1289130449295044,-0.2656168639659881,0.0980058535933494,0.0096356067806482,-0.995139181613922,1.1039931774139404,-2.892390489578247,-0.0966224372386932,0.0981679989328427,-0.0096357558045388,-0.5820329894460754,123.0
1652969393.213128,0.4631487727165222,0.1370606422424316,-0.2580393552780151,0.0697340592741966,-0.0013140697265043,-0.997564733028412,1.1093600988388062,-2.80322527885437,0.0070928893983364,0.0697907620350871,0.0013140701245084,-0.5834048626053631,123.0
1652969393.222959,0.4550853669643402,0.1321900486946106,-0.2542942762374878,0.0423207767307758,-0.0124444141983985,-0.9990265965461732,1.1225638389587402,-2.712002754211426,0.1186306029558181,0.0423367014034527,0.0124447354008397,-0.5834188512482664,123.0
1652969393.233022,0.460219532251358,0.1520936489105224,-0.238815501332283,0.0155649092048406,-0.0237270165234804,-0.9995973110198976,1.1275888681411743,-2.6588943004608154,0.2453991919755935,0.0155699218757658,0.0237292426364545,-0.5819396321667567,123.0
1652969393.2430382,0.4766079783439636,0.2064085006713867,-0.2269462645053863,-0.0108637977391481,-0.0349096059799194,-0.9993314146995544,1.1117150783538818,-2.638000965118408,0.3635532557964325,-0.0108706377675051,0.0349166988346677,-0.5789091123256432,123.0
1652969393.252975,0.4790513217449188,0.2360040545463562,-0.2150329500436782,-0.0372787192463874,-0.0457548126578331,-0.9982568621635436,1.0838340520858765,-2.634340047836304,0.4825490713119507,-0.0373264680869701,0.0457707937665907,-0.5744353023844817,123.0
1652969393.263022,0.471788078546524,0.2446184754371643,-0.1979979425668716,-0.0637068673968315,-0.0561369806528091,-0.9963884949684144,1.0645745992660522,-2.6236989498138428,0.5843912363052368,-0.0638508652979108,0.0561665065797714,-0.5685741469139785,123.0
1652969393.272866,0.4645259380340576,0.2446719408035278,-0.1946562230587005,-0.0899835228919982,-0.0661925747990608,-0.9937411546707152,1.062366008758545,-2.591536045074463,0.6758696436882019,-0.0903039896720772,0.0662410088048674,-0.5614747981839536,123.0
1652969393.283,0.4590339064598083,0.2495906352996826,-0.1880367994308471,-0.1158330664038658,-0.0757722035050392,-0.9903743267059326,1.0263392925262451,-2.5344603061676025,0.7551255822181702,-0.1164299037469823,0.0758448989531842,-0.5532780885501186,123.0
1652969393.2928228,0.4593046307563782,0.2645256519317627,-0.1808999478816986,-0.1411739587783813,-0.0846638157963752,-0.9863579273223876,0.982269048690796,-2.480435609817505,0.8224083185195923,-0.142161014507433,0.0847652874459018,-0.5441467619263235,123.0
1652969393.3028069,0.4575459957122803,0.249422013759613,-0.1662452816963195,-0.1658130139112472,-0.0926198735833168,-0.9817981719970704,0.9064227342605592,-2.382204055786133,0.8965438008308411,-0.1673082963031095,0.0927528118885675,-0.5341884013765437,123.0
1652969393.312717,0.4598758220672607,0.2451627254486084,-0.1316531300544738,-0.1894288808107376,-0.0993799865245819,-0.9768522381782532,0.8187805414199829,-2.2813518047332764,0.9559683203697203,-0.1915403533042178,0.0995443061374858,-0.5235065658353558,123.0
1652969393.3226929,0.4682109951972961,0.2582144737243652,-0.1050856560468673,-0.2121835947036743,-0.1050887033343315,-0.971562922000885,0.7562103867530823,-2.210036039352417,0.9736112356185912,-0.2150180092825083,0.1052830972554542,-0.512456944032731,123.0
1652969393.332632,0.4782188534736633,0.2475107312202453,-0.1039513871073722,-0.2342458665370941,-0.109946109354496,-0.9659403562545776,0.6950028538703918,-2.147469043731689,0.9683949947357178,-0.2379127013039988,0.1101688313712306,-0.5013616251720631,123.0
1652969393.342616,0.4808463752269745,0.2527028918266296,-0.1132745444774627,-0.2557027041912079,-0.1141422390937805,-0.959993541240692,0.6799184083938599,-2.1046957969665527,0.9905394315719604,-0.260314924713103,0.1143915566223218,-0.4901666568661454,123.0
1652969393.352695,0.4797214567661285,0.274181604385376,-0.1087488979101181,-0.2767793834209442,-0.1179202124476432,-0.9536707997322084,0.6775889992713928,-2.0788049697875977,1.0358442068099976,-0.2824652095289207,0.1181952180711602,-0.4785674003786994,123.0
1652969393.362512,0.4696926772594452,0.2987013459205627,-0.0979597046971321,-0.2976954281330108,-0.1215225160121917,-0.9468947649002076,0.7200493812561035,-2.07858943939209,1.0709316730499268,-0.3046069241444294,0.1218236214676019,-0.4664013650347761,123.0
1652969393.372468,0.4493233859539032,0.314139723777771,-0.0882782191038131,-0.3185705840587616,-0.1251767724752426,-0.9395975470542908,0.7701228857040405,-2.076047897338867,1.108353853225708,-0.3268867373201798,0.1255059979101106,-0.4536699082039311,123.0
1652969393.3824558,0.4171391725540161,0.3041327595710754,-0.0866785049438476,-0.3392276167869568,-0.1288822144269943,-0.9318336844444276,0.8137590289115906,-2.0475893020629883,1.1486825942993164,-0.3491301808747339,0.1292417121175097,-0.4403211829608013,123.0
1652969393.392388,0.3863885104656219,0.2961483001708984,-0.1045411229133606,-0.3594260513782501,-0.1324429363012313,-0.9237270951271056,0.8379520773887634,-1.992847561836243,1.1956363916397097,-0.3710782457662848,0.1328332192189541,-0.4264049045471365,123.0
1652969393.4023728,0.3654393553733825,0.3060645461082458,-0.1145607382059097,-0.3790041804313659,-0.1356832087039947,-0.9153938293457032,0.8445119261741638,-1.919384241104126,1.2443722486495972,-0.3925458279917161,0.1361030140278069,-0.4118816884655718,123.0
1652969393.4122992,0.3542291224002838,0.3048157095909118,-0.1055055558681488,-0.3977469801902771,-0.1384517699480056,-0.9069886803627014,0.8445109724998474,-1.8255568742752075,1.29715096950531,-0.4132794838123099,0.13889796383479,-0.3968155668742399,123.0
1652969393.42244,0.3525780439376831,0.3182254433631897,-0.095971792936325,-0.4155813753604889,-0.1406918317079544,-0.8986088633537292,0.8349882960319519,-1.735942840576172,1.3405057191848757,-0.4331770429581081,0.1411601667254314,-0.381245666334995,123.0
1652969393.432211,0.3533602356910705,0.3425478339195251,-0.091354951262474,-0.4325988888740539,-0.1422569304704666,-0.8902927041053772,0.811802864074707,-1.653603434562683,1.389567255973816,-0.4523092621691438,0.1427411589547986,-0.3653127133038545,123.0
1652969393.498086,0.3593007624149322,0.4235982894897461,-0.0980188697576522,-0.4649524092674255,-0.143237680196762,-0.8736716508865356,0.801042914390564,-1.561821222305298,1.5223718881607056,-0.489060601049034,0.1437320616008299,-0.3320394102805125,123.0
1652969393.49892,0.3603861629962921,0.3848145008087158,-0.0977756828069686,-0.4489632248878479,-0.1430688649415969,-0.8820222616195679,0.790001392364502,-1.60901939868927,1.4483230113983154,-0.4708341546667854,0.1435614852438634,-0.3489593543567964,123.0
1652969393.500738,0.3338108956813812,0.4200720191001892,-0.0823640674352645,-0.4803560674190521,-0.1430843621492386,-0.865323543548584,0.86463862657547,-1.474333643913269,1.600127935409546,-0.5067635273580436,0.1435771490242208,-0.3142321253814698,123.0
1652969393.501847,0.3139097690582275,0.4090816974639892,-0.0606706142425537,-0.4948635101318359,-0.1428051739931106,-0.8571562170982361,0.9211719632148744,-1.367646098136902,1.6679092645645142,-0.5235849159359638,0.143295056865738,-0.29544924038497,123.0
1652969393.5119,0.2901235222816467,0.4713746309280395,-0.1344993710517883,-0.5452349781990051,-0.1322241127490997,-0.8277896046638489,0.5186975002288818,-1.0388835668563845,1.9009737968444824,-0.5824416187393344,0.1326124550142636,-0.2173518769064925,123.0
1652969393.521898,0.2864779233932495,0.4928364753723144,-0.1258153915405273,-0.5559936761856079,-0.1253593862056732,-0.8216787576675415,0.384562075138092,-0.9777008891105652,1.9435447454452517,-0.5948862752602364,0.1256900655665568,-0.1988050764586507,123.0
1652969393.532531,0.2742956876754761,0.4899229407310486,-0.1171359941363334,-0.5660739541053772,-0.1171473115682601,-0.8159881830215454,0.2981260418891907,-0.90675550699234,1.987651228904724,-0.6065042524690419,0.1174169229321418,-0.1806087473479691,123.0
1652969393.541709,0.2654539942741394,0.4816175699234009,-0.1105315238237381,-0.5752986669540405,-0.107897900044918,-0.8107955455780029,0.2492775470018386,-0.8190685510635376,2.0349040031433105,-0.6171055695289053,0.1081083600600729,-0.1625202349572884,123.0
1652969393.55163,0.2608041167259216,0.4672392010688782,-0.1171604916453361,-0.5836799144744873,-0.0978967472910881,-0.806060791015625,0.2194554656744003,-0.7394205331802368,2.071747303009033,-0.6267272071219495,0.0980537964074859,-0.1444530595214592,123.0
1652969393.56183,0.2634669542312622,0.4439235925674438,-0.1456795334815979,-0.5911949872970581,-0.0875966995954513,-0.8017576336860657,0.2791419625282287,-0.6547301411628723,2.117192268371582,-0.6353711749926199,0.087709111317097,-0.1261325548419131,123.0
1652969393.5714169,0.2536530494689941,0.4386431574821472,-0.149026334285736,-0.5979368686676025,-0.0777954384684562,-0.797758936882019,0.453194797039032,-0.5979009866714478,2.1733522415161133,-0.6431942964588052,0.0778741239112547,-0.1067514081973976,123.0
1652969393.58148,0.2307396531105041,0.4397659301757812,-0.0945070907473564,-0.6039846539497375,-0.0687008053064346,-0.7940294146537781,0.5670279264450073,-0.5267101526260376,2.232947587966919,-0.6502872769517771,0.0687549592004965,-0.0861149327560409,123.0
1652969393.591256,0.2187361717224121,0.4247708916664123,-0.05224484577775,-0.6092845797538757,-0.0596172213554382,-0.7907072901725769,0.5793254375457764,-0.4425052404403686,2.30092191696167,-0.6565279248649739,0.0596525939391458,-0.0646380585465838,123.0
1652969393.601172,0.2264836430549621,0.426139235496521,-0.0610954537987709,-0.6136751174926758,-0.049317043274641,-0.7880168557167053,0.4189035296440124,-0.3575272560119629,2.3979275226593018,-0.6616541996238635,0.0493370561110086,-0.0430149591162279,123.0
1652969393.611205,0.2371662259101867,0.4401202201843261,-0.1033580005168914,-0.6171403527259827,-0.0364886969327926,-0.7860065698623657,0.1372587382793426,-0.2523208260536194,2.505223274230957,-0.6656259639181646,0.0364967997566791,-0.0220362833791712,123.0
1652969393.621145,0.2471504807472229,0.4287835359573364,-0.1401164680719375,-0.619373083114624,-0.0209552198648452,-0.7848170399665833,-0.078663170337677,-0.1377071589231491,2.5853843688964844,-0.6681172659356157,0.0209567545149548,-0.0019910406361276,123.0
1652969393.631199,0.2710676193237304,0.4228993654251098,-0.1352354735136032,-0.6205393671989441,-0.0036804561968892,-0.7841666340827942,-0.202277585864067,-0.0900926068425178,2.6327600479125977,-0.6694357088036801,0.0036804645503253,0.0175160758363804,123.0
1652969393.641176,0.2767821550369262,0.4473764300346374,-0.1063506603240966,-0.6210201382637024,0.0142486719414591,-0.7836650013923645,-0.1840075105428695,-0.0713290423154831,2.6461286544799805,-0.6701240729372495,-0.0142491544273924,0.0368450252020232,123.0
1652969393.651054,0.2429829239845276,0.5218299031257629,-0.0434785783290863,-0.620988667011261,0.0315920524299144,-0.7831826210021973,-0.0714393407106399,-0.0839363411068916,2.638511896133423,-0.6703991112272839,-0.0315973099714828,0.0567023110829181,123.0
1652969393.6610088,0.155271828174591,0.5949270725250244,0.0870973244309425,-0.6204051971435547,0.0477904267609119,-0.7828239798545837,0.0613924711942672,-0.011193960905075,2.5784151554107666,-0.670164517413928,-0.0478086368488806,0.0770419856412565,123.0
1652969393.670959,0.0665999054908752,0.5771273374557495,0.1927953958511352,-0.6180522441864014,0.0622248016297817,-0.7836704850196838,0.2597910463809967,0.2712399363517761,2.504690170288086,-0.6677900621794901,-0.0622650271102512,0.0978978276801215,123.0
1652969393.680939,0.0579978227615356,0.4972144365310669,0.2459803819656372,-0.6130054593086243,0.0744084417819976,-0.786566972732544,0.4658741652965545,0.5816332101821899,2.429215431213379,-0.6620176664227776,-0.0744772718096597,0.1195644786426914,123.0
1652969393.6908731,0.1270172595977783,0.3632988929748535,0.2478885948657989,-0.6055020689964294,0.084417350590229,-0.7913538217544556,0.6651383638381958,0.8441762328147888,2.3388009071350098,-0.6531249757007186,-0.0845179402172915,0.1418675846996946,123.0
1652969393.7010322,0.2001614570617675,0.2692054510116577,0.205644428730011,-0.595897912979126,0.0924207866191864,-0.7977243065834045,0.7620667815208435,1.0650238990783691,2.25457501411438,-0.6415766068676818,-0.0925528622453973,0.1645339787358564,123.0
1652969393.710888,0.2333323359489441,0.2391877174377441,0.1720576137304306,-0.5846046805381775,0.0995946303009986,-0.8051820993423462,0.7094119787216187,1.2200970649719238,2.1955721378326416,-0.6279978665672624,-0.0997600163460353,0.1868244469466635,123.0
1652969393.720907,0.2505775690078735,0.2436330318450927,0.1390946805477142,-0.5721715688705444,0.1067854762077331,-0.8131521940231323,0.6019419431686401,1.2906635999679563,2.166822671890259,-0.6131689636519309,-0.1069894758189146,0.2084128986602262,123.0
1652969393.7310271,0.2531259059906006,0.2594120502471924,0.1421822607517242,-0.5593085289001465,0.1146231740713119,-0.8209966421127319,0.4835014939308166,1.2801059484481812,2.1845719814300537,-0.5980346904610326,-0.1148756673906371,0.2294010688534166,123.0
1652969393.740982,0.2371098399162292,0.2809473276138305,0.154921144247055,-0.5462983846664429,0.1231092512607574,-0.8284938931465149,0.4063486754894256,1.243882417678833,2.220034599304199,-0.5829461252984449,-0.123422364901498,0.2502375928081434,123.0
1652969393.7506828,0.2062996625900268,0.3136647343635559,0.1827254593372345,-0.5333715081214905,0.1320175975561142,-0.8355154991149902,0.3376985490322113,1.2072304487228394,2.23075008392334,-0.5681589635730709,-0.1324041108421615,0.2710272182717436,123.0
1652969393.760705,0.1635478734970092,0.2985601425170898,0.2013332843780517,-0.5201302170753479,0.1408145427703857,-0.8423988223075867,0.3545235991477966,1.2477240562438965,2.199448108673096,-0.5531440000154828,-0.141284113859913,0.2916981930276844,123.0
1652969393.7712588,0.1548278927803039,0.3062077760696411,0.185997873544693,-0.5062680244445801,0.1486578732728958,-0.8494666218757629,0.4157578647136688,1.2926583290100098,2.1495144367218018,-0.5374609065775516,-0.1492109213478204,0.3124569290373258,123.0
1652969393.780922,0.1773594915866851,0.3316995501518249,0.1890462040901184,-0.4918275475502014,0.155588760972023,-0.856678307056427,0.4293706119060516,1.3457638025283811,2.095397472381592,-0.5211651432689379,-0.1562234515763135,0.3330969911539774,123.0
1652969393.790803,0.196211040019989,0.3323759436607361,0.1965904831886291,-0.47674360871315,0.1618842184543609,-0.8640075325965881,0.4264495968818664,1.4212446212768557,2.0338876247406006,-0.5042101472890365,-0.1625997654411747,0.3533510327196251,123.0
1652969393.800686,0.2060428261756897,0.3335773348808288,0.1790420860052108,-0.4607880115509033,0.1677596122026443,-0.8715108036994934,0.3728476464748382,1.5086101293563845,1.9793442487716677,-0.4863612801872393,-0.1685566382758113,0.3731397052992133,123.0
1652969393.810703,0.2039076387882232,0.315026044845581,0.1481662541627884,-0.4438517987728119,0.1738857179880142,-0.8790673017501831,0.2295517921447754,1.612375259399414,1.9306070804595947,-0.4675696429860931,-0.1747741404777675,0.3921112414368328,123.0
1652969393.82071,0.2034755945205688,0.3026830554008484,0.1218065321445465,-0.4258263707160949,0.1810803860425949,-0.8864997029304504,0.0318594798445701,1.7090202569961548,1.9161299467086792,-0.4478009421767256,-0.182084890307635,0.4101515871744949,123.0
1652969393.8306189,0.2157169878482818,0.3226464986801147,0.1102101355791091,-0.406878799200058,0.1895487308502197,-0.8935999870300293,-0.140934333205223,1.7568331956863403,1.9206098318099976,-0.4272737327051262,-0.1907025200869614,0.4275363725070674,123.0
1652969393.840975,0.2135944962501526,0.3498325943946838,0.1270615756511688,-0.3873612880706787,0.1987592875957489,-0.9002476930618286,-0.2008128464221954,1.7832069396972656,1.9136451482772827,-0.4063368806155897,-0.2000917946198177,0.4445667880638996,123.0
1652969393.850473,0.1924750506877899,0.3313435316085815,0.1563603729009628,-0.3672031462192535,0.2072717845439911,-0.906752586364746,-0.0751386061310768,1.8479137420654297,1.9090073108673096,-0.3847792945399347,-0.2087853538406197,0.4619142108210006,123.0
1652969393.860509,0.1822206079959869,0.3170323967933655,0.2144330441951751,-0.3460692167282104,0.21397265791893,-0.9134833216667176,0.0908138751983642,1.9285248517990112,1.9113988876342771,-0.3621379554090764,-0.2156400097514645,0.4800865779526612,123.0
1652969393.870424,0.1958598792552948,0.2956663370132446,0.2636076807975769,-0.3240029215812683,0.2187988758087158,-0.9204070568084716,0.2484404593706131,2.000797748565674,1.906184434890747,-0.338474419207645,-0.2205833547414137,0.498961629698637,123.0
1652969393.880436,0.2063134908676147,0.2464950680732727,0.2505061030387878,-0.3010702729225158,0.2217991203069687,-0.927449107170105,0.376122772693634,2.076401233673096,1.8855170011520384,-0.3138898800329426,-0.2236591609289415,0.5183437823287386,123.0
1652969393.8903198,0.2054711878299713,0.2259612679481506,0.2184504568576812,-0.2772177159786224,0.2235355377197265,-0.9344421625137328,0.3941198885440826,2.1784260272979736,1.844778299331665,-0.2883957653336281,-0.2254402970877209,0.5377607557577531,123.0
1652969393.9002829,0.2001369893550872,0.2474024295806884,0.1848316937685012,-0.2525354027748108,0.2250498235225677,-0.9410517811775208,0.2956731915473938,2.236644983291626,1.7758082151412964,-0.2621774351630295,-0.2269941735734709,0.5565325539067402,123.0
1652969393.910379,0.1917332708835601,0.2468485832214355,0.1511922031641006,-0.2272859662771225,0.2273324877023697,-0.9469218850135804,0.1000164300203323,2.307211399078369,1.7007131576538086,-0.2355696671642858,-0.2293375712887555,0.574266241945918,123.0
1652969393.920271,0.194301038980484,0.2564467787742615,0.1372301131486892,-0.2013503462076187,0.2310406863689422,-0.9518814086914062,-0.1292468458414077,2.364365339279175,1.6373608112335205,-0.2084559759158953,-0.2331471687452477,0.5908708924008459,123.0
1652969393.930201,0.2184444665908813,0.3094175457954407,0.1579029113054275,-0.1752160638570785,0.2361247092485427,-0.955795168876648,-0.2938562929630279,2.3424432277679443,1.588603377342224,-0.1813065555975863,-0.2383758406326065,0.6066457368971304,123.0
1652969393.940164,0.2328931987285614,0.3107017874717712,0.2163569778203964,-0.1492137461900711,0.2414218485355377,-0.9588799476623536,-0.2548287510871887,2.3374547958374023,1.5498384237289429,-0.1543744195422587,-0.2438307731245872,0.6220163906729081,123.0
1652969393.950091,0.2251419723033905,0.2730289101600647,0.292456716299057,-0.1230604201555252,0.2449119389057159,-0.9617038369178772,-0.0296369716525077,2.360325813293457,1.4816218614578247,-0.1272692055324496,-0.247428858505821,0.6372067041156293,123.0
1652969393.960082,0.2102633863687515,0.2439057230949401,0.356814444065094,-0.0966614559292793,0.2453888207674026,-0.9645936489105223,0.2612774074077606,2.418504476547241,1.4072469472885132,-0.0998760863131955,-0.2479207586943324,0.6520808032917597,123.0
1652969393.970121,0.2140596210956573,0.180221140384674,0.3842437267303467,-0.0695128738880157,0.2428924143314361,-0.9675593972206116,0.4782368540763855,2.5411624908447266,1.3202340602874756,-0.0717202958367539,-0.2453464538389377,0.6663595602148105,123.0
1652969393.98016,0.2531771063804626,0.1181694269180297,0.371277391910553,-0.0413848608732223,0.2386010140180587,-0.9702354669570924,0.5379217267036438,2.647278308868408,1.2242774963378906,-0.0426286119727446,-0.2409250049241145,0.6797019223589262,123.0
1652969393.989927,0.2940730154514313,0.1345582604408264,0.3325838148593902,-0.0128380367532372,0.2340969890356063,-0.972128450870514,0.4364649653434753,2.678016662597656,1.128567457199097,-0.0132053431407895,-0.2362896378158688,0.6918856217718552,123.0
1652969393.999896,0.3027940094470978,0.171413779258728,0.3152356743812561,0.0156724173575639,0.2310288548469543,-0.9728206396102904,0.1729283928871154,2.687220335006714,1.0550178289413452,0.0161088901048081,-0.2331350194689829,0.7030359112148373,123.0
1652969394.0098891,0.2865639925003052,0.1997042298316955,0.3318678736686706,0.0441552251577377,0.2306777536869049,-0.9720278382301332,-0.1554411798715591,2.7200729846954346,0.9647963047027588,0.0453946807903509,-0.23277416757245,0.713347986572115,123.0
1652969394.019837,0.2699885964393616,0.176668643951416,0.333833634853363,0.0728918612003326,0.2325419783592224,-0.969851016998291,-0.310095727443695,2.7694108486175537,0.8751966953277588,0.0750167560119836,-0.2346904988028609,0.7229271752904247,123.0
1652969394.0297918,0.2498314976692199,0.2216650247573852,0.3970024585723877,0.1015023291110992,0.2347722947597503,-0.966736376285553,-0.2811305224895477,2.7728946208953857,0.7620181441307068,0.1046115537279468,-0.2369843071396157,0.731588968254467,123.0
1652969394.0397348,0.2373790144920349,0.1710278987884521,0.5144726634025574,0.1300986111164093,0.2360002398490905,-0.9630047678947448,-0.1225440725684166,2.852029800415039,0.5855765342712402,0.1342835297716782,-0.2382477506261333,0.7387494805144437,123.0
1652969394.049845,0.2666960060596466,0.1030726432800293,0.5514889359474182,0.1589633822441101,0.2353151440620422,-0.958831250667572,0.1189549639821052,2.9269814491271973,0.3883413970470428,0.1642943106017977,-0.237542798757252,0.743709067707833,123.0
1652969394.0596418,0.3132629692554474,0.0887731313705444,0.5566676259040833,0.1875917315483093,0.2328372448682785,-0.9542516469955444,0.2796114981174469,2.931157350540161,0.1677416414022445,0.1941099406113332,-0.2349940965489615,0.7461526519489684,123.0
1652969394.0696092,0.3292529881000519,0.0262147188186645,0.5414186716079712,0.2153028845787048,0.229912981390953,-0.9490967988967896,0.3081052303314209,2.8978142738342285,-0.0738684609532356,0.2230748760714936,-0.2319882708964004,0.7459690779375577,123.0
1652969394.079601,0.3044504821300506,-0.0311103463172912,0.5069894790649414,0.2422873824834823,0.2278432101011276,-0.943071722984314,0.1975318789482116,2.9092109203338623,-0.2656085789203644,0.2514743483360216,-0.229862048675569,0.7436051846902907,123.0
1652969394.089534,0.2902494370937347,0.0509032607078552,0.4961846470832824,0.2684360444545746,0.2276159077882766,-0.936019778251648,0.0260554514825344,2.826616048812866,-0.4175107181072235,0.2792888910435879,-0.2296286243080784,0.7399086397671468,123.0
1652969394.0995178,0.2909564673900604,0.1039604544639587,0.5156289935112,0.2931196391582489,0.2297627627849578,-0.928057074546814,-0.1896755099296569,2.7429616451263428,-0.5510639548301697,0.3059268741940333,-0.2318339114901554,0.7354226705663411,123.0
1652969394.109622,0.2898652255535126,0.0078451633453369,0.5380815863609314,0.3171753585338592,0.2337841242551803,-0.919099986553192,-0.2535469233989715,2.8018455505371094,-0.6715298891067505,0.3322970470006437,-0.2359678473757622,0.7302535937963046,123.0
1652969394.119452,0.2830559015274048,-0.0650378465652465,0.5681743621826172,0.3411965668201446,0.2382524758577346,-0.9092967510223388,-0.1824119985103607,2.8573272228240967,-0.8257114291191101,0.3589733918588212,-0.2405661210813003,0.7238120652714852,123.0
1652969394.129438,0.2674456536769867,-0.1915501952171325,0.6085299849510193,0.3651076257228851,0.242498368024826,-0.8988275527954102,-0.0441192388534545,2.945065975189209,-1.0010113716125488,0.3858434514948998,-0.2449402574298229,0.7155142903768265,123.0
1652969394.139349,0.2415509521961212,-0.315498948097229,0.6222234964370728,0.3889881372451782,0.2467033863067627,-0.8875954151153564,0.0072965454310178,3.0182254314422607,-1.1885693073272705,0.4130392491825189,-0.2492770104023764,0.705195513381833,123.0
1652969394.149458,0.2541055679321289,-0.3593019247055053,0.5701162815093994,0.412306934595108,0.251996636390686,-0.8755002617835999,-0.0728408992290496,2.99604868888855,-1.34296977519989,0.4401294633919907,-0.2547429233589374,0.6934378845995618,123.0
1652969394.159428,0.311629980802536,-0.3411592841148376,0.518722653388977,0.4340214431285858,0.2593686282634735,-0.8627591133117676,-0.240593135356903,2.8431267738342285,-1.5088911056518557,0.466094319580529,-0.2623684014880866,0.6809254818134024,123.0
1652969394.169259,0.3366376459598541,-0.3114098906517029,0.4740841388702392,0.4528675377368927,0.2692934572696686,-0.8499364852905273,-0.4381438493728637,2.544092893600464,-1.6655519008636477,0.4895616070050977,-0.2726593026970935,0.6679962713169851,123.0
1652969394.179226,0.3333507478237152,-0.3431161046028137,0.4518722593784332,0.4681020379066467,0.2816786766052246,-0.8375784158706665,-0.596753716468811,2.2173080444335938,-1.8191505670547483,0.5096318703259184,-0.285543166448669,0.6547606134303696,123.0
1652969394.1892529,0.3223028182983398,-0.4459226131439209,0.4209380745887756,0.4797603487968445,0.2960112690925598,-0.8259584307670593,-0.6829274892807007,1.9215025901794436,-1.978551983833313,0.5262217808784257,-0.3005140729116247,0.6409410819544745,123.0
1652969394.199082,0.3206327855587005,-0.5792291164398193,0.384743720293045,0.4882357716560364,0.3113011121749878,-0.8153020143508911,-0.6241469979286194,1.6712745428085327,-2.1199121475219727,0.5395663983501382,-0.3165618595616111,0.6259789258461032,123.0
1652969394.209073,0.2967959344387054,-0.6865877509117126,0.3588228523731231,0.4939756989479065,0.3264645338058471,-0.8058590888977051,-0.4943310022354126,1.4631654024124146,-2.2215611934661865,0.5499091643482616,-0.3325607290886544,0.6094970896559125,123.0
1652969394.218997,0.2716954946517944,-0.7508320212364197,0.3334203362464905,0.4975917637348175,0.3409722745418548,-0.797584056854248,-0.3647093772888183,1.3203397989273071,-2.260985374450684,0.5577890227628765,-0.3479509661190481,0.5917263492905279,123.0
1652969394.228997,0.2849278748035431,-0.7449109554290771,0.2912028729915619,0.4993740320205688,0.3554645180702209,-0.7901079058647156,-0.4511615931987762,1.1234852075576782,-2.30722713470459,0.5636405670879956,-0.3634109934551319,0.5734279590244709,123.0
1652969394.238985,0.309544563293457,-0.7221835851669312,0.1890372633934021,0.4990188479423523,0.3710059821605682,-0.7831568717956543,-0.5647376775741577,0.9453144073486328,-2.3482375144958496,0.5673163659339341,-0.3800920809324845,0.5552831652357172,123.0
1652969394.248866,0.3145497143268585,-0.7144269943237305,0.1108132898807525,0.4970043897628784,0.3879659473896026,-0.7761887907981873,-0.7494606971740723,0.8278544545173645,-2.36487340927124,0.5695357733745561,-0.3984236436541027,0.5377090435801752,123.0
1652969394.258894,0.2951191067695617,-0.702796220779419,0.0828091502189636,0.493470549583435,0.4058839976787567,-0.7692496180534363,-0.8718520998954773,0.6901242733001709,-2.356755256652832,0.5703737620926518,-0.4179458734634845,0.5208730872086234,123.0
1652969394.2688432,0.2679394781589508,-0.7009850740432739,0.0358254313468933,0.4887135028839111,0.4245474338531494,-0.7621800899505615,-1.0094770193099976,0.6074815988540649,-2.336226463317871,0.570167416136142,-0.4384619626714936,0.5048137884599566,123.0
1652969394.2788382,0.2573100626468658,-0.6799030303955078,-0.0207157135009765,0.4829092025756836,0.4441317617893219,-0.7546824812889099,-1.1870895624160769,0.5215690732002258,-2.3315446376800537,0.5692308576424299,-0.4602049759187809,0.4896313861921302,123.0
1652969394.288851,0.2795481085777282,-0.6235784292221069,-0.0946077704429626,0.4755332469940185,0.4645875692367553,-0.747011661529541,-1.2757587432861328,0.3206841051578522,-2.3540539741516118,0.5668837191565984,-0.4831688013809885,0.4750292898468448,123.0
1652969394.298684,0.3083561062812805,-0.5787515640258789,-0.1564194858074188,0.4656613767147064,0.4853378534317016,-0.7400044202804565,-1.3234668970108032,0.044167298823595,-2.379643440246582,0.5616628237458126,-0.5067495586027225,0.4602547378887601,123.0
1652969394.308631,0.316861093044281,-0.594428300857544,-0.1699076890945434,0.4534942805767059,0.5059519410133362,-0.7337271571159363,-1.3406678438186646,-0.1717050224542617,-2.3373591899871826,0.5535999806910901,-0.5304852224925677,0.4453853593713197,123.0
1652969394.318602,0.2980724573135376,-0.5662457942962646,-0.1617506146430969,0.4398579895496368,0.5258862972259521,-0.7279893755912781,-1.315987229347229,-0.31863534450531,-2.2662861347198486,0.5435088693961119,-0.5537567925320971,0.4306324104630845,123.0
1652969394.328548,0.2506043612957001,-0.5411231517791748,-0.1656188368797302,0.4252990782260895,0.5448759198188782,-0.7226553559303284,-1.2881498336791992,-0.4056859910488128,-2.191504001617432,0.5319375337703959,-0.5762411514261067,0.4158849359501784,123.0
1652969394.338526,0.1927661299705505,-0.5476046800613403,-0.1821048855781555,0.4103681743144989,0.5629183650016785,-0.7174404263496399,-1.246835470199585,-0.4420173764228821,-2.112380027770996,0.5195686435230016,-0.5979125009754702,0.4012373400819022,123.0
1652969394.3484678,0.1466583907604217,-0.5712690949440002,-0.2159053087234497,0.3956696093082428,0.5800561308860779,-0.7120254635810852,-1.2512404918670654,-0.3777229487895965,-2.0071189403533936,0.5072057318029074,-0.6187976247131577,0.3868531519147347,123.0
1652969394.358597,0.1209218800067901,-0.5697749257087708,-0.2421121001243591,0.3819164335727691,0.5966652631759644,-0.705783486366272,-1.3105690479278564,-0.2618480026721954,-1.9111173152923584,0.4960031497661926,-0.6393391353978539,0.3732653568119807,123.0
1652969394.36841,0.1067641377449035,-0.5540100932121277,-0.2639210224151611,0.3692797124385834,0.6131336092948914,-0.698354959487915,-1.3910601139068604,-0.1291040778160095,-1.839592456817627,0.4864096595647593,-0.6600211972516242,0.3605643765758208,123.0
1652969394.378399,0.1078754067420959,-0.5158970355987549,-0.2884122729301452,0.3574109971523285,0.6293545961380005,-0.6900507807731628,-1.3810032606124878,-0.064701922237873,-1.782421588897705,0.4779033580672807,-0.6807224222461935,0.34838619547861,123.0
1652969394.388268,0.1293760538101196,-0.4858490824699402,-0.2976913452148437,0.3460422158241272,0.6443251967430115,-0.6819822788238525,-1.1775060892105105,-0.0108912661671638,-1.721360445022583,0.4695551942186461,-0.7001405557671717,0.3358640023441065,123.0
1652969394.398387,0.1356202363967895,-0.4506924152374267,-0.255522072315216,0.3350830674171448,0.6568586826324463,-0.6754671931266785,-0.830407440662384,0.0096294544637203,-1.6603658199310305,0.4605034969174056,-0.7166450031693028,0.3219610600201746,123.0
1652969394.408265,0.1212551295757293,-0.4044132828712463,-0.1747133135795593,0.3243321776390075,0.6667481064796448,-0.6710107922554016,-0.5337267518043518,-0.029743518680334,-1.5900872945785522,0.4502380365628425,-0.7298368975077948,0.306528653088441,123.0
1652969394.418263,0.1071464121341705,-0.3507298827171325,-0.1762152910232544,0.3134622573852539,0.6743078231811523,-0.6686181426048279,-0.2745796144008636,-0.1362885981798172,-1.5074167251586914,0.43839480933526,-0.7400269924212988,0.2900608215174377,123.0
1652969394.428421,0.1217389404773712,-0.2999838590621948,-0.2385047078132629,0.3023945093154907,0.6803076267242432,-0.6676368713378906,-0.1971262991428375,-0.2138852328062057,-1.4280686378479004,0.4252900045981806,-0.7481822541729564,0.2733139978145964,123.0
1652969394.438151,0.1195140480995178,-0.2663788795471191,-0.2816237807273865,0.2912527024745941,0.6858595609664917,-0.6669095754623413,-0.2383110225200653,-0.2836121022701263,-1.3637748956680298,0.411755508023134,-0.7557841743118108,0.257116471636587,123.0
1652969394.448084,0.0939729511737823,-0.332464337348938,-0.3185804486274719,0.2800811529159546,0.6912915110588074,-0.666085958480835,-0.2576560080051422,-0.3389760851860046,-1.2787370681762695,0.3980427611862673,-0.7632748707355055,0.2417355817704325,123.0
1652969394.4580898,0.0586189627647399,-0.3615403771400451,-0.3342242836952209,0.2692010402679443,0.6964983940124512,-0.6651471853256226,-0.3181012570858001,-0.3858085870742798,-1.1699085235595703,0.3845721731608367,-0.7705059526270954,0.2274972779816538,123.0
1652969394.46813,0.0401701927185058,-0.3317725658416748,-0.3146798610687256,0.2587038874626159,0.7021004557609558,-0.6634208559989929,-0.5086973309516907,-0.4383783042430877,-1.058093786239624,0.3718165061338191,-0.7783429579502816,0.2151618076950901,123.0
1652969394.477973,0.0378415137529373,-0.3197751641273498,-0.3142222762107849,0.2487034797668457,0.7087993025779724,-0.6601136922836304,-0.747013509273529,-0.4527676403522491,-0.9524994492530824,0.3603115159184605,-0.7877945840534477,0.2051614888087108,123.0
1652969394.487922,0.0350810885429382,-0.3000175356864929,-0.3278470635414123,0.2392568588256836,0.7164578437805176,-0.6553199291229248,-0.911048173904419,-0.4706524908542633,-0.8609417080879211,0.3500625110294406,-0.7987115844758955,0.1972011899898198,123.0
1652969394.498043,0.0309844464063644,-0.2546648979187011,-0.3003029823303222,0.2302614748477935,0.72451251745224,-0.6496623754501343,-0.9620466232299804,-0.5132177472114563,-0.7589884400367737,0.3406181308628696,-0.8103268680997379,0.1908747944644409,123.0
1652969394.508008,0.0285687893629074,-0.1921238899230957,-0.2400863170623779,0.2215382009744644,0.7321822643280029,-0.644072949886322,-0.9219537973403932,-0.5891950130462646,-0.6640294194221497,0.3312878552597325,-0.8215204048641402,0.185623290416619,123.0
1652969394.517959,0.0220196992158889,-0.1377342343330383,-0.1779065132141113,0.2130574136972427,0.739323079586029,-0.6387549638748169,-0.8851422667503357,-0.6585610508918762,-0.565073549747467,0.3219465319598741,-0.8320644775642045,0.1813583637908756,123.0
1652969394.527828,0.0031266957521438,-0.1196761131286621,-0.171887457370758,0.2047439813613891,0.7458009719848633,-0.6339249014854431,-0.8101078867912292,-0.7111618518829346,-0.5029160380363464,0.3124022335998749,-0.841736375107268,0.1777498597153254,123.0
1652969394.537787,-0.0178163945674896,-0.1181459426879882,-0.1715800762176513,0.1966343373060226,0.7516276240348816,-0.6295956969261169,-0.7352064847946167,-0.7323446273803711,-0.4519580006599426,0.3027194268629822,-0.8505262208663498,0.1744355335474221,123.0
1652969394.547678,-0.0236904919147491,-0.1092605590820312,-0.1484514474868774,0.1888060420751571,0.7567734718322754,-0.625816285610199,-0.6466416120529175,-0.7432237863540649,-0.4006057381629944,0.2930116937912096,-0.8583629752445084,0.1713240225287874,123.0
1652969394.557701,-0.0143861323595047,-0.0733826160430908,-0.1236277818679809,0.1812106519937515,0.7612314820289612,-0.6226469874382019,-0.5593692660331726,-0.7627959251403809,-0.3710307776927948,0.2832097708045051,-0.865210015529861,0.1682919158981279,123.0
1652969394.567771,-0.0074726194143295,-0.0429964065551757,-0.126809537410736,0.1737020611763,0.7650845646858215,-0.6200589537620544,-0.4897442460060119,-0.7775731086730957,-0.3507178425788879,0.2731366262725933,-0.8711726447528518,0.1651409985904537,123.0
1652969394.5775871,-0.003809317946434,-0.0182718038558959,-0.1402798891067505,0.1662393510341644,0.7686062455177307,-0.6177449822425842,-0.463657796382904,-0.7762852311134338,-0.3415448367595672,0.2628791065457403,-0.8766595846052773,0.1618848595875939,123.0
1652969394.587545,-0.0047345012426376,0.0001773238182067,-0.1449425220489502,0.1589705199003219,0.7719718217849731,-0.6154573559761047,-0.4592235684394836,-0.7524709105491638,-0.3298423588275909,0.2527718280599845,-0.8819373510054506,0.1586518125207301,123.0
1652969394.597485,0.0006236284971237,0.0173882246017456,-0.1343441009521484,0.151994988322258,0.7752284407615662,-0.6131218075752258,-0.4386032521724701,-0.7177481055259705,-0.3068185150623321,0.2430044415881086,-0.8870766136023993,0.1554924169365161,123.0
1652969394.607478,0.0117734968662261,0.0370094776153564,-0.1000303030014038,0.145499050617218,0.7782529592514038,-0.6108619570732117,-0.4140608310699463,-0.6731221079826355,-0.2779633104801178,0.233829509853779,-0.891878844244801,0.1525901581253534,123.0
1652969394.617465,0.0250178724527359,0.0500125885009765,-0.0619294643402099,0.1395178586244583,0.7810150384902954,-0.6087284088134766,-0.3718654215335846,-0.6315346956253052,-0.2441065460443496,0.2253042597825585,-0.8962895020357408,0.149961365073779,123.0
1652969394.627362,0.0328574329614639,0.0508520603179931,-0.0560898780822753,0.1339823901653289,0.7834762930870056,-0.6068060398101807,-0.3375099599361419,-0.5854976773262024,-0.2237498760223388,0.2173126558435029,-0.9002403814651114,0.1475306404487583,123.0
1652969394.63775,0.0321623384952545,0.0483163595199584,-0.069692850112915,0.128940150141716,0.7857725024223328,-0.6049264669418335,-0.3353876769542694,-0.5258508920669556,-0.2045125216245651,0.2100073518083687,-0.9039440850524832,0.1452665388879185,123.0
1652969394.647284,0.0294559895992279,0.0487016439437866,-0.0816280245780944,0.1243833377957344,0.7880488634109497,-0.6029160618782043,-0.3419593870639801,-0.4739892482757568,-0.1931939423084259,0.2034486425424837,-0.9076330963868726,0.1432555495076805,123.0
1652969394.657332,0.0284525603055953,0.0693464875221252,-0.1041245460510253,0.1201682835817337,0.7903428077697754,-0.6007643342018127,-0.3511392772197723,-0.4398003816604614,-0.1908061504364013,0.1974202259576576,-0.9113683429855014,0.1413600749094483,123.0
1652969394.66721,0.0248203501105308,0.0994297862052917,-0.1234669685363769,0.1160947829484939,0.7927936911582947,-0.5983310341835022,-0.4045938849449157,-0.4241282045841217,-0.1936067342758178,0.1916496277192892,-0.915379038293506,0.1395052078160129,123.0
1652969394.677238,0.0166989117860794,0.1143127679824829,-0.132844865322113,0.1121312752366066,0.7955950498580933,-0.5953612923622131,-0.4684210419654846,-0.3886809945106506,-0.1925731599330902,0.1861608065059216,-0.9199891060553784,0.1377367679432188,123.0
1652969394.68715,0.016848862171173,0.1152443885803222,-0.1226522922515869,0.1084870398044586,0.7987233400344849,-0.5918374061584473,-0.5232251286506653,-0.344887226819992,-0.1761371195316314,0.1812928297629898,-0.9251704936745032,0.1362327722806988,123.0
1652969394.696946,0.0289208143949508,0.0982494354248046,-0.0948179364204406,0.1052804440259933,0.8020169138908386,-0.5879496932029724,-0.5295405983924866,-0.3009437322616577,-0.1495859324932098,0.1771858602047206,-0.9306643302612048,0.1351276402141795,123.0
1652969394.70701,0.0453561544418334,0.0763248801231384,-0.0649783015251159,0.1025627851486206,0.8050600290298462,-0.5842594504356384,-0.463524580001831,-0.2707986235618591,-0.1112550646066665,0.1737726956063289,-0.9357766722215668,0.1344314006636699,123.0
1652969394.716907,0.0534220784902572,0.0681787729263305,-0.0439696907997131,0.1002951711416244,0.8076262474060059,-0.5811029672622681,-0.3921350836753845,-0.2434290647506714,-0.0823629647493362,0.1709106849083033,-0.9401155573451786,0.1340678720505907,123.0
1652969394.726821,0.0450322180986404,0.0615733861923217,-0.031504213809967,0.098400630056858,0.8098702430725098,-0.5782970190048218,-0.3648973405361175,-0.2047517150640487,-0.0662580281496048,0.1685416497463711,-0.9439308687742658,0.1338949411937657,123.0
1652969394.736804,0.0311852544546127,0.0589911937713623,-0.0298935174942016,0.096851460635662,0.8120132088661194,-0.5755469799041748,-0.3593321144580841,-0.1599482893943786,-0.062577798962593,0.1667153164353931,-0.947593244384408,0.133855822403816,123.0
1652969394.746737,0.0265633165836334,0.0512495040893554,-0.0304856300354003,0.0955529883503913,0.8140243887901306,-0.5729169249534607,-0.3214489221572876,-0.1190714240074157,-0.0640441328287124,0.1652621693255328,-0.9510474919948508,0.13378941179105,123.0
1652969394.757187,0.0310924127697944,0.0515294671058654,-0.0264981389045715,0.0943655744194984,0.815743625164032,-0.5706639289855957,-0.2576888501644134,-0.1137506961822509,-0.0732200592756271,0.1638780594439442,-0.9540136439432976,0.133457649404013,123.0
1652969394.7693849,0.0326662212610244,0.0583233833312988,-0.0228645801544189,0.0930358991026878,0.8171607255935669,-0.5688519477844238,-0.2180964350700378,-0.1286718547344207,-0.0903854668140411,0.162115001237556,-0.9564679315959635,0.1327458185723252,123.0
1652969394.777101,0.0278098061680793,0.0609729886054992,-0.0296153426170349,0.0914836078882217,0.8183572888374329,-0.5673816204071045,-0.177674651145935,-0.1455289721488952,-0.1044889986515045,0.1598623468319938,-0.9585468696897278,0.131625060622938,123.0
1652969394.786866,0.0200542509555816,0.0557277202606201,-0.0334281325340271,0.0897787287831306,0.8193777203559875,-0.5661799311637878,-0.1520756036043167,-0.1550147831439972,-0.1061874032020568,0.1572599178116125,-0.9603246653707804,0.1302612484360631,123.0
1652969394.796705,0.0151618644595146,0.0323482155799865,-0.0331873893737793,0.0880488008260726,0.8202202916145325,-0.5652308464050293,-0.1162425130605697,-0.1664328128099441,-0.0926548168063163,0.1545329587131623,-0.9617960084718208,0.1288927692962277,123.0
1652969394.80656,0.0106749981641769,0.0122232437133789,-0.0330132842063903,0.0864626690745353,0.8208397626876831,-0.5645760893821716,-0.0839466154575347,-0.1683306992053985,-0.0638281181454658,0.1519654563607122,-0.9628797411756668,0.1278020983714647,123.0
1652969394.816716,-0.0023263618350028,3.9637088775634766e-05,-0.0315955877304077,0.0851360261440277,0.8213292956352234,-0.5640653967857361,-0.0754047930240631,-0.1675727665424347,-0.0331477038562297,0.1498021971298205,-0.96373737151324,0.1272121937845668,123.0
1652969394.826611,-0.0183819383382797,-0.0097825527191162,-0.0409773588180542,0.0841322839260101,0.8217542171478271,-0.5635969638824463,-0.0689440295100212,-0.1565309166908264,0.012352860532701,0.148183162967689,-0.9644826890422272,0.1271827403795195,123.0
1652969394.83679,-0.0315776765346527,-0.0023611783981323,-0.0408201217651367,0.0835798531770706,0.8221310973167419,-0.5631294846534729,-0.0797050595283508,-0.1336490362882614,0.0544004403054714,0.1473446658299981,-0.965144305736426,0.1279322168425161,123.0
1652969394.846661,-0.0431492179632186,-0.0069302320480346,-0.0314793586730957,0.0835547223687172,0.8225559592247009,-0.5625124573707581,-0.0954812988638877,-0.1007813662290573,0.0990888625383377,0.147460233640951,-0.9658910127560826,0.1294974410158683,123.0
1652969394.8566098,-0.0493155866861343,-0.0184148550033569,-0.0268664956092834,0.0839837715029716,0.8230090141296387,-0.5617853403091431,-0.1074186563491821,-0.0768909454345703,0.1337954401969909,0.1483954538659978,-0.966688160072778,0.1317311601729444,123.0
1652969394.866664,-0.0539499223232269,-0.0145424604415893,-0.0243735909461975,0.0848339349031448,0.823506772518158,-0.5609274506568909,-0.1168582290410995,-0.0599143616855144,0.1646404415369033,0.1501011618209548,-0.9675650503785904,0.1346315593755112,123.0
1652969394.876625,-0.0590981841087341,-0.011228859424591,-0.0198771953582763,0.0859386175870895,0.8241068720817566,-0.5598770976066589,-0.1471122652292251,-0.053762461990118,0.1753972172737121,0.1523067732830258,-0.9686235818293116,0.13797486261063,123.0
1652969394.897102,-0.0589203983545303,-0.0013876557350158,-0.0233209729194641,0.0871341153979301,0.8247582316398621,-0.5587319731712341,-0.1469996273517608,-0.0474172122776508,0.1742961406707763,0.1547036531144854,-0.9697745508390936,0.1414546891547827,123.0
1652969394.929817,-0.0627212151885032,0.0027844309806823,-0.0190433859825134,0.0887224078178405,0.8262026906013489,-0.5563427209854126,-0.1810230910778045,-0.0792474225163459,0.1256403177976608,0.1581427176706151,-0.9723336460240573,0.1473970059348826,123.0
1652969394.9301848,-0.0595291405916214,-0.0227954983711242,-0.0067311525344848,0.0891466736793518,0.8270741105079651,-0.5549785494804382,-0.1796997785568237,-0.0720680728554725,0.1001221612095832,0.1592703104356642,-0.9738822053932152,0.1497483146572987,123.0
1652969394.930327,-0.0455147996544837,-0.0359135866165161,0.0087184309959411,0.0893229991197586,0.8278902769088745,-0.5537317395210266,-0.163652092218399,-0.0720788836479187,0.0764153897762298,0.1599332459119858,-0.9753358233392364,0.1515533807211526,123.0
1652969394.936318,-0.0315748155117034,-0.0369064211845397,0.0286015272140502,0.0892074927687645,0.8285456299781799,-0.5527694225311279,-0.1198542788624763,-0.076131947338581,0.0635882765054702,0.1600032802197214,-0.9765051658696252,0.1527349378581935,123.0
1652969394.946246,-0.024402916431427,-0.0352760553359985,0.0354238748550415,0.0887646973133087,0.8288795948028564,-0.5523399114608765,-0.0643701180815696,-0.0959322825074195,0.04588083922863,0.1593442075162754,-0.9771019781216927,0.1532674050686338,123.0
1652969394.956167,-0.0327372103929519,-0.0369182825088501,0.0430782437324523,0.0882946774363517,0.8290377855300903,-0.5521777272224426,-0.0322310924530029,-0.0776851028203964,0.0344028808176517,0.1585603294157721,-0.9773847516198084,0.1535984393567374,123.0
1652969394.966032,-0.0393469780683517,-0.0472638607025146,0.0408592224121093,0.0879464447498321,0.8291663527488708,-0.5520403385162354,-0.0460729375481605,-0.0483548566699028,0.0280951857566833,0.1579840040533629,-0.9776146791517328,0.1538284966374887,123.0
1652969394.97629,-0.0332450866699218,-0.0569849014282226,0.033637523651123,0.0877649635076522,0.8294605016708374,-0.5516270995140076,-0.0749557167291641,-0.0078247431665658,0.0229765884578228,0.1577795328089613,-0.9781411416338888,0.1540761813428132,123.0
1652969394.986249,-0.0202263966202735,-0.0577113032341003,0.0192319750785827,0.0877009853720665,0.8299195170402527,-0.5509464740753174,-0.1023457273840904,0.0058724274858832,0.0238264426589012,0.1578579775839518,-0.978963378689928,0.1543385755033423,123.0
1652969394.9960032,-0.0161129459738731,-0.0508533120155334,0.0182332396507263,0.0877073928713798,0.8304910063743591,-0.5500835180282593,-0.1313275843858719,0.016575139015913,0.0307634435594081,0.1581128726311984,-0.9799886025953772,0.1547075238770476,123.0
1652969395.006012,-0.0165032595396041,-0.0504225492477417,0.0217992663383483,0.0878383219242096,0.8310906291007996,-0.5491563081741333,-0.1235411614179611,0.0187478512525558,0.0279714651405811,0.1586078782313953,-0.9810658928759896,0.1552008198935396,123.0
1652969395.016025,-0.0098629891872406,-0.0420268774032592,0.0217249989509582,0.0880187377333641,0.8316836953163147,-0.5482288599014282,-0.1129649505019187,0.0087538082152605,0.0240523554384708,0.1591925440707389,-0.9821331689673236,0.1557913769961343,123.0
1652969395.025857,-0.0019686073064804,-0.0286849737167358,0.0149243474006652,0.0880131423473358,0.8322130441665649,-0.5474258661270142,-0.0928828567266464,-0.0351890437304973,0.014755867421627,0.1594121712233326,-0.9830871639835334,0.1562957909928697,123.0
1652969395.035954,0.0042743012309074,-0.0188590884208679,0.000685691833496,0.0876143425703048,0.8325966000556946,-0.5469062328338623,-0.0548742152750492,-0.0946443751454353,0.0033351685851812,0.1588501907728546,-0.9837793639507316,0.1564737406602593,123.0
1652969395.0455542,0.0027593150734901,-0.0193607807159423,-0.0110310912132263,0.0867794603109359,0.8327930569648743,-0.5467401742935181,-0.0289859622716903,-0.1545393615961074,-0.004390625283122,0.1574084910156677,-0.9841340823305031,0.1563570056993192,123.0
