1652955307.519671,-0.0323519706726074,-0.0501310229301452,-0.0103584229946136,0.7343325018882751,0.271436333656311,-0.6221559643745422,-0.0242583826184272,-0.0759420245885849,0.1832832396030426,0.8679066617593276,-0.2748850952458931,0.9938129052703484,96.0
1652955307.530137,-0.0662522315979003,-0.0469723939895629,-0.022114872932434,0.7341141700744629,0.2703449130058288,-0.6228885054588318,-0.0816303268074989,-0.0758940875530242,0.2137492597103119,0.8671795712815347,-0.273751261254077,0.9954471520973402,96.0
1652955307.539527,-0.1080861091613769,-0.0691367387771606,-0.0157900154590606,0.734154224395752,0.2692690789699554,-0.6233071088790894,-0.1596441715955734,-0.0481269061565399,0.2517366111278534,0.8668750327939272,-0.2726339934845968,0.9978401200606654,96.0
1652955307.5505729,-0.1302180886268615,-0.1059818863868713,-0.0063334107398986,0.7345728874206543,0.2682200372219085,-0.6232662200927734,-0.2153636217117309,-0.0401201136410236,0.3265466690063476,0.8671887067939829,-0.2715448831322943,1.0012066138548408,96.0
1652955307.559234,-0.1521258354187011,-0.1145782470703125,-0.0020733177661895,0.7352099418640137,0.2669812142848968,-0.6230469346046448,-0.2683736085891723,-0.0474515296518802,0.4136858284473419,0.867789837933603,-0.270259174013323,1.005567531223571,96.0
1652955307.569574,-0.1993404030799865,-0.1050552725791931,0.0135027170181274,0.7360530495643616,0.2653974890708923,-0.6227279901504517,-0.2966241240501404,-0.0547421984374523,0.5112227201461792,0.8686075821013935,-0.2686161604226476,1.0108583722808837,96.0
1652955307.579406,-0.2482438087463379,-0.1023370623588562,0.0331859290599823,0.7371811270713806,0.26300248503685,-0.6224096417427063,-0.2949631214141845,-0.060635507106781,0.6529905200004578,0.8696146856334959,-0.2661329288156908,1.0170485687626971,96.0
1652955307.589566,-0.2942796945571899,-0.1070228815078735,0.038062959909439,0.7387529611587524,0.2592546045780182,-0.6221184134483337,-0.2212542742490768,-0.0389682948589324,0.8162793517112732,0.8708949939800141,-0.2622503376045841,1.0240024780409809,96.0
1652955307.600016,-0.3200281262397766,-0.1163747310638427,0.0320846140384674,0.7408960461616516,0.2536973059177398,-0.6218608021736145,-0.1012669429183006,-0.0177286807447671,0.9954697489738464,0.8725258908419711,-0.2565007180190625,1.031297116885171,96.0
1652955307.6092582,-0.328323483467102,-0.0976613759994506,0.0239017754793167,0.7434083223342896,0.2463772147893905,-0.6218058466911316,-0.079566441476345,-0.0417376086115837,1.1450064182281494,0.8742358195793505,-0.2489404629513965,1.0390547750323935,96.0
1652955307.619246,-0.3399550318717956,-0.0590214133262634,0.0019938796758651,0.7459455728530884,0.2379353642463684,-0.6220546364784241,-0.091097205877304,-0.0735173225402832,1.2966731786727903,0.8757153134282235,-0.2402396183795572,1.0478110543839296,96.0
1652955307.628885,-0.3592986464500427,-0.0416470766067504,-0.0402136445045471,0.7489318251609802,0.2282935380935669,-0.6220797896385193,-0.0467132255434989,0.0227471608668565,1.4027974605560305,0.8776598679260926,-0.2303245799546473,1.05724477314833,96.0
1652955307.638842,-0.3676438927650451,-0.0264756679534912,-0.078636348247528,0.7523179650306702,0.2180407047271728,-0.6216720342636108,-0.0621228106319904,0.0457667782902717,1.4318480491638184,0.8801982432734179,-0.2198064160945135,1.066918427216707,96.0
1652955307.6488109,-0.3665919303894043,0.0016522407531738,-0.0954974740743637,0.7557368278503418,0.2074207514524459,-0.6211590766906738,-0.0186006315052509,0.0756253376603126,1.4646563529968262,0.8828286666991585,-0.2089376297833211,1.076634122116575,96.0
1652955307.658782,-0.3758990168571472,-0.01987224817276,-0.0999935120344162,0.7592912912368774,0.1964138448238372,-0.6204017996788025,-0.0066247954964637,0.1242759153246879,1.4668047428131104,0.8857271295488075,-0.197699173043863,1.0861565131226318,96.0
1652955307.668746,-0.3852133750915527,-0.0331795215606689,-0.1098597049713134,0.7632193565368652,0.1852076649665832,-0.6190269589424133,0.0313084721565246,0.2406129091978073,1.4697864055633545,0.8893396798278967,-0.1862831850745779,1.0954578061232814,96.0
1652955307.678823,-0.3772594332695007,-0.0203895568847656,-0.1374775171279907,0.7673808932304382,0.174083411693573,-0.6171074509620667,-0.0349766761064529,0.2546684741973877,1.4442176818847656,0.8935157015477712,-0.1749748975595961,1.104679006150624,96.0
1652955307.688767,-0.3765007257461548,0.0298623442649841,-0.1723845452070236,0.7713218331336975,0.1636260598897934,-0.6150521636009216,-0.1036785095930099,0.2590347528457641,1.402806043624878,0.8976426410481858,-0.1643651394197631,1.1142594186498622,96.0
1652955307.698552,-0.3891943097114563,0.0483742356300354,-0.1816045194864273,0.7751195430755615,0.1540319323539734,-0.6127510666847229,-0.2378803193569183,0.2641739845275879,1.3587543964385986,0.9018598354305968,-0.1546476223600373,1.1242361457442078,96.0
1652955307.708574,-0.40286386013031,0.0488043427467346,-0.157866358757019,0.7787793874740601,0.1453084200620651,-0.6102362871170044,-0.3228122591972351,0.2849807441234588,1.3596644401550293,0.906147816055101,-0.1458246992293452,1.134953315048372,96.0
1652955307.718492,-0.3911947607994079,0.0544818043708801,-0.1249091178178787,0.7826895117759705,0.1366279125213623,-0.6072313785552979,-0.331859678030014,0.3664117455482483,1.393748164176941,0.9109699878981092,-0.1370565979648761,1.146127257227166,96.0
1652955307.728508,-0.3395853638648987,0.0327365398406982,-0.1067120432853698,0.7866984009742737,0.1275098323822021,-0.604025661945343,-0.2312593013048172,0.3267034888267517,1.3807414770126345,0.9160013136480954,-0.1278579084276764,1.1569688244654497,96.0
1652955307.73852,-0.2773084044456482,0.0130770802497863,-0.0820752829313278,0.7897443175315857,0.1179487630724906,-0.6019901037216187,-0.0916906148195266,0.1445876806974411,1.2913702726364136,0.9194952035678504,-0.1182239726790315,1.1664258468309294,96.0
1652955307.748563,-0.2663496732711792,-0.0388374924659729,-0.0434223711490631,0.7919386625289917,0.1083943545818328,-0.6009025573730469,0.0626741871237754,0.1561314165592193,1.1712971925735474,0.921703389780922,-0.1086077483901931,1.174059516193051,96.0
1652955307.7584028,-0.2750372886657715,-0.0863724946975708,-0.0591444745659828,0.7943854331970215,0.0986953228712081,-0.5993422865867615,0.256252110004425,0.2756035923957824,1.0394330024719238,0.9244386922678902,-0.0988562560561188,1.1794585169736995,96.0
1652955307.768674,-0.2611481547355652,-0.0483039021492004,-0.142689824104309,0.7970520853996277,0.0893451571464538,-0.5972650051116943,0.2537615299224853,0.30652716755867,0.9224193096160888,0.9277161571035848,-0.0894644509832744,1.1831785688125136,96.0
1652955307.77836,-0.2383559346199035,0.0409646034240722,-0.2337440699338913,0.7998489141464233,0.081369861960411,-0.5946603417396545,0.1143815219402313,0.3968439698219299,0.7995643615722656,0.931490218791884,-0.0814599245420091,1.1868384447089213,96.0
1652955307.788303,-0.2201414704322815,0.0893937945365905,-0.3061108887195587,0.802981436252594,0.0755659043788909,-0.5911943316459656,-0.1164556890726089,0.4526811242103576,0.6484770774841309,0.9361540422414144,-0.075638003576264,1.1911172975793884,96.0
1652955307.798203,-0.2022244930267334,0.1495565176010131,-0.3166372776031494,0.8059384822845459,0.0721152499318122,-0.5875906348228455,-0.3212410509586334,0.3992461860179901,0.551659107208252,0.9408214623036562,-0.0721779047007157,1.1964081495118173,96.0
1652955307.808182,-0.1948156356811523,0.1442750692367553,-0.2636865377426147,0.8084630966186523,0.070128858089447,-0.5843538641929626,-0.4353117048740387,0.3273696005344391,0.4989122748374939,0.9449343438878351,-0.0701864686495104,1.20261037822758,96.0
1652955307.818331,-0.2093623280525207,0.083198606967926,-0.1802958995103836,0.8104365468025208,0.0689983516931533,-0.5817490220069885,-0.4444979429244995,0.2531358897686004,0.4325528144836426,0.948209290611744,-0.0690532144957419,1.208921796985993,96.0
1652955307.828064,-0.218777596950531,0.0170578956604003,-0.1045864298939704,0.8124818205833435,0.0678585916757583,-0.5790238976478577,-0.299546867609024,0.3868343234062195,0.387308120727539,0.951623652225144,-0.0679107801149174,1.2144359358683858,96.0
1652955307.838036,-0.1702485680580139,-0.0235540270805358,-0.0565849542617797,0.8151003122329712,0.066365897655487,-0.5755060911178589,-0.0984967276453971,0.4137504994869232,0.2503485977649688,0.9560177995030144,-0.0664147130130666,1.217934590282831,96.0
1652955307.8480191,-0.0787758231163024,-0.0016307234764099,-0.0512714982032775,0.817026674747467,0.0651418045163154,-0.5729085803031921,0.0777954831719398,0.2120120525360107,0.0633845701813697,0.9592576826083176,-0.0651879673531015,1.218881875768005,96.0
1652955307.857942,-0.0284739732742309,0.025992214679718,-0.0757326483726501,0.8175822496414185,0.064700610935688,-0.5721653699874878,0.1439212411642074,-0.0088970530778169,-0.1272702664136886,0.960187127081656,-0.0647458363229043,1.2177549154174736,96.0
1652955307.868185,-0.0614551901817321,0.0500569343566894,-0.1252944320440292,0.8170246481895447,0.0656478926539421,-0.5728536248207092,0.1479697823524475,-0.1143289357423782,-0.3008734583854675,0.9593015932073092,-0.065695134566344,1.2153015842696997,96.0
1652955307.877984,-0.1133571863174438,0.0619603395462036,-0.1789586097002029,0.8162076473236084,0.0677678808569908,-0.5737707614898682,0.142437994480133,-0.0781653374433517,-0.4164681136608124,0.958078795370344,-0.0678198589436555,1.2120844334646546,96.0
1652955307.888301,-0.137639045715332,0.0616263151168823,-0.2115422487258911,0.8155871033668518,0.0707647278904914,-0.5742911100387573,0.1475163698196411,-0.0291301533579826,-0.5290047526359558,0.9572942771025612,-0.0708239205564712,1.2081270695155175,96.0
1652955307.897964,-0.1366509795188903,0.0831139683723449,-0.1986194252967834,0.8149346113204956,0.0747944191098213,-0.5747063755989075,0.0933888182044029,-0.0550894774496555,-0.6289320588111877,0.95657706290494,-0.0748643290119501,1.2038526856288874,96.0
1652955307.907947,-0.1461346745491027,0.0887374281883239,-0.1668418049812317,0.8140576481819153,0.079775221645832,-0.5752792358398438,0.1156874671578407,-0.0615313984453678,-0.7330198287963867,0.9556004226745168,-0.0798600794293838,1.1991038561921843,96.0
1652955307.9178882,-0.1610082983970642,0.0707998275756836,-0.1346062421798706,0.8131536245346069,0.0854424685239791,-0.5757436752319336,0.1936700195074081,-0.0271298512816429,-0.8853282928466797,0.9546960809610624,-0.0855467721471063,1.1932145848264215,96.0
1652955307.927858,-0.1710413098335266,0.0398598909378051,-0.1060682982206344,0.8121392726898193,0.0921218246221542,-0.5761452913284302,0.2284168154001236,-0.0217987354844808,-1.0728633403778076,0.9537782295885822,-0.0922526203748363,1.185791099364518,96.0
1652955307.9377952,-0.1674997210502624,0.0306248068809509,-0.1037615090608596,0.8111307621002197,0.1000231727957725,-0.5762486457824707,0.2961577773094177,0.0670509710907936,-1.2427489757537842,0.9531070473128976,-0.1001907097857525,1.1770116617344215,96.0
1652955307.947768,-0.1274376511573791,-0.0027129054069519,-0.1519799977540969,0.8102075457572937,0.1086145937442779,-0.5759919881820679,0.4514858424663543,0.0601808167994022,-1.4142283201217651,0.9527796448275851,-0.1088292911969064,1.1662648115545595,96.0
1652955307.957859,-0.0628635883331298,-0.0186575055122375,-0.2154463231563568,0.8085300326347351,0.1178816854953765,-0.5765268206596375,0.5041893720626831,-0.052898921072483,-1.5864238739013672,0.9513618866490432,-0.1181564242195468,1.1535399157762138,96.0
1652955307.96771,-0.0189120769500732,-0.0377147793769836,-0.2571271061897278,0.8056246042251587,0.1288159787654876,-0.5782520174980164,0.4530726075172424,-0.2461330890655517,-1.83525824546814,0.9482444314909048,-0.1291749109119328,1.1396475483303512,96.0
1652955307.977629,-0.0337880253791809,-0.027247130870819,-0.2973758578300476,0.8010304570198059,0.1422703266143798,-0.5814718008041382,0.3417343199253082,-0.4030945897102356,-2.099650382995605,0.942895374605664,-0.1427546954687384,1.124756319676757,96.0
1652955307.9876971,-0.0824971795082092,-0.0146276354789733,-0.3272256851196289,0.795403003692627,0.1583567261695861,-0.5850275158882141,0.1888137459754943,-0.3798768818378448,-2.342440605163574,0.9366329539656162,-0.1590261619586968,1.1093743622196013,96.0
1652955307.997594,-0.1212552785873413,0.0063482522964477,-0.3698974847793579,0.7891935110092163,0.1772400736808776,-0.5880133509635925,0.0102818170562386,-0.3400827050209045,-2.5875051021575928,0.9304506014133874,-0.1781814092951804,1.0937168745134025,96.0
1652955308.007551,-0.1301383972167968,0.0392999649047851,-0.4200231432914734,0.7820549011230469,0.1987707465887069,-0.5906611084938049,-0.1297850161790847,-0.3762247264385223,-2.823692560195923,0.923932195128828,-0.200103475605813,1.0777850330620096,96.0
1652955308.0174742,-0.1371732950210571,0.0602715015411376,-0.4454357028007507,0.7735716104507446,0.2227337211370468,-0.5932762622833252,-0.1873901188373565,-0.3754210770130157,-3.1090002059936523,0.9165469313072367,-0.2246177361316923,1.0608044915610753,96.0
1652955308.02763,-0.1408729553222656,0.0641824603080749,-0.4186047911643982,0.7643317580223083,0.2484540939331054,-0.59503573179245,-0.1437190622091293,-0.1674316823482513,-3.3335421085357666,0.9093005088918524,-0.2510839724216478,1.041958983233339,96.0
1652955308.037431,-0.0891146659851074,0.038659393787384,-0.3741122782230377,0.7548403143882751,0.2748844027519226,-0.5955289006233215,0.0110683813691139,-0.0523468442261219,-3.5391042232513428,0.9028315137659036,-0.2784694819567269,1.0206855415920677,96.0
1652955308.047365,0.0072436928749084,0.0598410367965698,-0.3788137137889862,0.743870198726654,0.301268607378006,-0.5965690016746521,0.2759445309638977,-0.1347042918205261,-3.746568441390991,0.8948492100949961,-0.3060227889283832,0.9959660908626736,96.0
1652955308.0573158,0.0818762183189392,0.1198363304138183,-0.3983834981918335,0.7303643822669983,0.3270639777183532,-0.5996642708778381,0.5459039211273193,-0.3604996502399444,-3.952229261398315,0.8833523115487583,-0.3331949907471367,0.9671579653140724,96.0
1652955308.067271,0.0657936334609985,0.1902991533279419,-0.3959767520427704,0.7137473821640015,0.3523214161396026,-0.6053382754325867,0.7528285980224609,-0.5862196087837219,-4.159820556640625,0.86739893577256,-0.3600504226174017,0.9343143302047252,96.0
1652955308.0772429,-0.0354385375976562,0.2320376634597778,-0.3688093721866607,0.6944351196289062,0.3772322833538055,-0.6127445101737976,0.8624058961868286,-0.6565735340118408,-4.362637996673584,0.8478108113784184,-0.3868059572788276,0.8979025920137192,96.0
1652955308.087256,-0.154784619808197,0.2381787896156311,-0.3396796286106109,0.6731256246566772,0.4023169875144958,-0.6205182671546936,0.9142693281173706,-0.6007574200630188,-4.606741428375244,0.8260417951364233,-0.4140462851469299,0.8583128608171354,96.0
1652955308.097254,-0.2069962620735168,0.1959677338600158,-0.3352665305137634,0.6501724123954773,0.4272923171520233,-0.6282492280006409,1.0387425422668457,-0.5294855237007141,-4.801505088806152,0.802545122315196,-0.4414958062103735,0.8151460432089791,96.0
1652955308.107123,-0.1790406703948974,0.1414934992790222,-0.3157114684581756,0.6254059672355652,0.4514079093933105,-0.6364733576774597,1.0816388130187988,-0.6179006099700928,-4.906294822692871,0.7766278295792731,-0.4683425332207365,0.7688412071558053,96.0
1652955308.117082,-0.1083126664161682,0.0943860411643982,-0.2650092542171478,0.5980892181396484,0.4750312566757202,-0.6454724669456482,0.9140129685401917,-0.8198181986808777,-4.96681022644043,0.7473137266771845,-0.4949995615351219,0.7208459728208831,96.0
1652955308.127109,-0.0531907081604003,0.0398921966552734,-0.1938345432281494,0.5678696036338806,0.4993918240070343,-0.6543179750442505,0.4790939688682556,-1.0501142740249634,-5.003921508789063,0.7147833206716783,-0.5228966693849789,0.6731022217621976,96.0
1652955308.1370192,-0.0637550950050354,0.0626577734947204,-0.128135859966278,0.5346717834472656,0.5256578922271729,-0.6616721153259277,-0.0878238454461097,-1.263429045677185,-5.021842956542969,0.6796372440979558,-0.5534882668275625,0.6270476677886316,96.0
1652955308.1469831,-0.1178862452507019,0.0838597416877746,-0.0831229090690612,0.4991575181484222,0.5531241297721863,-0.6670048832893372,-0.3834083676338196,-1.332109808921814,-4.964094638824463,0.642448520887872,-0.5861095813761987,0.5822895781572676,96.0
1652955308.156907,-0.1596468389034271,0.0902276039123535,-0.023352026939392,0.4628694653511047,0.5791534185409546,-0.6710686683654785,-0.3573469817638397,-1.2568151950836182,-4.823359489440918,0.6038134384572632,-0.6176898560116689,0.5369614797252829,96.0
1652955308.167235,-0.1578480899333953,0.1032007932662963,0.0961697101593017,0.4268452525138855,0.6014773845672607,-0.6752985715866089,0.0391657277941703,-1.1594449281692505,-4.683705806732178,0.563677010089505,-0.6453491245669519,0.4893282668542395,96.0
1652955308.176834,-0.1228495240211486,0.0507055521011352,0.2613469362258911,0.3912210464477539,0.6177577376365662,-0.682144820690155,0.7126278281211853,-1.0833631753921509,-4.5495219230651855,0.5207183857898428,-0.6658880667734778,0.4372395559532016,96.0
1652955308.186918,-0.0971094369888305,-0.017183244228363,0.4382238388061523,0.3557153046131134,0.6276026368141174,-0.6925183534622192,1.3238943815231323,-1.08381986618042,-4.54085111618042,0.4745116138555213,-0.6784700407712495,0.3803047822433496,96.0
1652955308.196743,-0.1136777698993682,-0.0918018221855163,0.5190979838371277,0.3194882571697235,0.6324065327644348,-0.7056835293769836,1.6247202157974243,-1.1109055280685425,-4.561978340148926,0.4251267373774464,-0.6846559595190171,0.3192368355304887,96.0
1652955308.206787,-0.1566416025161743,-0.1604282855987548,0.4621371030807495,0.2826638519763946,0.635351300239563,-0.7186305522918701,1.3019951581954956,-1.194774866104126,-4.519867420196533,0.3747490896356069,-0.688463346282185,0.257832832787703,96.0
1652955308.2167258,-0.2185511291027069,-0.1751681566238403,0.2656824588775635,0.2454370558261871,0.640918493270874,-0.7273129820823669,0.3675738275051117,-1.2602107524871826,-4.389451503753662,0.3254574942251272,-0.6956942218593488,0.1997486035636129,96.0
1652955308.226694,-0.20780710875988,-0.1513931155204773,0.0580136775970459,0.2086920440196991,0.6523591876029968,-0.7286117672920227,-0.8884655833244324,-1.3192596435546875,-4.132690906524658,0.278955855681694,-0.7106930521818454,0.1475308536413816,96.0
1652955308.236733,-0.1392288208007812,-0.0409644842147827,-0.0660650730133056,0.1722487807273864,0.6698401570320129,-0.7222496271133423,-1.6975852251052856,-1.4844906330108645,-3.867666244506836,0.2341160220579749,-0.7339934758379955,0.1008030161590406,96.0
