1652955319.002736,-0.0272709727287292,0.0664623379707336,0.0029167085886001,-0.687832236289978,0.2213568389415741,-0.6912944316864014,0.0063387402333319,-0.4923946857452392,-0.0307400282472372,-0.7828877646031517,-0.2232056120096668,-0.4515334956801183,107.0
1652955319.012848,-0.0291637182235717,0.0791612267494201,-0.0183609724044799,-0.6913411617279053,0.2213943153619766,-0.6877732276916504,-0.0838863626122474,-0.5098346471786499,-0.0310219824314117,-0.787985260979497,-0.2232440372979492,-0.4520273339339257,107.0
1652955319.0226011,-0.0189658999443054,0.089354932308197,-0.025532990694046,-0.6949014067649841,0.2222034037113189,-0.6839135885238647,-0.2040852010250091,-0.5181602239608765,-0.0256935283541679,-0.7933670293335607,-0.2240737941846844,-0.4532652988427331,107.0
1652955319.0325751,-0.0061264038085937,0.0896539688110351,-0.0245859622955322,-0.6985703706741333,0.2237282991409301,-0.6796655058860779,-0.2940286695957184,-0.5464684963226318,-0.0305811893194913,-0.7991140293789051,-0.2256380648843773,-0.4552954462957678,107.0
1652955319.042675,-0.0035198926925659,0.0974059104919433,-0.0137788355350494,-0.7024738192558289,0.225814864039421,-0.6749356985092163,-0.394963800907135,-0.5878010392189026,-0.0371671877801418,-0.8053881887701148,-0.2277794325413541,-0.4580960967595751,107.0
1652955319.0524812,-0.0056315064430236,0.1054682731628418,-0.0025854706764221,-0.7066336274147034,0.2284764647483825,-0.6696771383285522,-0.4614998400211334,-0.6335945129394531,-0.0376433208584785,-0.8122435344303892,-0.2305124687046218,-0.4615637954480956,107.0
1652955319.062438,-0.0203028321266174,0.1074208617210388,0.0071133375167846,-0.7110510468482971,0.2313661724328994,-0.6639850735664368,-0.5086156725883484,-0.6578494906425476,-0.0619758255779743,-0.8196136750574938,-0.2334817257303549,-0.4655313530686599,107.0
1652955319.072374,-0.0420683026313781,0.0859666466712951,0.0324493944644928,-0.7155611515045166,0.2340147197246551,-0.6581864356994629,-0.4682248532772064,-0.6551837921142578,-0.1097660958766937,-0.827139052564844,-0.236205022937502,-0.4698534378739679,107.0
1652955319.082603,-0.0461668968200683,0.0766525268554687,0.0467207878828048,-0.7201448678970337,0.2359024137258529,-0.652488648891449,-0.4010114669799804,-0.660620927810669,-0.1453328877687454,-0.8346476476110177,-0.2381470882692366,-0.4739942766565164,107.0
1652955319.092289,-0.0441729426383972,0.0834444761276245,0.0428648442029953,-0.7248854041099548,0.2374237179756164,-0.6466615200042725,-0.4253566265106201,-0.6928889155387878,-0.1645461469888687,-0.8423697777047905,-0.2397128728526812,-0.4781497607206013,107.0
1652955319.1022592,-0.0376610159873962,0.1008915305137634,0.0138004422187805,-0.7298714518547058,0.2392054051160812,-0.6403658986091614,-0.5285221338272095,-0.7352566123008728,-0.1748901307582855,-0.8506266794231954,-0.2415474193850253,-0.4829521653040581,107.0
1652955319.11219,-0.0327938795089721,0.1142810583114624,-0.0167495608329772,-0.7349980473518372,0.2418776452541351,-0.6334612965583801,-0.7203095555305481,-0.7464370131492615,-0.1674336194992065,-0.8594602784933578,-0.2443004857317939,-0.4888898021896219,107.0
1652955319.1222749,-0.0359091162681579,0.1471308469772339,-0.0480174422264099,-0.7398936152458191,0.2455271184444427,-0.6263178586959839,-0.7678975462913513,-0.6874428987503052,-0.1365084648132324,-0.8683393834472098,-0.2480634187582949,-0.495906543304101,107.0
1652955319.13216,-0.0183081030845642,0.160115361213684,-0.0757639557123184,-0.7441889643669128,0.249927669763565,-0.6194506287574768,-0.8594251275062561,-0.6374377012252808,-0.0071283672004938,-0.8766188748743852,-0.2526055504757013,-0.5025915423297559,107.0
1652955319.142319,0.0071243047714233,0.1732416152954101,-0.0616999864578247,-0.7480149865150452,0.255837470293045,-0.6123895645141602,-1.0488275289535522,-0.6203497648239136,-0.0202204659581184,-0.8847647523626507,-0.25871390187427,-0.5102742200899094,107.0
1652955319.152261,0.0136026740074157,0.1289169192314148,-0.0319156944751739,-0.7520671486854553,0.2618502080440521,-0.604838490486145,-1.0090243816375732,-0.6827130317687988,-0.0573615580797195,-0.8934786214852749,-0.264938819157552,-0.5188730254180202,107.0
1652955319.1620688,0.0235495567321777,0.090117335319519,0.0129077434539794,-0.7565972208976746,0.2669841349124908,-0.5968921780586243,-0.8471063375473022,-0.7890461683273315,-0.0519481524825096,-0.9028501093586396,-0.2702622136519942,-0.5267619965335933,107.0
1652955319.1722732,0.0376073718070983,0.0885040163993835,0.0395689904689788,-0.7615606784820557,0.2711913883686065,-0.588625967502594,-0.6377853155136108,-0.8597162365913391,-0.0024715634062886,-0.9127866626617256,-0.2746305916948306,-0.5330491502419831,107.0
1652955319.181987,0.0639147758483886,0.0575742125511169,0.0318962633609771,-0.7667957544326782,0.2741186320781708,-0.5804165601730347,-0.3238113820552826,-0.9570619463920592,0.0201623756438493,-0.9228699236543504,-0.2776731034774509,-0.5369605908287901,107.0
1652955319.191957,0.0787670612335205,0.0268707275390625,0.0435114800930023,-0.7725843191146851,0.2753818333148956,-0.57208251953125,-0.0886731967329979,-1.0663779973983765,0.0084820184856653,-0.9334165364001455,-0.2789868699453292,-0.5384946895966897,107.0
1652955319.2019029,0.0687789320945739,-0.0321846008300781,0.0822991728782653,-0.778755247592926,0.2749395072460174,-0.5638694167137146,0.2189259082078933,-1.089494228363037,-0.0560056269168853,-0.9441012863345546,-0.2785267697452609,-0.5382016845386349,107.0
1652955319.2118611,0.049074113368988,-0.0688519477844238,0.0937349498271942,-0.7850514054298401,0.2719418406486511,-0.5565446615219116,0.5799885988235474,-1.079368233680725,-0.1250951737165451,-0.9541037179181968,-0.2754103396032526,-0.5353033462099153,107.0
1652955319.221943,0.0147010684013366,-0.0582221746444702,0.115171194076538,-0.7912972569465637,0.2670003473758697,-0.550054132938385,0.7850693464279175,-1.0301698446273804,-0.1763692945241928,-0.963346577035964,-0.2702790162675098,-0.5303848179175614,107.0
1652955319.231802,-0.0338005423545837,-0.0509794950485229,0.1162306666374206,-0.7971169948577881,0.260890245437622,-0.5445557236671448,0.8316042423248291,-0.906776249408722,-0.2317292541265487,-0.971464331942014,-0.2639442693479691,-0.5245671842538667,107.0
1652955319.241859,-0.0651955008506774,-0.0274032950401306,0.1214337646961212,-0.8023735880851746,0.2548173666000366,-0.5396895408630371,0.6333308219909668,-0.7887231111526489,-0.2892471253871918,-0.9786860912128066,-0.2576588171232893,-0.519715867103552,107.0
1652955319.25169,-0.0723146796226501,-0.0087804794311523,0.1162966340780258,-0.8070036768913269,0.2496547698974609,-0.5351799726486206,0.3855953812599182,-0.6494186520576477,-0.3283577263355255,-0.9852189696853748,-0.2523237180279499,-0.51720685611862,107.0
1652955319.2616591,-0.0575242638587951,-0.0298059582710266,0.0793999880552291,-0.8108840584754944,0.2453527152538299,-0.5312901139259338,0.242825448513031,-0.5077382326126099,-0.3115071058273315,-0.9907752336183502,-0.2478835083770555,-0.5163710646475789,107.0
1652955319.271617,-0.0308774709701538,-0.0570889711380004,0.0774419903755188,-0.8139255046844482,0.2424126416444778,-0.5279787182807922,0.0555048882961273,-0.4018873572349548,-0.2338975220918655,-0.9953482981498764,-0.2448518956741182,-0.5166349826720343,107.0
1652955319.281621,-0.0235092639923095,-0.1156585216522216,0.1211924850940704,-0.8164414167404175,0.2404865026473999,-0.5249663591384888,0.0295835435390472,-0.3613540530204773,-0.2052528262138366,-0.9993624764557396,-0.2428670259025834,-0.5175706588756817,107.0
1652955319.291697,-0.0164230465888977,-0.1820241212844848,0.2007547616958618,-0.8187516331672668,0.2386830300092697,-0.5221841931343079,0.0826188027858734,-0.3523736894130707,-0.1716858595609665,-1.0030589605504774,-0.2410094605025012,-0.518167731010255,107.0
1652955319.301485,0.0044068098068237,-0.2258282899856567,0.2707227766513824,-0.8209505081176758,0.2367081344127655,-0.5196245312690735,0.2190786302089691,-0.3624683916568756,-0.1279887109994888,-1.0064971648524907,-0.2389762953674024,-0.5177024523094877,107.0
1652955319.311455,0.0201024413108825,-0.2395529747009277,0.2752558588981628,-0.8230504989624023,0.2344333827495575,-0.5173286199569702,0.3477669060230255,-0.3539605736732483,-0.0620728805661201,-1.0096480654746405,-0.2366356607253342,-0.5157416153889999,107.0
1652955319.3214111,0.0238182544708251,-0.2506001591682434,0.2282935380935669,-0.8248438239097595,0.2324912846088409,-0.5153452157974243,0.3598443269729614,-0.3356473445892334,0.0455158986151218,-1.0123558561260082,-0.234638370768931,-0.5126018059986169,107.0
1652955319.331324,0.0210494399070739,-0.2491461038589477,0.1905548572540283,-0.8263169527053833,0.2316709905862808,-0.513350784778595,0.2429835796356201,-0.3171532452106476,0.128149002790451,-1.0148969923835771,-0.233795060154225,-0.509459809550848,107.0
1652955319.341423,0.0041113495826721,-0.2199164032936096,0.2034927159547805,-0.8275367617607117,0.2320540696382522,-0.5112083554267883,0.1057833656668663,-0.2820613086223602,0.1755005419254303,-1.0174296611672515,-0.2341888690063425,-0.5071512320665755,107.0
1652955319.351238,-0.0301703810691833,-0.187965452671051,0.2555109858512878,-0.8282586336135864,0.2335025519132614,-0.5093763470649719,0.0332782790064811,-0.1904607713222503,0.265436053276062,-1.0194227583501876,-0.2356782631152852,-0.5054107258388942,107.0
1652955319.36152,-0.0550745725631713,-0.1458122730255127,0.3031012713909149,-0.8281958103179932,0.2362510561943054,-0.5082098245620728,-0.0749222189188003,-0.0882459953427314,0.3733529150485992,-1.0204114572882146,-0.2385058730423297,-0.5038291432906741,107.0
1652955319.371324,-0.0630227327346801,-0.104298710823059,0.3295670747756958,-0.8274039626121521,0.2403790950775146,-0.5075633525848389,-0.1395640671253204,-0.0126729356124997,0.4706012904644012,-1.0205524768534957,-0.2427563776995372,-0.5026055314750213,107.0
1652955319.381228,-0.0665440559387207,-0.0655798316001892,0.3421956896781921,-0.8260951638221741,0.2448555827140808,-0.5075554251670837,0.0526919215917587,0.051036536693573,0.561882734298706,-1.0198535794312087,-0.2473707314646206,-0.5003371620561108,107.0
1652955319.391288,-0.067864716053009,-0.0262183547019958,0.3999648094177246,-0.8240726590156555,0.2491134852170944,-0.5087699294090271,0.320054829120636,0.132895827293396,0.7016833424568176,-1.017691854915033,-0.2517647745994558,-0.495300876572006,107.0
1652955319.401074,-0.0689868927001953,-0.0063229203224182,0.4969607293605804,-0.8213483095169067,0.2530544102191925,-0.5112245678901672,0.5975141525268555,0.1788742393255233,0.8221519589424133,-1.0140535817776035,-0.2558361210415633,-0.4871482590146949,107.0
1652955319.411048,-0.0497482419013977,0.000152051448822,0.5963259935379028,-0.8182785511016846,0.2567774653434753,-0.5142815709114075,0.7631993293762207,0.1296278983354568,0.9649914503097534,-1.0096898468454256,-0.2596863935787726,-0.4762077503891421,107.0
1652955319.421142,-0.011911928653717,0.0114175081253051,0.6564580202102661,-0.8150688409805298,0.2614496648311615,-0.5170174241065979,0.7536004781723022,0.0557539500296115,1.1334710121154783,-1.0055204319097506,-0.264523796083483,-0.4638339861966756,107.0
1652955319.430987,0.018994927406311,0.0199759006500244,0.6022069454193115,-0.8117654919624329,0.2676660120487213,-0.5190297365188599,0.6740986704826355,-0.031951081007719,1.3480768203735352,-1.001920365571806,-0.2709698476874185,-0.4505722971160161,107.0
1652955319.441039,0.0232712626457214,0.0651078224182128,0.5026172995567322,-0.807969868183136,0.276923656463623,-0.5200943350791931,0.3629951477050781,-0.0441720597445964,1.6034084558486938,-0.9988590656024458,-0.2805910730137118,-0.4377962757446266,107.0
1652955319.450881,-0.0191177725791931,0.1220453381538391,0.4173100590705871,-0.8031479716300964,0.2896142601966858,-0.5206505656242371,0.0613503940403461,0.0400596223771572,1.8359754085540767,-0.9956436625759596,-0.2938238122761152,-0.4262156063134882,107.0
1652955319.460995,-0.0664818286895752,0.1875200867652893,0.4148404002189636,-0.7968911528587341,0.3054506778717041,-0.521214485168457,-0.2262438237667083,0.1757101416587829,2.004746198654175,-0.9915724010008392,-0.3104116825406003,-0.4160775331184447,107.0
1652955319.470809,-0.0947937965393066,0.2244163751602172,0.433698296546936,-0.7891327738761902,0.3233969211578369,-0.52219158411026,-0.3993303477764129,0.3171963095664978,2.122715473175049,-0.9862202984629383,-0.3293171306217799,-0.4069011383667059,107.0
1652955319.480768,-0.1018722057342529,0.233101487159729,0.4228261709213257,-0.7800707221031189,0.3428445756435394,-0.5233998894691467,-0.5676527619361877,0.4000171720981598,2.20055890083313,-0.979824097511691,-0.3499433226150849,-0.3985040259641687,107.0
1652955319.490718,-0.1026723980903625,0.2154409289360046,0.3498670756816864,-0.770099937915802,0.3635575175285339,-0.5241870880126953,-0.7622949481010437,0.3944838047027588,2.2712676525115967,-0.9731588114600296,-0.3720839017623169,-0.3909941497984885,107.0
1652955319.500834,-0.0780341625213623,0.2098954916000366,0.2424626648426056,-0.7595361471176147,0.3858331441879272,-0.5236771106719971,-1.0036660432815552,0.3329038023948669,2.367842674255371,-0.9671727137848865,-0.396110718417743,-0.3847551910619953,107.0
1652955319.51064,-0.0417436361312866,0.1991043090820312,0.1355825066566467,-0.7485244870185852,0.4098733365535736,-0.521263062953949,-1.23120379447937,0.1960415542125702,2.4815568923950195,-0.9624990140047468,-0.422315202154297,-0.3797402211093497,107.0
1652955319.52079,-0.0211158394813537,0.1931828260421753,0.0693258345127105,-0.7373682260513306,0.4354958236217499,-0.5163638591766357,-1.4593749046325684,0.0066130380146205,2.558489799499512,-0.959882784156865,-0.4505890033767014,-0.375954527514413,107.0
1652955319.530558,-0.0178059935569763,0.1688372492790222,0.0366861820220947,-0.7263042330741882,0.4623218774795532,-0.5086656212806702,-1.6650410890579224,-0.1884001195430755,2.596864938735962,-0.959836915378968,-0.4806119474048111,-0.3737943816712586,107.0
1652955319.540601,-0.0186037421226501,0.1522790491580963,0.0024232566356658,-0.7153746485710144,0.489535242319107,-0.4985924661159515,-1.7244911193847656,-0.3696386218070984,2.6016833782196045,-0.9621088994556892,-0.5115566948627364,-0.3727434412085741,107.0
1652955319.550444,-0.0444933176040649,0.1319422721862793,-0.0297489166259765,-0.7045761346817017,0.5162448287010193,-0.4868921339511871,-1.6852177381515503,-0.4927201867103576,2.5589864253997803,-0.9661073341343096,-0.54246051926363,-0.3720156625197912,107.0
1652955319.56044,-0.0869906544685363,0.0394547581672668,-0.067638099193573,-0.693832278251648,0.5411335825920105,-0.4751541316509247,-1.419457197189331,-0.5110301971435547,2.438109397888184,-0.9703272519404053,-0.5717844985317627,-0.3703982454366727,107.0
1652955319.570541,-0.1099811196327209,0.0554926991462707,-0.073930025100708,-0.6830946803092957,0.5634624361991882,-0.464641809463501,-1.2219346761703491,-0.4391824901103973,2.2754509449005127,-0.9734820904185376,-0.5985709143343872,-0.3675155745780736,107.0
1652955319.580377,-0.1328355073928833,0.0932161509990692,-0.1098551750183105,-0.6723251342773438,0.583518385887146,-0.4555054605007171,-1.0914535522460938,-0.3202755451202392,2.1198525428771973,-0.975325888305884,-0.6230544038622889,-0.3641045217452457,107.0
1652955319.590271,-0.139352262020111,0.0943838953971862,-0.2325530052185058,-0.6615664958953857,0.6020750999450684,-0.4470296800136566,-1.154747724533081,-0.253481388092041,1.9709138870239256,-0.976556367668026,-0.6460975159370757,-0.3613311943418755,107.0
1652955319.600255,-0.1109834909439086,0.0890018939971923,-0.379498541355133,-0.6510253548622131,0.6200228333473206,-0.4378787875175476,-1.3582435846328735,-0.2302911132574081,1.8381073474884035,-0.978698199779512,-0.6687717851033381,-0.3610004299893547,107.0
1652955319.610246,-0.0699849724769592,0.0745446681976318,-0.4704493284225464,-0.6410747766494751,0.6377924680709839,-0.4269005954265594,-1.6445379257202148,-0.2797509133815765,1.6811445951461792,-0.9833150892571328,-0.6916287018094234,-0.3643538288999422,107.0
1652955319.620229,-0.0417330861091613,0.0621246099472045,-0.4856001734733581,-0.6321714520454407,0.6555067300796509,-0.4131224155426025,-1.9767603874206543,-0.3693313896656036,1.5016379356384275,-0.9919663976918912,-0.7148534548828507,-0.3727023945921563,107.0
1652955319.6301842,-0.0284576416015625,0.05637788772583,-0.4905432462692261,-0.6246645450592041,0.6725195646286011,-0.3968776762485504,-2.1245083808898926,-0.46297088265419,1.2719597816467283,-1.004792242180634,-0.7376079642860655,-0.3857808831773409,107.0
1652955319.640403,-0.0198321342468261,0.0566618144512176,-0.5227212309837341,-0.6187330484390259,0.6879891157150269,-0.3792630434036255,-2.1353280544281006,-0.562088668346405,1.0596243143081665,-1.0208966393474048,-0.7587145004698768,-0.4019567245862985,107.0
1652955319.650072,-0.0033000707626342,0.044031023979187,-0.5618848204612732,-0.6145741939544678,0.7014417052268982,-0.3609407246112823,-2.0379366874694824,-0.6859554052352905,0.8007766008377075,-1.0397658644848673,-0.7774182565488725,-0.4201629138966911,107.0
1652955319.660064,0.0212759375572204,-0.0349919497966766,-0.5942816734313965,-0.6124778389930725,0.7122473120689392,-0.3428918421268463,-1.7721997499465942,-0.7969850301742554,0.532867431640625,-1.060427016827509,-0.7926946399172241,-0.4389207221210582,107.0
1652955319.670002,0.0579311251640319,-0.1268441677093505,-0.620006799697876,-0.6125119924545288,0.7198755741119385,-0.3265096545219421,-1.3531088829040527,-0.9074883460998536,0.2527989149093628,-1.081046706651258,-0.8036230119018318,-0.455853950664228,107.0
1652955319.679967,0.0903679132461547,-0.162069946527481,-0.6316831111907959,-0.6148431301116943,0.7241359949111938,-0.3124020099639892,-0.9523851275444032,-0.9933409094810486,-0.0666778683662414,-1.1006894438056225,-0.8097807981440746,-0.4699129329044954,107.0
1652955319.689909,0.0862622857093811,-0.149415522813797,-0.6488491296768188,-0.6196029186248779,0.7250056862831116,-0.3007644414901733,-0.5363654494285583,-1.033681869506836,-0.3890476524829864,-1.1188847855996662,-0.8110426815914097,-0.481045947429764,107.0
1652955319.699898,0.0638425946235656,-0.1218219995498657,-0.6627802848815918,-0.6264801025390625,0.7227625846862793,-0.2917826771736145,-0.1886985898017883,-1.041433811187744,-0.6746271848678589,-1.1349227489579632,-0.807791412688147,-0.4888992204123201,107.0
1652955319.7099829,0.0341934561729431,-0.0950678288936615,-0.6595743894577026,-0.6352677345275879,0.7179697155952454,-0.2845249474048614,-0.0254804398864507,-1.0312438011169434,-0.955620288848877,-1.149705189780845,-0.8008811745304247,-0.4950262991223372,107.0
1652955319.71981,0.0030580163002014,-0.0704129636287689,-0.6492500305175781,-0.6459566354751587,0.7110175490379333,-0.2778382897377014,0.0088426442816853,-1.0381325483322144,-1.240378499031067,-1.16459777881916,-0.790944239998864,-0.5014141385501751,107.0
1652955319.729768,-0.0398027300834655,-0.0533694624900817,-0.6265881061553955,-0.6585922241210938,0.702042818069458,-0.270910233259201,-0.0522354245185852,-1.0690935850143433,-1.536966323852539,-1.180546107957732,-0.7782620163273306,-0.5091099320209981,107.0
1652955319.739974,-0.108027160167694,-0.0422098934650421,-0.5692350268363953,-0.6731619238853455,0.6911831498146057,-0.2629047632217407,-0.1996648162603378,-1.07245934009552,-1.838393211364746,-1.1984611898464328,-0.7631249537394533,-0.5194849952386759,107.0
1652955319.749666,-0.1656234860420227,-0.0572240650653839,-0.5240057110786438,-0.6892808675765991,0.678546667098999,-0.2539024949073791,-0.3176438510417938,-1.0695911645889282,-2.079540729522705,-1.2178609662800062,-0.7457823459534426,-0.5323091080585047,107.0
1652955319.759665,-0.1989936232566833,-0.0672968327999115,-0.4971887469291687,-0.7066461443901062,0.6642724275588989,-0.2437076568603515,-0.4561194479465484,-1.123839020729065,-2.302967071533203,-1.2386906124977115,-0.7265200773982639,-0.5470676761248535,107.0
1652955319.769598,-0.2526606321334839,-0.0742628574371337,-0.4548819661140442,-0.7251685261726379,0.6483175754547119,-0.231980949640274,-0.5924071669578552,-1.1911323070526123,-2.51981782913208,-1.2611846725425315,-0.7053726243682684,-0.5637330242094917,107.0
1652955319.779572,-0.322762131690979,-0.0720163583755493,-0.3815407156944275,-0.7445292472839355,0.630609929561615,-0.219105988740921,-0.663181483745575,-1.218539476394653,-2.7013726234436035,-1.284588144249181,-0.6823388529265099,-0.581511293676353,107.0
1652955319.789448,-0.3873142004013061,-0.0728172063827514,-0.3047797679901123,-0.7642515897750854,0.6110846400260925,-0.2061439007520675,-0.5005511045455933,-1.2226508855819702,-2.83791732788086,-1.30733333066808,-0.6574301182310582,-0.5984982497124752,107.0
1652955319.799478,-0.4387243390083313,-0.1023048013448715,-0.2458672523498535,-0.7838404774665833,0.5895256400108337,-0.1950736343860626,-0.088498018682003,-1.1896830797195437,-2.899965763092041,-1.3268823640818688,-0.6304714460309712,-0.611033466132983,107.0
1652955319.809587,-0.466414213180542,-0.1199890524148941,-0.1418070197105407,-0.8027816414833069,0.5663217902183533,-0.18660569190979,0.385791003704071,-1.1394760608673096,-2.903651714324951,-1.3424033453131912,-0.6020361514004927,-0.6177126814039622,107.0
1652955319.819405,-0.4814680814743042,-0.1733054965734481,-0.0205243825912475,-0.8209306597709656,0.5415050983428955,-0.1812323629856109,1.016692280769348,-1.1512339115142822,-2.9139404296875,-1.353516908525397,-0.5722263726726318,-0.6172714909462492,107.0
1652955319.82941,-0.4673455357551574,-0.2375426292419433,0.1107257604598999,-0.8383491635322571,0.5151591897010803,-0.1782745271921157,1.5818519592285156,-1.2159487009048462,-2.8998982906341557,-1.3612679065234647,-0.5411933632529253,-0.6095935112959838,107.0
1652955319.839425,-0.4509463906288147,-0.2884710431098938,0.2386977970600128,-0.8549771904945374,0.4874525964260101,-0.1772118508815765,2.205528259277344,-1.269163727760315,-2.8747692108154297,-1.3664194369113305,-0.5091698801098505,-0.5951153388799643,107.0
1652955319.849256,-0.4351463913917541,-0.3309763073921203,0.3779337108135223,-0.8705940842628479,0.4588887095451355,-0.1774464249610901,2.643286228179932,-1.3380969762802124,-2.7490105628967285,-1.3697282587963733,-0.4767440505810931,-0.5744763560451065,107.0
1652955319.85923,-0.3827518820762634,-0.45760178565979,0.5235663056373596,-0.8847653865814209,0.4308861196041107,-0.1775604486465454,2.8850748538970947,-1.4497891664505005,-2.5368776321411133,-1.3727407843256667,-0.445474494819778,-0.5501612758706714,107.0
1652955319.869266,-0.2897838354110718,-0.5370489954948425,0.6093401312828064,-0.8975180387496948,0.4043163955211639,-0.1760398298501968,2.9313111305236816,-1.6513811349868774,-2.2706689834594727,-1.3771143459546045,-0.416231295447094,-0.5236751397092673,107.0
1652955319.8792892,-0.1979241371154785,-0.4005324840545654,0.6848012208938599,-0.908582329750061,0.3810860812664032,-0.1710311472415924,2.201650857925415,-1.6694490909576416,-1.8783175945281985,-1.3847340144643538,-0.3909707350271056,-0.5002942345755979,107.0
1652955319.889117,-0.1513351202011108,-0.3462376594543457,0.623320996761322,-0.9171617031097412,0.3629154562950134,-0.164641723036766,1.8976694345474243,-1.3502256870269775,-1.3544977903366089,-1.3931759096488012,-0.3713947523717294,-0.4822722136320158,107.0
1652955319.899078,-0.1714015007019043,-0.4174535274505615,0.5582972168922424,-0.9227301478385924,0.3507603108882904,-0.1598015874624252,1.532127857208252,-1.0603653192520142,-0.6868350505828857,-1.3993137643725255,-0.358382879141199,-0.4658010403912277,107.0
1652955319.909049,-0.2578490972518921,-0.463711142539978,0.7853320837020874,-0.9255617260932922,0.3447795212268829,-0.1564059406518936,1.0046435594558716,-0.6104606986045837,-0.215797871351242,-1.4033929409498964,-0.3520039098730814,-0.4532963445035876,107.0
1652955319.919275,-0.3242285847663879,-0.753308892250061,1.0895752906799316,-0.9265649914741516,0.3427060544490814,-0.1550161838531494,0.8676057457923889,-0.4164251387119293,0.0657089054584503,-1.405029542056088,-0.3497958788661953,-0.4440043795371633,107.0
1652955319.928961,-0.2723287343978882,-0.9886592626571656,1.3127232789993286,-0.9263713955879213,0.3435724079608917,-0.1542544364929199,0.7444987297058105,-0.3663114309310913,0.4063479304313659,-1.4057955289980817,-0.3507182416198216,-0.4348880628510577,107.0
1652955319.939097,-0.241945207118988,-1.175550103187561,1.3810629844665527,-0.9249707460403442,0.3477577567100525,-0.153276652097702,0.6033852696418762,-0.3206273019313812,0.7165047526359558,-1.4065788623839337,-0.3551785353953554,-0.4270484274957846,107.0
1652955319.949028,-0.2555093765258789,-1.1704446077346802,1.3291478157043457,-0.922148823738098,0.3552087843418121,-0.1531941145658493,0.4733461439609527,-0.1086012199521064,1.1063709259033203,-1.4061724628304832,-0.3631373955603724,-0.4196239984344898,107.0
1652955319.958828,-0.336668848991394,-1.1389694213867188,1.407031536102295,-0.9171918034553528,0.3672908842563629,-0.1544570028781891,-0.0338363759219646,0.208734929561615,1.6175907850265503,-1.4039596233150515,-0.3760946397057655,-0.4146846524373618,107.0
1652955319.968765,-0.4537842869758606,-1.126843810081482,1.5726630687713623,-0.9094513654708862,0.3849632441997528,-0.1571679413318634,-0.5059300065040588,0.6513199806213379,2.182814359664917,-1.3996703435122009,-0.3951679898665073,-0.4144434289482483,107.0
1652955319.978742,-0.5462643504142761,-1.139882206916809,1.689441204071045,-0.8978580832481384,0.4090236723423004,-0.1629435122013092,-0.6363726854324341,1.1339280605316162,2.9898595809936523,-1.3912699712510337,-0.421383896751123,-0.4157083042100396,107.0
1652955319.9886909,-0.6894003748893738,-1.1319921016693115,1.8292173147201536,-0.881080150604248,0.440496951341629,-0.1722222417593002,-0.6196728348731995,1.583139419555664,3.861053466796875,-1.3777630230729063,-0.4561521506896268,-0.4157485235558417,107.0
1652955319.9986591,-0.9167113304138184,-1.0130691528320312,1.955579400062561,-0.8583132028579712,0.4780753552913666,-0.1863935440778732,-0.1552106142044067,2.144673585891724,4.635071754455566,-1.3569540304791945,-0.4984621283837018,-0.4106476678710565,107.0
1652955320.008562,-1.1432451009750366,-0.8712855577468872,2.068895101547241,-0.8287246823310852,0.519666850566864,-0.2077548652887344,0.4427701830863952,2.736097812652588,5.315918922424316,-1.3251662280309406,-0.5464609367044881,-0.3959749206275648,107.0
1652955320.018711,-1.3166579008102417,-0.872078537940979,2.1195623874664307,-0.7924427390098572,0.5627343654632568,-0.2352974116802215,1.2487317323684692,2.921266555786133,5.776457786560059,-1.2821614441104736,-0.5976899289998441,-0.3690917102766837,107.0
1652955320.028543,-1.4216327667236328,-0.8322393894195557,1.9919686317443848,-0.7505780458450317,0.6041921377182007,-0.26755291223526,1.9972189664840696,2.991413354873657,6.074348449707031,-1.2283759144211308,-0.6487516770400873,-0.327311549870508,107.0
1652955320.038618,-1.551450490951538,-0.6787195205688477,1.76893949508667,-0.7035391926765442,0.6426662802696228,-0.303335964679718,2.389654397964477,3.0885584354400635,6.26676082611084,-1.163722097270781,-0.6979733113537004,-0.2722985257792419,107.0
1652955320.048442,-1.6976778507232666,-0.5455535650253296,1.5326306819915771,-0.6518706679344177,0.6774370074272156,-0.3407988250255584,2.58528733253479,3.1431398391723637,6.40952205657959,-1.089074531428501,-0.7442726977283695,-0.2063020241597718,107.0
1652955320.0584102,-1.7930502891540527,-0.3994673490524292,1.3686021566390991,-0.5958355069160461,0.7082869410514832,-0.3785629868507385,2.6601529121398926,3.1838693618774414,6.5308990478515625,-1.004790215981328,-0.7870685485605942,-0.1301524733493296,107.0
1652955320.068361,-1.896315336227417,-0.2386091947555542,1.2723307609558103,-0.5360274910926819,0.7345051765441895,-0.416145384311676,2.77733850479126,3.252648115158081,6.557223320007324,-0.9106428974907612,-0.8249372164228777,-0.044110573335776,107.0
1652955320.078327,-1.9640499353408811,-0.0837433636188507,1.1593568325042725,-0.4727177619934082,0.7549650073051453,-0.4544950127601623,3.0401172637939453,3.461714029312134,6.594879627227783,-0.8050488994035337,-0.8556007818799749,0.0528220023012187,107.0
1652955320.088301,-1.9630467891693115,0.0416037440299987,0.9847515821456908,-0.4054988622665405,0.7687426805496216,-0.4945760667324066,3.3656013011932373,3.738904714584351,6.622876167297363,-0.6867529528614462,-0.8768729090711658,0.1609147643319115,107.0
1652955320.0982609,-1.914933204650879,0.1313532590866089,0.7795056104660034,-0.3348227739334106,0.7753192782402039,-0.5355127453804016,3.538841009140014,3.9849586486816406,6.5699543952941895,-0.5587702484089113,-0.8872204538804948,0.2766852148466009,107.0
1652955320.1081882,-1.85174822807312,0.1684036254882812,0.5745740532875061,-0.2622350752353668,0.7749743461608887,-0.5750197172164917,3.573664426803589,4.085763454437256,6.428165435791016,-0.4278698712303964,-0.8866744798922093,0.3935545039142699,107.0
1652955320.118431,-1.7560060024261477,0.2278875112533569,0.3772380352020263,-0.1889709383249282,0.7684377431869507,-0.6113865971565247,3.440581798553467,4.171945095062256,6.2762627601623535,-0.2997714465258353,-0.876396232776824,0.5061854295564322,107.0
1652955320.128217,-1.6491141319274902,0.2256265878677368,0.1978508830070495,-0.1158244162797927,0.7570441961288452,-0.643015444278717,3.2071688175201416,4.178285121917725,6.0870208740234375,-0.1782159062157034,-0.858777194234035,0.6108789653664636,107.0
1652955320.1382442,-1.5550663471221924,0.1991161704063415,0.0597738027572631,-0.0442074239253997,0.7417857050895691,-0.6691783666610718,2.914894819259644,4.081142425537109,5.847140789031982,-0.0659663898505128,-0.835729191246625,0.705676842304793,107.0
1652955320.148076,-1.5144391059875488,0.2573645710945129,-0.0058897733688354,0.0248149204999208,0.7236632704734802,-0.6897070407867432,2.6087160110473637,4.016395092010498,5.553031921386719,0.035963417447049,-0.8090955354007374,0.7897876755118663,107.0
1652955320.1580071,-1.4952470064163208,0.3592212796211242,-0.0362430214881897,0.0911330953240394,0.7032352685928345,-0.705092191696167,2.385005235671997,4.051505088806152,5.230846881866455,0.1285372945599626,-0.7799378711197522,0.8632712993156398,107.0
1652955320.1679502,-1.4516127109527588,0.4303198456764221,-0.0826960206031799,0.1550733149051666,0.6808406114578247,-0.7158269882202148,2.1875650882720947,4.111906051635742,4.932500839233398,0.2133385702196253,-0.7489097357672473,0.9269550440445182,107.0
1652955320.177956,-1.3920364379882812,0.4513543248176574,-0.1640013456344604,0.2164686769247055,0.656890869140625,-0.72224360704422,2.0340726375579834,4.115267753601074,4.654318809509277,0.291197125940566,-0.7166877063700738,0.9821024716220518,107.0
1652955320.18787,-1.3065674304962158,0.5255943536758423,-0.2368256449699401,0.2751952111721039,0.63175368309021,-0.724675714969635,1.8679873943328855,4.150641918182373,4.361406326293945,0.3629280693051566,-0.683813444424594,1.0295557513527918,107.0
1652955320.198018,-1.238209843635559,0.5378701686859131,-0.273267388343811,0.3310289978981018,0.6062600016593933,-0.7230965495109558,1.6865379810333252,4.124105930328369,4.05527925491333,0.4293161732889518,-0.6513493068383027,1.0700779147754895,107.0
1652955320.207789,-1.1768693923950195,0.5549038648605347,-0.2844734787940979,0.383442759513855,0.5807076692581177,-0.7181576490402222,1.562595248222351,4.029461860656738,3.777523279190064,0.4904183205469478,-0.6195976865394044,1.1045987043806376,107.0
1652955320.217782,-1.133230447769165,0.5875567197799683,-0.2854293584823608,0.4324094951152801,0.5552505850791931,-0.710435688495636,1.433171272277832,3.9436168670654297,3.510152101516724,0.5467584035310099,-0.5886642389480033,1.133915535751188,107.0
1652955320.227721,-1.1100492477416992,0.5335737466812134,-0.2720504403114319,0.4781369864940643,0.5302139520645142,-0.7001844048500061,1.3332093954086304,3.8674330711364746,3.2576208114624023,0.5991385497558954,-0.5588528955054315,1.1587217430644443,107.0
1652955320.237776,-1.0829979181289673,0.4812403917312622,-0.2484979629516601,0.5207114815711975,0.5055934190750122,-0.6879207491874695,1.260988712310791,3.747828245162964,3.030524015426636,0.6479249219578652,-0.5300696261706069,1.1796168575906747,107.0
1652955320.2476258,-1.0863370895385742,0.4636421203613281,-0.2050023674964904,0.5599545836448669,0.48167484998703,-0.6741218566894531,1.1588952541351318,3.5937294960021973,2.799381971359253,0.6931484190145847,-0.5025648712594492,1.1971619544616654,107.0
1652955320.257577,-1.128076195716858,0.5141378045082092,-0.1646120548248291,0.5962921380996704,0.4589236676692962,-0.6586537957191467,1.0182006359100342,3.567270517349243,2.5996172428131104,0.7357462774130508,-0.476783391737192,1.2120581602004137,107.0
1652955320.26763,-1.1641011238098145,0.6086539030075073,-0.1585533618927002,0.6310505867004395,0.4375146627426147,-0.6405905485153198,0.7896565794944763,3.685455322265625,2.4896657466888428,0.7778962011281406,-0.4528328866628427,1.2256935927122476,107.0
1652955320.277324,-1.1464437246322632,0.6622803211212158,-0.1954392194747924,0.6650593876838684,0.417515754699707,-0.6191742420196533,0.5031741857528687,3.785859107971192,2.454040050506592,0.8211125743803729,-0.4307096571283567,1.2395332199857274,107.0
1652955320.287256,-1.1043870449066162,0.6117910146713257,-0.2364720702171325,0.6977555751800537,0.3989019989967346,-0.5949910879135132,0.1959258466958999,3.723220109939575,2.41955828666687,0.864724516094549,-0.4103191408292756,1.2544154645217225,107.0
1652955320.297229,-1.069683074951172,0.597908616065979,-0.248602032661438,0.7282370924949646,0.3815367221832275,-0.5692983865737915,-0.0763424262404441,3.5747902393341064,2.366888999938965,0.9072837305091548,-0.3914582078588581,1.2703039957215247,107.0
1652955320.307267,-1.0754547119140625,0.5692256093025208,-0.221253901720047,0.7563477158546448,0.3652969896793365,-0.5426753759384155,-0.2834013402462005,3.449173927307129,2.3068277835845947,0.9484252696168224,-0.373951805226314,1.2868853559570308,107.0
1652955320.317179,-1.1110856533050537,0.5411139726638794,-0.1909358203411102,0.7823807001113892,0.3497188687324524,-0.5153418183326721,-0.4785846769809723,3.343845129013061,2.278248071670532,0.9883403769781176,-0.3572710110483672,1.304031048860809,107.0
1652955320.327193,-1.145503282546997,0.5838409662246704,-0.216841846704483,0.8067123889923096,0.3346092402935028,-0.4870850443840027,-0.6808448433876038,3.313655138015747,2.282573938369751,1.0275945476684565,-0.3411905389539609,1.322110649604925,107.0
1652955320.3374891,-1.1489760875701904,0.6485812664031982,-0.3214491605758667,0.8299911022186279,0.3193435370922088,-0.4573123157024383,-0.8610904812812805,3.381803512573242,2.355928659439087,1.067197494420273,-0.3250366683382176,1.341328402587716,107.0
1652955320.3481688,-1.1110379695892334,0.7131702899932861,-0.4620262384414673,0.8524931073188782,0.3035943210124969,-0.4255421757698059,-1.0940208435058594,3.477059364318848,2.4157886505126958,1.1078099591469337,-0.3084627857814818,1.3619862831629084,107.0
1652955320.357294,-1.0426102876663208,0.730893611907959,-0.585355281829834,0.8738938570022583,0.287549614906311,-0.3919501304626465,-1.272465467453003,3.502457857131958,2.439663887023926,1.1491821758359488,-0.2916674026268168,1.3840990930558823,107.0
1652955320.3671389,-0.9479953050613404,0.6970400810241699,-0.6727281212806702,0.8935062885284424,0.2710101008415222,-0.3580508232116699,-1.230780005455017,3.3993141651153564,2.385023593902588,1.1896646204084764,-0.2744422606800925,1.4059853748933708,107.0
1652955320.377369,-0.8492283821105957,0.6417782306671143,-0.7017723321914673,0.910889208316803,0.2540337741374969,-0.325188934803009,-1.0201843976974487,3.2390847206115723,2.239614963531494,1.2278976519643612,-0.2568485817514502,1.4254113976730256,107.0
1652955320.387065,-0.783144474029541,0.5839837789535522,-0.6829135417938232,0.9256768822669984,0.2373264878988266,-0.2946161329746246,-0.6911976933479309,2.971893787384033,1.9849351644515991,1.2626625282615382,-0.2396127831308859,1.4407530076367423,107.0
1652955320.397042,-0.7484599351882935,0.5351454019546509,-0.6651681661605835,0.9377911686897278,0.2217937111854553,-0.2671247720718384,-0.3925012648105621,2.692590951919556,1.6861345767974854,1.293300877835116,-0.2236536064603856,1.4513974984312912,107.0
1652955320.40713,-0.7307528257369995,0.5303730964660645,-0.7200126647949219,0.9476412534713744,0.2080041170120239,-0.2423024773597717,-0.2417125403881073,2.458645820617676,1.427436351776123,1.3204695033158875,-0.2095339948543506,1.4585830268410125,107.0
1652955320.417246,-0.7011517882347107,0.5903623104095459,-0.8712322115898132,0.95569908618927,0.1961987614631652,-0.2194211632013321,-0.2871897518634796,2.26479434967041,1.1895475387573242,1.3451151796212455,-0.1974798197237015,1.464209186175526,107.0
1652955320.42688,-0.6571992635726929,0.6512407660484314,-1.0374305248260498,0.9622377157211304,0.1869209706783294,-0.1978869140148162,-0.5495539903640747,2.078415870666504,0.931498885154724,1.367971309636392,-0.1880269404854599,1.4705318487937138,107.0
1652955320.437182,-0.5978891253471375,0.6888144612312317,-1.147105693817139,0.9673501253128052,0.1806599050760269,-0.1777518093585968,-0.9094080328941344,1.8246674537658687,0.6523159742355347,1.3890722443437835,-0.1816573565737318,1.4793018508257243,107.0
1652955320.44682,-0.5430974960327148,0.7006658315658569,-1.1712639331817627,0.9710607528686525,0.1775353550910949,-0.1597569584846496,-1.270323634147644,1.4894249439239502,0.3720705509185791,1.4077389856932143,-0.1784814565893681,1.4911086169365173,107.0
1652955320.456818,-0.5202143788337708,0.7092955708503723,-1.1238656044006348,0.9735073447227478,0.1771799325942993,-0.1445372700691223,-1.531309723854065,1.1490623950958252,0.1464653760194778,1.4234024107141436,-0.1781203030717331,1.5056236560409884,107.0
1652955320.4667358,-0.5332763195037842,0.7090778350830078,-1.0489672422409058,0.9749420881271362,0.1790943294763565,-0.131959930062294,-1.578368902206421,0.8762039542198181,-0.103432573378086,1.4362623485174295,-0.1800658270874185,1.5214009981321162,107.0
1652955320.476707,-0.5599357485771179,0.6863418221473694,-0.9619888067245485,0.9754632115364076,0.1834854930639267,-0.1216750591993331,-1.361541509628296,0.700475811958313,-0.4169217646121979,1.4467016006169968,-0.1845309817494316,1.5359980267688256,107.0
1652955320.486652,-0.5703234672546387,0.650077760219574,-0.878337025642395,0.975184977054596,0.1901200115680694,-0.1134414076805114,-0.9240772128105164,0.5488020777702332,-0.6599801778793335,1.454988740862214,-0.1912843847846091,1.5469064825273482,107.0
1652955320.496623,-0.5496084690093994,0.6429612636566162,-0.8232980370521545,0.9742453694343568,0.1980845481157302,-0.107743963599205,-0.4982748329639435,0.3276819884777069,-0.8206228613853455,1.4606516924474036,-0.1994033655740946,1.5531607980483024,107.0
1652955320.5067282,-0.5254560112953186,0.6679005026817322,-0.8262388706207275,0.972614884376526,0.2072356641292572,-0.1052326560020446,-0.2306993007659912,0.0295430663973093,-1.009344458580017,1.4630199656336025,-0.2087484322742634,1.555721959557092,107.0
1652955320.516797,-0.5293903350830078,0.7146969437599182,-0.8496335744857788,0.9701404571533204,0.2182250022888183,-0.1058560162782669,-0.172071948647499,-0.2368268221616745,-1.2181811332702637,1.4621121806031356,-0.2199952596224218,1.5564238507172152,107.0
1652955320.5264878,-0.5451973080635071,0.7833563089370728,-0.8343104720115662,0.9668281078338624,0.2312069088220596,-0.1085668429732322,-0.3215608298778534,-0.4410155415534973,-1.420863389968872,1.4589729983390167,-0.2333180258180116,1.5573594206020296,107.0
1652955320.5365891,-0.5608253479003906,0.836757481098175,-0.795773983001709,0.9626045823097228,0.2462593466043472,-0.1129110604524612,-0.5866252183914185,-0.6965352296829224,-1.6127095222473145,1.4540324380190912,-0.2488188460097651,1.5601814293326006,107.0
1652955320.546414,-0.580682098865509,0.8503481149673462,-0.7478996515274048,0.957269012928009,0.2634942531585693,-0.1191927120089531,-0.8069477677345276,-1.0000033378601074,-1.828498125076294,1.4469205820358515,-0.266642692838722,1.5652264922632526,107.0
1652955320.556388,-0.625658392906189,0.8551883697509766,-0.6760294437408447,0.950563907623291,0.2829631268978119,-0.127908706665039,-0.8686074018478394,-1.3126680850982666,-2.0496039390563965,1.4370388865279904,-0.2868820827676335,1.5713988053978858,107.0
1652955320.5663471,-0.6993086934089661,0.8614081144332886,-0.5694313049316406,0.9423813223838806,0.3042642176151275,-0.1390722543001175,-0.7476564049720764,-1.5478416681289673,-2.2300267219543457,1.424278503679462,-0.3091659316784625,1.5767006374663697,107.0
1652955320.5764542,-0.7722160816192627,0.8914062976837158,-0.4433729648590088,0.9329217076301576,0.3264907598495483,-0.1518585383892059,-0.5711939930915833,-1.6150952577590942,-2.317584753036499,1.4094342112234697,-0.3325884965551032,1.5798787693541068,107.0
1652955320.586263,-0.8015396595001221,0.9272541999816896,-0.3451712131500244,0.9225113987922668,0.3488945066928863,-0.1650623977184295,-0.4129903316497803,-1.6181437969207764,-2.364680051803589,1.393742690219265,-0.3563912180985896,1.5808435610788985,107.0
1652955320.596218,-0.7745077013969421,0.9641595482826232,-0.3044374585151672,0.9109671115875244,0.3713931739330292,-0.1794610023498535,-0.367202877998352,-1.8661943674087524,-2.4354655742645264,1.376286532411248,-0.3805090731432297,1.5800527867656338,107.0
1652955320.606172,-0.7439177632331848,1.0314253568649292,-0.2875759899616241,0.8976501226425171,0.3946165442466736,-0.1962203234434127,-0.5744264125823975,-2.233478784561157,-2.52425217628479,1.35558815130333,-0.405650504736078,1.579450730515046,107.0
1652955320.6161451,-0.7495527863502502,1.0957491397857666,-0.2474327683448791,0.882487416267395,0.4187280833721161,-0.2142031639814376,-0.8529285788536072,-2.466959953308105,-2.5894174575805664,1.3326748464761402,-0.4320442472562575,1.58081809916561,107.0
1652955320.626094,-0.7671077251434326,1.1132197380065918,-0.167917251586914,0.8655117154121399,0.4436284601688385,-0.2325586676597595,-1.0401252508163452,-2.694863557815552,-2.630223274230957,1.308301217525421,-0.4596432958084663,1.583876274970673,107.0
1652955320.636184,-0.760685920715332,1.1216657161712646,-0.0354027450084686,0.846898078918457,0.468584656715393,-0.2513807415962219,-1.0534008741378784,-2.8419320583343506,-2.616403102874756,1.2822546820569916,-0.4876879784945989,1.587361928461117,107.0
1652955320.6461658,-0.7244325876235962,1.1081310510635376,0.1293978989124298,0.8266968727111816,0.4927793145179748,-0.2715526223182678,-0.8164598941802979,-3.1205434799194336,-2.5895278453826904,1.2534209469619264,-0.5152809289927328,1.5887997645921723,107.0
1652955320.656006,-0.6915274858474731,1.0966081619262695,0.3095186352729797,0.8045035004615784,0.51534104347229,-0.2952927947044372,-0.5582621693611145,-3.553609609603882,-2.487287998199463,1.2190139062876788,-0.5414055578867496,1.5865286905129692,107.0
1652955320.665924,-0.71733158826828,1.017806887626648,0.5076684951782227,0.7804878354072571,0.5360938906669617,-0.321624606847763,-0.5533046126365662,-3.832696199417114,-2.352874994277954,1.1799184329886914,-0.5658030673339148,1.5821800104890464,107.0
1652955320.675892,-0.7854428887367249,0.9143308401107788,0.6510173082351685,0.7547878623008728,0.5557241439819336,-0.3485196232795715,-0.7255629301071167,-4.107770442962647,-2.221684217453003,1.138218192436541,-0.5892337092220795,1.5781323581166202,107.0
1652955320.68588,-0.8359257578849792,0.8471742868423462,0.6766762733459473,0.7276188135147095,0.5745444893836975,-0.3747926950454712,-1.052557349205017,-4.326820373535156,-2.0059256553649902,1.0951458973053445,-0.6120475026804846,1.576467705845748,107.0
1652955320.695837,-0.8667055368423462,0.841567873954773,0.59687739610672,0.699865996837616,0.5928200483322144,-0.398437350988388,-1.4331955909729004,-4.326377868652344,-1.7938183546066284,1.053252358652854,-0.634556049947204,1.578785461262714,107.0
1652955320.705738,-0.806339681148529,0.9658467769622804,0.5255796313285828,0.6727794408798218,0.6110019087791443,-0.4171865284442901,-1.7334396839141846,-3.956740617752075,-1.6316133737564087,1.0157326773423152,-0.6573255871066028,1.585037345354274,107.0
1652955320.7160811,-0.6062660217285156,0.9702669382095336,0.54487544298172,0.6461982131004333,0.6287849545478821,-0.4325013756752014,-1.6994086503982544,-4.066211700439453,-1.5434081554412842,0.980971910946712,-0.6799896473687546,1.592703013964783,107.0
1652955320.725678,-0.4240160584449768,0.9375312328338624,0.6123082041740417,0.6175737977027893,0.6450619101524353,-0.4499976634979248,-1.3553574085235596,-4.624444961547852,-1.4897043704986572,0.9410971366375952,-0.7011043263038176,1.597903304067444,107.0
1652955320.735772,-0.4573695659637451,0.904591739177704,0.6645365357398987,0.5853602290153503,0.6597281694412231,-0.4712878763675689,-1.1052114963531494,-5.079822540283203,-1.5656553506851196,0.8929384655915921,-0.7204569943191764,1.5983874304277583,107.0
1652955320.745618,-0.6669291853904724,0.6703319549560547,0.650931715965271,0.5497110486030579,0.674034833908081,-0.4934519827365875,-1.0765570402145386,-5.270988941192627,-1.6513197422027588,0.8392772129246159,-0.7396573530938756,1.5954949397691505,107.0
1652955320.755567,-0.8156987428665161,0.3931508064270019,0.4890382289886474,0.5114536285400391,0.6886810064315796,-0.513939380645752,-1.24470853805542,-5.401391506195068,-1.7355914115905762,0.7829740261076827,-0.7596683316839138,1.590833239076692,107.0
1652955320.765516,-0.7684119939804077,0.3439042568206787,0.3127644062042236,0.4707434177398681,0.7050731778144836,-0.5303513407707214,-1.7310951948165894,-5.526853084564209,-1.7963500022888184,0.7259256753295754,-0.7825263746393016,1.5871382661559217,107.0
1652955320.77549,-0.6355524063110352,0.316968560218811,0.165774405002594,0.4281243681907654,0.7234774827957153,-0.5415626168251038,-2.035844564437866,-5.490342617034912,-1.9055100679397583,0.6689431077441371,-0.8088263771044677,1.584253369070996,107.0
1652955320.785582,-0.4944198131561279,0.3938751220703125,0.0706971883773803,0.3844039440155029,0.7431305646896362,-0.5477142333984375,-2.2461276054382324,-5.314761161804199,-2.0372095108032227,0.6119551221126526,-0.8377367094613216,1.579912879032726,107.0
1652955320.795407,-0.395396739244461,0.4193371534347534,0.0306001901626586,0.3396257758140564,0.7630248069763184,-0.5499523282051086,-2.180715560913086,-5.250526905059815,-2.2269864082336426,0.5532276469976699,-0.8679800044951743,1.5716657067058828,107.0
1652955320.805345,-0.4227021932601928,0.3208101987838745,0.0455260872840881,0.2929261028766632,0.7815308570861816,-0.55082106590271,-1.867622971534729,-5.189465045928955,-2.4571125507354736,0.488762019149652,-0.8971158920164075,1.555666459008446,107.0
1652955320.8153028,-0.6072283983230591,0.0876702070236206,0.1838952898979187,0.2447862923145294,0.7976569533348083,-0.5512016415596008,-1.4966893196105957,-4.930379867553711,-2.7094314098358154,0.4179330757578349,-0.9234002668553192,1.529944737156149,107.0
1652955320.825296,-0.8156892657279968,-0.2561774253845215,0.3233842849731445,0.1958924084901809,0.8113967180252075,-0.5506919622421265,-1.287043571472168,-4.6901960372924805,-2.905285596847534,0.3417619048025053,-0.9465377625566034,1.494687591354816,107.0
1652955320.835354,-0.8674105405807495,-0.3696237802505493,0.3296589851379394,0.1462037861347198,0.8238905668258667,-0.5475664734840393,-1.51767098903656,-4.660708427429199,-3.0314717292785645,0.2609195983601096,-0.9682418379708344,1.4526091613035663,107.0
1652955320.845182,-0.8626020550727844,-0.2209802269935608,0.2471120953559875,0.0952374190092086,0.8377879858016968,-0.5376256108283997,-2.272348642349243,-4.6525068283081055,-3.186510801315308,0.1753256825700485,-0.993219152388625,1.405543299317173,107.0
1652955320.8553329,-0.91685688495636,-0.1108357310295105,0.1218329668045044,0.0437946245074272,0.8540124297142029,-0.5184060335159302,-3.013692617416382,-4.460208415985107,-3.31082534790039,0.0842792743480109,-1.023649613311841,1.351657835178178,107.0
1652955320.865106,-0.9981167912483216,-0.0494499206542968,0.0662518143653869,-0.0067203920334577,0.8710041642189026,-0.4912298321723938,-3.4395196437835693,-4.205647945404053,-3.357840776443481,-0.0136798948988511,-1.0572426652905973,1.2882134912572996,107.0
1652955320.875078,-1.0773073434829712,-0.0674903690814971,0.1676462888717651,-0.0554595477879047,0.8858968615531921,-0.4605551362037658,-3.178305387496948,-3.8411974906921382,-3.429198741912842,-0.1198418677786025,-1.0884238790159486,1.212989994694251,107.0
1652955320.88503,-1.1428543329238892,-0.259402334690094,0.3971075415611267,-0.1030716672539711,0.8953730463981628,-0.4332245290279388,-2.252199172973633,-3.64356541633606,-3.5669851303100586,-0.2335749104185036,-1.1092682211311555,1.1270422542463996,107.0
1652955320.895004,-1.1727416515350342,-0.4920682907104492,0.6791744232177734,-0.1507295370101928,0.8979436159133911,-0.4134949147701263,-1.1888302564620972,-3.6061007976531982,-3.693458557128906,-0.3495563025796276,-1.115074562806759,1.0378926244277484,107.0
1652955320.904972,-1.1967415809631348,-0.798750638961792,0.8512588143348694,-0.1989799588918686,0.8950181007385254,-0.3991862535476684,-0.6091482043266296,-3.80048131942749,-3.746293544769287,-0.46241799367582,-1.108471848972408,0.9530516671383942,107.0
1652955320.915472,-1.1530948877334597,-0.8695917129516602,0.7188280820846558,-0.2467313259840011,0.8889143466949463,-0.3859471082687378,-0.5649224519729614,-3.854805707931519,-3.607715606689453,-0.5688078698879698,-1.0949697113274202,0.8766796202113247,107.0
1652955320.924984,-1.1198606491088867,-0.669769287109375,0.4836351871490478,-0.2920809388160705,0.8827741742134094,-0.3679654896259308,-1.2481790781021118,-3.695381164550781,-3.4375061988830566,-0.6709322042065977,-1.0817348675790937,0.8040712545622641,107.0
1652955320.934966,-1.2028923034667969,-0.6022298336029053,0.3363054990768432,-0.33357635140419,0.8782330751419067,-0.342685729265213,-2.0039618015289307,-3.2530148029327397,-3.1971237659454346,-0.7719287740007496,-1.0721548729901138,0.7287276121573961,107.0
1652955320.944785,-1.2716220617294312,-0.7470138072967529,0.3388055562973022,-0.3700407147407532,0.8746955394744873,-0.3130140900611877,-2.290820598602295,-2.860219717025757,-2.873127222061157,-0.8686926320406171,-1.0648072327095586,0.6529267952006914,107.0
1652955320.9547892,-1.249474287033081,-1.0251463651657104,0.6067736744880676,-0.4018930196762085,0.8706127405166626,-0.2837523519992828,-1.9407492876052856,-2.578758716583252,-2.631493091583252,-0.9560284565311225,-1.0564464954324948,0.5837717882398986,107.0
1652955320.96472,-1.155297875404358,-1.3906737565994265,0.9606982469558716,-0.4307617843151092,0.8638866543769836,-0.2610442042350769,-0.8388634324073792,-2.468865871429444,-2.473522186279297,-1.025972410557262,-1.0429358155037942,0.5320294974424156,107.0
1652955320.974678,-1.0094259977340698,-1.5752413272857666,1.209333896636963,-0.456928551197052,0.8541121482849121,-0.2484127432107925,0.3386521637439728,-2.316253423690796,-2.1999051570892334,-1.072835450797137,-1.0238413632351435,0.5053216728389772,107.0
1652955320.9845471,-0.8586466312408447,-1.6741394996643066,1.219815015792847,-0.4791068434715271,0.8428834080696106,-0.2449582070112228,1.2267049551010132,-2.0810348987579346,-1.759300708770752,-1.0981647193021444,-1.0026194786310691,0.5013019420907117,107.0
1652955320.9947228,-0.7084100246429443,-1.7170944213867188,0.9893234372138976,-0.4966988265514374,0.8320114612579346,-0.2470777630805969,1.5072234869003296,-1.840867638587952,-1.3142662048339844,-1.1091989797033437,-0.9827237723224256,0.5114930459273035,107.0
1652955321.0045428,-0.6161409020423889,-1.7094147205352783,0.7781176567077637,-0.5101562142372131,0.8226361870765686,-0.2510190606117248,1.479431390762329,-1.5201176404953003,-0.9408572912216188,-1.1135341674692945,-0.9660321096146448,0.52659192257761,107.0
1652955321.014653,-0.5574381351470947,-1.694687843322754,0.6620388031005859,-0.5197410583496094,0.8151494860649109,-0.2557361423969269,1.3396806716918943,-1.1063436269760132,-0.5994037985801697,-1.113532713105691,-0.9529872573615764,0.5426251312313545,107.0
1652955321.024489,-0.4932349920272827,-1.6659549474716189,0.5980790257453918,-0.5255945324897766,0.80962073802948,-0.2612757086753845,1.1536827087402344,-0.6590772867202759,-0.3004145622253418,-1.1094673541733442,-0.943505716493614,0.558468767314963,107.0
1652955321.0344582,-0.4418511986732483,-1.6655511856079102,0.5431700944900513,-0.5283332467079163,0.8058748245239258,-0.2672641277313232,0.9042518138885498,-0.2158257961273193,-0.1140761226415634,-1.1024694928039156,-0.9371514811188356,0.5725062652294297,107.0
1652955321.044384,-0.416664719581604,-1.6321500539779663,0.4600390791893005,-0.5287852883338928,0.8034497499465942,-0.2735962271690368,0.6755655407905579,0.218884602189064,-0.0129735469818115,-1.0933217640748454,-0.9330670741200712,0.5838822355465335,107.0
1652955321.054352,-0.4191992878913879,-1.5036970376968384,0.3819977641105652,-0.5275019407272339,0.8020081520080566,-0.2802231311798095,0.3983209133148193,0.6538285613059998,0.0230981707572937,-1.082480541231994,-0.9306496452410016,0.5919872776636008,107.0
1652955321.064441,-0.4359083175659179,-1.389202117919922,0.3020280599594116,-0.5246784090995789,0.8015487194061279,-0.2867620885372162,0.0914959758520126,1.0917428731918335,0.0779930353164672,-1.0706070140523034,-0.9298808469026552,0.5959237039553543,107.0
1652955321.074341,-0.4271658062934875,-1.3063573837280271,0.1895744800567627,-0.519916832447052,0.8024757504463196,-0.2927788197994232,-0.2573387026786804,1.447587013244629,0.1961705386638641,-1.0579312612755545,-0.9314328517948643,0.5958755412778638,107.0
1652955321.084259,-0.4189332127571106,-1.2334771156311035,0.0748124718666076,-0.5131652355194092,0.8050703406333923,-0.2975285947322845,-0.5930597186088562,1.7146992683410645,0.329660952091217,-1.0453689177259258,-0.9357940150639088,0.5919083988808151,107.0
1652955321.094191,-0.449510395526886,-1.1501848697662354,0.0290335416793823,-0.5044692754745483,0.8093607425689697,-0.3007426857948303,-0.9063467979431152,1.945745825767517,0.4662728607654571,-1.0332076395346157,-0.9430628099973796,0.5843818600156002,107.0
1652955321.1041322,-0.5293495655059814,-1.0675828456878662,0.0302122831344604,-0.494042307138443,0.8150026202201843,-0.3028087913990021,-1.0957980155944824,2.1739819049835205,0.5790109634399414,-1.020930363249391,-0.9527336881081856,0.574252433084328,107.0
1652955321.114336,-0.6176717281341553,-0.9464526176452636,0.0157008171081542,-0.4819378852844238,0.8215338587760925,-0.3046610951423645,-1.202964186668396,2.4370479583740234,0.685067355632782,-1.0070659382689813,-0.9640961011774442,0.5631749974669372,107.0
1652955321.124084,-0.704440712928772,-0.8381158113479614,-0.0330603122711181,-0.4680905640125274,0.8288214802742004,-0.3065067827701568,-1.294629693031311,2.6883528232574463,0.7787007093429565,-0.9910525498160108,-0.9769980326901178,0.5515731878496615,107.0
1652955321.134332,-0.7873473167419434,-0.754906177520752,-0.1062904000282287,-0.4527041614055633,0.8365609645843506,-0.3085854649543762,-1.3000324964523315,2.925166130065918,0.8603122234344482,-0.9724927371095486,-0.9909757967904056,0.5402802183563788,107.0
1652955321.143965,-0.8429914712905884,-0.6762406826019287,-0.1782841086387634,-0.4356189370155334,0.8446354866027832,-0.3111706674098968,-1.311462640762329,3.1481659412384038,0.9826122522354126,-0.9505251302004992,-1.0058839396041934,0.5303796671362805,107.0
1652955321.154006,-0.8685998916625977,-0.6224910020828247,-0.248792827129364,-0.4167854189872741,0.8531783819198608,-0.3136508762836456,-1.3380407094955444,3.314234495162964,1.0842565298080444,-0.9256667436585192,-1.0220485365844332,0.5216929518735092,107.0
1652955321.1639009,-0.8958479166030884,-0.5925605893135071,-0.3241658806800842,-0.3966479897499084,0.861824631690979,-0.3161154091358185,-1.2684932947158811,3.4070987701416016,1.1541855335235596,-0.897907439662771,-1.0388561406841652,0.5149828646898204,107.0
1652955321.173862,-0.951011061668396,-0.5360308885574341,-0.3624029159545898,-0.3756339848041534,0.8702002763748169,-0.3188273906707763,-1.1802895069122314,3.498620748519897,1.18392014503479,-0.8670159363597587,-1.0556086085266754,0.510990529527977,107.0
1652955321.183806,-1.007883071899414,-0.4901182949542999,-0.3799684047698974,-0.3540402948856354,0.8780611157417297,-0.3219695687294006,-1.0417711734771729,3.5787463188171387,1.1712111234664917,-0.832803848609476,-1.0717954175278188,0.5097625714301737,107.0
1652955321.193809,-1.02754008769989,-0.4515076577663421,-0.4108750820159912,-0.3322470486164093,0.885072648525238,-0.3259733021259308,-0.852638840675354,3.618230819702149,1.1468300819396973,-0.7949292745506,-1.0866500638996353,0.5120504926515612,107.0
1652955321.203881,-1.0394232273101809,-0.4130698144435882,-0.458599328994751,-0.3104304075241089,0.891063928604126,-0.3311164081096649,-0.6241078972816467,3.6813771724700928,1.0834168195724487,-0.7531653749512638,-1.0996839369913252,0.5181562672673702,107.0
1652955321.213747,-1.076666235923767,-0.3981081247329712,-0.4995567202568054,-0.2889039814472198,0.8958885669708252,-0.3375179469585418,-0.4443605244159698,3.784434318542481,0.9534398913383484,-0.7079476279651113,-1.1104272444936845,0.5271663079549613,107.0
1652955321.223647,-1.1032662391662598,-0.3801122009754181,-0.5298128724098206,-0.2681480944156647,0.8993962407112122,-0.3452295064926147,-0.2104630172252655,3.905972480773926,0.7636655569076538,-0.6603863422186926,-1.1183863130994975,0.5374896641094098,107.0
1652955321.2337542,-1.099531173706055,-0.3200424015522003,-0.5774668455123901,-0.2484456449747085,0.9014567732810974,-0.3544721603393554,-0.0130556626245379,4.022171974182129,0.5524572134017944,-0.6113223889654054,-1.123123194794016,0.5481545265391332,107.0
1652955321.243569,-1.0911169052124023,-0.2437731921672821,-0.6456340551376343,-0.2298060804605484,0.9023327231407166,-0.364670842885971,0.1061302497982978,4.159599781036377,0.3367112278938293,-0.5623112865786765,-1.1251510516885217,0.5573375860683111,107.0
1652955321.2535372,-1.0850754976272583,-0.2066090703010559,-0.7100833058357239,-0.2124099731445312,0.902237355709076,-0.3752999901771545,0.2039500325918197,4.221859455108643,0.087729625403881,-0.5150244211273755,-1.1249298345532386,0.5634214731376145,107.0
1652955321.263483,-1.072441816329956,-0.1628121137619018,-0.75059574842453,-0.1968149244785308,0.9012457728385924,-0.3860311210155487,0.2613536417484283,4.250248432159424,-0.1930253803730011,-0.4714902838053027,-1.1226360157301594,0.5649475059040904,107.0
1652955321.273627,-1.0596497058868408,-0.0948777794837951,-0.762308657169342,-0.1831483542919159,0.8995462656021118,-0.3965771496295929,0.2722553014755249,4.326223373413086,-0.4849933385848999,-0.4326421062813544,-1.1187297525866742,0.5607114430333288,107.0
1652955321.283409,-1.0619475841522217,-0.057284653186798,-0.7688531279563904,-0.171512097120285,0.8973017334938049,-0.4067349731922149,0.2750658690929413,4.409475326538086,-0.8236983418464661,-0.3990554014164426,-1.113618247660202,0.5496494883003976,107.0
1652955321.293374,-1.0633156299591064,-0.0024522542953491,-0.7832358479499817,-0.1621789783239364,0.894457221031189,-0.4167066216468811,0.3013693988323211,4.52673864364624,-1.1850764751434326,-0.371154747276946,-1.107215857632262,0.5311920057294166,107.0
1652955321.303319,-1.0560654401779177,0.0525825917720794,-0.7998114824295044,-0.1549331992864608,0.8909369707107544,-0.4268805980682373,0.3470921516418457,4.70532751083374,-1.5463240146636963,-0.3481582201243294,-1.0994042714741272,0.5054505034811162,107.0
1652955321.313314,-1.039439678192139,0.092318594455719,-0.7939100861549377,-0.1497389525175094,0.8867599368095398,-0.4373044967651367,0.3833641111850738,4.841640949249268,-1.9338345527648928,-0.3299002900001418,-1.0902876744133403,0.4724385084729808,107.0
1652955321.323247,-1.01663339138031,0.0942991971969604,-0.763056218624115,-0.1471850872039795,0.8815255165100098,-0.4486081898212433,0.5488440990447998,4.888960361480713,-2.3602914810180664,-0.3170266395055578,-1.07908367102259,0.4321327662874603,107.0
1652955321.333339,-0.9996610879898072,0.1306579411029815,-0.6916706562042236,-0.1476778835058212,0.8750203251838684,-0.4610105752944946,0.6337510347366333,4.881016731262207,-2.8125784397125244,-0.3100069219927867,-1.0654777614748434,0.3847112326634869,107.0
1652955321.343326,-1.0197829008102417,0.1530330181121826,-0.6174024343490601,-0.1513750404119491,0.8677229285240173,-0.4734370112419128,0.5302672982215881,4.830568313598633,-3.245810031890869,-0.309463797252952,-1.0506026773183843,0.3297942342244218,107.0
1652955321.353204,-1.0539393424987793,0.19915771484375,-0.5723752975463867,-0.1579443514347076,0.860476553440094,-0.4843901991844177,0.2631062269210815,4.809454441070557,-3.597891330718994,-0.3151979391083975,-1.0362042352836205,0.2676858990807365,107.0
1652955321.363194,-1.0696218013763428,0.2319855093955993,-0.5479463934898376,-0.1666760146617889,0.8539309501647949,-0.492971807718277,-0.0533562786877155,4.7595930099487305,-3.903198003768921,-0.3260384831047132,-1.0234930160889333,0.1994809147443976,107.0
1652955321.373146,-1.1182903051376345,0.3173539638519287,-0.5140060186386108,-0.1771352142095565,0.8475174307823181,-0.5003373026847839,-0.0887856483459472,4.868030548095703,-4.158079624176025,-0.3402619249277364,-1.0112903464937448,0.1265704416531436,107.0
1652955321.382999,-1.2334086894989014,0.4022838473320007,-0.391760766506195,-0.1876730173826217,0.8394079208374023,-0.5100719332695007,0.2592380344867706,5.161659717559815,-4.334036350250244,-0.3525618434359264,-0.9961929299056392,0.0528509932827872,107.0
1652955321.393044,-1.340965747833252,0.4945382475852966,-0.1657729148864746,-0.1971813738346099,0.8283553719520569,-0.5243539214134216,0.748561441898346,5.384448051452637,-4.522199630737305,-0.3596876880047747,-0.976165526377745,-0.0187907812886666,107.0
1652955321.402779,-1.403792381286621,0.611728847026825,0.0483676195144653,-0.2067881673574447,0.8137083053588867,-0.543247401714325,1.1814329624176023,5.382622718811035,-4.865545272827148,-0.3637165359012241,-0.9505035232478768,-0.0892014246331435,107.0
1652955321.412863,-1.429128885269165,0.8212407231330872,0.1824855208396911,-0.2181795239448547,0.7961978912353516,-0.5643283724784851,1.2075284719467163,5.215298652648926,-5.269132137298584,-0.3689172285131724,-0.9209849223832508,-0.1612926059077985,107.0
1652955321.422676,-1.423534870147705,1.0688308477401731,0.1989325284957885,-0.2317539155483245,0.7780267000198364,-0.5839217305183411,0.8485575318336487,4.926511764526367,-5.587047576904297,-0.3778242627186218,-0.891518684173961,-0.2369279144258047,107.0
1652955321.432732,-1.3838365077972412,1.2557930946350098,0.1200594902038574,-0.2474502027034759,0.7614407539367676,-0.5991464257240295,0.156113788485527,4.477392673492432,-5.7193121910095215,-0.391666681013366,-0.865532767591487,-0.3158205715694784,107.0
1652955321.442739,-1.320429801940918,1.3386107683181765,0.0596540570259094,-0.2649738192558288,0.7477037310600281,-0.6088744401931763,-0.4172162115573883,4.003854274749756,-5.721789360046387,-0.4104668167907572,-0.8445972218397555,-0.3967363628919373,107.0
1652955321.45254,-1.2570552825927734,1.370441436767578,0.1543807387351989,-0.2839145958423614,0.735939085483551,-0.6146431565284729,-0.7343531250953674,3.497532844543457,-5.587557315826416,-0.4327204134247519,-0.8270526655458822,-0.4770843578231862,107.0
1652955321.462507,-1.2078684568405151,1.3336529731750488,0.4098727703094482,-0.3036368191242218,0.723977267742157,-0.6194042563438416,-0.5644688606262207,3.10652494430542,-5.419320106506348,-0.4557832018736563,-0.8095506672457395,-0.5537514553210657,107.0
1652955321.472485,-1.1754810810089111,1.2589696645736694,0.7217258214950562,-0.3232220113277435,0.7090603113174438,-0.6267065405845642,0.0719427838921547,2.7992022037506104,-5.157466888427734,-0.4761656895344492,-0.7881647017428866,-0.6230087889812158,107.0
1652955321.482435,-1.1204630136489868,1.290834665298462,1.0450589656829834,-0.3406271040439605,0.6902315616607666,-0.6383993625640869,0.6471792459487915,2.694899320602417,-4.768637180328369,-0.4901371378394125,-0.7618090203333039,-0.6819271026574969,107.0
1652955321.492363,-1.0436911582946775,1.3396732807159424,1.333993673324585,-0.3541971147060394,0.6691191792488098,-0.6533176898956299,1.0055598020553589,2.6040239334106445,-4.251162528991699,-0.4967974547477164,-0.7330228835977948,-0.7305718632405225,107.0
1652955321.502314,-0.873629093170166,1.4594851732254028,1.5384546518325806,-0.3626991808414459,0.6492742300033569,-0.6685000658035278,0.7196536660194397,2.495849609375,-3.3979332447052,-0.4971106128478071,-0.7066297802421971,-0.769512951474263,107.0
1652955321.512638,-0.6431884765625,1.5511388778686523,1.6363167762756348,-0.3652191162109375,0.6364644765853882,-0.6793585419654846,0.0011527677997946,2.264014720916748,-2.431107521057129,-0.4932686533462933,-0.6899057477155321,-0.8007618383534909,107.0
1652955321.5222158,-0.3624427616596222,1.5644915103912354,1.4241995811462402,-0.3628685772418976,0.6302131414413452,-0.6864092946052551,-0.1948580890893936,1.9955579042434688,-1.3904376029968262,-0.4863021029767603,-0.6818277107824176,-0.8231820623176379,107.0
1652955321.532265,-0.0961688160896301,1.5821033716201782,1.133328199386597,-0.3561170399188995,0.6279327273368835,-0.6920124888420105,-0.0318305492401123,1.6179802417755127,-0.5171375870704651,-0.4752677502203969,-0.6788941087229212,-0.8346027891188933,107.0
1652955321.542149,0.0153863728046417,1.4018023014068604,1.0143953561782837,-0.349080890417099,0.625329315662384,-0.6979296207427979,0.438774973154068,1.0114164352416992,-0.2491625249385833,-0.4637806679168404,-0.6755535023002036,-0.837312057631305,107.0
1652955321.5521522,0.0500633716583251,1.1401718854904177,1.0659360885620115,-0.3461297154426574,0.6192598342895508,-0.7047776579856873,1.0131679773330688,0.354805588722229,-0.3509581387042999,-0.4565176401037446,-0.6677996886303145,-0.8366295081292451,107.0
1652955321.562096,0.0841841101646423,0.901915431022644,1.0122661590576172,-0.3480086028575897,0.609315812587738,-0.7124776244163513,1.3479148149490356,-0.1765771359205246,-0.4257288575172424,-0.4543637662944514,-0.655197420637125,-0.8343396551282274,107.0
1652955321.572043,0.0851415693759918,0.8454135060310364,0.7615485191345215,-0.353208065032959,0.5984825491905212,-0.7190707325935364,1.2028473615646362,-0.4823298752307892,-0.4615440964698791,-0.4565834213585739,-0.6416056123098625,-0.8322068329856279,107.0
1652955321.5823622,0.0309901535511016,0.8622886538505554,0.4730961918830871,-0.3596034646034241,0.5897394418716431,-0.7231132388114929,0.7202065587043762,-0.4358774721622467,-0.5318974852561951,-0.4614844477736799,-0.6307361403235463,-0.8323935862564019,107.0
1652955321.5919762,-0.0417437851428985,0.8247011303901672,0.2826747894287109,-0.3646741509437561,0.584283709526062,-0.7250002026557922,0.2868538200855255,-0.0938700586557388,-0.5103985667228699,-0.4660436646968687,-0.6239971581019573,-0.8355347230452582,107.0
1652955321.6019058,-0.0786157846450805,0.7074003219604492,0.2336615324020385,-0.3667730689048767,0.5814172029495239,-0.7262449264526367,0.0633783265948295,0.224401444196701,-0.4082241654396057,-0.4676608496521211,-0.6204694604955806,-0.8396488546852288,107.0
1652955321.611959,-0.0500550270080566,0.5690404772758484,0.3209723830223083,-0.3670898079872131,0.5801201462745667,-0.7271215915679932,-0.0703006461262703,0.287044882774353,-0.3941698670387268,-0.4675227884365258,-0.6188761499807823,-0.8440562326451543,107.0
1652955321.621858,0.034881591796875,0.4547769427299499,0.422643780708313,-0.3679352402687073,0.5788058042526245,-0.7277414798736572,0.0435594767332077,0.0941003859043121,-0.4046533405780792,-0.4681056846922756,-0.6172634716974982,-0.8485695745274145,107.0
1652955321.6319451,0.1048346757888794,0.3908662796020508,0.4281588792800903,-0.370597094297409,0.5766323804855347,-0.7281160950660706,0.1563960164785385,-0.200326457619667,-0.3806324303150177,-0.4708064012480321,-0.6146007409425164,-0.8522997695305271,107.0
1652955321.64206,0.0978035032749176,0.3361340165138244,0.3532291650772095,-0.3751167953014374,0.573894739151001,-0.727964460849762,0.212472066283226,-0.4412026107311249,-0.3734876811504364,-0.4758089876009793,-0.611253880801899,-0.8553234832140136,107.0
1652955321.652091,0.0381774604320526,0.2758105397224426,0.2899497151374817,-0.3810272216796875,0.5708900690078735,-0.7272570729255676,0.2321901172399521,-0.593808650970459,-0.3517765402793884,-0.4826028970907479,-0.6075895170089164,-0.8580054477917658,107.0
1652955321.661965,-0.0167987048625946,0.1973627805709839,0.2795950770378113,-0.387452483177185,0.5680764317512512,-0.7260645627975464,0.2036971449851989,-0.662337601184845,-0.294536292552948,-0.4901910952827515,-0.6041665977455547,-0.860247479093649,107.0
1652955321.671862,-0.0295579731464386,0.1512409448623657,0.285312294960022,-0.393766701221466,0.5658076405525208,-0.724437415599823,0.1609694063663482,-0.678017795085907,-0.2110480517148971,-0.4978763797988714,-0.6014124101014138,-0.8619193146267806,107.0
1652955321.681871,-0.0183375775814056,0.1116474270820617,0.2697432041168213,-0.3993718326091766,0.5640580654144287,-0.7227314710617065,0.1560341566801071,-0.6113250851631165,-0.1178959310054779,-0.5048270491931681,-0.5992920776722065,-0.8627672610563888,107.0
1652955321.691832,-0.0026814937591552,0.0575365424156188,0.2368103861808776,-0.4039042294025421,0.5625516772270203,-0.7213854193687439,0.1758808344602584,-0.5220098495483398,-0.0450438298285007,-0.5104127362566204,-0.5974689447317364,-0.8626352712351643,107.0
1652955321.701817,0.0180698335170745,0.0094732046127319,0.2008781433105468,-0.4075199961662292,0.5611915588378906,-0.7204107642173767,0.1926371157169342,-0.4594262540340423,0.002182045020163,-0.5147998023060291,-0.5958247221945866,-0.8617755729051972,107.0
1652955321.711584,0.0322987735271453,-0.0301172137260437,0.1702509522438049,-0.4106404781341553,0.5598667860031128,-0.7196691632270813,0.2003118097782135,-0.4433077275753021,0.0329586006700992,-0.518518393052059,-0.5942250047334743,-0.8604242871899784,107.0
1652955321.721544,0.0259773433208465,-0.0572159886360168,0.1588100790977478,-0.4135811924934387,0.5587191581726074,-0.7188766002655029,0.1687789261341095,-0.4406710863113403,0.060999933630228,-0.5220717176232773,-0.5928406132597194,-0.8588395403677316,107.0
1652955321.731536,0.000799149274826,-0.0827052593231201,0.1606642603874206,-0.4163418114185333,0.5579330921173096,-0.7178928852081299,0.1425265371799469,-0.4408138394355774,0.0815217271447181,-0.5255461921579462,-0.5918931165543737,-0.8572218790689952,107.0
1652955321.7413778,-0.0243226587772369,-0.1053463220596313,0.159709095954895,-0.4188231527805328,0.5573471188545227,-0.7169041037559509,0.1443705856800079,-0.4090847074985504,0.1344988793134689,-0.5287289222818512,-0.5911871854897123,-0.8552762017098563,107.0
1652955321.751315,-0.0303748846054077,-0.1080700159072876,0.1493903994560241,-0.420827567577362,0.5569846630096436,-0.7160114049911499,0.1415609419345855,-0.3947462737560272,0.1841519176959991,-0.5313550014235117,-0.5907507250120901,-0.8527654959720844,107.0
1652955321.761318,-0.0201852321624755,-0.0948413610458374,0.1333153843879699,-0.4224875867366791,0.5568853616714478,-0.7151104211807251,0.1330313682556152,-0.3985790312290191,0.2417796105146408,-0.5336276896138724,-0.5906311586117085,-0.8497256878910442,107.0
1652955321.7712588,-0.0055706799030303,-0.0638186931610107,0.1131635904312133,-0.4238422214984894,0.5571855306625366,-0.7140743732452393,0.1118954569101333,-0.3972695469856262,0.3043175339698791,-0.5356668611715796,-0.5909925572994472,-0.8461763475628158,107.0
1652955321.781209,-0.0035254657268524,-0.0338886976242065,0.0937749743461608,-0.4247583150863647,0.5579431056976318,-0.7129375338554382,0.0701884254813194,-0.3878114521503448,0.3707667291164398,-0.5373153162639818,-0.5919052039566215,-0.8421224559947996,107.0
1652955321.7912989,-0.0240261256694793,-0.007430613040924,0.1025142073631286,-0.4253452718257904,0.5594425201416016,-0.7114109396934509,-0.0115269413217902,-0.3924480080604553,0.4151488542556762,-0.5388663667927862,-0.5937130603570068,-0.8378940440499733,107.0
1652955321.8012218,-0.0473730266094207,-0.0016989707946777,0.1147451400756836,-0.4256953299045563,0.5615243315696716,-0.7095589637756348,-0.0558667778968811,-0.3942154049873352,0.4536690413951874,-0.5403779729739203,-0.5962268621729417,-0.8336137156358547,107.0
1652955321.8115711,-0.0549834966659545,0.0045139789581298,0.1178195476531982,-0.4259735941886902,0.564095675945282,-0.7073490619659424,-0.1092823296785354,-0.4273038506507873,0.48010915517807,-0.5420438624399911,-0.5993376118765477,-0.8293156478683279,107.0
1652955321.8211908,-0.0549412965774536,0.0282751321792602,0.1137361526489257,-0.426397293806076,0.5668210983276367,-0.7049108743667603,-0.0587866604328155,-0.4625431597232818,0.4848742485046386,-0.5440112321584523,-0.602642042316433,-0.8248872608359455,107.0
1652955321.831269,-0.0539910793304443,0.0564717650413513,0.1166749000549316,-0.4267981946468353,0.5688108801841736,-0.7030629515647888,0.1051665842533111,-0.4388863146305084,0.5170694589614868,-0.5455911780665167,-0.6050593319963196,-0.8196509650845119,107.0
1652955321.841102,-0.0467377603054046,0.0615776181221008,0.1490645408630371,-0.4267578125,0.5696395635604858,-0.7024162411689758,0.3237523734569549,-0.4350979328155517,0.5622439980506897,-0.5459574867043891,-0.6060672395777392,-0.8127176061562797,107.0
1652955321.851089,-0.0263774991035461,0.0708019733428955,0.1798625588417053,-0.426717072725296,0.5690387487411499,-0.702927827835083,0.5466019511222839,-0.4921614825725555,0.587845504283905,-0.5455921257354537,-0.605336407621361,-0.8039957185359231,107.0
1652955321.861189,-0.0123831629753112,0.1029273271560669,0.1973969340324401,-0.4270090162754059,0.56728196144104,-0.7041693925857544,0.6559181213378906,-0.5480330586433411,0.607154369354248,-0.5451128005133973,-0.6032016082882974,-0.7939718513562862,107.0
1652955321.871042,-0.0080061256885528,0.1066658496856689,0.205595850944519,-0.4274187684059143,0.5654917359352112,-0.7053597569465637,0.5982873439788818,-0.5749509334564209,0.6404641270637512,-0.5447892737815454,-0.6010293321467683,-0.7835457867908059,107.0
1652955321.881004,-0.0012270212173461,0.1174429059028625,0.1806936264038086,-0.4279417395591736,0.5646523237228394,-0.705715000629425,0.4333067238330841,-0.6277653574943542,0.6775820255279541,-0.5451081045907884,-0.6000119489516159,-0.7734991365228532,107.0
1652955321.890971,-0.0039267539978027,0.1584964990615844,0.1673096418380737,-0.4286141991615295,0.565218985080719,-0.7048527598381042,0.2550693154335022,-0.669331967830658,0.7201635837554932,-0.5463471153041963,-0.6006987007440145,-0.7641637357259996,107.0
1652955321.900907,-0.0281087756156921,0.1980536580085754,0.2004463672637939,-0.42889204621315,0.567314863204956,-0.7029975652694702,0.080978088080883,-0.6293163299560547,0.8129028081893921,-0.5478058988529734,-0.6032415083205414,-0.7552549128204369,107.0
1652955321.910948,-0.0570936501026153,0.2081925868988037,0.2573096752166748,-0.4282885193824768,0.5706779360771179,-0.7006394863128662,0.0101896720007061,-0.589329183101654,0.8946139216423035,-0.5486740418455288,-0.6073312003359725,-0.7461633762543824,107.0
1652955321.920813,-0.0675183832645416,0.1914367079734802,0.2910506129264831,-0.427064836025238,0.5746872425079346,-0.698104739189148,-0.0049125822260975,-0.6106966733932495,0.9861796498298644,-0.5490136526974458,-0.6122219062440076,-0.7364150710607312,107.0
1652955321.931062,-0.0638174712657928,0.2070072889328003,0.2897083759307861,-0.4254099428653717,0.5791270136833191,-0.6954411864280701,0.009351042099297,-0.6448186635971069,1.1171882152557373,-0.5489870452581378,-0.6176574177963775,-0.725499442356302,107.0
1652955321.940712,-0.0692255795001983,0.237905740737915,0.2848751544952392,-0.4229925274848938,0.584204375743866,-0.6926634907722473,-0.0182701330631971,-0.6590002775192261,1.2848321199417114,-0.5482320956618187,-0.6238994257038754,-0.7130058240940086,107.0
1652955321.950715,-0.0893962979316711,0.2453683614730835,0.2894161343574524,-0.4194081127643585,0.5901156067848206,-0.6898263096809387,0.0012106243520975,-0.6411877274513245,1.4633853435516355,-0.546274449451332,-0.6312020521649153,-0.6986555647169099,107.0
1652955321.960658,-0.103758305311203,0.2134978175163269,0.2955726981163025,-0.4147201478481293,0.5962576270103455,-0.6873747110366821,0.0691280886530876,-0.6533533334732056,1.6144421100616455,-0.5428712198682063,-0.6388313164713469,-0.6821527539705,107.0
1652955321.970632,-0.107322871685028,0.2123754620552063,0.324313223361969,-0.4093703031539917,0.6027039289474487,-0.6849554181098938,0.0603801384568214,-0.7184478640556335,1.7423572540283203,-0.5386969529080188,-0.6468852979686817,-0.6637933961581338,107.0
1652955321.980583,-0.1228050291538238,0.2019214034080505,0.3295637965202331,-0.4036995768547058,0.6095383167266846,-0.6822680830955505,0.0670044869184494,-0.7897975444793701,1.8265345096588133,-0.5342959142527474,-0.6554780733056222,-0.6441584961560125,107.0
1652955321.9906712,-0.1475071012973785,0.1838262677192688,0.2967371344566345,-0.3978421092033386,0.6166691184043884,-0.6792944073677063,0.0182910077273845,-0.8462477922439575,1.9103496074676516,-0.5298158232308422,-0.6645044822486436,-0.6235720231057921,107.0
1652955322.000643,-0.1704411506652832,0.1800577640533447,0.2449764609336853,-0.3915859162807464,0.6245455741882324,-0.6757242679595947,-0.0729157328605651,-0.884155809879303,2.00610876083374,-0.5252136691015098,-0.6745495585916907,-0.602235376973147,107.0
1652955322.010489,-0.1909631490707397,0.2057306766510009,0.1796026825904846,-0.3844916820526123,0.6332787275314331,-0.6716578602790833,-0.1483665555715561,-0.8277987837791443,2.1109843254089355,-0.519917075613995,-0.6857824432238804,-0.5801350879384255,107.0
1652955322.020433,-0.1903824210166931,0.2143342494964599,0.1198993921279907,-0.3760087192058563,0.6425822377204895,-0.667611837387085,-0.1786774396896362,-0.7611687183380127,2.228355884552002,-0.5129321033732269,-0.6978636638647127,-0.5567710825523605,107.0
1652955322.030507,-0.1597540974617004,0.2385435700416565,0.0838143825531005,-0.366292804479599,0.6523153781890869,-0.6635618805885315,-0.2234859466552734,-0.7429814338684082,2.3198957443237305,-0.5043850988824791,-0.7106351995189565,-0.532048732324512,107.0
1652955322.040317,-0.1346197426319122,0.247976541519165,0.0943288803100586,-0.3559504449367523,0.6623239517211914,-0.6592620015144348,-0.2545503973960876,-0.7653713226318359,2.3471150398254395,-0.4950733213292133,-0.7239163518569554,-0.5064971559008127,107.0
1652955322.05026,-0.1440680623054504,0.2364101409912109,0.1329347491264343,-0.3454950153827667,0.6720731854438782,-0.6549435257911682,-0.2262929081916809,-0.7831244468688965,2.3250200748443604,-0.4854195128107254,-0.7370050086408299,-0.4804097115504556,107.0
1652955322.060213,-0.1604447662830352,0.2392704486846923,0.1553409099578857,-0.3350997865200043,0.6812984943389893,-0.6507999897003174,-0.2103212028741836,-0.7951380610466003,2.2757089138031006,-0.4754999068086007,-0.7495350276153886,-0.4541888480880537,107.0
1652955322.070356,-0.1745578944683075,0.2591931819915771,0.1321718692779541,-0.3249081671237945,0.6900632381439209,-0.6467206478118896,-0.2179945707321167,-0.8256760239601135,2.23791766166687,-0.4655604966638534,-0.7615764377537665,-0.4279800923896678,107.0
1652955322.080155,-0.1897048354148864,0.2849774956703186,0.0712348222732544,-0.3149339556694031,0.6987541913986206,-0.6423078179359436,-0.2819658815860748,-0.8705236315727234,2.2209367752075195,-0.4558706325103174,-0.7736544897691249,-0.4018851219450446,107.0
1652955322.090145,-0.2046172022819519,0.3205351829528808,-0.0017918348312377,-0.3049196600914001,0.7077855467796326,-0.6372313499450684,-0.3889016509056091,-0.8797650933265686,2.2344970703125,-0.4463058138509914,-0.7863585197628649,-0.375846543317705,107.0
1652955322.100102,-0.1979145407676696,0.2963223457336426,-0.055643081665039,-0.2945019602775574,0.7171115875244141,-0.6316800117492676,-0.4331129491329193,-0.8581554293632507,2.2559735774993896,-0.4362604506352565,-0.799649103621754,-0.3495829417513471,107.0
1652955322.110052,-0.1346475183963775,0.1893783211708068,-0.0743765234947204,-0.283748596906662,0.726308286190033,-0.6260696053504944,-0.4211263060569763,-0.917085349559784,2.252070426940918,-0.4255302318020608,-0.8129358140549023,-0.322647606659973,107.0
1652955322.1200352,-0.0542032718658447,0.1093676090240478,-0.0647614598274231,-0.2739828824996948,0.7349885106086731,-0.6202623844146729,-0.3901140093803406,-1.1493608951568604,2.1679792404174805,-0.4159477843146584,-0.8256497215501972,-0.2955727150176722,107.0
1652955322.130124,-0.0222481191158294,0.0828270316123962,-0.0494086742401123,-0.2662957012653351,0.7430275082588196,-0.6140007376670837,-0.377972662448883,-1.4093756675720217,2.066779613494873,-0.4092213967208267,-0.8375826920413669,-0.2691683860631327,107.0
1652955322.140064,-0.0606766641139984,0.0206981301307678,-0.0473040342330932,-0.2603989243507385,0.750703752040863,-0.6071544289588928,-0.389931857585907,-1.5804134607315063,1.975062608718872,-0.4051559628945377,-0.8491266600963104,-0.2436583925648477,107.0
1652955322.149915,-0.1370201110839843,-0.0162954330444335,-0.0727107524871826,-0.2556344270706177,0.7576168179512024,-0.6005564332008362,-0.25323686003685,-1.615203022956848,1.865074634552002,-0.4024317897396633,-0.8596540308059936,-0.21883622050288,107.0
1652955322.159834,-0.2001805901527404,0.0173248052597045,-0.0745497345924377,-0.2514186203479767,0.7634077668190002,-0.5949767827987671,-0.1695673018693924,-1.5564783811569214,1.7468341588974,-0.3998096161950435,-0.8685726461188197,-0.1945178500243655,107.0
1652955322.169763,-0.2412292510271072,0.0848011374473571,-0.0648838281631469,-0.2473267763853073,0.768375039100647,-0.5902789831161499,-0.0861600339412689,-1.39943528175354,1.6181272268295288,-0.3967774662569522,-0.8762982654348613,-0.1712834685801896,107.0
1652955322.179802,-0.2421003431081771,0.1355113387107849,-0.0979878902435302,-0.2428698688745498,0.7726552486419678,-0.5865305662155151,-0.0856338590383529,-1.2152239084243774,1.547230839729309,-0.3925840481958821,-0.8830131933015734,-0.148991985775431,107.0
1652955322.189721,-0.2022709548473358,0.1934611797332763,-0.168048083782196,-0.2377926260232925,0.777270495891571,-0.5824992060661316,-0.26485076546669,-1.083235740661621,1.4998457431793213,-0.3875795175913572,-0.8903158040687912,-0.1277841145154189,107.0
1652955322.199586,-0.1529313176870346,0.2100870609283447,-0.2638475298881531,-0.2323227375745773,0.7830278277397156,-0.5769693851470947,-0.5359938740730286,-0.9927424192428588,1.4419673681259155,-0.382797731317513,-0.8995190241160912,-0.1084294703574843,107.0
1652955322.209842,-0.1145737767219543,0.1900874972343444,-0.3438875675201416,-0.2268570363521576,0.7899478673934937,-0.5696651935577393,-0.7537968158721924,-0.9435250759124756,1.3534817695617676,-0.3789784822903838,-0.9107239643207248,-0.0913859850390631,107.0
1652955322.219594,-0.0841673761606216,0.1722046136856079,-0.3536205291748047,-0.2219851166009903,0.7976055145263672,-0.5608459711074829,-0.9198496341705322,-1.0184376239776611,1.2457771301269531,-0.3768839650726443,-0.9233149336620844,-0.0765986972554426,107.0
1652955322.2296948,-0.0830508023500442,0.1485375165939331,-0.2871983647346496,-0.2186155915260315,0.8054631352424622,-0.5508506894111633,-0.9358312487602234,-1.1523493528366089,1.098077416419983,-0.3778043692762589,-0.9364565396761374,-0.0642312259712356,107.0
1652955322.239578,-0.0928912013769149,0.0350545048713684,-0.2020500898361206,-0.2168013304471969,0.8125237822532654,-0.5411122441291809,-0.8116418719291687,-1.263105392456055,0.9818115234375,-0.3810740868456556,-0.9484686756994356,-0.0534314680015731,107.0
1652955322.2494931,-0.0589773654937744,-0.1458846926689148,-0.1585183143615722,-0.2164134085178375,0.818064272403717,-0.5328567624092102,-0.4613943696022033,-1.412288784980774,0.8624153733253479,-0.3857865828615842,-0.9580371649323056,-0.0429517709405722,107.0
1652955322.259439,0.0115429162979125,-0.2208420038223266,-0.185047447681427,-0.2178113758563995,0.8210643529891968,-0.5276473760604858,-0.001911599189043,-1.5990763902664185,0.7405443787574768,-0.3914895588217909,-0.9632730780520103,-0.0315773529629732,107.0
1652955322.269416,0.0313719511032104,-0.2334588170051574,-0.2020654082298278,-0.2210540771484375,0.8214196562767029,-0.5257421731948853,0.4412514567375183,-1.731487512588501,0.6088460087776184,-0.3980197862658824,-0.9638957775499054,-0.0192351085140966,107.0
1652955322.279583,-0.0076965689659118,-0.1981478333473205,-0.1987770795822143,-0.2256867289543151,0.8194130063056946,-0.5269039869308472,0.8056306838989258,-1.7257866859436035,0.4902899265289306,-0.40468450941661,-0.9603862458162772,-0.0062466237777348,107.0
1652955322.289342,-0.0546804815530777,-0.1264621019363403,-0.2118616104125976,-0.2308573871850967,0.8151636719703674,-0.5312374234199524,1.2142900228500366,-1.5773069858551023,0.3810518682003021,-0.4099446129858765,-0.9530117441822996,0.0075498939624179,107.0
1652955322.299212,-0.0983614027500152,-0.0559396147727966,-0.244910180568695,-0.236080914735794,0.8087378144264221,-0.5387107133865356,1.4709933996200562,-1.3626197576522827,0.2542349696159363,-0.4130256800804289,-0.9420029619243748,0.0218149106563444,107.0
1652955322.3095322,-0.1294947415590286,0.0271658897399902,-0.2703536748886108,-0.2413550317287445,0.8011459708213806,-0.5476431250572205,1.5291563272476196,-1.1343927383422852,0.0941513031721115,-0.4151064756913695,-0.9292075895699038,0.0346665291962093,107.0
1652955322.319217,-0.1418462246656417,0.0655765533447265,-0.3220376968383789,-0.2469325959682464,0.7929850220680237,-0.5569552779197693,1.4594314098358154,-0.9383836388587952,-0.0790055245161056,-0.4173197468090261,-0.9156930886329216,0.0447888851528187,107.0
1652955322.329286,-0.1256538927555084,0.1027124524116516,-0.3877919912338257,-0.2530388832092285,0.7854360938072205,-0.5648553371429443,1.0946342945098877,-0.8199954628944397,-0.2323266267776489,-0.4211654247334195,-0.9034003470316851,0.0509886936183929,107.0
1652955322.33913,-0.0945396125316619,0.1447259783744812,-0.4689052104949951,-0.2601205706596374,0.7799708247184753,-0.5691948533058167,0.5294461846351624,-0.7859132289886475,-0.4426676034927368,-0.4286577004947058,-0.8946192053301537,0.051547326313299,107.0
1652955322.3492188,-0.0677769780158996,0.1719621419906616,-0.5300350189208984,-0.2690914869308471,0.7773800492286682,-0.5685685873031616,-0.1415351331233978,-0.8477054834365845,-0.6756041646003723,-0.4420430741248461,-0.8904899511274905,0.0447657710036548,107.0
1652955322.3590388,-0.0558459758758544,0.215539276599884,-0.5463815927505493,-0.2803205847740173,0.7778423428535461,-0.5624783635139465,-0.8027021884918213,-0.9353050589561462,-0.9225008487701416,-0.4623402688894533,-0.8912252622961728,0.0300851003862082,107.0
1652955322.369025,-0.0782692730426788,0.1911847591400146,-0.5263686180114746,-0.2936028242111206,0.7807936668395996,-0.5515058040618896,-1.25364351272583,-0.9539679884910583,-1.1363062858581543,-0.4892037607469373,-0.8959351305147321,0.007772791159643,107.0
1652955322.378972,-0.1071451306343078,0.1259872913360595,-0.5138128399848938,-0.3082755804061889,0.7837103009223938,-0.5392257571220398,-1.1240150928497314,-0.8960219025611877,-1.3390830755233765,-0.5193510084953445,-0.9006170281700956,-0.0189148703894595,107.0
1652955322.388944,-0.1236966848373413,0.0566756725311279,-0.4485186338424682,-0.3243930637836456,0.7841967940330505,-0.5289656519889832,-0.7816431522369385,-0.8839048147201538,-1.5929553508758545,-0.5501119176763384,-0.9014006111880162,-0.0469489410958072,107.0
1652955322.398947,-0.1499637067317962,0.0012281537055969,-0.3075751662254333,-0.3428037762641907,0.7814979553222656,-0.5212934017181396,-0.3936561346054077,-0.9701887965202332,-1.9030903577804563,-0.5817010332820628,-0.8970631008958074,-0.0755566358601707,107.0
1652955322.409104,-0.194646805524826,-0.059948444366455,-0.1823797821998596,-0.3641912043094635,0.7751837372779846,-0.5161928534507751,-0.0077686235308647,-1.0785198211669922,-2.2429733276367188,-0.6144299039276181,-0.8870058586100846,-0.1045124961255765,107.0
1652955322.418934,-0.2161992192268371,-0.0774186253547668,-0.1259647607803344,-0.3884152173995971,0.7656742930412292,-0.5127149820327759,0.239181250333786,-1.2577553987503052,-2.512047052383423,-0.6483254952570118,-0.8720889361816974,-0.1334670565278098,107.0
1652955322.428864,-0.223941832780838,-0.0904824137687683,-0.1818655133247375,-0.4150048792362213,0.7536276578903198,-0.5097219944000244,0.3412426114082336,-1.4244521856307983,-2.6961817741394043,-0.6833269841170859,-0.853563758532962,-0.1619340966523964,107.0
1652955322.438685,-0.2563401162624359,-0.0863847732543945,-0.2437525391578674,-0.442909300327301,0.7405024170875549,-0.5054578185081482,0.2167621552944183,-1.5242595672607422,-2.786919593811035,-0.7195396441317653,-0.8338176177638622,-0.190673468725779,107.0
1652955322.44866,-0.2992904186248779,-0.1147515773773193,-0.265404999256134,-0.4711717665195465,0.7267850637435913,-0.4997808337211609,0.1733949780464172,-1.5878419876098633,-2.8137030601501465,-0.7559417432157604,-0.8136296511628157,-0.219139381128234,107.0
1652955322.458612,-0.3442527055740356,-0.1613994240760803,-0.1953193545341491,-0.4992991089820862,0.7126838564872742,-0.4927295446395874,0.0265039969235658,-1.627223253250122,-2.8111472129821777,-0.7920204277689368,-0.793316742121061,-0.2469815744927731,107.0
1652955322.468578,-0.385069727897644,-0.1983618438243866,-0.0798927545547485,-0.526810884475708,0.6983771324157715,-0.4844994246959686,0.0122140068560838,-1.6099718809127808,-2.766035318374634,-0.8272120524492096,-0.7731275921463514,-0.2739566303959949,107.0
1652955322.4785109,-0.3987542390823364,-0.2519778907299042,0.0043637752532958,-0.5531806945800781,0.6834413409233093,-0.4763392508029938,0.1195110380649566,-1.5983986854553225,-2.668566465377808,-0.8598981828607064,-0.7524664176886972,-0.2981634096459788,107.0
1652955322.488642,-0.3893171548843384,-0.304554671049118,0.0917488932609558,-0.5781207084655762,0.6680014133453369,-0.4685622751712799,0.239401489496231,-1.5817688703536987,-2.5134966373443604,-0.8896904226017245,-0.731519805395145,-0.3187769371723624,107.0
1652955322.498458,-0.3578344583511352,-0.3751166462898254,0.1890515089035034,-0.6012111306190491,0.6523791551589966,-0.4614616334438324,0.4138921797275543,-1.5452743768692017,-2.287424087524414,-0.916155399431594,-0.7107193528834768,-0.335185237975885,107.0
1652955322.508458,-0.2911703586578369,-0.4375641942024231,0.2949444055557251,-0.6217784285545349,0.6370776891708374,-0.4555478692054748,0.6019319295883179,-1.4590579271316528,-1.973065972328186,-0.9384899740315962,-0.6907010068700722,-0.3465806798920224,107.0
1652955322.518341,-0.2144539952278137,-0.4008053243160248,0.3973976969718933,-0.6393058896064758,0.6228048205375671,-0.4510012567043304,0.7187044620513916,-1.3063710927963257,-1.6057549715042114,-0.9564189373591256,-0.6723226381324393,-0.3530591721367963,107.0
1652955322.528487,-0.1555747389793396,-0.2916867434978485,0.4670372009277344,-0.653293788433075,0.6106451749801636,-0.4475709795951843,0.665851354598999,-1.08526349067688,-1.2056549787521362,-0.9701411218931584,-0.6568750560774057,-0.3559676410243565,107.0
1652955322.538233,-0.109332263469696,-0.2634191811084747,0.4461777806282043,-0.6637238264083862,0.6013838052749634,-0.4447563588619232,0.5643293261528015,-0.9049673080444336,-0.7876890301704407,-0.9804257562765546,-0.6452319536027116,-0.3566236461282921,107.0
1652955322.54821,-0.0556316971778869,-0.2933911085128784,0.3389965295791626,-0.6709309816360474,0.5954974293708801,-0.4418536126613617,0.3477360010147095,-0.77755206823349,-0.3908780515193939,-0.9884215388560678,-0.6378846903347586,-0.3559171879682118,107.0
1652955322.558534,-0.0099608898162841,-0.2994745373725891,0.2240708470344543,-0.6755098700523376,0.5927473902702332,-0.4385625123977661,0.2195785194635391,-0.674182116985321,-0.0996849685907363,-0.9949613042672718,-0.634465838939116,-0.3548025423156979,107.0
1652955322.56822,0.0036532878875732,-0.3580564856529236,0.1560314297676086,-0.6784428954124451,0.5916492342948914,-0.4355072677135467,0.2690501809120178,-0.6531503200531006,0.063381977379322,-1.000120988552067,-0.6331029817505438,-0.3523691717803994,107.0
1652955322.578476,-0.01392662525177,-0.3654689788818359,0.1677640676498413,-0.6807299852371216,0.5908113121986389,-0.4330691397190094,0.4204468131065368,-0.6360610127449036,0.0969453081488609,-1.004195372401358,-0.6320640239824046,-0.3483525203087403,107.0
1652955322.588715,-0.0455428957939147,-0.3692587018013,0.1580945253372192,-0.6828813552856445,0.5890673398971558,-0.4320565164089203,0.6775169968605042,-0.612339437007904,0.0826659724116325,-1.0066816968646837,-0.6299041746689258,-0.3420042032425648,107.0
1652955322.598558,-0.0546254515647888,-0.3630534410476684,0.0880295634269714,-0.685166597366333,0.5861189961433411,-0.4324481785297394,0.8565428853034973,-0.5901522636413574,0.016147281974554,-1.0077812599459262,-0.6262604455365659,-0.333659530419349,107.0
1652955322.608728,-0.0522068738937377,-0.35755455493927,-0.0110141634941101,-0.687829315662384,0.5817843675613403,-0.4340713620185852,1.0197038650512695,-0.5345649123191833,-0.0993566811084747,-1.0078409347845425,-0.6209208313168488,-0.324142573912679,107.0
1652955322.618002,-0.0560646653175354,-0.3181085586547851,-0.0729895830154419,-0.6909295320510864,0.5761176347732544,-0.4366979002952575,1.0621472597122192,-0.4595404267311096,-0.2298945635557174,-1.0071476670299129,-0.6139708264308079,-0.3143626363529029,107.0
1652955322.627926,-0.0636966824531555,-0.2696678638458252,-0.0733067989349365,-0.6944364309310913,0.5696293711662292,-0.4396368563175201,0.9472193121910096,-0.3694118857383728,-0.3683605790138244,-1.0064046380032277,-0.6060548735721769,-0.3058727161175632,107.0
1652955322.637896,-0.0668051838874816,-0.2289870977401733,-0.0469921827316284,-0.6983011960983276,0.5630596876144409,-0.4419722557067871,0.6735270023345947,-0.28691565990448,-0.48880735039711,-1.0065184691931524,-0.5980834846510894,-0.3003012787914392,107.0
1652955322.647692,-0.0601751804351806,-0.2170873880386352,-0.0367449522018432,-0.7023066282272339,0.5571611523628235,-0.4430992901325226,0.3306042850017547,-0.197878211736679,-0.5487207770347595,-1.0079512885327753,-0.5909632405669757,-0.298513872625068,107.0
1652955322.657611,-0.0529704689979553,-0.2069803774356842,-0.0334036946296691,-0.7060323357582092,0.5526602268218994,-0.4428150653839111,-0.0352422595024108,-0.1043042093515396,-0.550381600856781,-1.010625098813395,-0.5855528457863394,-0.3006011405163996,107.0
1652955322.667581,-0.0480148792266845,-0.1994229555130005,-0.0147176384925842,-0.7091721892356873,0.5496907830238342,-0.4414918422698974,-0.3021953701972961,-0.005728636868298,-0.5031852722167969,-1.013964101703427,-0.5819940183815949,-0.3057042578492817,107.0
1652955322.67753,-0.0504267215728759,-0.1961435973644256,0.0465344190597534,-0.7115210294723511,0.5482072830200195,-0.4395526945590973,-0.4961814284324646,0.0826902240514755,-0.4123214185237884,-1.0174167373994762,-0.5802191985384066,-0.3126950513619227,107.0
1652955322.687531,-0.0446677207946777,-0.1906096637248993,0.1150237917900085,-0.7129465341567993,0.5479705333709717,-0.4375335574150085,-0.5514606833457947,0.1658053547143936,-0.3094957172870636,-1.0203659250982215,-0.5799361501065813,-0.320366770433028,107.0
1652955322.697449,-0.0301349163055419,-0.1925610303878784,0.1436026096343994,-0.7135481238365173,0.5484749674797058,-0.4359178841114044,-0.5280989408493042,0.2126427441835403,-0.2209219932556152,-1.0223890735087675,-0.5805393333407174,-0.3275451916577684,107.0
1652955322.707542,-0.0174264907836914,-0.1870060563087463,0.1418251991271972,-0.7135764956474304,0.5492605566978455,-0.4348811209201813,-0.4214489459991455,0.2287711203098297,-0.1445212215185165,-1.0234655172215912,-0.5814790837220073,-0.3335183380617216,107.0
1652955322.71737,-0.0176786184310913,-0.1787192225456237,0.1232080459594726,-0.713187038898468,0.5499944090843201,-0.4345924854278564,-0.2768811881542206,0.2333259135484695,-0.08052359521389,-1.0235179311891314,-0.5823575450357075,-0.3378039328409858,107.0
1652955322.727415,-0.0278307199478149,-0.1677680611610412,0.0943882465362548,-0.7124648094177246,0.5504634380340576,-0.4351828992366791,-0.1071922853589057,0.2298209369182586,-0.0225684233009815,-1.0224638893358036,-0.5829192147159605,-0.3400749348253806,107.0
1652955322.7374,-0.034152865409851,-0.1352744698524475,0.072579801082611,-0.7114680409431458,0.5506348609924316,-0.4365943670272827,0.020742580294609,0.2417635470628738,0.0159367397427558,-1.0203984279252531,-0.5831246198190005,-0.3405438808707839,107.0
1652955322.747464,-0.029771864414215,-0.1043294072151184,0.0488760471343994,-0.7102490067481995,0.5504738092422485,-0.4387765526771545,0.1241248920559883,0.2555539309978485,0.0246250368654727,-1.0174068667502918,-0.5829316966388849,-0.3396312840611533,107.0
1652955322.757247,-0.0217957496643066,-0.0720425546169281,0.0200563669204711,-0.7090393304824829,0.5499966144561768,-0.4413240253925323,0.1332388967275619,0.2592037618160248,-0.003364672884345,-1.0140506332462838,-0.5823601786617789,-0.338218432486272,107.0
