1652956175.733124,0.0175959467887878,-0.0504601001739501,0.0145884156227111,0.4105046093463897,0.1343831419944763,-0.9019019603729248,-0.1052572280168533,-0.3299999535083771,0.1008704602718353,0.4271320343047963,-0.1347909312468629,0.172130328375373,96.0
1652956175.743227,0.0309404730796813,-0.0661499500274658,0.0189961194992065,0.4077039062976837,0.1347361654043197,-0.9031188488006592,-0.0783935934305191,-0.3291619420051574,0.1236390098929405,0.4240507346837651,-0.1351472016649809,0.1735451184008914,96.0
1652956175.753045,0.0458826124668121,-0.0806430578231811,0.0146198570728302,0.4049535393714905,0.1348247081041336,-0.904342234134674,-0.0617094188928604,-0.3279970586299896,0.1432499885559082,0.4210128359373081,-0.135236545876977,0.1750527805625234,96.0
1652956175.762954,0.0594383478164672,-0.0905755758285522,0.0107689797878265,0.4021705389022827,0.1346472799777984,-0.9056097269058228,-0.0321033224463462,-0.3306022882461548,0.1592537611722946,0.4179267566376716,-0.1350574939493923,0.1766405991976841,96.0
1652956175.772985,0.067719429731369,-0.1054908037185669,0.0107322037220001,0.3993673622608185,0.1341042220592498,-0.906929850578308,0.0084723317995667,-0.3408674299716949,0.1758247464895248,0.4148008098248835,-0.1345094660799388,0.1782298748282909,96.0
1652956175.782824,0.0785515308380127,-0.1309511065483093,0.0117972642183303,0.3966529071331024,0.1330238878726959,-0.9082791805267334,0.0649114400148391,-0.3219767212867737,0.2061267346143722,0.4117456052275402,-0.1334193620919956,0.1798511805988019,96.0
1652956175.793028,0.087175965309143,-0.1521022319793701,0.0104804337024688,0.3940862417221069,0.1312737017869949,-0.9096500873565674,0.121471919119358,-0.3159611821174621,0.2416852712631225,0.4088194766262353,-0.1316536979918758,0.1815236320856945,96.0
1652956175.802814,0.0934893786907196,-0.1771299839019775,0.0109966248273849,0.3916638195514679,0.128895953297615,-0.9110352993011476,0.179573506116867,-0.2939806580543518,0.2715900540351867,0.4060226925421048,-0.1292555656681346,0.1832800962882254,96.0
1652956175.812813,0.1021824777126312,-0.1978198885917663,0.0095732063055038,0.3894099295139313,0.1259706020355224,-0.9124096035957336,0.2133823335170745,-0.281485378742218,0.3061323165893554,0.4033882493184762,-0.1263061705758356,0.1851286992591124,96.0
1652956175.8228378,0.1108345687389373,-0.2169848084449768,0.011071428656578,0.3873038589954376,0.1226871162652969,-0.9137524962425232,0.2308526039123535,-0.2678901255130768,0.3530916571617126,0.4009053391432903,-0.122997002501179,0.1872881730796665,96.0
1652956175.8327842,0.1191497147083282,-0.2386040687561035,0.0077448263764381,0.3853974044322967,0.1189488917589187,-0.9150519371032716,0.2762182354927063,-0.2453815937042236,0.4024445414543152,0.3986267554944857,-0.119231189658171,0.1897740692173778,96.0
1652956175.842793,0.1355644762516021,-0.2666046619415283,0.0075934827327728,0.3836768567562103,0.1144462972879409,-0.9163482189178468,0.3565940260887146,-0.2452114671468734,0.4560896754264831,0.396524126910909,-0.1146976198686308,0.1925465016120957,96.0
1652956175.852632,0.1545330584049224,-0.301777720451355,0.0188018232583999,0.382011741399765,0.1087616458535194,-0.91773521900177,0.4914503693580627,-0.2383985817432403,0.5143750905990601,0.3944401853016865,-0.1089772222091129,0.1954167543760285,96.0
1652956175.862816,0.149004727602005,-0.3469553589820862,0.018644280731678,0.380475252866745,0.1013660877943039,-0.9192189574241638,0.6891967058181763,-0.2158484756946563,0.5526056289672852,0.3924411878841213,-0.1015404891002431,0.1981185210593242,96.0
1652956175.8726048,0.1287996768951416,-0.3897135853767395,-0.0048521012067794,0.3792722225189209,0.0918882265686988,-0.9207112193107604,0.9057396650314332,-0.1612137258052826,0.5877220630645752,0.3907517537018087,-0.092018032817076,0.2003409893719516,96.0
1652956175.882534,0.1103159189224243,-0.4300872683525085,-0.0446295663714408,0.3786672353744507,0.0803351253271102,-0.922039806842804,1.12563955783844,-0.0762955322861671,0.5984593629837036,0.3896828817422725,-0.080421788841882,0.2019941541335392,96.0
1652956175.892532,0.0929382741451263,-0.4649404883384704,-0.0984405428171157,0.3788787126541137,0.0668395906686782,-0.9230294823646544,1.3228453397750854,0.0334493406116962,0.5779818296432495,0.3895021416948255,-0.0668894592771973,0.2027989315771205,96.0
1652956175.9024482,0.0773373246192932,-0.4979845285415649,-0.1503649204969406,0.3800906836986542,0.0518694296479225,-0.92349374294281,1.4724478721618652,0.1590431183576584,0.5357599258422852,0.3904482933411129,-0.0518927167270822,0.2026553213688228,96.0
1652956175.9123712,0.0589466094970703,-0.5276957750320435,-0.2029870599508285,0.3824443817138672,0.0359796099364757,-0.923277735710144,1.565157413482666,0.3104273080825805,0.4579082429409027,0.3927085481962505,-0.0359873769366947,0.2014650379376638,96.0
1652956175.922373,0.034571886062622,-0.5422394275665283,-0.2578177750110626,0.3861129283905029,0.0198416896164417,-0.9222381114959716,1.602140188217163,0.4615496397018432,0.3547308444976806,0.396496442254395,-0.0198429913044462,0.1991352688158754,96.0
1652956175.932472,0.0093190968036651,-0.5419182777404785,-0.3163843750953674,0.3911173045635223,0.0041590416803956,-0.9203314185142516,1.5485152006149292,0.6231667995452881,0.2292669266462326,0.4018489583681772,-0.0041590538097496,0.19571675545627,96.0
1652956175.942375,-0.0170676410198211,-0.519776463508606,-0.3699334859848022,0.3975149989128113,-0.0100714052096009,-0.917540431022644,1.418273687362671,0.7697334885597229,0.0835681706666946,0.4088290662310068,0.0100715753284173,0.1913152613957399,96.0
1652956175.952205,-0.0429581701755523,-0.4903929829597473,-0.4005959331989288,0.405110239982605,-0.0223166774958372,-0.9139954447746276,1.2649086713790894,0.8928319811820984,-0.0874792039394378,0.4172098049498232,0.0223185298265206,0.1859142478077304,96.0
1652956175.962171,-0.074239581823349,-0.4522064924240112,-0.41694176197052,0.4137934148311615,-0.032429564744234,-0.9097930192947388,1.1268296241760254,1.010059118270874,-0.2700367271900177,0.4268562458362477,0.0324352514840917,0.1794221004581382,96.0
1652956175.9721432,-0.1106421947479248,-0.4044328927993774,-0.4182978570461273,0.42356938123703,-0.0405797138810157,-0.9049542546272278,1.006258487701416,1.119596242904663,-0.4457808434963226,0.4377675267242703,0.0405908600841391,0.1717256663447754,96.0
1652956175.982088,-0.1421135067939758,-0.3415251970291137,-0.4049366116523742,0.4342887997627258,-0.0469676926732063,-0.8995484113693237,0.929530680179596,1.2082794904708862,-0.6175046563148499,0.4497812969978515,0.0469849786305249,0.1628312069623251,96.0
1652956175.992066,-0.1713363230228424,-0.2971605658531189,-0.383049726486206,0.44568932056427,-0.0521767064929008,-0.8936657905578613,0.9411990642547609,1.2652685642242432,-0.7941451668739319,0.4626233522483037,0.0522004112298054,0.1524327047373094,96.0
1652956176.002157,-0.2060639858245849,-0.2561268806457519,-0.3448054194450378,0.4575592875480652,-0.0572178848087787,-0.8873361945152283,1.0968797206878662,1.311326026916504,-0.9564762711524964,0.4760929760412503,0.0572491529643779,0.1401084019130436,96.0
1652956176.0119882,-0.2519879341125488,-0.2301006317138672,-0.2877732515335083,0.4701123237609863,-0.0629652813076973,-0.8803577423095703,1.3033312559127808,1.4112554788589478,-1.1150134801864624,0.4904773384204867,0.0630069630192612,0.1254069261811887,96.0
1652956176.021868,-0.301334410905838,-0.1871455311775207,-0.2470101714134216,0.483585387468338,-0.0697165057063102,-0.8725163340568542,1.5137027502059937,1.488676905632019,-1.2534136772155762,0.5060943623669841,0.0697731064985178,0.1082721553272171,96.0
1652956176.0319,-0.3322668373584747,-0.129455029964447,-0.2353372871875763,0.4975805580615997,-0.0767659842967987,-0.864014208316803,1.593720316886902,1.5174329280853271,-1.3937796354293823,0.5225058400273388,0.0768415824337767,0.0890926714963166,96.0
1652956176.04198,-0.3522177338600158,-0.0572157502174377,-0.2478914856910705,0.5116720795631409,-0.0827817171812057,-0.8551835417747498,1.5119434595108032,1.4960968494415283,-1.5330424308776855,0.5391821557829297,0.0828765613305036,0.0685858211985702,96.0
1652956176.0517678,-0.3750782012939453,0.015876293182373,-0.2550106644630432,0.5254688262939453,-0.08657256513834,-0.8463968634605408,1.3274431228637695,1.4402644634246826,-1.6639386415481567,0.5555952518047834,0.0866810701143834,0.047555882297838,96.0
1652956176.061792,-0.404354453086853,0.0879667401313781,-0.2417066544294357,0.538723349571228,-0.087700068950653,-0.8379056453704834,1.1264656782150269,1.364421844482422,-1.7895041704177856,0.5713963276840643,0.0878128805349546,0.0264066341935087,96.0
1652956176.071842,-0.4382004737854004,0.1620033383369445,-0.2121357768774032,0.5513443946838379,-0.0862803608179092,-0.8298042416572571,0.9557618498802184,1.2844675779342651,-1.9010770320892332,0.5864505001366396,0.0863877704024928,0.0052671240612277,96.0
1652956176.081688,-0.4707615971565246,0.2319593429565429,-0.1764408946037292,0.5631993412971497,-0.0827296301722526,-0.822169303894043,0.8209482431411743,1.1918705701828003,-2.002615213394165,0.600598814301395,0.0828242951486343,-0.0158619297987814,96.0
1652956176.091606,-0.5013333559036255,0.2980784773826599,-0.1381866335868835,0.574133038520813,-0.0774353221058845,-0.8150920271873474,0.7343928217887878,1.0881048440933228,-2.089363813400269,0.6136582740077586,0.0775129163818803,-0.0370890663004047,96.0
1652956176.101605,-0.5271331071853638,0.3576773405075073,-0.1025096103549003,0.5840026140213013,-0.0710591003298759,-0.8086355924606323,0.7469605803489685,0.9617738127708436,-2.1769914627075195,0.6254752926064222,0.071119041194012,-0.0586751995928297,96.0
1652956176.111572,-0.5557924509048462,0.4146358370780945,-0.0740998014807701,0.5927492380142212,-0.0644499957561492,-0.802804172039032,0.8426554203033447,0.8445233106613159,-2.249796152114868,0.6360023225256616,0.064494698328664,-0.0812245922824141,96.0
1652956176.121547,-0.5784102082252502,0.4763446450233459,-0.0381492339074611,0.600367546081543,-0.0579963885247707,-0.7976184487342834,0.9250500798225404,0.7144478559494019,-2.2975070476531982,0.6452269855249305,0.0580289512718898,-0.1047143062459867,96.0
1652956176.131506,-0.5922167897224426,0.5403954982757568,-0.0185058042407035,0.6066820621490479,-0.0514252223074436,-0.7932794094085693,0.9066372513771056,0.5548325777053833,-2.321338653564453,0.6528916820605936,0.0514479161420084,-0.1286175428003326,96.0
1652956176.1416578,-0.5968485474586487,0.6043096780776978,-0.0182186067104339,0.6114511489868164,-0.0440525002777576,-0.7900549173355103,0.794744610786438,0.3729995489120483,-2.3343923091888428,0.6586443716371155,0.0440667603696954,-0.1522439760494619,96.0
1652956176.151406,-0.5954686403274536,0.670074462890625,-0.0194626078009605,0.6145726442337036,-0.0352859199047088,-0.7880706787109375,0.6075480580329895,0.1874323487281799,-2.351384162902832,0.6623296489313343,0.035293245621395,-0.1749642133632118,96.0
1652956176.161375,-0.5881257057189941,0.7305889129638672,-0.0029453635215759,0.6160035133361816,-0.0248408783227205,-0.787351667881012,0.4179453253746032,-0.0030641974881291,-2.37488055229187,0.6639006352467602,0.0248434333851245,-0.196614199343421,96.0
1652956176.171504,-0.5705828070640564,0.779755175113678,0.0208781734108924,0.6156266927719116,-0.0128062656149268,-0.7879338264465332,0.2527403831481933,-0.2047936022281646,-2.40532660484314,0.6632450902991052,0.012806615504082,-0.2174144884681234,96.0
1652956176.18127,-0.5556797385215759,0.8183048963546753,0.0506084710359573,0.6133426427841187,0.0005389912403188,-0.7898167371749878,0.1251914203166961,-0.4120741784572601,-2.439171314239502,0.6602859893762084,-0.00053899128673,-0.2375811877396447,96.0
1652956176.191328,-0.552657425403595,0.8480200171470642,0.0750192925333976,0.6090843677520752,0.0148549750447273,-0.7929663062095642,0.0463155172765255,-0.6193283200263977,-2.486755132675171,0.6549903530882564,-0.0148555213884728,-0.2575210503660893,96.0
1652956176.201189,-0.5491102933883667,0.8869994878768921,0.0971966236829757,0.6027753949165344,0.0298022795468568,-0.7973541021347046,0.0006620800122618,-0.8289049863815308,-2.518265962600708,0.6473106489093415,-0.0298066928809559,-0.2774803667226376,96.0
1652956176.211319,-0.5367475152015686,0.9181193709373474,0.1294984221458435,0.5943493843078613,0.0450163483619689,-0.8029460310935974,-0.046132855117321,-1.0423647165298462,-2.529461622238159,0.6372065936088326,-0.0450315654027971,-0.297487056172916,96.0
1652956176.2214432,-0.5276278853416443,0.9225092530250548,0.1716546565294265,0.583642840385437,0.0603857487440109,-0.8097620010375977,-0.142095535993576,-1.2583502531051636,-2.5195188522338867,0.624522413047843,-0.0604225082882448,-0.3173040354130771,96.0
1652956176.231087,-0.5247059464454651,0.9211753606796264,0.2108178287744522,0.5708484649658203,0.0764136165380477,-0.8174918293952942,-0.2651346325874328,-1.46759295463562,-2.482193946838379,0.6095791087741711,-0.07648817901135,-0.3365176365513116,96.0
1652956176.2412062,-0.511002779006958,0.910512626171112,0.2446813136339187,0.5559093952178955,0.0928583592176437,-0.8260399699211121,-0.3953187465667724,-1.6760766506195068,-2.422747850418091,0.5923614982442087,-0.0929923311742966,-0.3548577475349124,96.0
1652956176.2509642,-0.488254189491272,0.8770262598991394,0.2857804596424103,0.5387150049209595,0.1096358001232147,-0.8353239893913269,-0.5185544490814209,-1.8996939659118648,-2.338205337524414,0.5727939135571293,-0.1098566365998891,-0.3722158032887572,96.0
1652956176.26096,-0.4674937129020691,0.8271504640579224,0.3427478075027466,0.5191751718521118,0.1264446824789047,-0.8452625870704651,-0.6009891629219055,-2.12058424949646,-2.2564074993133545,0.5508080847247759,-0.1267840753235953,-0.3886861170888687,96.0
1652956176.270925,-0.4526165127754211,0.7861327528953552,0.4003159999847412,0.4973857998847961,0.1428816616535186,-0.8556823134422302,-0.6249375939369202,-2.3231587409973145,-2.165446519851685,0.5265365132222,-0.1433723349485348,-0.4045597410479546,96.0
1652956176.2810311,-0.4229182302951813,0.7463467717170715,0.4387543201446533,0.4734095633029938,0.1583373397588729,-0.8664944767951965,-0.5809271335601807,-2.5243852138519287,-2.079000234603882,0.5000368704947554,-0.1590065287471006,-0.4201837680191298,96.0
1652956176.290798,-0.3839533925056457,0.704600989818573,0.4660886526107788,0.4472926259040832,0.1722933202981948,-0.877635657787323,-0.4888610541820526,-2.718771457672119,-1.9923657178878784,0.4713428512310401,-0.1731573301535267,-0.4358464824666869,96.0
1652956176.3007998,-0.3430817425251007,0.6583328247070312,0.489527016878128,0.4191162884235382,0.1846673041582107,-0.8889541625976562,-0.4193815886974334,-2.9007322788238525,-1.89898145198822,0.4405652177840817,-0.1857333356355527,-0.4514801973250237,96.0
1652956176.310763,-0.3128210604190826,0.6017318964004517,0.5245723724365234,0.3890081644058227,0.1957645416259765,-0.9001938104629517,-0.4106307327747345,-3.059361457824707,-1.8174387216567995,0.4079012417426079,-0.1970370186951242,-0.4669394356141601,96.0
1652956176.320735,-0.2849146425724029,0.5588193535804749,0.5698363780975342,0.3572413027286529,0.2064239680767059,-0.9109159111976624,-0.5008318424224854,-3.1867287158966064,-1.7380450963974,0.3737452549721586,-0.2079187960845951,-0.4819023281058111,96.0
1652956176.33083,-0.2665772438049316,0.5106908679008484,0.5750848054885864,0.3241181373596191,0.2173498719930648,-0.920709788799286,-0.6419538259506226,-3.289806604385376,-1.6316568851470947,0.3384827831128389,-0.2190986097528147,-0.4959726491998956,96.0
1652956176.340753,-0.2625830769538879,0.4568767547607422,0.5652839541435242,0.290003091096878,0.2287986725568771,-0.9292736053466796,-0.7978731393814087,-3.3572301864624023,-1.506150722503662,0.3024976741596088,-0.2308434416317666,-0.5088752502042649,96.0
1652956176.3507528,-0.2616916000843048,0.3886350393295288,0.603141725063324,0.2551608383655548,0.2406540662050247,-0.9364713430404664,-0.9028845429420472,-3.4148850440979004,-1.3701598644256592,0.2660130521952301,-0.2430396609081468,-0.5205656853183456,96.0
1652956176.360503,-0.2436386942863464,0.3152088522911072,0.657005786895752,0.2198197245597839,0.2524333000183105,-0.9423145651817322,-0.951213240623474,-3.453131437301636,-1.243992805480957,0.2291779227362428,-0.2551941696345767,-0.5312609421277436,96.0
1652956176.370559,-0.2032739520072937,0.2523022294044494,0.706226110458374,0.1840784102678299,0.2636835277080536,-0.9468823075294496,-0.9307678937911988,-3.508134126663208,-1.10666823387146,0.1920097553966722,-0.2668389076000604,-0.5410622991244642,96.0
1652956176.380468,-0.1487019658088684,0.1839637160301208,0.7344046831130981,0.1478474736213684,0.2737587988376617,-0.9503669142723083,-0.8455999493598938,-3.5733559131622314,-0.9736525416374208,0.1543317389788702,-0.2772989644433435,-0.5501009530045358,96.0
1652956176.390444,-0.111701488494873,0.1362909078598022,0.754744291305542,0.111152172088623,0.2826092541217804,-0.95277339220047,-0.7749186158180237,-3.641672849655152,-0.8362523317337036,0.1161367341605095,-0.2865131729841086,-0.5582510412949322,96.0
1652956176.400389,-0.098256692290306,0.0871202945709228,0.764076828956604,0.0741478204727172,0.2905344069004059,-0.9539873600006104,-0.7603384256362915,-3.6892518997192383,-0.7099615335464478,0.0775681645996608,-0.2947852744128575,-0.5654645996118395,96.0
1652956176.410387,-0.0868396311998367,0.0474509000778198,0.7646275758743286,0.0369128845632076,0.2984828054904938,-0.9537009000778198,-0.8441941738128662,-3.7443277835845943,-0.5969201922416687,0.0386855743897273,-0.3031026002628433,-0.5717820841080119,96.0
1652956176.420471,-0.0785186514258384,-0.0098194479942321,0.7463974356651306,-0.0003997919848188,0.3071303963661194,-0.9516673684120178,-0.9564494490623474,-3.778853178024292,-0.4534788727760315,-0.0004200963340085,-0.3121762159720932,-0.5771057714826072,96.0
1652956176.4302878,-0.0709834992885589,-0.0839423537254333,0.7310203313827515,-0.0373844094574451,0.3166328370571136,-0.9478111863136292,-1.0671710968017578,-3.7850828170776367,-0.3104774951934814,-0.0394224514384366,-0.3221775601080736,-0.5813310390811308,96.0
1652956176.440354,-0.0523038730025291,-0.142602264881134,0.764244794845581,-0.0737489610910415,0.3267281055450439,-0.942236602306366,-1.0954927206039429,-3.782859563827514,-0.147340789437294,-0.078110862457177,-0.332839607168906,-0.5844140651739846,96.0
1652956176.4502,-0.0314532592892646,-0.2229613661766052,0.8137885332107544,-0.1092480197548866,0.3368156850337982,-0.9352112412452698,-1.068219542503357,-3.774686098098755,0.0468758195638656,-0.1162893546586913,-0.3435329306106759,-0.5860708303797564,96.0
1652956176.460155,-0.0265541076660156,-0.3042462468147278,0.8527558445930481,-0.143642395734787,0.3464629054069519,-0.9270007014274596,-0.966098129749298,-3.749730110168457,0.2442713230848312,-0.1537313052987616,-0.3537978317550807,-0.5860264110104958,96.0
1652956176.470065,-0.0338170826435089,-0.3801153302192688,0.8897324800491333,-0.1766168624162674,0.3551711142063141,-0.9179651141166688,-0.7996332049369812,-3.706340789794922,0.4841742217540741,-0.1900776890108484,-0.3630971034514426,-0.5838457516460752,96.0
1652956176.480063,-0.0499750673770904,-0.454526424407959,0.9259167313575744,-0.2079899907112121,0.3626880049705505,-0.9084038734436036,-0.5829071998596191,-3.673086881637573,0.7484174370765686,-0.2250823459480579,-0.3711506785905213,-0.5789633389331038,96.0
1652956176.490188,-0.0571198761463165,-0.5113747119903564,0.9769871830940248,-0.237649381160736,0.3686549067497253,-0.898674726486206,-0.2986653745174408,-3.632077693939209,1.030082941055298,-0.2585263821162701,-0.3775615908651993,-0.5708715614860553,96.0
1652956176.499992,-0.056622177362442,-0.5713028311729431,1.018954873085022,-0.2653992772102356,0.3728756010532379,-0.8891158699989319,0.0234376341104507,-3.583341121673584,1.3502070903778076,-0.2900782179358288,-0.3821061947596262,-0.5589989473338182,96.0
1652956176.509951,-0.0532268285751342,-0.6518355011940002,1.014946460723877,-0.2909503877162933,0.3756937384605407,-0.8798875212669373,0.2806478440761566,-3.5040838718414307,1.70114266872406,-0.3193495709439533,-0.3851452409423654,-0.5428521266000865,96.0
1652956176.520083,-0.0762291550636291,-0.7151157259941101,0.9971575140953064,-0.3140448331832886,0.3781781494617462,-0.8708370327949524,0.4391234517097473,-3.3897006511688232,2.026305675506592,-0.3461079947484364,-0.387827489149333,-0.5226451466001715,96.0
1652956176.5298882,-0.1206663250923156,-0.7912547588348389,0.9536553621292114,-0.334335446357727,0.3808020353317261,-0.8620960712432861,0.5918293595314026,-3.216557502746582,2.3451743125915527,-0.3699598163823254,-0.3906635143657888,-0.4986846088207543,96.0
1652956176.539933,-0.1610572934150695,-0.8672533631324768,0.8817740678787231,-0.3514090776443481,0.3835609853267669,-0.8540448546409607,0.7640200257301331,-3.002147436141968,2.6597557067871094,-0.3903502749844312,-0.393649113198198,-0.4709498736985997,96.0
1652956176.549787,-0.1871950626373291,-0.920270562171936,0.827048659324646,-0.365035742521286,0.3864065408706665,-0.8470176458358765,0.9357187747955322,-2.7467989921569824,2.9387402534484863,-0.4069129611725527,-0.3967323229228378,-0.4395238906637116,96.0
1652956176.5598788,-0.2213760018348693,-0.9920021295547484,0.7441880702972412,-0.3751662969589233,0.3891279697418213,-0.841326117515564,1.10345196723938,-2.464561462402344,3.1696670055389404,-0.4194579592202372,-0.3996847625653553,-0.4048261201938314,96.0
1652956176.5697842,-0.2413064837455749,-1.0417404174804688,0.5941219329833984,-0.3818471729755401,0.3918551802635193,-0.8370437622070312,1.1846263408660889,-2.168586015701294,3.357311725616455,-0.4279858012488112,-0.4026471703094443,-0.367505764292268,96.0
1652956176.579657,-0.2263023853302002,-1.031948804855347,0.4688231945037842,-0.385208785533905,0.3950683772563934,-0.8339875340461731,1.1837128400802612,-1.8689498901367188,3.479452610015869,-0.4326958696311073,-0.4061422903513497,-0.3284213450311189,96.0
1652956176.589807,-0.2209146916866302,-1.0015783309936523,0.3764212131500244,-0.385530561208725,0.3989388346672058,-0.8319939374923706,1.138209104537964,-1.555427312850952,3.5419375896453857,-0.4339260452614157,-0.4103593235373071,-0.2885426170484648,96.0
1652956176.5995731,-0.2270658314228058,-1.0112427473068235,0.2711904048919678,-0.3829804956912994,0.4033854007720947,-0.8310271501541138,1.08034086227417,-1.271763563156128,3.593175411224365,-0.4318416851870515,-0.4152136023052586,-0.248294263658063,96.0
1652956176.609555,-0.241408497095108,-1.0366363525390625,0.1750550270080566,-0.3777931034564972,0.4085021018981933,-0.8309021592140198,0.9913755655288696,-1.0063328742980957,3.6313552856445312,-0.4267375021114725,-0.4208123833139922,-0.2078116722342443,96.0
1652956176.619518,-0.260786235332489,-1.104440212249756,0.0930948257446289,-0.3700883686542511,0.4142598807811737,-0.8315187096595764,0.899732768535614,-0.7411811351776123,3.651961326599121,-0.4187509185765089,-0.4271294910884182,-0.1672532972422135,96.0
1652956176.629464,-0.2854134738445282,-1.185352444648743,0.0081009268760681,-0.3599112033843994,0.420472651720047,-0.8328665494918823,0.809399425983429,-0.4663860499858856,3.643946647644043,-0.4078989158553124,-0.4339661842834798,-0.1268841943417058,96.0
1652956176.639538,-0.3207775950431824,-1.2117773294448853,-0.0180248320102691,-0.3472063839435577,0.4266246557235718,-0.8351281881332397,0.7978806495666504,-0.1626907140016555,3.62459397315979,-0.3940116766328883,-0.4407574733493889,-0.0866490027577897,96.0
1652956176.649398,-0.3607068657875061,-1.23399555683136,-0.0214176177978515,-0.3317979872226715,0.4320011138916015,-0.8386210203170776,0.8485509753227234,0.1604226231575012,3.594855546951294,-0.3767482793594595,-0.4467104387870245,-0.0463714925507732,96.0
1652956176.659343,-0.4171785116195678,-1.2747840881347656,-0.0589012503623962,-0.3136106431484222,0.4359764456748962,-0.8435478210449219,0.9595368504524232,0.4815380871295929,3.572829008102417,-0.3559409496732103,-0.4511229850575838,-0.0058227960342382,96.0
1652956176.6693048,-0.4694053530693054,-1.2719517946243286,-0.0861530900001525,-0.2925880253314972,0.4379139244556427,-0.8500727415084839,1.1411672830581665,0.833499014377594,3.5404114723205566,-0.3314910839509485,-0.4532769535798817,0.0351629467437746,96.0
1652956176.679268,-0.4986667931079864,-1.243450403213501,-0.099047839641571,-0.2686824202537536,0.4370147287845611,-0.858386754989624,1.3859628438949585,1.1811641454696655,3.486201286315918,-0.3033481268196054,-0.4522770040481252,0.0765040027790326,96.0
1652956176.6892428,-0.5279898047447205,-1.2329115867614746,-0.1457093358039856,-0.2421365231275558,0.4327423870563507,-0.8683915734291077,1.6462926864624023,1.509521722793579,3.4002723693847656,-0.2719265362560656,-0.4475325224712776,0.1178493842443753,96.0
1652956176.6992002,-0.5656908750534058,-1.2221688032150269,-0.2205759286880493,-0.213392361998558,0.4250894486904144,-0.8796378374099731,1.8426172733306885,1.8073488473892207,3.279632806777954,-0.2379935752232843,-0.4390607077286483,0.1583785126622588,96.0
1652956176.709236,-0.5966985821723938,-1.175142765045166,-0.282276302576065,-0.1828423887491226,0.41463103890419,-0.8914313316345215,1.9552407264709477,2.0808544158935547,3.127894639968872,-0.2023051368757383,-0.4275372935983909,0.1972836325294176,96.0
1652956176.71911,-0.6209667325019836,-1.0902113914489746,-0.3354988396167755,-0.1507617682218551,0.4019813537597656,-0.9031510949134828,1.9999438524246216,2.325606107711792,2.953443765640259,-0.1654035498830325,-0.4136796985516323,0.2338588533879475,96.0
1652956176.729217,-0.6444632411003113,-1.0201716423034668,-0.3773757517337799,-0.1174843683838844,0.3877517282962799,-0.914246141910553,1.981317400932312,2.525953531265259,2.780444860458374,-0.127803672110231,-0.3981912288179371,0.2678037503277645,96.0
1652956176.739128,-0.6692584753036499,-0.9509539008140564,-0.3857365250587463,-0.0834575966000557,0.3725681602954864,-0.924244463443756,1.9236713647842407,2.686229705810547,2.582972288131714,-0.0900539532440889,-0.3817748897027443,0.298798343507057,96.0
1652956176.748982,-0.6865882277488708,-0.8811900615692139,-0.3784718811511993,-0.0489463955163955,0.3566823005676269,-0.9329426288604736,1.8597787618637085,2.813825845718384,2.38711929321289,-0.052416472241242,-0.3647142085894898,0.3267409356037947,96.0
1652956176.7589269,-0.7003397345542908,-0.8156000375747681,-0.3565314710140228,-0.0142293665558099,0.3403723835945129,-0.9401830434799194,1.7944350242614746,2.9196925163269043,2.199179172515869,-0.0151335216882648,-0.347312908863524,0.3517383745432803,96.0
1652956176.768904,-0.7391387820243835,-0.7417455911636353,-0.3271811604499817,0.0206939745694398,0.3237326741218567,-0.9459222555160522,1.736724853515625,3.022667407989502,2.041134595870972,0.0218735459447341,-0.3296719590119952,0.3740374406777494,96.0
1652956176.778844,-0.7847654223442078,-0.6676620841026306,-0.2817209362983703,0.0557920448482036,0.3068521320819855,-0.9501205086708068,1.6874672174453735,3.100724697113037,1.8931206464767456,0.0586536657558124,-0.3118838285807591,0.3939257219867498,96.0
1652956176.78882,-0.8242538571357727,-0.5841330289840698,-0.2244114875793457,0.0909012258052825,0.2896427810192108,-0.9528084993362428,1.671751618385315,3.168985605239868,1.7463058233261108,0.0951155777997704,-0.293853610073116,0.4115305747231926,96.0
1652956176.7987618,-0.8518257737159729,-0.4821730256080627,-0.1683639883995056,0.1259957253932953,0.2718338072299957,-0.9540604948997498,1.7072491645812988,3.229086637496948,1.5973594188690186,0.1313027986148258,-0.2752980854838223,0.4267976074320347,96.0
1652956176.808739,-0.864693820476532,-0.3671607375144958,-0.12123703956604,0.1608974486589431,0.2529508769512176,-0.9540062546730042,1.811003804206848,3.2736856937408447,1.4561655521392822,0.1670821666764913,-0.2557290972529848,0.4396963395752449,96.0
1652956176.818718,-0.8635045289993286,-0.2787930369377136,-0.0879831314086914,0.1954900324344635,0.2325143665075302,-0.9527437686920166,1.978286862373352,3.2936291694641118,1.325666069984436,0.2023774373162447,-0.2346621018155764,0.4501523251416233,96.0
1652956176.8287349,-0.8671413064002991,-0.2063763737678527,-0.0605579614639282,0.2294154614210128,0.210399255156517,-0.9503161311149596,2.1246626377105717,3.2770962715148926,1.1903204917907717,0.2368774129344119,-0.2119833416297564,0.4581201986453101,96.0
1652956176.838716,-0.8824030160903931,-0.1329485177993774,-0.0209768265485763,0.2624841928482055,0.1869314014911651,-0.9466565847396852,2.268949270248413,3.2524895668029785,1.031446099281311,0.2704800168317247,-0.1880375554415513,0.4634779970094315,96.0
1652956176.8485951,-0.889748215675354,-0.0777071714401245,-0.0071570426225662,0.2946096956729889,0.1623999625444412,-0.941717267036438,2.373309135437012,3.220131158828736,0.8894428610801697,0.3031973640333393,-0.163122414693438,0.4661245087053678,96.0
1652956176.8585129,-0.8613311052322388,-0.0216720104217529,-0.0297464579343795,0.3257017731666565,0.1375039964914322,-0.9354202151298524,2.399576187133789,3.164747476577759,0.767053484916687,0.3350593606837577,-0.1379410357992088,0.4665061663722228,96.0
1652956176.868496,-0.8176931142807007,0.0314723849296569,-0.0567686632275581,0.3556112051010132,0.112783670425415,-0.927804172039032,2.4056129455566406,3.094189405441284,0.6493697166442871,0.3660122911256733,-0.1130241507285007,0.4649029644924505,96.0
1652956176.878453,-0.7885671854019165,0.0726926922798156,-0.0657829046249389,0.3843007683753967,0.0884574502706527,-0.9189603924751282,2.411850452423096,3.019279956817627,0.5324863195419312,0.3960890953792647,-0.0885732171274521,0.4614541884364527,96.0
1652956176.888418,-0.7754215598106384,0.1132510900497436,-0.0666856467723846,0.4118656516075134,0.064610444009304,-0.9089511632919312,2.417764186859131,2.9576594829559326,0.394768625497818,0.4254470428378154,-0.0646554811192697,0.4560871537757105,96.0
1652956176.89836,-0.7609211206436157,0.1654601693153381,-0.0691971629858017,0.4383350312709808,0.0415329709649086,-0.8978515267372131,2.413439512252808,2.8872551918029785,0.2495982944965362,0.4541666490754453,-0.0415449211745549,0.4487499581890571,96.0
1652956176.908332,-0.7275208234786987,0.2124994993209839,-0.073958083987236,0.4636811017990112,0.019224802032113,-0.8857935667037964,2.4291188716888428,2.807464361190796,0.1090148240327835,0.4822421604088558,-0.0192259863580214,0.4394628242348889,96.0
1652956176.918299,-0.6698529720306396,0.2383983135223388,-0.0778582990169525,0.4878308773040771,-0.0023266416974365,-0.8729350566864014,2.452054977416992,2.7073941230773926,-0.0272553600370883,0.5096046985221949,0.0023266437373488,0.4282491971425519,96.0
1652956176.928123,-0.601615309715271,0.2570149898529053,-0.0583884939551353,0.5107186436653137,-0.0233070701360702,-0.8594319224357605,2.518365859985352,2.5943245887756348,-0.155527576804161,0.5361818527829343,0.0233091809774948,0.4150970479783131,96.0
1652956176.938272,-0.5548025965690613,0.2758764624595642,-0.0029762424528598,0.532387375831604,-0.0438377223908901,-0.8453649878501892,2.598340511322021,2.4947469234466557,-0.3004980683326721,0.5620236742121544,0.0438517750554206,0.3998959288212306,96.0
1652956176.947964,-0.5360147356987,0.2762054204940796,0.0447719693183898,0.5529672503471375,-0.0638149380683898,-0.8307555913925171,2.6711697578430176,2.3934171199798584,-0.4530490040779114,0.5872773779242905,0.0638583300430073,0.3824525179552036,96.0
1652956176.957955,-0.5306004285812378,0.2935089468955993,0.067085362970829,0.5726383328437805,-0.0827713906764984,-0.8156188726425171,2.674740791320801,2.309718132019043,-0.6209959387779236,0.6121276520958656,0.0828661971535043,0.3629201402865562,96.0
1652956176.967925,-0.5150480270385742,0.3116312026977539,0.0785750374197959,0.5914945006370544,-0.1000288873910904,-0.8000802397727966,2.608806133270264,2.2184741497039795,-0.763964831829071,0.6366139780726409,0.1001964505230582,0.3418298927674739,96.0
1652956176.9778528,-0.4985040426254272,0.3258405923843384,0.0913259908556938,0.6094201803207397,-0.1152365133166313,-0.7844281792640686,2.462731122970581,2.101712226867676,-0.8590801358222961,0.660494351591776,0.1154930929614373,0.3199609283723184,96.0
1652956176.987812,-0.4918731451034546,0.3397406339645386,0.1143206655979156,0.6263030767440796,-0.1279925256967544,-0.7690008878707886,2.2518885135650635,1.980945110321045,-0.9275763630867004,0.6834824647443202,0.128344597343702,0.298208440682822,96.0
1652956176.997777,-0.4906114339828491,0.3605651259422302,0.1500205248594284,0.6421464085578918,-0.1381644308567047,-0.7540282011032104,2.0078823566436768,1.872065186500549,-0.9643887281417848,0.7054345202819956,0.1386078333673151,0.2772069009852847,96.0
1652956177.009245,-0.489361047744751,0.3959205746650696,0.1923834383487701,0.6570855975151062,-0.1458898931741714,-0.7395637631416321,1.791170358657837,1.7728477716445925,-1.0049388408660889,0.7264123662154452,0.1464124297989744,0.2572178736798177,96.0
1652956177.018489,-0.4771699905395508,0.4332834482192993,0.2248819768428802,0.671261727809906,-0.1515329778194427,-0.7255655527114868,1.6183791160583496,1.696070671081543,-1.0407841205596924,0.7465411582746444,0.1521189744749704,0.2380805372940109,96.0
1652956177.027968,-0.4499188661575317,0.467896819114685,0.2550698220729828,0.684721052646637,-0.1556435376405716,-0.7119916677474976,1.5207486152648926,1.6109275817871094,-1.0560587644577026,0.7658757965587943,0.1562789022251878,0.2195927944425301,96.0
1652956177.037963,-0.420349657535553,0.4891283512115478,0.2735862135887146,0.697357714176178,-0.1590842604637146,-0.6988451480865479,1.554107427597046,1.5086208581924438,-1.066256046295166,0.7843328210948999,0.1597630376949079,0.201144505266104,96.0
1652956177.047892,-0.4048818945884704,0.4918451905250549,0.287402331829071,0.7091116309165955,-0.1627380400896072,-0.6860590577125549,1.6641074419021606,1.4084141254425049,-1.0571233034133911,0.8019197561292135,0.1634650503182994,0.1820611237812837,96.0
1652956177.0577111,-0.3953536748886108,0.5115346908569336,0.3171012103557586,0.7200759053230286,-0.1668479144573211,-0.6735372543334961,1.785364866256714,1.3186403512954712,-1.0719565153121948,0.8187800123102724,0.1676318979458133,0.1620482910431825,96.0
1652956177.067795,-0.3896393179893493,0.5282611846923828,0.3429257273674011,0.7304137945175171,-0.1712185591459274,-0.6611957550048828,1.8679218292236328,1.2498061656951904,-1.0928950309753418,0.835096761105227,0.1720663621499422,0.1410224446403779,96.0
1652956177.0776238,-0.3759356141090393,0.5252968668937683,0.3245490193367004,0.7402544021606445,-0.1753942966461181,-0.6490455865859985,1.8707431554794312,1.189989686012268,-1.1096917390823364,0.8509549834898267,0.1763062653763078,0.1194604795350918,96.0
1652956177.08762,-0.3411664962768554,0.515326976776123,0.2559788227081299,0.7495831847190857,-0.1788456439971923,-0.6372904777526855,1.7533133029937744,1.1116414070129397,-1.0989007949829102,0.8661901542619336,0.1798130563668303,0.0982274442105382,96.0
1652956177.0975518,-0.2965027689933777,0.5257399678230286,0.1898609399795532,0.7582336664199829,-0.1809955686330795,-0.6263563632965088,1.5366967916488647,1.0149595737457275,-1.0923138856887815,0.8803581379243556,0.1819986382321579,0.0783299690550126,96.0
1652956177.107556,-0.250629723072052,0.5489700436592102,0.163936585187912,0.7662394642829895,-0.1813621073961258,-0.6164291501045227,1.2677359580993652,0.9308010339736938,-1.1124465465545654,0.8933258129452988,0.1823713500599832,0.0602570454171484,96.0
1652956177.117693,-0.2078163027763366,0.5741512775421143,0.1702219545841217,0.7736427187919617,-0.1796213537454605,-0.6076290607452393,0.990082621574402,0.8276434540748596,-1.138233304023743,0.9050133799048672,0.1806015362375158,0.0441835958653623,96.0
1652956177.127439,-0.1680407524108886,0.5812349319458008,0.1747548580169677,0.7802386283874512,-0.1759755611419677,-0.6002168655395508,0.7512269020080566,0.6871731877326965,-1.147549390792847,0.91507385513888,0.1768967014251048,0.0301745714514971,96.0
1652956177.1375098,-0.1455194354057312,0.5728048086166382,0.1622012853622436,0.7858545184135437,-0.1709293127059936,-0.5943196415901184,0.5477831959724426,0.5370073914527893,-1.130400776863098,0.923293289465409,0.171772782677189,0.0180093658508128,96.0
1652956177.1473598,-0.1404882669448852,0.5509600043296814,0.1709563136100769,0.7904516458511353,-0.1649901270866394,-0.5898851752281189,0.4404804706573486,0.3962464928627014,-1.1158530712127686,0.9296908882178008,0.1657479952196882,0.0072615551581184,96.0
1652956177.157268,-0.1368702054023742,0.5081303715705872,0.2043776959180832,0.7942492961883545,-0.158814936876297,-0.5864689350128174,0.4257219135761261,0.2979068756103515,-1.0802555084228516,0.9347645012017778,0.1594902336847434,-0.0028485732557468,96.0
1652956177.1673012,-0.1148887276649475,0.4848076105117798,0.2446682304143905,0.7973837852478027,-0.152978166937828,-0.5837608575820923,0.4370254278182983,0.2072470039129257,-1.0194257497787476,0.9388530929527116,0.1535812084288299,-0.012663499635336,96.0
1652956177.1772351,-0.0732038617134094,0.4775220155715942,0.2544724345207214,0.7997510433197021,-0.1477677226066589,-0.5818616151809692,0.4479686617851257,0.1058655828237533,-0.9337114691734314,0.9418164886672502,0.1483108280852469,-0.0220843109010364,96.0
1652956177.1873488,-0.0360023975372314,0.4451015591621399,0.2349571585655212,0.8013221621513367,-0.143251821398735,-0.5808284878730774,0.4365402460098266,-0.0058857100084424,-0.8475843071937561,0.9435945403113242,0.1437463532232536,-0.0309608565755963,96.0
1652956177.197144,-0.0168127417564392,0.3885268568992615,0.218525692820549,0.8021520376205444,-0.1392104923725128,-0.5806655287742615,0.4089568257331848,-0.0974460914731025,-0.7834779620170593,0.9442196220778828,0.1396640966095803,-0.0391935296043527,96.0
1652956177.2071362,-0.0150142312049865,0.3352662324905395,0.2177938520908355,0.8024592995643616,-0.135381132364273,-0.5811463594436646,0.3935943841934204,-0.1554747819900512,-0.7535722851753235,0.9440083745043352,0.1357981249220834,-0.0470237139443594,96.0
1652956177.217101,-0.0182229876518249,0.2881351709365845,0.2094350457191467,0.8024026155471802,-0.1315846741199493,-0.5820956826210022,0.3312315642833709,-0.198996365070343,-0.7250932455062866,0.9431991692217032,0.1319673773607811,-0.0543838036515001,96.0
1652956177.227037,-0.0151044130325317,0.2554440498352051,0.1830728948116302,0.802091658115387,-0.127500370144844,-0.5834317207336426,0.1987587213516235,-0.2195841968059539,-0.6894665360450745,0.9419247740029988,0.127848375408453,-0.0607332654257077,96.0
1652956177.237112,-0.0039737224578857,0.2275209426879882,0.1593545824289322,0.8015353083610535,-0.122870810329914,-0.5851869583129883,0.0357028208673,-0.2532060444355011,-0.6386055946350098,0.9401647110960384,0.1231820969231572,-0.0656410222374925,96.0
1652956177.246964,0.0124421715736389,0.2015115022659301,0.1539623290300369,0.8006529211997986,-0.1177837327122688,-0.5874367952346802,-0.1125039532780647,-0.2938306927680969,-0.5759102702140808,0.9378109129400036,0.118057782366821,-0.0689018058751034,96.0
1652956177.257049,0.0207888484001159,0.1602206230163574,0.1613375842571258,0.7994778156280518,-0.1126925572752952,-0.5900302529335022,-0.1431028842926025,-0.3166622221469879,-0.5055848956108093,0.9350069253674348,0.1129324573463346,-0.0710468780894599,96.0
1652956177.266831,0.0262340903282165,0.1202085018157959,0.1796152591705322,0.7981067299842834,-0.108082041144371,-0.5927426815032959,-0.1573270857334137,-0.3249646425247192,-0.4334225356578827,0.9319926134062594,0.1082935888116595,-0.0726455428243589,96.0
1652956177.27682,0.030216634273529,0.0937168598175048,0.1922008991241455,0.7965807914733887,-0.1040966436266899,-0.5955021977424622,-0.1082763224840164,-0.3252656161785126,-0.3749282956123352,0.928850404783428,0.104285563178551,-0.0739463194330253,96.0
1652956177.2868009,0.0312504768371582,0.0595133304595947,0.1854728162288665,0.7951197624206543,-0.100832313299179,-0.5980112552642822,-0.0367062613368034,-0.2879786789417267,-0.338297039270401,0.9259512078776002,0.1010039643728736,-0.0754643681241411,96.0
1652956177.296681,0.038368821144104,0.0306871533393859,0.1910878121852874,0.7938302159309387,-0.0983753949403762,-0.6001298427581787,0.0628333091735839,-0.2510283589363098,-0.3079542219638824,0.9234708998243544,0.0985347641518951,-0.0775203928400898,96.0
1652956177.30671,0.0498192310333251,0.0095971226692199,0.186988964676857,0.7927100658416748,-0.0966874361038208,-0.60188227891922,0.1182044222950935,-0.2160139083862304,-0.2654736042022705,0.9213877027762016,0.0968387220486391,-0.08001114288813,96.0
1652956177.316674,0.0557292103767395,-0.0031098127365112,0.1434771120548248,0.7916980981826782,-0.0955339819192886,-0.603396475315094,0.1128749027848243,-0.1996216177940368,-0.2129435092210769,0.919561461229836,0.0956799040103881,-0.082419085084752,96.0
1652956177.326865,0.0661888718605041,-0.0021446347236633,0.1070728078484535,0.7906683087348938,-0.0945758447051048,-0.6048957705497742,0.0512536168098449,-0.2076683640480041,-0.1577289849519729,0.917736606111345,0.0947174030740142,-0.0841875584442697,96.0
1652956177.336691,0.0771268606185913,-0.0099827647209167,0.1020182222127914,0.7894349694252014,-0.0937021747231483,-0.6066401600837708,-0.0036911899223923,-0.2352852374315261,-0.093078538775444,0.9155923154456695,0.0938398391233157,-0.0851135683090548,96.0
1652956177.346517,0.0775259733200073,-0.0288804769515991,0.0933711528778076,0.7879678010940552,-0.093035452067852,-0.6086469888687134,-0.0585288703441619,-0.2598126828670501,-0.0318972095847129,0.9130962384502193,0.0931701909937738,-0.0852525903631057,96.0
1652956177.356446,0.0752586126327514,-0.0440329909324646,0.0787742808461189,0.7863135933876038,-0.0924308896064758,-0.6108742356300354,-0.1204315200448036,-0.2868823707103729,0.0095739904791116,0.9103104629462498,0.0925630152559552,-0.0846174357078827,96.0
1652956177.3664222,0.070594847202301,-0.0456333756446838,0.067526176571846,0.7845076322555542,-0.0916960835456848,-0.6133021712303162,-0.1814221739768982,-0.2895980179309845,0.0396400168538093,0.9072723659150294,0.0918250742621894,-0.0832485348379731,96.0
1652956177.37637,0.0519100427627563,-0.0445034503936767,0.0455165356397628,0.7827456593513489,-0.0908961668610572,-0.6156680583953857,-0.2010891437530517,-0.265800803899765,0.0617022141814231,0.9043110155091836,0.0910218035858823,-0.0813739487310833,96.0
1652956177.386362,0.0303013324737548,-0.0520888566970825,0.0333968102931976,0.7811763286590576,-0.0903273448348045,-0.6177414655685425,-0.1465915590524673,-0.2242813259363174,0.0680751577019691,0.901700439648338,0.0904506304885122,-0.0796086662133546,96.0
1652956177.396528,0.0222665071487426,-0.0519872903823852,0.0401214063167572,0.77984219789505,-0.0902922973036766,-0.619429886341095,-0.0595412105321884,-0.182773932814598,0.0862882509827613,0.8995396950347017,0.090415438873621,-0.0782969183839628,96.0
1652956177.406287,0.0128390192985534,-0.0554594993591308,0.0405656695365905,0.7787563800811768,-0.0908128544688224,-0.6207184791564941,-0.0061078090220689,-0.1424829661846161,0.0996679663658142,0.897848374540826,0.0909381409861837,-0.0774812429211315,96.0
