1652956331.953779,0.005850151181221,-0.0672312378883361,-0.0159443616867065,0.0699859783053398,0.2629078328609466,-0.9622792601585388,0.0633751302957534,-0.0618981122970581,0.0564490146934986,0.0726015517374585,-0.2660348392383999,0.2649785604127236,91.0
1652956331.963803,0.0075323209166526,-0.0793579220771789,-0.0231498777866363,0.0695550367236137,0.2622245550155639,-0.9624969363212584,0.0675688087940216,-0.0581833198666572,0.0549845024943351,0.0721397953762425,-0.2653266996288723,0.2655117098943115,91.0
1652956331.973541,0.0096321180462837,-0.0991684198379516,-0.0301031470298767,0.0691489651799202,0.2615636587142944,-0.9627060294151306,0.0679070279002189,-0.0561353489756584,0.0569991841912269,0.071704561892183,-0.264641911188974,0.2660476656945342,91.0
1652956331.9835582,0.0024567991495132,-0.1318234801292419,-0.0334700942039489,0.0688627287745475,0.2608565390110016,-0.9629183411598206,0.0724595710635185,-0.0391040630638599,0.0658218935132026,0.0713930626780504,-0.2639093623751211,0.2666411516895075,91.0
1652956331.993771,0.0031488314270973,-0.158402681350708,-0.0325586795806884,0.0688726007938385,0.2599450945854187,-0.9631640911102296,0.1116407960653305,0.0068948529660701,0.06580351293087,0.0713851076698556,-0.2629653374319227,0.2672596294437503,91.0
1652956332.0035,0.0014369711279869,-0.1871967315673828,-0.0433636009693145,0.069317989051342,0.2586955726146698,-0.9634685516357422,0.1334825754165649,0.0492435880005359,0.0818284004926681,0.0718225387486677,-0.2616715556251394,0.2679334747991165,91.0
1652956332.013638,0.0059474781155586,-0.2089700102806091,-0.0433172881603241,0.0702396035194397,0.2572454512119293,-0.963789999485016,0.1554262191057205,0.0903161913156509,0.0997759848833084,0.0727499160683022,-0.2601706479459947,0.2687692587182532,91.0
1652956332.02347,0.0139253064990043,-0.2359437346458435,-0.0579076707363128,0.0715848952531814,0.2555394768714905,-0.964144766330719,0.1904752254486084,0.1355041116476059,0.1056141257286071,0.0741110540584154,-0.2584056564785493,0.2697143287201031,91.0
1652956332.0334349,0.0155751705169677,-0.2718579173088074,-0.0683364570140838,0.073383517563343,0.2532729208469391,-0.9646075367927552,0.2671223282814026,0.1847078800201416,0.113405205309391,0.0759297806918001,-0.2560619989859087,0.2706899168661472,91.0
1652956332.043328,0.014137290418148,-0.294988214969635,-0.0659219026565551,0.0757521837949752,0.2504006326198578,-0.96517413854599,0.3116451203823089,0.2498003393411636,0.1174979507923126,0.0783249471750462,-0.2530940474105052,0.2716736460702086,91.0
1652956332.053557,0.0098905190825462,-0.3104447722434997,-0.0796145796775817,0.0788087621331214,0.2470797449350357,-0.965785026550293,0.3541161715984344,0.3284006118774414,0.1147245317697525,0.0814203283101534,-0.2496653980173196,0.2725806701333473,91.0
1652956332.0634031,0.0082311555743217,-0.3157579302787781,-0.0978588610887527,0.0826348885893821,0.2434887140989303,-0.9663770794868468,0.3717010617256164,0.4090345203876495,0.1140211150050163,0.0853024731391603,-0.2459612067868044,0.2734465059401623,91.0
1652956332.07332,0.0061572641134262,-0.3239775896072387,-0.0872514843940734,0.0871044024825096,0.2397630363702774,-0.9669159650802612,0.3846099376678467,0.4617802798748016,0.1094279587268829,0.0898422634250069,-0.2421217673890469,0.2742409798226729,91.0
1652956332.083158,-0.0117768347263336,-0.3604986667633056,-0.0542661398649215,0.0920990481972694,0.2358609586954116,-0.9674127101898192,0.4043866395950317,0.5151260495185852,0.1246182918548584,0.0949153457072391,-0.2381044227055064,0.2750402254049787,91.0
1652956332.093122,-0.0373917371034622,-0.3931567668914795,-0.0320136249065399,0.097633384168148,0.23167484998703,-0.967881441116333,0.4310917556285858,0.5582599639892578,0.1733418852090835,0.1005332225961454,-0.2337990231581711,0.2761476523975371,91.0
1652956332.103095,-0.0382161140441894,-0.4273305535316467,-0.0377054214477539,0.1035999655723571,0.2272958308458328,-0.9682993292808532,0.4433197379112243,0.5783748626708984,0.2541808187961578,0.1065862028016764,-0.2292999289617411,0.2778701250283291,91.0
1652956332.113081,-0.0179909095168113,-0.461079478263855,-0.0361631661653518,0.1099860817193985,0.2222745716571808,-0.96876060962677,0.551995038986206,0.6189454793930054,0.3104808330535888,0.1130487191971389,-0.2241467824576215,0.2801940442739652,91.0
1652956332.122985,-0.0012399330735206,-0.4823039770126343,-0.0316773205995559,0.1168557181954383,0.2157440483570099,-0.9694324135780334,0.7219371795654297,0.6566246151924133,0.3426853716373443,0.119961565043346,-0.2174537621975634,0.2827481830414655,91.0
1652956332.133141,0.0113619416952133,-0.4693693518638611,-0.0188909769058227,0.124151311814785,0.2071996629238128,-0.9703889489173888,0.9720596671104432,0.7081109285354614,0.3472236692905426,0.127248449587109,-0.2087116338717913,0.285178489809156,91.0
1652956332.1429129,0.0111530870199203,-0.4651783108711242,-0.0320203900337219,0.1320810914039611,0.1965406090021133,-0.9715587496757508,1.1189641952514648,0.7932395935058594,0.3564630150794983,0.1351192632329842,-0.1978284607639063,0.2873503194988047,91.0
1652956332.153039,-0.003850981593132,-0.4192554354667663,-0.0346549451351165,0.1409511417150497,0.1850150227546692,-0.972575068473816,1.164007544517517,0.9076279997825624,0.3191979527473449,0.1439236724718304,-0.1860871555979346,0.2891302596805234,91.0
1652956332.1628752,-0.0305187851190567,-0.3703927993774414,-0.0825721025466919,0.1506816744804382,0.1733465939760208,-0.9732656478881836,1.1466525793075562,0.9850040674209596,0.2865371704101562,0.1536012115556953,-0.1742267018074286,0.2904055545638678,91.0
1652956332.172817,-0.0522158741950988,-0.3215781450271606,-0.1359468400478363,0.1610872745513916,0.1619783043861389,-0.9735573530197144,1.1161394119262695,1.0648400783538818,0.2862322330474853,0.163976864963426,-0.1626950975002767,0.291468822362364,91.0
1652956332.1827989,-0.0697643309831619,-0.2891499996185303,-0.1514474749565124,0.1722117662429809,0.1506692320108413,-0.9734690189361572,1.1239006519317627,1.1347870826721191,0.2771702408790588,0.1750936952258138,-0.151245194703013,0.2924069331144969,91.0
1652956332.1928148,-0.0856370627880096,-0.2776359319686889,-0.1234047263860702,0.1839646250009536,0.1390296965837478,-0.9730507731437684,1.1884814500808716,1.2135239839553833,0.2390180677175521,0.1868542011471166,-0.1394815311813106,0.2928876886884168,91.0
1652956332.2028651,-0.1077781170606613,-0.2588531374931335,-0.0910224020481109,0.1964011043310165,0.126590609550476,-0.9723175764083862,1.2931674718856812,1.2956757545471191,0.2030341029167175,0.1993109329238069,-0.1269311763805015,0.2926760860556614,91.0
1652956332.212654,-0.1071550548076629,-0.2522686719894409,-0.0938308387994766,0.2093583643436432,0.1133925840258598,-0.9712420701980592,1.3531306982040403,1.339091420173645,0.1580453217029571,0.2123088219588472,-0.113637000289647,0.2917257457240614,91.0
1652956332.222615,-0.0849608778953552,-0.242993950843811,-0.109159879386425,0.2226866334676742,0.1000351011753082,-0.969744086265564,1.3555814027786257,1.3871396780014038,0.0720270201563835,0.2257211597820763,-0.1002026957878209,0.2899314746927135,91.0
1652956332.232655,-0.0696698874235153,-0.2417304515838623,-0.1096196994185447,0.236311063170433,0.0868535488843917,-0.9677879810333252,1.362051486968994,1.4336174726486206,-0.032951857894659,0.2394902360385831,-0.0869631159213289,0.2869999531316659,91.0
1652956332.242536,-0.0666408836841583,-0.2489680647850036,-0.1002096682786941,0.250280350446701,0.0739950463175773,-0.9653416275978088,1.351518630981445,1.4843366146087646,-0.130045011639595,0.2536804935251323,-0.0740627359224057,0.2828958373112053,91.0
1652956332.252498,-0.0658621788024902,-0.2352257966995239,-0.0984582304954528,0.2646536231040954,0.0615777149796485,-0.9623755216598512,1.3239128589630127,1.5297362804412842,-0.2285627871751785,0.2683665525097033,-0.0616166980449173,0.2777181283535657,91.0
1652956332.262462,-0.0650688409805297,-0.2191119790077209,-0.0952918380498886,0.2793021500110626,0.049774844199419,-0.9589122533798218,1.297724723815918,1.5680572986602783,-0.3034452497959137,0.2834282812101463,-0.0497954205305392,0.2715845190676638,91.0
1652956332.272577,-0.0665096342563629,-0.2050448656082153,-0.074666827917099,0.2943843007087707,0.0384576991200447,-0.9549130201339722,1.2876754999160769,1.627993106842041,-0.3804747760295868,0.2990392767355434,-0.0384671869598957,0.2645958335191152,91.0
1652956332.282371,-0.076436161994934,-0.1919198632240295,-0.0444865748286247,0.3099718689918518,0.0273204147815704,-0.9503530859947203,1.3163104057312012,1.6826491355895996,-0.4098890125751495,0.3152851848097184,-0.0273238140132376,0.2569296047673082,91.0
1652956332.292366,-0.0817202031612396,-0.1886872053146362,-0.0037039220333099,0.3260743618011474,0.0160024818032979,-0.9452086687088012,1.3725872039794922,1.7526196241378784,-0.4310262501239776,0.3321921518570201,-0.0160031655298465,0.2487048883736767,91.0
1652956332.302286,-0.0768680274486541,-0.198322057723999,0.0321511849761009,0.3426607847213745,0.0042562652379274,-0.9394495487213136,1.4483288526535034,1.791337966918945,-0.4594911932945251,0.3497510095297327,-0.0042562782349955,0.2398353312185271,91.0
1652956332.312374,-0.0707027316093444,-0.2182784080505371,0.0417004078626632,0.3595210313796997,-0.0078411791473627,-0.9331040382385254,1.4905173778533936,1.8219438791275024,-0.4737052619457245,0.367766385256816,0.0078412598546199,0.2303688671932773,91.0
1652956332.322218,-0.0678341686725616,-0.2151196599006652,0.0504295155405998,0.376565158367157,-0.0198814310133457,-0.9261767864227296,1.4901353120803833,1.8434062004089355,-0.4909450709819793,0.3861660919059821,0.0198827419148996,0.220446666092836,91.0
1652956332.3321671,-0.0679356455802917,-0.1837899684906005,0.0703943893313407,0.3937564790248871,-0.0315607897937297,-0.9186728000640868,1.4758245944976809,1.8658374547958372,-0.5354464650154114,0.4049281737455506,0.0315660302074382,0.2100456129137837,91.0
1652956332.342259,-0.0672020018100738,-0.1465849876403808,0.103094607591629,0.4111045300960541,-0.0426545590162277,-0.9105896949768066,1.4536447525024414,1.8877469301223757,-0.5828983783721924,0.424076241229299,0.042667505745513,0.199051946060554,91.0
1652956332.3521628,-0.0718232691287994,-0.1037840843200683,0.125635951757431,0.4284211099147796,-0.0531567260622978,-0.9020142555236816,1.4295282363891602,1.8828134536743164,-0.620219886302948,0.4434160656818589,0.0531817917972211,0.1875557350364957,91.0
1652956332.362071,-0.0803609192371368,-0.0679065585136413,0.1279334127902984,0.4456104636192322,-0.0630988329648971,-0.8930004835128784,1.4120912551879885,1.8729668855667116,-0.6486429572105408,0.4628502011307623,0.0631407805665489,0.175638570722325,91.0
1652956332.372133,-0.091814249753952,-0.0556108355522155,0.1234779208898544,0.4625875055789947,-0.0725746154785156,-0.8835981488227844,1.4040125608444214,1.8657901287078855,-0.6672712564468384,0.4822915738392755,0.0726384756646844,0.1633875536503347,91.0
1652956332.381954,-0.1044350862503051,-0.0432302355766296,0.130483940243721,0.4793587028980255,-0.0817016065120697,-0.8738077878952026,1.4028794765472412,1.85556435585022,-0.6718571186065674,0.5017569542797299,0.0817927722398697,0.1508743073336859,91.0
1652956332.392019,-0.1096225082874298,-0.0231575369834899,0.1501909494400024,0.4959291815757751,-0.0904680714011192,-0.8636375069618225,1.3760998249053955,1.8333685398101809,-0.6693337559700012,0.5212576794240696,0.0905919346695414,0.1382404862252201,91.0
1652956332.401887,-0.1031538248062133,0.0037608742713928,0.1783951967954635,0.5121045112609863,-0.0988358706235885,-0.8532176613807678,1.3615992069244385,1.800362229347229,-0.6676602959632874,0.5405693838549787,0.0989974961471116,0.1255771346790004,91.0
1652956332.4118462,-0.0985914468765258,0.0246256589889526,0.1905943602323532,0.527836263179779,-0.1068083569407463,-0.8426035642623901,1.3448723554611206,1.761804461479187,-0.6703543663024902,0.5596305007605736,0.1070124868920108,0.1127848096113769,91.0
1652956332.421788,-0.1025835871696472,0.0477961897850036,0.1770770996809005,0.5430895090103149,-0.1142261624336242,-0.8318691253662109,1.2895097732543943,1.7162823677062988,-0.6784335374832153,0.5783792743562274,0.1144760271213406,0.0999583554843749,91.0
1652956332.43186,-0.1161887049674987,0.0691911578178405,0.1564329415559768,0.5578542351722717,-0.120605319738388,-0.8211290836334229,1.1715312004089355,1.6808394193649292,-0.6858903765678406,0.5967488888912891,0.1208996341503277,0.0874425797210116,91.0
1652956332.441864,-0.1367565393447876,0.0935853123664856,0.1396241784095764,0.572394847869873,-0.1257692128419876,-0.8102753758430481,1.0535380840301514,1.6906788349151611,-0.6934115290641785,0.6150217926526383,0.1261031579957331,0.0753702037564094,91.0
1652956332.4516869,-0.1583531498908996,0.1152208447456359,0.1401139348745346,0.5868809223175049,-0.1297379732131958,-0.7992113828659058,0.9471154808998108,1.7025737762451172,-0.699496865272522,0.6333934194288979,0.1301047094204224,0.0638256028035076,91.0
1652956332.461624,-0.1679124236106872,0.1323302388191223,0.159519612789154,0.6013382077217102,-0.1327251940965652,-0.7878936529159546,0.87102210521698,1.7120004892349243,-0.718804657459259,0.6519099813659508,0.1331179919771196,0.0526648736190447,91.0
1652956332.471445,-0.1603841781616211,0.132015585899353,0.1879647821187973,0.6155995726585388,-0.135001540184021,-0.7764095067977905,0.8543704152107239,1.700297236442566,-0.743379533290863,0.6703843591560753,0.1354150182729493,0.0415434867182581,91.0
1652956332.4814448,-0.1455984711647033,0.1220104694366455,0.1957361847162246,0.6294392943382263,-0.1368220150470733,-0.764909029006958,0.8181700706481934,1.634260654449463,-0.7429025769233704,0.6885458427024299,0.1372525402493049,0.0304315538495981,91.0
1652956332.491321,-0.1290978789329528,0.1158114075660705,0.1926751732826233,0.6424949765205383,-0.1381402760744094,-0.7537356615066528,0.7814648151397705,1.546147346496582,-0.7456895709037781,0.7058939537240403,0.1385834414533005,0.0195040378739022,91.0
1652956332.5012789,-0.1262951493263244,0.1277045011520385,0.1767159104347229,0.6546916365623474,-0.1389504224061966,-0.7430151700973511,0.709470272064209,1.4505888223648071,-0.7188954949378967,0.7222903398027468,0.1394014834323819,0.0089915193102585,91.0
1652956332.511406,-0.1380717158317566,0.1667143702507019,0.1505674421787262,0.6661325693130493,-0.1390623301267624,-0.7327544689178467,0.5701687932014465,1.4018497467041016,-0.6791930794715881,0.7378091926404599,0.1395144749320007,-0.0005346037307833,91.0
1652956332.52132,-0.1663364171981811,0.2126434445381164,0.1242726594209671,0.6771547794342041,-0.1381276547908783,-0.7227600812911987,0.4179356098175049,1.3823949098587036,-0.6710001230239868,0.7528324931223431,0.1385706964688854,-0.0089049676211164,91.0
1652956332.531186,-0.1871492862701416,0.2495397329330444,0.1182713508605957,0.6878663897514343,-0.1360936313867569,-0.7129644751548767,0.2974744439125061,1.3528838157653809,-0.6646834015846252,0.7674834800076799,0.1365172863699814,-0.0162069223019841,91.0
1652956332.541846,-0.1969653964042663,0.2538889646530151,0.131034642457962,0.6982775926589966,-0.1334608048200607,-0.7032756209373474,0.2934197783470154,1.3498384952545166,-0.6935859322547913,0.7818321031933619,0.1338602093891262,-0.0230806242979776,91.0
1652956332.551529,-0.1898122429847717,0.2406890392303466,0.1344792991876602,0.7084736824035645,-0.1307256519794464,-0.693524181842804,0.3419332504272461,1.2943410873413086,-0.7032630443572998,0.7960607475913195,0.1311008712919001,-0.0303138369493752,91.0
1652956332.561356,-0.1684460043907165,0.2180454730987548,0.1344423443078994,0.717945396900177,-0.1284761726856231,-0.6841405034065247,0.4284108281135559,1.216151237487793,-0.6801855564117432,0.8095039397767217,0.1288322693171762,-0.0379157892790384,91.0
1652956332.571206,-0.1764714121818542,0.2067911028861999,0.1470464020967483,0.726810097694397,-0.1266911923885345,-0.6750528812408447,0.4979091882705688,1.1430360078811646,-0.6918320655822754,0.822301726437244,0.1270325790591905,-0.0460557087829114,91.0
1652956332.581182,-0.1966245174407959,0.1982131004333496,0.1859312057495117,0.7351071238517761,-0.1251097023487091,-0.6663069725036621,0.4979434013366699,1.084591507911682,-0.663629949092865,0.8344521488155601,0.1254383941812164,-0.0543938993095526,91.0
1652956332.591117,-0.2099080085754394,0.2125600576400756,0.2039787322282791,0.7428669333457947,-0.1233360469341278,-0.6579793691635132,0.3999545276165008,1.0228722095489502,-0.6346941590309143,0.8459214726178017,0.1236509028083093,-0.0621401565292158,91.0
1652956332.60112,-0.2258700132369995,0.2100726962089538,0.1816825419664383,0.7500246167182922,-0.1208610236644744,-0.6502735614776611,0.2598528265953064,0.942964494228363,-0.6040788888931274,0.856513610827236,0.1211572217957618,-0.068718495662958,91.0
1652956332.611032,-0.2285793423652649,0.2173786759376526,0.1579521000385284,0.7566095590591431,-0.1177604645490646,-0.6431751847267151,0.1427049040794372,0.8904197812080383,-0.5647829174995422,0.8662584926930796,0.1180343553057479,-0.0740373247033633,91.0
1652956332.621119,-0.2320228815078735,0.2222487330436706,0.1752732396125793,0.762814998626709,-0.1143906861543655,-0.6364181041717529,0.1250693798065185,0.860966682434082,-0.5367732048034668,0.8754866512324966,0.1146416346874169,-0.0785586651594289,91.0
1652956332.630976,-0.2309378981590271,0.201090395450592,0.1985091269016266,0.768764317035675,-0.1113967150449752,-0.6297556161880493,0.160934716463089,0.8463062047958374,-0.4913828074932098,0.8844697542776471,0.1116284040144485,-0.0829522712280416,91.0
1652956332.640948,-0.222513735294342,0.1800598502159118,0.1918653845787048,0.77450031042099,-0.1088118106126785,-0.6231445670127869,0.1705580353736877,0.8195412755012512,-0.4544395506381988,0.8932711716371801,0.1090276867350183,-0.0872354521737079,91.0
1652956332.651006,-0.2104321122169494,0.1855068802833557,0.1763228774070739,0.7799814939498901,-0.1064071059226989,-0.6166898012161255,0.1703252792358398,0.801171600818634,-0.4373798966407776,0.9017846830678922,0.106608933808136,-0.0913581684604709,91.0
1652956332.660832,-0.1968666315078735,0.192501425743103,0.1661558747291565,0.7852454781532288,-0.1041441708803176,-0.6103634238243103,0.1680730432271957,0.7814485430717468,-0.4149817526340484,0.9100571696439158,0.1043333546759219,-0.0953180784891007,91.0
1652956332.67081,-0.1831543445587158,0.1880553960800171,0.1466181129217147,0.7902709245681763,-0.1019098833203315,-0.6042236089706421,0.1485025286674499,0.7437475323677063,-0.3962727785110473,0.9180304969966808,0.1020871133998486,-0.0990426234545414,91.0
1652956332.6808438,-0.1734218001365661,0.1859935522079467,0.1125047206878662,0.7950190305709839,-0.0995347648859024,-0.598362386226654,0.0916428491473198,0.7106638550758362,-0.389036625623703,0.9256083149894868,0.0996998542365457,-0.1023957001954672,91.0
1652956332.690706,-0.1706384420394897,0.1959211826324463,0.0918949097394943,0.7994988560676575,-0.0967930033802986,-0.5928176045417786,0.0159323792904615,0.6735196709632874,-0.3837182819843292,0.93276613199048,0.0969447850755412,-0.1051664851073261,91.0
1652956332.7006931,-0.1679561138153076,0.2116970419883728,0.0958166345953941,0.8037134408950806,-0.0935736149549484,-0.5876126289367676,-0.0721477419137954,0.6350805759429932,-0.3822883367538452,0.9394869753056562,0.0937107138530322,-0.1071872344303001,91.0
1652956332.710636,-0.1656292676925659,0.2171667218208313,0.0898446664214134,0.8077037334442139,-0.0899209752678871,-0.5826910138130188,-0.1372689604759216,0.6112910509109497,-0.3781095743179321,0.9458408400435336,0.0900426006378959,-0.1085511331642387,91.0
1652956332.720792,-0.15085369348526,0.2243091464042663,0.0800956338644027,0.81143718957901,-0.0859550386667251,-0.5780842900276184,-0.187955304980278,0.5661745071411133,-0.3724709153175354,0.9517831707674542,0.0860612351330923,-0.109391943912134,91.0
1652956332.730537,-0.1300469636917114,0.2289402484893798,0.0820642560720443,0.8148460388183594,-0.0818811729550361,-0.5738652348518372,-0.2068538963794708,0.5175060629844666,-0.3520620465278625,0.9572155981626664,0.0819729433923002,-0.1098594275514727,91.0
1652956332.740501,-0.1223747134208679,0.2319408059120178,0.1031586453318595,0.8179617524147034,-0.0779358893632888,-0.5699688196182251,-0.200863778591156,0.4800527095794678,-0.3303939700126648,0.9622104813202268,0.0780150034540492,-0.1101490015184407,91.0
1652956332.750422,-0.1187925338745117,0.2251291275024414,0.1278280168771743,0.8208645582199097,-0.0741781368851661,-0.5662851929664612,-0.2081376612186432,0.4552323222160339,-0.3064718544483185,0.9669052642661105,0.0742463345576177,-0.1102827717226393,91.0
1652956332.760405,-0.1035213470458984,0.2327033281326294,0.1490884274244308,0.8235072493553162,-0.0705362036824226,-0.5629035830497742,-0.2131228446960449,0.4090001583099365,-0.2876275479793548,0.9712001315548352,0.0705948225114735,-0.1102382069376785,91.0
1652956332.770376,-0.071370244026184,0.2361503839492797,0.1633410155773162,0.8258256912231445,-0.0671648904681205,-0.5599113702774048,-0.2325833588838577,0.3484838008880615,-0.2348090857267379,0.9749872457278148,0.0672154947224448,-0.1098998991946358,91.0
1652956332.780349,-0.0329419374465942,0.2429220676422119,0.1788931488990783,0.8276653289794922,-0.0638876780867576,-0.5575736165046692,-0.3253131806850433,0.2568330466747284,-0.1801158487796783,0.9779606694605162,0.0639312206194565,-0.1087525305974036,91.0
1652956332.790515,-0.0138372778892517,0.2574065327644348,0.1993952095508575,0.8289158344268799,-0.0604487061500549,-0.5560973882675171,-0.4495344460010528,0.1599749475717544,-0.1354088485240936,0.9798872182574988,0.0604855802325119,-0.1064260511449671,91.0
1652956332.800496,-0.018028438091278,0.2792917490005493,0.2155544459819793,0.829597532749176,-0.0566952116787433,-0.5554758906364441,-0.5806246995925903,0.0610731914639472,-0.0840158835053443,0.980784502626552,0.0567256298860515,-0.1027697168340324,91.0
1652956332.810216,-0.0324597358703613,0.2906030416488647,0.2350208461284637,0.8296855688095093,-0.0526783429086208,-0.5557398200035095,-0.6854262351989746,-0.0421336218714714,-0.037612959742546,0.980613939922446,0.0527027382734063,-0.0978387014192695,91.0
1652956332.820146,-0.05125492811203,0.2889739274978637,0.2581400871276855,0.829254686832428,-0.048636931926012,-0.5567505359649658,-0.7440184950828552,-0.1158182248473167,0.0202114544808864,0.9795331623491694,0.0486561277093838,-0.0919710829761997,91.0
1652956332.830243,-0.0728795528411865,0.2981838583946228,0.2686344385147095,0.8283725380897522,-0.0448795892298221,-0.5583767294883728,-0.7800566554069519,-0.1909451931715011,0.0860309451818466,0.9776894661674146,0.0448946704147165,-0.085371362767265,91.0
1652956332.840126,-0.0862340331077575,0.3242568969726562,0.2797814011573791,0.8270328044891357,-0.0413475967943668,-0.5606307983398438,-0.8254873752593994,-0.2757040858268738,0.1412289291620254,0.975069276114212,0.0413593869725221,-0.0781246213670985,91.0
1652956332.850039,-0.1010416150093078,0.3614647984504699,0.3114307820796966,0.8251930475234985,-0.0378254577517509,-0.563582718372345,-0.9142193794250488,-0.358735591173172,0.1828847527503967,0.9715910409601296,0.0378344850513959,-0.0700553629121325,91.0
1652956332.860166,-0.1344168782234192,0.3904589414596557,0.3544663190841675,0.8228780627250671,-0.0339707471430301,-0.567201554775238,-1.0564296245574951,-0.4347836971282959,0.2228184342384338,0.967294580887332,0.0339772827514445,-0.0608425352544526,91.0
1652956332.870072,-0.1812505722045898,0.4208936691284179,0.3742875754833221,0.8201054334640503,-0.0294847339391708,-0.5714522004127502,-1.2446914911270142,-0.5179643034934998,0.2791576087474823,0.9622190197196828,0.0294890069071258,-0.0500295149398853,91.0
1652956332.880002,-0.2252039909362793,0.4576911926269531,0.3765064179897308,0.8167261481285095,-0.0243488457053899,-0.5765114426612854,-1.4114069938659668,-0.6353133916854858,0.3326204121112823,0.9561343000218184,0.0243512514671204,-0.0374082475695472,91.0
1652956332.889878,-0.2630870938301086,0.5036669969558716,0.3904570639133453,0.8125255107879639,-0.0189971271902322,-0.5826160311698914,-1.4886029958724976,-0.7961369156837463,0.4252648651599884,0.9487232105491916,0.0189982693481678,-0.023401125421499,91.0
1652956332.899825,-0.2994033694267273,0.5325650572776794,0.4315120577812195,0.8072462677955627,-0.0141536761075258,-0.5900449752807617,-1.4910895824432373,-0.9813249111175536,0.5424836874008179,0.9396085326327216,0.0141541483792197,-0.008529789673658,91.0
1652956332.909824,-0.3432263731956482,0.5480450391769409,0.4717079401016235,0.8007915616035461,-0.0101601053029298,-0.5988568663597107,-1.479055643081665,-1.1734321117401123,0.6637291312217712,0.9286847432864928,0.0101602804675161,0.0069374242791617,91.0
1652956332.919816,-0.3788194060325622,0.5610338449478149,0.4739385843276977,0.7930648922920227,-0.006806022953242,-0.6090990900993347,-1.5076717138290403,-1.381206750869751,0.7823238372802734,0.9158543657228488,0.0068060752950509,0.023127755809605,91.0
1652956332.929864,-0.3981022238731384,0.5834599137306213,0.4322830438613891,0.7839358448982239,-0.0040298793464899,-0.6208287477493286,-1.531342625617981,-1.5814216136932373,0.8873003125190735,0.9009904900697608,0.0040298903649398,0.0401944259038287,91.0
1652956332.939615,-0.3998953104019165,0.5931078791618347,0.3672613203525543,0.7734304070472717,-0.0015081746969372,-0.6338794231414795,-1.5824428796768188,-1.7766116857528689,0.9635803699493408,0.8842365528279716,0.0015081752956644,0.0580214748763553,91.0
1652956332.949662,-0.3902553915977478,0.5875489711761475,0.3159492909908294,0.7614405751228333,0.0014029770391061,-0.6482332348823547,-1.692704677581787,-1.981548309326172,1.005991816520691,0.8655336514400018,-0.001402977513402,0.076824040973751,91.0
1652956332.959677,-0.397475004196167,0.5966985821723938,0.2821028232574463,0.7479540705680847,0.0051591102965176,-0.6637305021286011,-1.8009557723999023,-2.1528260707855225,1.028322458267212,0.844989282911165,-0.0051591331055464,0.0966147961527748,91.0
1652956332.96949,-0.4333217740058899,0.5976095795631409,0.2314558923244476,0.7330652475357056,0.0100907078012824,-0.6800833344459534,-1.9255857467651367,-2.317681074142456,1.0127570629119873,0.8228727052265088,-0.010090879511525,0.1171934130670691,91.0
1652956332.979494,-0.4658620357513428,0.5755894184112549,0.1841361969709396,0.7166706323623657,0.0164710711687803,-0.6972172856330872,-2.036484718322754,-2.505139112472534,0.9812737107276917,0.7991560582464293,-0.0164718166666516,0.1383105794186834,91.0
1652956332.989468,-0.4882553219795227,0.5509768724441528,0.1440671235322952,0.6985976099967957,0.0243441071361303,-0.7151004672050476,-2.0964272022247314,-2.686753273010254,0.921253263950348,0.773725180820984,-0.0243465117368203,0.1596184584839821,91.0
1652956332.999617,-0.5061447024345398,0.5203511714935303,0.1005611568689346,0.6787824630737305,0.0334415063261985,-0.7335774898529053,-2.113128423690796,-2.88216233253479,0.8560271263122559,0.7466208525275485,-0.0334477434361875,0.1804889834260076,91.0
1652956333.009392,-0.5125092267990112,0.4802711606025696,0.0706216394901275,0.6570250391960144,0.0435446053743362,-0.7526100277900696,-2.0821187496185303,-3.084271192550659,0.7858768105506897,0.7176934669862381,-0.0435583764287434,0.2005641119352122,91.0
1652956333.019342,-0.513312041759491,0.441511869430542,0.0320693254470825,0.6332917809486389,0.0545700527727603,-0.7719867825508118,-2.1097559928894043,-3.2613799571990967,0.7112182974815369,0.687021041434238,-0.0545971728027144,0.2197449450476988,91.0
1652956333.029336,-0.5102340579032898,0.4270025491714477,0.0064293146133422,0.60755455493927,0.0670417249202728,-0.7914435267448425,-2.149724245071411,-3.4478626251220703,0.6164451837539673,0.6547040877225077,-0.0670920500406963,0.2381350065718526,91.0
1652956333.039334,-0.5067510604858398,0.4032550454139709,-0.0006657168269157,0.579703152179718,0.0812015756964683,-0.8107715249061584,-2.240046977996826,-3.637578248977661,0.5157502889633179,0.6207235467499711,-0.0812910759624384,0.2557161294509783,91.0
1652956333.049212,-0.5188736319541931,0.3717454671859741,-0.0166682973504066,0.5497115850448608,0.0970973446965217,-0.8296923041343689,-2.2737255096435547,-3.795030117034912,0.402726799249649,0.5851462824094327,-0.0972505646052415,0.2723382185070322,91.0
1652956333.059178,-0.5528197288513184,0.3086631298065185,-0.0643537640571594,0.5178617238998413,0.1141279116272926,-0.8478172421455383,-2.212873697280884,-3.90484356880188,0.2597246468067169,0.5483357127915014,-0.1143771290422428,0.2872523000689344,91.0
1652956333.0692902,-0.5771169066429138,0.2504593729972839,-0.1220240443944931,0.4845111966133117,0.1316370517015457,-0.8648239970207214,-2.1167008876800537,-3.9672250747680655,0.1184999048709869,0.5106729608217604,-0.1320202154072424,0.2998569127510874,91.0
1652956333.0791,-0.5806397199630737,0.2202741503715515,-0.187451958656311,0.4498412907123565,0.1494117528200149,-0.8805219531059265,-2.040728807449341,-4.025207996368408,-0.0098807048052549,0.4723139054794638,-0.1499733263963926,0.3101973200327601,91.0
1652956333.08908,-0.5676306486129761,0.1712503433227539,-0.2680332362651825,0.4137304127216339,0.1679355502128601,-0.8947764039039612,-2.081735134124756,-4.114575386047363,-0.1727601587772369,0.4331047301032101,-0.1687351078160351,0.3184842480134768,91.0
1652956333.099211,-0.5424054861068726,0.1147974133491516,-0.3046109974384308,0.3757947087287903,0.1882321685552597,-0.9073846936225892,-2.2126944065093994,-4.23463249206543,-0.3776006996631622,0.3926460750972869,-0.1893618270102175,0.3246229213702029,91.0
1652956333.10901,-0.537813663482666,0.0784137248992919,-0.2966454923152923,0.3357414007186889,0.2107537239789962,-0.918074369430542,-2.36683201789856,-4.372838020324707,-0.5807378888130188,0.3505939736201989,-0.2123459439832869,0.3285366927880402,91.0
1652956333.119137,-0.5723187923431396,0.009666085243225,-0.2610584795475006,0.2932965159416199,0.235240563750267,-0.9266277551651,-2.4890544414520264,-4.530964374542236,-0.7757332921028137,0.3065433036698951,-0.2374660735086431,0.3300003351759942,91.0
1652956333.1289458,-0.6480612754821777,-0.0400187969207763,-0.1942009627819061,0.248662382364273,0.2606834471225738,-0.9328510761260986,-2.482069492340088,-4.632738590240479,-0.961012065410614,0.2605043956094562,-0.2637300645446266,0.3285876907675945,91.0
1652956333.13889,-0.7214526534080505,-0.1263487339019775,-0.1763063669204712,0.2025469094514846,0.2858491539955139,-0.93662428855896,-2.435289144515991,-4.660365104675293,-1.107306718826294,0.2129725767451045,-0.2898924251448052,0.3241300168681311,91.0
1652956333.148923,-0.7774195075035095,-0.2446706295013427,-0.2409724593162536,0.1556390523910522,0.3105372190475464,-0.9377329349517822,-2.3876287937164307,-4.628363132476807,-1.2662640810012815,0.1644744077014281,-0.3157581523787533,0.3167093873722818,91.0
1652956333.158925,-0.8189685940742493,-0.3289867639541626,-0.3278996050357818,0.1085803508758544,0.334628701210022,-0.9360736608505248,-2.411337852478028,-4.511275768280029,-1.4655139446258545,0.1154794412275028,-0.3412111741258115,0.3060472127593356,91.0
1652956333.1689382,-0.8417760133743286,-0.3811683058738708,-0.329494833946228,0.0619297996163368,0.3586695790290832,-0.9314079880714417,-2.4519083499908447,-4.311732292175293,-1.7937456369400024,0.0663927939287064,-0.3668422572522997,0.2912168151370062,91.0
1652956333.178742,-0.8558818101882935,-0.4461961388587951,-0.3466537296772003,0.0156565606594085,0.3821150660514831,-0.9239820837974548,-2.479433536529541,-4.149999141693115,-2.1066956520080566,0.0169430358148981,-0.3920839767100613,0.2713605629883748,91.0
1652956333.18871,-0.8390166759490967,-0.5129028558731079,-0.4260348379611969,-0.0307648573070764,0.4052522778511047,-0.9136871099472046,-2.620521783828736,-4.062736034393311,-2.412571907043457,-0.0336583927672263,-0.4172547734447984,0.2466627343575448,91.0
1652956333.19872,-0.8251043558120728,-0.5933502316474915,-0.4747311174869537,-0.0779107883572578,0.4282680153846741,-0.900286853313446,-2.782886028289795,-4.015376567840576,-2.747342109680176,-0.0863248877576543,-0.442575266265975,0.2166808137078416,91.0
1652956333.208545,-0.8109116554260254,-0.7241774201393127,-0.5323846340179443,-0.1262526512145996,0.450490653514862,-0.8838090300559998,-2.8631536960601807,-3.993989944458008,-3.078684091567993,-0.1418906446039098,-0.4673148570385488,0.1809876626633539,91.0
1652956333.218495,-0.771445095539093,-0.859276294708252,-0.6017554998397827,-0.1755459159612655,0.4700110256671905,-0.865027904510498,-2.7013328075408936,-3.9274070262908936,-3.329322099685669,-0.2002177207601913,-0.4893032624902557,0.1401545931523763,91.0
1652956333.228536,-0.7500290870666504,-1.0286154747009275,-0.5862876176834106,-0.2244887501001358,0.4838552474975586,-0.845865786075592,-2.0607712268829346,-3.7392656803131104,-3.486143112182617,-0.2594150112167701,-0.5050546401770188,0.0962517813833513,91.0
1652956333.238683,-0.8122183084487915,-1.197211503982544,-0.4086266160011291,-0.2710336148738861,0.488063782453537,-0.8296592831611633,-0.9893243312835692,-3.3095269203186035,-3.531442880630493,-0.3157512268674394,-0.5098699957771758,0.0528455584288412,91.0
1652956333.2484388,-0.8844587802886963,-1.3577780723571775,-0.2125227451324463,-0.3128221035003662,0.481367290019989,-0.8187965750694275,0.0970352217555046,-2.74972939491272,-3.4269559383392334,-0.3649380590994263,-0.5022139378539087,0.0138276520445693,91.0
1652956333.2584782,-0.8373328447341919,-1.4788358211517334,-0.1546023786067962,-0.3487327992916107,0.4667513370513916,-0.8127291202545166,0.7288869023323059,-2.198561191558838,-3.264785051345825,-0.4053286256606747,-0.48561386909801,-0.0193379897704042,91.0
1652956333.268326,-0.720014214515686,-1.5245091915130615,-0.121916264295578,-0.3788169622421264,0.4488815367221832,-0.8093225955963135,0.6971263289451599,-1.630329728126526,-3.14464807510376,-0.437776213560398,-0.4655132898731975,-0.0485245987125428,91.0
1652956333.278336,-0.6278340816497803,-1.5331661701202393,-0.10857555270195,-0.4040110409259796,0.4328400194644928,-0.8058688044548035,0.1876362264156341,-1.1668637990951538,-3.2128732204437256,-0.4647158139306233,-0.4476408225839775,-0.0779974349608274,91.0
1652956333.288262,-0.5601353645324707,-1.5704039335250854,-0.1734214723110199,-0.4254145622253418,0.4206137955188751,-0.801315426826477,-0.4947932362556457,-0.7251741886138916,-3.3027184009552,-0.488057266530649,-0.4341217619873428,-0.1106606632257165,91.0
1652956333.298183,-0.4783100187778473,-1.5969833135604858,-0.1824758350849151,-0.4434429109096527,0.412456214427948,-0.7957627177238464,-1.0933276414871216,-0.3006250858306885,-3.405393362045288,-0.5083963606780647,-0.4251486765349319,-0.1472335436505721,91.0
1652956333.308332,-0.4328129589557647,-1.580074667930603,-0.1480949521064758,-0.4583308100700378,0.4071433246135711,-0.7900424599647522,-1.430100917816162,0.103214256465435,-3.4431660175323486,-0.5256843567378483,-0.4193242229785173,-0.1867605692875257,91.0
1652956333.3182569,-0.3910242617130279,-1.5504088401794434,-0.0491932034492492,-0.4698003232479095,0.4019763469696045,-0.7859406471252441,-1.2454839944839478,0.5164039731025696,-3.41665267944336,-0.5387674797084782,-0.4136742265647964,-0.2265549518568154,91.0
1652956333.3280702,-0.3581477403640747,-1.5558805465698242,0.1246791779994964,-0.4774693250656128,0.3937686085700989,-0.7854738831520081,-0.7338086366653442,0.9627641439437866,-3.3619673252105717,-0.5461892539194385,-0.4047278522905148,-0.2636467352276413,91.0
1652956333.338049,-0.3540778160095215,-1.5475443601608276,0.3194245100021362,-0.4810356795787811,0.3818235695362091,-0.7891865968704224,-0.299098938703537,1.3988022804260254,-3.2673990726470947,-0.5473999839560413,-0.3917685567491068,-0.2970868613996474,91.0
1652956333.3480191,-0.2992059290409088,-1.4856178760528564,0.405707836151123,-0.4804113209247589,0.3678974211215973,-0.7961509823799133,-0.0838963463902473,1.7954399585723877,-3.1305091381073,-0.5429284997131631,-0.3767468467231848,-0.3275044903169616,91.0
1652956333.358168,-0.2645447552204132,-1.4085819721221924,0.4164844453334808,-0.4755064845085144,0.353992760181427,-0.8053462505340576,-0.1069914102554321,2.1990671157836914,-2.9989893436431885,-0.5333584416688654,-0.3618368714716834,-0.3560773331022114,91.0
1652956333.36793,-0.2709152102470398,-1.332143783569336,0.4949941039085388,-0.4663436710834503,0.3416299819946289,-0.8159733414649963,-0.277166873216629,2.597485065460205,-2.899123191833496,-0.5192137217520104,-0.3486506688626995,-0.3841365084578743,91.0
1652956333.3780642,-0.2788662314414978,-1.2606432437896729,0.583668053150177,-0.4530215859413147,0.3317066431045532,-0.8274914622306824,-0.4875175654888153,2.9789798259735107,-2.7864317893981934,-0.5008939033983555,-0.3381120748071611,-0.4123520123962588,91.0
1652956333.3878589,-0.2854255437850952,-1.1835181713104248,0.6326855421066284,-0.4356132745742798,0.3244829773902893,-0.8396140933036804,-0.6504596471786499,3.3325257301330566,-2.616844654083252,-0.4785943963948133,-0.3304650638343817,-0.4403761924570376,91.0
1652956333.397888,-0.2819227278232574,-1.085610270500183,0.6609827280044556,-0.4143815636634826,0.3194554150104522,-0.8521949052810669,-0.6654410362243652,3.617419958114624,-2.4076931476593018,-0.4525889505494672,-0.3251547441640948,-0.4671397160980424,91.0
1652956333.407767,-0.2775453627109527,-0.9534294605255128,0.7059069871902466,-0.3897824883460998,0.3155468106269836,-0.8651587963104248,-0.5560756325721741,3.829575538635254,-2.204429149627685,-0.4232969795006204,-0.3210328572809764,-0.4918210177263836,91.0
1652956333.4177089,-0.2613579034805298,-0.8101927042007446,0.8009438514709473,-0.3623298108577728,0.3117269575595855,-0.8783754110336304,-0.377825379371643,3.996304750442505,-1.994709849357605,-0.3912355297559317,-0.3170100199090495,-0.5139842666608863,91.0
1652956333.4277349,-0.2562305331230163,-0.7176223397254944,0.892846405506134,-0.3324077129364013,0.3078065812587738,-0.8914932012557983,-0.2161802798509597,4.104594707489014,-1.761673927307129,-0.3568986640881573,-0.3128868259325342,-0.533442540307269,91.0
1652956333.437735,-0.2613015174865722,-0.6251360177993774,0.9462904334068298,-0.3003287315368652,0.3039383590221405,-0.9041150808334352,-0.0704669579863548,4.178475379943848,-1.4954723119735718,-0.3207119633433402,-0.3088238768809433,-0.5500131914967749,91.0
1652956333.447774,-0.284122109413147,-0.5125819444656372,1.0144065618515017,-0.266262412071228,0.3001990616321563,-0.9159611463546752,0.0352261811494827,4.242135047912598,-1.2235653400421145,-0.2828954395284904,-0.3049013208424941,-0.5636398671477005,91.0
1652956333.4575438,-0.3068934679031372,-0.4032352566719055,1.0552139282226562,-0.230368509888649,0.2969436049461365,-0.9266902804374696,0.0947375744581222,4.278111457824707,-0.9324939250946044,-0.2436537790885902,-0.3014902852508778,-0.5743440180512369,91.0
1652956333.467554,-0.3200701773166656,-0.2938296198844909,1.0491609573364258,-0.1928387582302093,0.2941922545433044,-0.936089813709259,0.1421184092760086,4.300414562225342,-0.6212896704673767,-0.2031624447732897,-0.298610259372851,-0.5819561538587058,91.0
1652956333.477563,-0.3265401721000671,-0.1449571251869201,1.0516979694366455,-0.1539133191108703,0.29179248213768,-0.9440168738365172,0.1964068263769149,4.301892280578613,-0.3148903846740722,-0.1616188103199948,-0.2961003383107607,-0.5864240968994309,91.0
1652956333.487453,-0.3181104958057403,0.0044090151786804,1.0581088066101074,-0.114018402993679,0.2895015478134155,-0.9503623843193054,0.2451296150684356,4.250980854034424,-0.0113507313653826,-0.1194029054230228,-0.2937060485056569,-0.5877954016627803,91.0
1652956333.497435,-0.2999172210693359,0.1042304635047912,1.013630747795105,-0.0737095102667808,0.2871504127979278,-0.9550452828407288,0.2614430785179138,4.151113986968994,0.2974171936511993,-0.0770263750902704,-0.2912506312199364,-0.5860601073788027,91.0
1652956333.5073571,-0.2733804583549499,0.1979429125785827,0.9665466547012328,-0.0336874201893806,0.285146951675415,-0.9578916430473328,0.2098304778337478,3.984277248382568,0.5748815536499023,-0.0351538127248363,-0.2891597348463892,-0.581366334138422,91.0
1652956333.517541,-0.2558264136314392,0.2678314447402954,0.929555892944336,0.005490708630532,0.2834262251853943,-0.9589782953262328,0.1690337061882019,3.806885719299317,0.8036389350891113,0.0057255188141119,-0.2873649571038946,-0.5741440067577428,91.0
1652956333.5272732,-0.2525908648967743,0.346326470375061,0.8860180377960205,0.0435301661491394,0.2816148996353149,-0.958539605140686,0.1753419488668441,3.629091501235962,0.9980587363243104,0.0453818269573652,-0.2854767147178979,-0.5648176156280863,91.0
1652956333.537262,-0.252324104309082,0.4282014369964599,0.8715057373046875,0.0803880542516708,0.2790068089962005,-0.956918478012085,0.2368045151233673,3.460869073867798,1.1627005338668823,0.083810427601665,-0.2827597027684947,-0.5537195180083992,91.0
1652956333.547162,-0.2650550007820129,0.4986811876296997,0.8754040598869324,0.116022378206253,0.2749559581279754,-0.9544306993484496,0.3675430715084076,3.310044050216675,1.3074572086334229,0.1209683367487055,-0.2785439049810923,-0.5412887142131053,91.0
1652956333.557408,-0.2894263565540313,0.5455948710441589,0.8379883766174316,0.1505713611841201,0.2688994109630584,-0.9513261318206788,0.5224164128303528,3.183819532394409,1.4654136896133425,0.1569730936912366,-0.2722501777645019,-0.5277362359186288,91.0
1652956333.5673862,-0.3138497471809387,0.5563250780105591,0.7722702026367188,0.1842262744903564,0.2606887221336365,-0.9476824998855592,0.6615031957626343,3.0751121044158936,1.6239279508590698,0.192001937542359,-0.2637355145578109,-0.5130688624271164,91.0
1652956333.577107,-0.3491276800632477,0.5827548503875732,0.7398783564567566,0.2171391248703003,0.2507068812847137,-0.9433963298797609,0.7365517020225525,3.0086021423339844,1.7469637393951416,0.2262274127197139,-0.2534104015751768,-0.4975869378195143,91.0
1652956333.587076,-0.3803511261940002,0.647627592086792,0.7096526026725769,0.2494306713342666,0.2395660728216171,-0.9382923245429992,0.7367615699768066,2.9441208839416504,1.85572350025177,0.2598255178400704,-0.2419188911075992,-0.4814933598980924,91.0
1652956333.597206,-0.3872387707233429,0.6906471848487854,0.6368950009346008,0.2807933986186981,0.2280951738357544,-0.9322701692581176,0.6300178170204163,2.8361971378326416,1.9622594118118288,0.2925510981782326,-0.2301208306349663,-0.4646136304740446,91.0
1652956333.6070318,-0.3904531002044678,0.7283449172973633,0.5527820587158203,0.3108632266521454,0.2171306014060974,-0.9253206849098206,0.4621342122554779,2.6944572925567627,2.062727212905884,0.3241054027730682,-0.2188739826429989,-0.446692171828779,91.0
1652956333.616936,-0.4073815941810608,0.7535133361816406,0.5025529861450195,0.3391900062561035,0.206767052412033,-0.9177131652832032,0.3182639479637146,2.51021409034729,2.1367783546447754,0.3540311236010977,-0.2082694497974255,-0.4278175821295694,91.0
1652956333.626903,-0.4388202130794525,0.7740808129310608,0.4758082330226898,0.3654253780841827,0.1968296468257904,-0.9097924828529358,0.1932050883769989,2.297487735748291,2.206662178039551,0.3819348185435041,-0.1981232624621331,-0.4081386248791543,91.0
1652956333.636929,-0.4721698462963104,0.7879069447517395,0.4394184052944183,0.389467179775238,0.1870616525411605,-0.9018443822860718,0.1020921021699905,2.082229852676392,2.2701094150543213,0.4076636343034288,-0.1881701407217816,-0.387737245669478,91.0
1652956333.6468349,-0.4885810017585754,0.7986109852790833,0.3754473924636841,0.4112036228179931,0.1773937195539474,-0.8941157460212708,0.0126128150150179,1.848748087882996,2.3126325607299805,0.431056004789405,-0.1783375402339888,-0.3667846063152569,91.0
1652956333.6569738,-0.5015451908111572,0.8204008936882019,0.330537885427475,0.4305765330791473,0.1678598672151565,-0.8868071436882019,-0.0615701377391815,1.622770071029663,2.3329126834869385,0.4520093581772114,-0.1686583274288299,-0.3454248544121507,91.0
1652956333.666781,-0.5248746871948242,0.830951988697052,0.2980595827102661,0.4477414488792419,0.1586359441280365,-0.8799785375595093,-0.1535978019237518,1.4159671068191528,2.3239669799804688,0.4706703501591341,-0.1593089436608943,-0.3238915383624453,91.0
1652956333.676722,-0.5392581820487976,0.840408205986023,0.2503224015235901,0.4627505540847778,0.1498392820358276,-0.873733401298523,-0.244347333908081,1.2026784420013428,2.3199269771575928,0.4870653161006735,-0.1504057207672121,-0.3022016216636428,91.0
1652956333.687067,-0.5400968790054321,0.8542879819869995,0.1896787136793136,0.4755674302577972,0.1414369493722915,-0.8682345151901245,-0.3181912004947662,0.9730625152587892,2.317311286926269,0.5011070084630543,-0.1419128123294997,-0.2802972666780816,91.0
1652956333.696852,-0.5516687631607056,0.8605266213417053,0.1433935165405273,0.4861931800842285,0.133400872349739,-0.8636088967323303,-0.3840759396553039,0.7532082796096802,2.3064329624176025,0.512752821447128,-0.1337997375854588,-0.2582455594209872,91.0
1652956333.707186,-0.5682568550109863,0.8649160265922546,0.1214489042758941,0.4946635961532593,0.125834971666336,-0.8599264025688171,-0.4760607182979584,0.523908257484436,2.29565954208374,0.5220142126571878,-0.1261694458289392,-0.2360076273857607,91.0
1652956333.716947,-0.5731764435768127,0.8602133989334106,0.0960995182394981,0.500849723815918,0.1190035864710807,-0.8573142290115356,-0.5795363187789917,0.2714228630065918,2.28340482711792,0.5287267087730115,-0.1192862797737108,-0.2134816000744133,91.0
1652956333.7270951,-0.5590130090713501,0.8484032154083252,0.0462995395064353,0.5046916604042053,0.1129411458969116,-0.8558800220489502,-0.6587057113647461,0.0151335559785366,2.253429889678955,0.5327935128861054,-0.1131826392125676,-0.1907040836214312,91.0
1652956333.736714,-0.5494697690010071,0.8203770518302917,-0.0005576163530349,0.5061957240104675,0.1075522005558013,-0.8556858897209167,-0.7082953453063965,-0.232224091887474,2.200620412826538,0.5341958565747054,-0.1077606359561945,-0.167962562176892,91.0
1652956333.746173,-0.5519443154335022,0.7768322825431824,-0.0323590338230133,0.5055422782897949,0.1028393357992172,-0.8566510677337646,-0.7295973896980286,-0.4465819299221039,2.1107325553894043,0.5331364318482485,-0.1030214730272084,-0.1456772174208798,91.0
1652956333.756355,-0.5442913770675659,0.7494328618049622,-0.0599826276302337,0.5030009746551514,0.0988924950361251,-0.8586094975471497,-0.7663259506225586,-0.6320973038673401,2.007059335708618,0.5299367736015034,-0.0990543964463068,-0.1240841380314952,91.0
1652956333.7662802,-0.5197954177856445,0.7319775223731995,-0.0960953012108802,0.4986619055271148,0.0960037037730217,-0.8614636659622192,-0.8402121663093567,-0.827860414981842,1.9085760116577148,0.5247260444843521,-0.09615179463874,-0.1031278610377276,91.0
1652956333.776083,-0.4760206639766693,0.7044326663017273,-0.1502786129713058,0.4924237430095672,0.0945992544293403,-0.8651992678642273,-0.9673842191696168,-1.034864068031311,1.8194596767425537,0.5174228809867462,-0.0947409191059844,-0.0824796958211994,91.0
1652956333.786135,-0.4444766640663147,0.6678506731987,-0.2152969539165496,0.4843630492687225,0.0948593020439148,-0.8697091937065125,-1.0805007219314575,-1.2230230569839478,1.7406558990478516,0.5081445869251252,-0.0950021414055719,-0.0619161902843916,91.0
1652956333.796155,-0.4245519340038299,0.6264249086380005,-0.2646655142307281,0.4746159315109253,0.0963915362954139,-0.8748990893363953,-1.1114931106567385,-1.387151122093201,1.6499985456466677,0.4970519842005901,-0.0965414324429499,-0.0417030878020823,91.0
1652956333.8060431,-0.4024363458156585,0.5648859739303589,-0.2753399014472961,0.4632883071899414,0.0986736193299293,-0.8806971311569214,-1.0728144645690918,-1.5558916330337524,1.5584803819656372,0.484267614961188,-0.0988344503942297,-0.0223692538029931,91.0
1652956333.81591,-0.3742107152938843,0.5021376013755798,-0.2611511945724487,0.4504282772541046,0.1012238040566444,-0.8870558142662048,-1.0495562553405762,-1.7004398107528689,1.447831153869629,0.4698513827984052,-0.1013974691509762,-0.0041176078738863,91.0
1652956333.8258991,-0.3465618789196014,0.4579852819442749,-0.2604294419288635,0.4361766874790191,0.1044692993164062,-0.8937762975692749,-1.0593913793563845,-1.8395063877105715,1.3221513032913208,0.454014126328819,-0.1046602687485502,0.0130025577757948,91.0
1652956333.835983,-0.3074627518653869,0.4087393879890442,-0.3104765713214874,0.4204845130443573,0.1089994832873344,-0.9007285237312316,-1.1406689882278442,-1.9723302125930784,1.1662999391555786,0.4367589169478494,-0.1092164839969232,0.0289896458649572,91.0
1652956333.846005,-0.2692841589450836,0.3574309349060058,-0.356278657913208,0.4033477902412414,0.1150524169206619,-0.907784938812256,-1.174475908279419,-2.0997300148010254,0.9957154393196106,0.4181211397715726,-0.1153077698187969,0.0436835154489691,91.0
1652956333.855846,-0.2524623572826385,0.27219158411026,-0.389287918806076,0.3848475217819214,0.1221522539854049,-0.9148613214492798,-1.1797614097595217,-2.210367441177368,0.8412854671478271,0.3981907201504476,-0.1224580862709002,0.0568058053037911,91.0
1652956333.865896,-0.2514744699001312,0.1493780016899109,-0.4107602834701538,0.3651218712329864,0.1302121579647064,-0.921808421611786,-1.211323618888855,-2.305471658706665,0.6663413643836975,0.3771337387182272,-0.1305829517903066,0.0683384111718068,91.0
1652956333.875712,-0.2569595575332641,0.0409938693046569,-0.3997846841812134,0.3443465828895569,0.1397443562746048,-0.9283840656280518,-1.3016880750656128,-2.366720676422119,0.4985944628715515,0.3551797765263739,-0.1402032378693115,0.0783232899334624,91.0
1652956333.885731,-0.2508586049079895,-0.0545645952224731,-0.3856960237026214,0.3228495121002197,0.1510005593299865,-0.9343270659446716,-1.4249264001846311,-2.3953514099121094,0.3418511748313904,0.3326980824116676,-0.151580355955834,0.0869169491743395,91.0
1652956333.895625,-0.2178532481193542,-0.1139296293258667,-0.4037398099899292,0.3007236421108246,0.1639021188020706,-0.9395219087600708,-1.5171921253204346,-2.436834812164306,0.205590471625328,0.3097769292700689,-0.1646449694808652,0.0942119509218595,91.0
1652956333.90557,-0.1573310494422912,-0.145135760307312,-0.3759215474128723,0.2779516875743866,0.1778319031000137,-0.9439908266067504,-1.5342808961868286,-2.4758338928222656,0.0987276881933212,0.2863510719701387,-0.1787827918635103,0.1002067140570133,91.0
1652956333.915524,-0.1093936264514923,-0.1717774271965026,-0.3076602220535278,0.2545961737632751,0.1918001770973205,-0.9478362202644348,-1.4524611234664917,-2.5035881996154785,0.0280564427375793,0.2624137482181104,-0.1929960520902852,0.1049198426161331,91.0
1652956333.9255729,-0.0886102765798568,-0.2227820754051208,-0.2693188190460205,0.2308068722486496,0.2049571722745895,-0.9511680603027344,-1.329624056816101,-2.518839836120605,-0.0312412343919277,0.238055029961833,-0.2064199562144695,0.1084164613421736,91.0
1652956333.9356909,-0.0985601246356964,-0.326808214187622,-0.3165002465248108,0.2068364322185516,0.2173028141260147,-0.9539382457733154,-1.249720335006714,-2.507025241851806,-0.1287487745285034,0.2135186448608824,-0.2190503967907972,0.1105850704975635,91.0
1652956333.945475,-0.0846781134605407,-0.3629635572433471,-0.3396903276443481,0.1825326681137085,0.229384496808052,-0.9560672640800476,-1.217066764831543,-2.511439561843872,-0.2511857450008392,0.1886500545984505,-0.2314452762184088,0.1111910172485786,91.0
1652956333.955415,-0.0583535879850387,-0.3817551732063293,-0.2617456316947937,0.1578408330678939,0.2416802644729614,-0.9574324488639832,-1.2657451629638672,-2.5132646560668945,-0.3751736879348755,0.1633888212198277,-0.2440970751775542,0.1102349075812702,91.0
1652956333.965417,-0.0772190988063812,-0.4047500491142273,-0.217912495136261,0.1328068226575851,0.2547471821308136,-0.9578445553779602,-1.3296266794204712,-2.504331588745117,-0.4861564040184021,0.1377733584099084,-0.2575862489058507,0.107817644965496,91.0
1652956333.9754791,-0.1108078584074974,-0.4172931313514709,-0.1909306049346923,0.1077560484409332,0.2676822543144226,-0.957462728023529,-1.2192226648330688,-2.4724233150482178,-0.5083674788475037,0.1120717568130995,-0.2709866942601623,0.1043438215963883,91.0
1652956333.985404,-0.124780461192131,-0.4706789851188659,-0.1167684197425842,0.0830628871917724,0.2783284187316894,-0.9568876028060912,-0.9000884294509888,-2.4240942001342773,-0.4455720484256744,0.0865882235854962,-0.2820533241599392,0.1004996050329288,91.0
1652956333.995474,-0.1615212708711624,-0.5422465205192566,0.0045282244682312,0.0595925152301788,0.2852666079998016,-0.9565938115119934,-0.4803880453109741,-2.246828317642212,-0.3742612600326538,0.0622161713161963,-0.2892845908262804,0.0967988262146482,91.0
1652956334.005581,-0.210918128490448,-0.5932603478431702,0.0629294216632843,0.03834118694067,0.2881447374820709,-0.9568189978599548,-0.1101929321885109,-2.0111937522888184,-0.2785427272319793,0.0400500871767326,-0.2922888379247574,0.0935731490066099,91.0
1652956334.015272,-0.2065420150756836,-0.6126819252967834,0.0379599928855896,0.0196370650082826,0.288394957780838,-0.957310140132904,0.0504062697291374,-1.7612497806549072,-0.2284642904996872,0.0205098747710669,-0.2925501413409495,0.0909573677839714,91.0
1652956334.0252771,-0.1601783633232116,-0.5948410630226135,0.0260461866855621,0.0032264238689094,0.2882238030433655,-0.9575576186180116,-0.0115891937166452,-1.5279537439346311,-0.2246780693531036,0.0033694177305337,-0.2923713910147676,0.0885907697232817,91.0
1652956334.0352988,-0.124032437801361,-0.5803836584091187,-0.0139453113079071,-0.0109468512237071,0.2892748415470123,-0.9571834802627563,-0.2172907590866089,-1.304495334625244,-0.2304045557975769,-0.0114360246700058,-0.2934692151777283,0.0862363987898843,91.0
1652956334.045264,-0.1094952672719955,-0.5693203210830688,-0.0588226914405822,-0.0230883844196796,0.2925262153148651,-0.9559787511825562,-0.4713970720767975,-1.1032474040985107,-0.2309238761663437,-0.0241468726969368,-0.2968675578835907,0.0837568709699592,91.0
1652956334.05517,-0.0911789089441299,-0.5444139838218689,-0.0671912431716919,-0.0333938747644424,0.2977972626686096,-0.9540448784828186,-0.6299377083778381,-0.922463357448578,-0.2144965529441833,-0.0349881295784236,-0.3023843994747984,0.0812567789365139,91.0
1652956334.065127,-0.0670653581619262,-0.5133833289146423,-0.069930762052536,-0.0419587306678295,0.3038479685783386,-0.9517961144447328,-0.6371263861656189,-0.7530969381332397,-0.1977188885211944,-0.0440552124905305,-0.3087289820269895,0.0788341355017474,91.0
1652956334.075303,-0.0281130075454711,-0.4791338443756103,-0.0653039813041687,-0.0489744283258914,0.3091699182987213,-0.9497449398040771,-0.4903391897678375,-0.6007533073425293,-0.1968877911567688,-0.0515202409761913,-0.3143200503288576,0.0764713577917414,91.0
1652956334.085259,0.0128212459385395,-0.4519804716110229,-0.0455915331840515,-0.0545845814049243,0.3125897645950317,-0.948318600654602,-0.2583536505699157,-0.4497970640659332,-0.2102219760417938,-0.0574958888158132,-0.3179181957419628,0.0741469465440479,91.0
1652956334.094967,0.0345726087689399,-0.429233193397522,-0.0310210287570953,-0.0587883368134498,0.3141020238399505,-0.947567343711853,-0.1074310392141342,-0.2824795842170715,-0.2434223890304565,-0.0619619122178282,-0.3195106666561321,0.0716706455397313,91.0
1652956334.10492,0.048947799950838,-0.4037230610847473,-0.0284850001335144,-0.061582114547491,0.3148161172866821,-0.9471527934074402,-0.0877478718757629,-0.1259128898382187,-0.2950264811515808,-0.0649267535006837,-0.3202629174730004,0.0688038020854478,91.0
1652956334.114861,0.0689845755696296,-0.3621793389320373,-0.0551126897335052,-0.0631404891610145,0.3158090114593506,-0.9467195868492126,-0.1736043244600296,0.0067856106907129,-0.3402315974235534,-0.0665953484407378,-0.3213091845269469,0.0653698970863486,91.0
1652956334.1249,0.0825274810194969,-0.3272184729576111,-0.086774855852127,-0.0637286901473999,0.3179607093334198,-0.9459596276283264,-0.3388643860816955,0.1087596416473388,-0.3702635169029236,-0.0672677059242507,-0.3235778018485656,0.0614601351798438,91.0
1652956334.134799,0.0775970816612243,-0.2851747274398803,-0.0961194336414337,-0.0635590329766273,0.3217205703258514,-0.944698929786682,-0.5059641003608704,0.1848259717226028,-0.3960016369819641,-0.0671784278770775,-0.3275461050812813,0.0571358872165779,91.0
1652956334.144909,0.0748714432120323,-0.2547624111175537,-0.0666408538818359,-0.0628322884440422,0.3267878890037536,-0.9430067539215088,-0.6086105704307556,0.2420208156108856,-0.4017727077007293,-0.0665313933009945,-0.3329028535135475,0.0525560233487636,91.0
1652956334.154663,0.0682071968913078,-0.2136752605438232,-0.0282537639141082,-0.0616917312145233,0.3322087824344635,-0.9411861896514891,-0.5870182514190674,0.2845134735107422,-0.3904293775558471,-0.0654531565024269,-0.3386444073696436,0.0478995097100753,91.0
1652956334.164721,0.0588605590164661,-0.1846536993980407,0.011585384607315,-0.0601270645856857,0.3369557857513428,-0.9395986199378968,-0.4606773555278778,0.3177076280117035,-0.3694274127483368,-0.0639051528700432,-0.343681728225081,0.0435351501952904,91.0
1652956334.174572,0.0403385236859321,-0.1554669141769409,0.0627626478672027,-0.0581303015351295,0.3401913940906524,-0.938557744026184,-0.2802046537399292,0.3596791923046112,-0.3224925696849823,-0.0618567609693433,-0.3471204377962845,0.0396245932061151,91.0
1652956334.1845632,0.0256947912275791,-0.1252197623252868,0.0999468863010406,-0.0556325651705265,0.3418560028076172,-0.938104212284088,-0.1192687898874282,0.392858475446701,-0.2869585454463959,-0.0592338107474692,-0.3488911778742449,0.0362949067401621,91.0
1652956334.194542,0.020107164978981,-0.1104600429534912,0.1097846925258636,-0.0527610033750534,0.3422568738460541,-0.9381239414215088,-0.0200090426951646,0.4243917167186737,-0.2735277116298675,-0.056181788459072,-0.3493177748583441,0.0332717486778626,91.0
1652956334.204526,0.024780623614788,-0.0772907733917236,0.1053957045078277,-0.0495456755161285,0.3424954712390899,-0.9382121562957764,-0.057758018374443,0.4489591121673584,-0.2407292872667312,-0.0527595982865836,-0.3495717386725661,0.0305511166747082,91.0
1652956334.214602,0.0179049372673034,-0.05645352602005,0.0965068936347961,-0.0460574403405189,0.3429156541824341,-0.9382364153862,-0.056873120367527,0.4745095074176788,-0.2401040494441986,-0.0490500013973756,-0.3500189889686218,0.0279894162209588,91.0
1652956334.224423,0.0098497234284877,-0.0483185648918151,0.0843549370765686,-0.0423509739339351,0.3434709310531616,-0.9382079243659972,-0.0903674289584159,0.4930797219276428,-0.2534419596195221,-0.0451096645133658,-0.3506101693680219,0.0253471309226821,91.0
1652956334.23435,0.0168239288032054,-0.0196427106857299,0.0840893685817718,-0.0386592932045459,0.3443926274776459,-0.938029408454895,-0.1307015419006347,0.4798610806465149,-0.2373748421669006,-0.0411899968420786,-0.3515917500164223,0.0226977376205405,91.0
