1652956421.779228,-0.0301629900932312,-0.0306100249290466,0.0332058370113372,0.3844415545463562,0.1250430792570114,-0.9146414399147034,0.4536318182945251,-0.6874281167984009,-0.0116311255842447,0.3978994887712874,-0.1253712480858655,0.3811247786376565,94.0
1652956421.789392,0.0053592920303344,-0.0566409230232238,0.0495958998799324,0.3782161474227905,0.1206921860575676,-0.9178158640861512,0.4946498274803161,-0.6731743216514587,0.0165059715509414,0.3908790066845586,-0.1209871385255029,0.3793148447818573,94.0
1652956421.79924,0.0357000231742858,-0.0916031002998352,0.0634142979979515,0.3721216320991516,0.1158612295985221,-0.9209243655204772,0.5383161306381226,-0.6747747659683228,0.0567780658602714,0.384013539151143,-0.1161220254716622,0.3777146835041235,94.0
1652956421.809268,0.070125013589859,-0.1286492347717285,0.0841358974575996,0.365940660238266,0.1102458238601684,-0.9240851402282716,0.616156816482544,-0.692475438117981,0.1131585165858268,0.3770561153718331,-0.1104703769613935,0.3763616872850223,94.0
1652956421.8189878,0.0959462523460388,-0.1703012585639953,0.1034294590353965,0.3596201539039612,0.1035102531313896,-0.927339732646942,0.746009886264801,-0.7099317908287048,0.1776224225759506,0.3699430294060429,-0.103695993395146,0.3752335134445902,94.0
1652956421.828957,0.1101891994476318,-0.215376615524292,0.1203467324376106,0.353327065706253,0.0949853137135505,-0.9306652545928956,0.9279128313064576,-0.700127124786377,0.2651647925376892,0.3628411484454179,-0.0951287230603511,0.3742857362541109,94.0
1652956421.8389,0.1327345967292785,-0.2439222335815429,0.1394790709018707,0.3472001254558563,0.0842910781502723,-0.933995246887207,1.1415022611618042,-0.6810173988342285,0.3731153309345245,0.3559064462784153,-0.084391209733702,0.3736340279070221,94.0
1652956421.8488731,0.1677750051021576,-0.2567963600158691,0.1693082600831985,0.3412887156009674,0.071109227836132,-0.937264919281006,1.3728049993515017,-0.6619608998298645,0.492887020111084,0.3492092348440804,-0.0711692943446697,0.3733250689605842,94.0
1652956421.858834,0.2240681648254394,-0.2441126704216003,0.1939544975757599,0.3353800773620605,0.0550536774098873,-0.9404729008674622,1.662081241607666,-0.6870899796485901,0.6377005577087402,0.3425494273498776,-0.055081525146029,0.3735056856260713,94.0
1652956421.868948,0.3020917773246765,-0.2410946488380432,0.2250089049339294,0.328904926776886,0.0352602712810039,-0.9437045454978944,2.0637779235839844,-0.7684964537620544,0.8041414618492126,0.3353604540403815,-0.0352675801703221,0.3741286200783974,94.0
1652956421.8788218,0.3707172572612762,-0.3075079321861267,0.2471885979175567,0.3213146328926086,0.0102424267679452,-0.9469171166419984,2.664254665374756,-0.8797218799591064,0.9419970512390136,0.3271351990443986,-0.0102426062500323,0.3747720704310613,94.0
1652956421.888797,0.3873431980609894,-0.4304811954498291,0.2417882978916168,0.3127758204936981,-0.0207647364586591,-0.9495999813079834,3.232466697692871,-0.9150340557098388,1.013165831565857,0.3181850912816705,0.0207662287694605,0.3747223995109356,94.0
1652956421.898698,0.335002601146698,-0.5338475704193115,0.2393885403871536,0.3039897084236145,-0.0564661771059036,-0.951000452041626,3.6054630279541016,-0.8431795835494995,1.0377449989318848,0.3093877286086869,0.0564962267127056,0.3739020202514629,94.0
1652956421.908676,0.2291658222675323,-0.5926364064216614,0.1921537518501281,0.2959806621074676,-0.0941160321235656,-0.9505459666252136,3.645470380783081,-0.6805366277694702,1.0396369695663452,0.3018638712897951,0.0942555291281963,0.3728616949481164,94.0
1652956421.918721,0.1225818991661071,-0.6109933853149414,0.050092414021492,0.2892833352088928,-0.1303078681230545,-0.9483327865600586,3.342293739318848,-0.5005398988723755,0.9961754083633424,0.2960779843814932,0.1306794910437787,0.3722700202559346,94.0
1652956421.928656,0.0522781312465667,-0.6091408729553223,-0.1066245436668396,0.2838424742221832,-0.1624336838722229,-0.9450125694274902,2.8881447315216064,-0.3625977635383606,0.9240391850471495,0.2917855727577277,0.1631566010077106,0.3724533833283167,94.0
1652956421.93869,0.0079154372215271,-0.6050324440002441,-0.1768611967563629,0.2795448899269104,-0.1902500241994857,-0.9410948753356934,2.5298237800598145,-0.21035997569561,0.8600050210952759,0.2887410084475471,0.191416809929034,0.3732748099509828,94.0
1652956421.948472,-0.0337539613246917,-0.6117473840713501,-0.1437965929508209,0.2767501771450043,-0.2153495401144027,-0.9365009069442748,2.3673408031463623,-0.0239224471151828,0.8176032304763794,0.2873371585057603,0.2170497510255661,0.3744206880494541,94.0
1652956421.958528,-0.0897914469242096,-0.6358516812324524,-0.0967526137828826,0.2756740152835846,-0.2394442856311798,-0.9309512972831726,2.361172199249268,0.1802097111940384,0.7560225129127502,0.2878940901348922,0.241793444055346,0.3753488064673196,94.0
1652956421.968378,-0.1688793003559112,-0.6451600193977356,-0.0844365358352661,0.2767131626605987,-0.2633570432662964,-0.924160659313202,2.402498960494995,0.4347256124019623,0.639247715473175,0.2909255909860253,0.2665004511678613,0.3752968392305044,94.0
1652956421.9783669,-0.2616423964500427,-0.6204449534416199,-0.0448513627052307,0.2806090712547302,-0.2870730757713318,-0.9158862233161926,2.43239164352417,0.7577570080757141,0.4726907014846802,0.2972995186121973,0.291169906941166,0.3735972165185561,94.0
1652956421.988337,-0.3408379256725311,-0.5824099779129028,-0.0175060331821441,0.2879357039928436,-0.3098712861537933,-0.9061306715011596,2.3350706100463867,1.097042202949524,0.2770748734474182,0.3076733315268213,0.3150576497157812,0.3698956400855771,94.0
1652956421.998384,-0.3841050267219543,-0.5286544561386108,-0.1117836833000183,0.2985489964485168,-0.3301718831062317,-0.8954635858535767,2.05350923538208,1.3907374143600464,0.1080020666122436,0.3218120001704184,0.3364856661906584,0.3646428830416311,94.0
1652956422.008479,-0.3690325021743774,-0.4693673253059387,-0.270596832036972,0.3115526437759399,-0.346880555152893,-0.884651780128479,1.695386528968811,1.5553511381149292,-0.0380800440907478,0.3386115275688775,0.3542430963113091,0.3585482653557093,94.0
1652956422.018148,-0.3229205012321472,-0.4414374232292175,-0.3661909401416778,0.3259112238883972,-0.3602952659130096,-0.8740532994270325,1.4607053995132446,1.6444370746612549,-0.1554641127586364,0.3569049400148305,0.3685844088924137,0.351902296159856,94.0
1652956422.02818,-0.3318773508071899,-0.4240863919258117,-0.3502751290798187,0.34129199385643,-0.3720149099826813,-0.8632060289382935,1.42484450340271,1.7498196363449097,-0.2475607544183731,0.3765148682155211,0.3811787761485224,0.3443774847842645,94.0
1652956422.038265,-0.4018040895462036,-0.3786914348602295,-0.2929408550262451,0.3578740358352661,-0.3834049999713897,-0.8514263033866882,1.4738987684249878,1.8818861246109009,-0.3249951899051666,0.3979024990407818,0.3934802167916695,0.335639919210157,94.0
1652956422.048238,-0.4542201459407806,-0.3050819039344787,-0.2680177092552185,0.3755305707454681,-0.394503653049469,-0.8386558890342712,1.478227972984314,1.967872142791748,-0.4363238215446472,0.4210035011864468,0.4055276376267045,0.3255274010709571,94.0
1652956422.0581632,-0.4670454561710357,-0.2225713729858398,-0.3091587424278259,0.3940931856632232,-0.4045100808143616,-0.8252649307250977,1.3944737911224363,2.016648054122925,-0.5863839387893677,0.4455149477664701,0.4164430553695383,0.3139191000370328,94.0
1652956422.0681171,-0.4632147550582886,-0.1411154866218567,-0.3593994379043579,0.4132269620895386,-0.412710577249527,-0.8117348551750183,1.2690175771713257,2.0187466144561768,-0.7297639846801758,0.4708744253351579,0.4254278950419948,0.3010577798615083,94.0
1652956422.0783138,-0.4634064137935638,-0.0699108839035034,-0.3858085572719574,0.4327057301998138,-0.4191994071006775,-0.7981463670730591,1.202955722808838,2.010690689086914,-0.887927770614624,0.4967873397786939,0.4325633148640019,0.2869684744018514,94.0
1652956422.088057,-0.4638036489486694,-0.0197459459304809,-0.3863735795021057,0.4526342153549194,-0.4241733253002167,-0.7843464016914368,1.156758189201355,2.0092549324035645,-1.0560436248779297,0.5233994863545877,0.4380488253431989,0.2713390627723714,94.0
1652956422.097913,-0.457834929227829,0.0153977870941162,-0.3525615632534027,0.472880095243454,-0.4278186559677124,-0.7702957987785339,1.1385819911956787,1.970899224281311,-1.2193567752838137,0.5505731859013379,0.4420780564880051,0.2541050451755612,94.0
1652956422.1079102,-0.4603374004364013,0.0451856851577758,-0.3224970996379852,0.4932658672332763,-0.4301578998565674,-0.7560773491859436,1.121973991394043,1.921902656555176,-1.3813376426696775,0.578061480354406,0.4446676940545344,0.2353235085769278,94.0
1652956422.117856,-0.4678815603256225,0.0641899704933166,-0.3057854771614074,0.5135968923568726,-0.43113774061203,-0.7418480515480042,1.101405143737793,1.8513959646224976,-1.5393270254135132,0.6055535574800704,0.4457533417885163,0.2151092634362277,94.0
1652956422.1280031,-0.4822552800178528,0.0740020871162414,-0.2921517789363861,0.5338452458381653,-0.4306723177433014,-0.7276884913444519,1.0765762329101562,1.785314679145813,-1.6846001148223877,0.6329337916124905,0.4452375947838717,0.1936417636543336,94.0
1652956422.137765,-0.5087800025939941,0.0870820879936218,-0.2833741903305053,0.5539613366127014,-0.4287992715835571,-0.7136232256889343,1.0551118850708008,1.7246792316436768,-1.833277940750122,0.6601004201490205,0.4431632348070976,0.1710549096800656,94.0
1652956422.147884,-0.5439726710319519,0.1174350976943969,-0.2571401298046112,0.5739715099334717,-0.4254465401172638,-0.699679970741272,1.015326976776123,1.6664642095565796,-1.9501720666885376,0.6870175131057001,0.4394552567764325,0.1476329696751571,94.0
1652956422.157722,-0.5618283152580261,0.1636865139007568,-0.1915927827358245,0.5937191247940063,-0.4206050932407379,-0.6859948039054871,0.9563525915145874,1.5997085571289062,-2.065720319747925,0.7134162744550638,0.4341121591149626,0.1237426215476526,94.0
1652956422.167655,-0.5775660872459412,0.2145714163780212,-0.1298209428787231,0.6131800413131714,-0.4139565229415893,-0.6727927923202515,0.841910719871521,1.5423812866210938,-2.1745643615722656,0.739075180422863,0.426796189814909,0.0998163963785507,94.0
1652956422.177618,-0.5845988988876343,0.2718644142150879,-0.0813027620315551,0.632328450679779,-0.4052847623825073,-0.6602310538291931,0.7043073177337646,1.488324761390686,-2.2815630435943604,0.7638143825041017,0.4172903038301557,0.0762553483420325,94.0
1652956422.187571,-0.5839909315109253,0.3365289568901062,-0.028326392173767,0.6510685682296753,-0.3946167528629303,-0.6483728289604187,0.5859644412994385,1.416736364364624,-2.366297960281372,0.7874727053606063,0.4056507139760155,0.0533389868998593,94.0
1652956422.197538,-0.564990758895874,0.3738529682159424,0.0334218144416809,0.669177770614624,-0.3823750615119934,-0.6371738314628601,0.5364855527877808,1.3293274641036987,-2.438506603240967,0.8098919781695078,0.3923653219209596,0.0309062504177436,94.0
1652956422.207594,-0.5563756227493286,0.3779326677322387,0.0670635104179382,0.6864110231399536,-0.3690349757671356,-0.6266204118728638,0.5052533149719238,1.2140642404556274,-2.4791126251220703,0.8309030273924514,0.3779704907705778,0.0087731370368243,94.0
1652956422.217612,-0.5740894079208374,0.3821796774864197,0.0923191905021667,0.7025073766708374,-0.3548924326896667,-0.6168751120567322,0.5050546526908875,1.0802465677261353,-2.5132265090942383,0.85021056134722,0.362799002134279,-0.0130383056336388,94.0
1652956422.227414,-0.618951141834259,0.3899348378181457,0.1317992508411407,0.7174314260482788,-0.3399901986122131,-0.6080287098884583,0.4396165311336517,0.958797574043274,-2.524672508239746,0.8677508922169141,0.3469064596669639,-0.0343313299332774,94.0
1652956422.237406,-0.6688443422317505,0.4241477847099304,0.1940462291240692,0.731237530708313,-0.3240816295146942,-0.6002188920974731,0.3194094896316528,0.8562236428260803,-2.527824878692627,0.8834848851164449,0.3300408124274305,-0.0545109108116725,94.0
1652956422.247344,-0.7019928693771362,0.4920957088470459,0.2492543756961822,0.7440155148506165,-0.3070546388626098,-0.5934292674064636,0.2102691531181335,0.7690789103507996,-2.530712842941284,0.8975184608049185,0.3120966255909028,-0.0733384017770725,94.0
1652956422.257327,-0.7060368657112122,0.5653890371322632,0.2763838768005371,0.7558415532112122,-0.2891097068786621,-0.5874685049057007,0.0947406440973281,0.7022780776023865,-2.5233917236328125,0.9100898227314328,0.293296698322703,-0.0909465062963333,94.0
1652956422.267254,-0.6766455769538879,0.6376776695251465,0.3167973160743713,0.7667639851570129,-0.2702427506446838,-0.582273006439209,-0.0194642283022403,0.6333737969398499,-2.510542631149292,0.9213125724205689,0.2736451493813527,-0.1071565739125479,94.0
1652956422.277258,-0.6243345141410828,0.6903619766235352,0.3698415756225586,0.7765561938285828,-0.2506552040576935,-0.5780420303344727,-0.1143015250563621,0.5040888786315918,-2.483144998550415,0.9309107264350333,0.2533569963584604,-0.1220964527123481,94.0
1652956422.287393,-0.573826014995575,0.7198518514633179,0.3940872251987457,0.7848856449127197,-0.2306656092405319,-0.5751069188117981,-0.1752852499485016,0.3407087028026581,-2.440351247787476,0.9384418648679996,0.2327616898136889,-0.1359055745388343,94.0
1652956422.2971668,-0.5528878569602966,0.7406608462333679,0.3989633321762085,0.7916573882102966,-0.2106546461582183,-0.5735008120536804,-0.2139456272125244,0.1787144392728805,-2.377962827682495,0.9438615031168732,0.2122445794747398,-0.1487801676438417,94.0
1652956422.3071089,-0.5546162128448486,0.7405385971069336,0.409843385219574,0.7968800663948059,-0.1909102797508239,-0.5731801986694336,-0.2338018864393234,0.013756382279098,-2.296255588531494,0.9472473492260928,0.1920894037958681,-0.1608360043974867,94.0
1652956422.317048,-0.5475379228591919,0.7513008713722229,0.4292755126953125,0.8004828691482544,-0.1716918796300888,-0.5742377638816833,-0.2386408448219299,-0.1674189865589141,-2.200747489929199,0.9485113473562308,0.1725468011104099,-0.172169809243382,94.0
1652956422.327,-0.5240682363510132,0.793837308883667,0.4484136700630188,0.802510678768158,-0.1535070538520813,-0.5765520930290222,-0.2276632934808731,-0.32455775141716,-2.099106311798096,0.9478044378816104,0.1541164268426803,-0.1828979794117854,94.0
1652956422.336982,-0.4706350564956665,0.8338668942451477,0.4758607149124145,0.8030171990394592,-0.1358491033315658,-0.5802657008171082,-0.200969710946083,-0.5312211513519287,-2.0252492427825928,0.9450585717208148,0.1362704547323952,-0.193241235152646,94.0
1652956422.34693,-0.3991265296936035,0.8940470218658447,0.5090993046760559,0.801821231842041,-0.1189473569393158,-0.585605800151825,-0.117149107158184,-0.7476642727851868,-1.9711822271347048,0.939993798907044,0.1192296437415187,-0.2037099022382503,94.0
1652956422.3570042,-0.3276864290237427,0.9684756994247437,0.565007209777832,0.7988778352737427,-0.1030168607831001,-0.5926059484481812,-0.0153724793344736,-0.9943822622299194,-1.934370875358581,0.9325652273268769,0.1031999497887111,-0.2147671470672558,94.0
1652956422.36688,-0.2639371156692505,1.0096176862716677,0.6323710680007935,0.793951153755188,-0.0877695977687835,-0.6016128659248352,0.0052893888205289,-1.2831981182098389,-1.9131218194961548,0.9223565351347836,0.0878826806833662,-0.2263065819176702,94.0
1652956422.3767738,-0.22871994972229,0.9948418736457824,0.5994128584861755,0.7866575717926025,-0.0728015229105949,-0.6130821704864502,-0.0760679841041565,-1.6288363933563232,-1.8283631801605225,0.9087738087097345,0.0728659881997049,-0.2375258887354563,94.0
1652956422.3869328,-0.2374243736267089,0.9660111665725708,0.4633176922798157,0.7766547799110413,-0.0579984858632087,-0.6272507905960083,-0.2928628921508789,-1.980028748512268,-1.7004611492156982,0.8914193639244287,0.0580310505891569,-0.247053526931537,94.0
1652956422.396677,-0.2598289847373962,0.9603036642074584,0.3857810497283935,0.7637657523155212,-0.0426871851086616,-0.6440805196762085,-0.5628960728645325,-2.3501553535461426,-1.578725814819336,0.870207270132149,0.0427001580641552,-0.2542041193045642,94.0
1652956422.406693,-0.2706812620162964,0.9487884640693665,0.4798050224781036,0.7478846311569214,-0.026954673230648,-0.663281261920929,-0.7924565672874451,-2.680518865585327,-1.4157510995864868,0.8452793041972044,0.0269579382970901,-0.2588006125459619,94.0
1652956422.416594,-0.2552834153175354,0.9111708998680116,0.6484376192092896,0.7292670607566833,-0.0113221388310194,-0.6841354966163635,-0.9104467034339904,-2.9384937286376958,-1.277756929397583,0.8173184739921763,0.0113223809050158,-0.2615706943194631,94.0
1652956422.426961,-0.1941295266151428,0.8505956530570984,0.7410229444503784,0.7080913782119751,0.0038806088268756,-0.7061101794242859,-1.0042115449905396,-3.193847417831421,-1.096480369567871,0.7867990680685008,-0.0038806184842438,-0.2629318409088345,94.0
1652956422.4365668,-0.0906423926353454,0.7961692810058594,0.7513118982315063,0.6842398643493652,0.0181735511869192,-0.7290306091308594,-1.0664812326431274,-3.4494519233703613,-0.8832579255104065,0.7537157626407466,-0.0181745521393722,-0.2628257073191516,94.0
1652956422.446664,-0.0229743719100952,0.7042971253395081,0.732491135597229,0.6579079031944275,0.0311502497643232,-0.7524539232254028,-1.0203109979629517,-3.631991624832153,-0.6773452758789062,0.7184615801637398,-0.031155289944603,-0.2615609059877069,94.0
1652956422.456379,-0.0515000224113464,0.5683987140655518,0.73450767993927,0.6296097636222839,0.0421799682080745,-0.7757656574249268,-0.8923672437667847,-3.73287296295166,-0.489819198846817,0.6817729307832924,-0.0421924851341007,-0.2598488549668012,94.0
1652956422.466426,-0.138302206993103,0.4305518865585327,0.7750994563102722,0.600124716758728,0.0510876514017581,-0.7982733845710754,-0.7632321715354919,-3.731156349182129,-0.3167971074581146,0.6446383374956643,-0.0511099005853871,-0.2579265080218563,94.0
1652956422.476371,-0.2039507031440735,0.2652204632759094,0.7926232814788818,0.5700854063034058,0.0585577599704265,-0.8194959759712219,-0.7652790546417236,-3.688830852508545,-0.1662514060735702,0.6078030026367974,-0.0585912774325411,-0.2554800548191634,94.0
1652956422.4864268,-0.2194512486457824,0.0996578931808471,0.7406121492385864,0.5399163961410522,0.0661658197641372,-0.8391140699386597,-0.9637098908424376,-3.598249912261963,-0.0476541817188262,0.5717471372560257,-0.0662141930864124,-0.2516101373385498,94.0
1652956422.49644,-0.2111454606056213,-0.0088353753089904,0.6533673405647278,0.5099278092384338,0.0757891610264778,-0.856872022151947,-1.3257173299789429,-3.4957268238067627,0.0316736996173858,0.5368116026344146,-0.0758619018999939,-0.2456814384542896,94.0
1652956422.506263,-0.1616204977035522,-0.0544968247413635,0.6477519273757935,0.4802545309066772,0.0884540975093841,-0.8726577162742615,-1.6610015630722046,-3.4004194736480717,0.0762201249599456,0.5031007804758921,-0.0885698541537617,-0.2377716099424542,94.0
1652956422.516222,-0.0870687663555145,-0.1063070893287658,0.719173789024353,0.4509603679180145,0.103381723165512,-0.8865364789962769,-1.832092523574829,-3.310892343521118,0.1413643956184387,0.47056475167894,-0.1035667655940623,-0.2285879712096883,94.0
1652956422.526171,-0.0033088624477386,-0.1900035142898559,0.7753289937973022,0.4219032227993011,0.1187292709946632,-0.898833155632019,-1.806028723716736,-3.2820346355438232,0.2881280183792114,0.4388610866496163,-0.1190100016018074,-0.2186574672183996,94.0
1652956422.536135,0.0653936266899108,-0.2721819281578064,0.7811460494995117,0.3929499089717865,0.1328249126672744,-0.9099164605140686,-1.6636706590652466,-3.2514536380767822,0.494294136762619,0.4076606233580538,-0.1332186008485098,-0.2079217955745772,94.0
1652956422.546083,0.0648324787616729,-0.3383227586746216,0.803608238697052,0.3645345866680145,0.1446492075920105,-0.9198864698410034,-1.421468734741211,-3.165688753128052,0.7092653512954712,0.377297235806844,-0.1451584437458116,-0.1963702582049127,94.0
1652956422.556052,0.0351395010948181,-0.3977412581443786,0.7796444892883301,0.3371139168739319,0.1541018486022949,-0.9287663102149964,-1.2902010679244995,-3.0588247776031494,0.9390605688095092,0.3481819733600917,-0.1547183799807351,-0.1837920784750876,94.0
1652956422.566176,0.0157835185527801,-0.4066663384437561,0.6983323693275452,0.3108461201190948,0.1630720496177673,-0.9363664984703064,-1.364281415939331,-2.944416046142578,1.0881259441375732,0.3205235622243595,-0.1638035932463475,-0.1697105044466081,94.0
1652956422.575965,-0.011176198720932,-0.4172804951667785,0.6312142610549927,0.285712331533432,0.1731833666563034,-0.942537009716034,-1.5259079933166504,-2.832350015640259,1.162091851234436,0.2943269390382744,-0.1740609686093618,-0.1544382886794001,94.0
1652956422.585958,-0.0474632084369659,-0.4456828236579895,0.568779706954956,0.261559247970581,0.1852333545684814,-0.9472461938858032,-1.7143553495407104,-2.7534189224243164,1.192865252494812,0.2694126927373352,-0.186309321502248,-0.1384313120779799,94.0
1652956422.595872,-0.0708815604448318,-0.4348437190055847,0.5601077079772949,0.2380873709917068,0.1992154270410537,-0.9505932927131652,-1.87332546710968,-2.711029529571533,1.231673002243042,0.2454133109100316,-0.2005572301731734,-0.1219065224882429,94.0
1652956422.605915,-0.0803923308849334,-0.4194578528404236,0.5818363428115845,0.2149748355150222,0.2143978327512741,-0.9527955651283264,-1.9087263345718384,-2.713517427444458,1.3088024854660034,0.2219095846426272,-0.2160752893263014,-0.104900083655299,94.0
1652956422.6158009,-0.0543466508388519,-0.4524309635162353,0.5550998449325562,0.1921487748622894,0.2294308245182037,-0.954169988632202,-1.8256815671920776,-2.7339768409729004,1.456898808479309,0.198720134054513,-0.2314928669471392,-0.0871194397615518,94.0
1652956422.625772,-0.0335161387920379,-0.4899788498878479,0.5165041089057922,0.1696092635393142,0.243154689669609,-0.9550437331199646,-1.638453722000122,-2.7681233882904053,1.6370224952697754,0.1757606976567759,-0.2456168345126594,-0.0682592898324018,94.0
1652956422.63587,-0.0489413291215896,-0.4988011121749878,0.5187742710113525,0.1473757773637771,0.2550293803215027,-0.9556361436843872,-1.4187895059585571,-2.8023781776428223,1.811984062194824,0.1530120271742719,-0.2578781012184616,-0.0481616359513422,94.0
1652956422.645743,-0.0995974838733673,-0.517030656337738,0.483008474111557,0.1254916489124298,0.2648705840110779,-0.956083357334137,-1.1971921920776367,-2.827568292617798,1.9708539247512815,0.1305099033013517,-0.2680696979967985,-0.0269268475272733,94.0
1652956422.655642,-0.1464395821094513,-0.5123006701469421,0.4210008084774017,0.1039285883307457,0.2730909883975982,-0.9563577771186828,-1.0228135585784912,-2.8553335666656494,2.1087303161621094,0.1082464701902236,-0.276604705799317,-0.0046110492652922,94.0
1652956422.665642,-0.1943534910678863,-0.4860323667526245,0.3834326267242431,0.0825523287057876,0.2801110744476318,-0.9564114809036256,-0.8745276927947998,-2.881922960281372,2.208498001098633,0.0861012600543985,-0.2839098223725486,0.0186233052929404,94.0
1652956422.675565,-0.2654875516891479,-0.4972118735313415,0.2944881319999695,0.0615996122360229,0.2863529324531555,-0.956142008304596,-0.7724637389183044,-2.84646987915039,2.288522481918335,0.0643362580877948,-0.2904181953326966,0.0425937856707677,94.0
1652956422.6856918,-0.3040852844715118,-0.5407584309577942,0.1370778381824493,0.0415425524115562,0.292090892791748,-0.9554879069328308,-0.6958592534065247,-2.7680437564849854,2.36316180229187,0.0434504784130828,-0.2964123454874034,0.0671772409420094,94.0
1652956422.695514,-0.3012253046035766,-0.554844856262207,-0.0113844871520996,0.0227371416985988,0.297853022813797,-0.954340934753418,-0.6747418642044067,-2.64099383354187,2.346888780593872,0.0238204607098574,-0.3024427945683927,0.0920377563950071,94.0
1652956422.705625,-0.3200863599777221,-0.5597068071365356,-0.0728726089000701,0.0053738299757242,0.3040127456188202,-0.9526528120040894,-0.7057093977928162,-2.466714382171631,2.242964029312134,0.0056408517056036,-0.3089019680574235,0.1161399835108648,94.0
1652956422.715394,-0.3452101945877075,-0.5560697913169861,-0.1476025283336639,-0.0106552978977561,0.3113141059875488,-0.9502473473548888,-0.8308449387550354,-2.3291118144989014,2.1150240898132324,-0.0112127141595512,-0.3165755515509744,0.1389262209508725,94.0
1652956422.725326,-0.3440549671649933,-0.5273239612579346,-0.236619770526886,-0.0257875770330429,0.320390522480011,-0.946934461593628,-1.0172039270401,-2.2480740547180176,1.9929516315460205,-0.0272259654907277,-0.3261417005280775,0.1602867320995138,94.0
1652956422.735225,-0.3355143368244171,-0.4784048795700073,-0.2992407083511352,-0.0404622331261634,0.3313757181167602,-0.9426308274269104,-1.166514277458191,-2.2057838439941406,1.879795789718628,-0.0428984578886248,-0.3377613193395811,0.1802730297118265,94.0
1652956422.745204,-0.3351919054985046,-0.4303475618362427,-0.3268820941448211,-0.054960086941719,0.3430869281291961,-0.9376943707466124,-1.1294002532958984,-2.208672046661377,1.7913674116134644,-0.0585449595578859,-0.3502013251125765,0.1990569376646107,94.0
1652956422.755138,-0.340125560760498,-0.3922796249389648,-0.320138931274414,-0.0694050639867782,0.3539066314697265,-0.9327020049095154,-0.9382337927818298,-2.20752501487732,1.7284258604049685,-0.0742760114703348,-0.361744788937451,0.2169933849264125,94.0
1652956422.765221,-0.3481634557247162,-0.3801573514938354,-0.2936809659004211,-0.083660289645195,0.3625743985176086,-0.9281921982765198,-0.647713303565979,-2.1794819831848145,1.648484230041504,-0.0898896172192996,-0.3710287623231731,0.2342755048441765,94.0
1652956422.775228,-0.3535642027854919,-0.4236533641815185,-0.3391774594783783,-0.0975771620869636,0.3689625859260559,-0.9243080019950868,-0.4345341920852661,-2.104006290435791,1.557292103767395,-0.1051782321672728,-0.3778926150311794,0.2508233080374859,94.0
1652956422.785044,-0.3469882011413574,-0.4595154523849487,-0.4234068691730499,-0.1108060032129287,0.3740904629230499,-0.9207488298416138,-0.3538297712802887,-1.9774385690689087,1.4339051246643066,-0.1197673922610409,-0.3834158396285405,0.2663253704003837,94.0
1652956422.7952,-0.3484256863594055,-0.4804394245147705,-0.525596022605896,-0.1229793429374694,0.3790353536605835,-0.9171741008758544,-0.3894150257110595,-1.7800978422164917,1.2619155645370483,-0.1332900538320446,-0.3887536515627151,0.280237200493844,94.0
1652956422.805079,-0.3630167543888092,-0.4457002282142639,-0.5747413635253906,-0.1337331533432006,0.3845406174659729,-0.913369596004486,-0.5081318616867065,-1.53949773311615,1.037645936012268,-0.145384297016209,-0.3947101092696152,0.2918811937438041,94.0
1652956422.8150191,-0.3803037405014038,-0.4265329241752624,-0.5802066326141357,-0.143149048089981,0.391318142414093,-0.9090536236763,-0.7175659537315369,-1.3186068534851074,0.7815887331962585,-0.1561878441676398,-0.4020635131537177,0.3005862449861575,94.0
1652956422.824942,-0.3775148093700409,-0.4496491551399231,-0.6262933611869812,-0.1517057865858078,0.399944543838501,-0.903896987438202,-0.9774734377861024,-1.1625128984451294,0.5567044615745544,-0.1662854801630818,-0.4114563242606245,0.3062517773256252,94.0
1652956422.834865,-0.3479945063591003,-0.4816117882728576,-0.700249433517456,-0.1597874611616134,0.4101646244525909,-0.8979047536849976,-1.1195871829986572,-1.03931987285614,0.3561915159225464,-0.1761123001140664,-0.4226345666689327,0.3091676202096866,94.0
1652956422.84501,-0.3287753760814667,-0.5250802040100098,-0.743811309337616,-0.167364165186882,0.4200655817985534,-0.8919272422790527,-0.957618534564972,-0.8990975618362427,0.1771722286939621,-0.1854863768108181,-0.4335175784593485,0.3099451046993887,94.0
1652956422.854837,-0.3211552500724792,-0.5859772562980652,-0.741276741027832,-0.1740992963314056,0.4268694221973419,-0.8873961567878723,-0.5256527066230774,-0.7077580094337463,0.0228111557662487,-0.1937305660784239,-0.4410280959183674,0.309501176561297,94.0
1652956422.864776,-0.3149212896823883,-0.6163423657417297,-0.6759409308433533,-0.1795397996902465,0.4292978942394256,-0.8851377367973328,-0.0757540017366409,-0.4569329619407654,-0.1549977213144302,-0.2001231572501159,-0.4437152386549697,0.3081970183571169,94.0
1652956422.87464,-0.3115223944187164,-0.6343035101890564,-0.6677913665771484,-0.1835795491933822,0.4284725189208984,-0.8847089409828186,0.1134219840168953,-0.2181991934776306,-0.3539069592952728,-0.2045992444377825,-0.4428015739586437,0.3055616913165129,94.0
1652956422.884692,-0.2878011465072632,-0.6030293703079224,-0.7213922739028931,-0.1864878237247467,0.4269434511661529,-0.8848398327827454,0.015090886503458,0.0070323259569704,-0.5835950374603271,-0.2077188755438883,-0.4411099780137602,0.3006885718375677,94.0
1652956422.894707,-0.2734386622905731,-0.549420952796936,-0.7427957057952881,-0.1884906589984893,0.426465779542923,-0.8846458196640015,-0.2101027518510818,0.2190837115049362,-0.8371995687484741,-0.2099298167094057,-0.4405817949249254,0.292833940921098,94.0
1652956422.904638,-0.2922900319099426,-0.505810022354126,-0.7031378149986267,-0.1897351294755935,0.4273657500743866,-0.8839451670646667,-0.3947280049324035,0.4336508512496948,-1.102195382118225,-0.2114375984619599,-0.4415770258453653,0.2816704698464584,94.0
1652956422.9146872,-0.3386654257774353,-0.4775351881980896,-0.6449853181838989,-0.1901279240846634,0.4288598895072937,-0.8831368088722229,-0.4618395864963531,0.6611118912696838,-1.3451648950576782,-0.2120505253450106,-0.4432303362659973,0.2674423701376169,94.0
1652956422.924515,-0.3773449063301086,-0.4530613422393799,-0.5783179998397827,-0.1896869838237762,0.4301551580429077,-0.8826014995574951,-0.4571388363838196,0.8444031476974487,-1.5495518445968628,-0.2116978248694179,-0.4446646449082895,0.2507103812822694,94.0
1652956422.934548,-0.3788416981697082,-0.420551061630249,-0.5488981008529663,-0.1886021941900253,0.4312070906162262,-0.8823206424713135,-0.4863042533397674,0.9821144938468932,-1.6959415674209597,-0.2105877540624737,-0.4458302265964536,0.2321028181105439,94.0
1652956422.944437,-0.3759134411811828,-0.3775452971458435,-0.5437580943107605,-0.187120646238327,0.4323994815349579,-0.882052481174469,-0.5397637486457825,1.0851532220840454,-1.8382922410964968,-0.2090431255597458,-0.4471521863212288,0.2118318591912594,94.0
1652956422.954389,-0.386970579624176,-0.3290899395942688,-0.525903582572937,-0.1855086833238601,0.4335726499557495,-0.8818170428276062,-0.5332271456718445,1.167853832244873,-1.980454683303833,-0.2073474389838094,-0.4484537116012766,0.1899421343963049,94.0
1652956422.964375,-0.3958240747451782,-0.2731125354766845,-0.4806382060050964,-0.1837657988071441,0.4342667758464813,-0.8818404078483582,-0.4822843372821808,1.248476266860962,-2.1266801357269287,-0.2054486812743906,-0.4492241174246392,0.1665607078073115,94.0
1652956422.974342,-0.3901802897453308,-0.2394059896469116,-0.4147035479545593,-0.1821158677339553,0.4343111217021942,-0.8821607828140259,-0.4567968249320984,1.2967027425765991,-2.2787373065948486,-0.2035829468430158,-0.4492733703736582,0.1416505117443757,94.0
1652956422.984395,-0.3771373629570007,-0.213056743144989,-0.3822751343250274,-0.180723950266838,0.4342160522937774,-0.882493793964386,-0.4947364926338196,1.3290067911148071,-2.4091591835021973,-0.2019949370777375,-0.4491678251005474,0.1151955610500215,94.0
1652956422.994186,-0.3714695870876312,-0.1745191216468811,-0.3592634201049804,-0.1796016097068786,0.4342909157276153,-0.8826860785484314,-0.5291903018951416,1.3538939952850342,-2.5283219814300537,-0.2007314749843784,-0.4492509194657276,0.0872934034040037,94.0
1652956423.004043,-0.3707018494606018,-0.1546079516410827,-0.3232588171958923,-0.1787366271018982,0.4344648420810699,-0.8827760219573975,-0.5558253526687622,1.374316692352295,-2.626685380935669,-0.1997704885464354,-0.4494440369058068,0.0581479924341918,94.0
1652956423.014135,-0.3744387924671173,-0.1395298242568969,-0.27800053358078,-0.1781277507543563,0.4346167743206024,-0.8828243017196655,-0.556544303894043,1.3899555206298828,-2.7077152729034424,-0.1990972213777959,-0.4496127162754167,0.0279803925426129,94.0
1652956423.024054,-0.3828077912330627,-0.1095701456069946,-0.2198855280876159,-0.1775864958763122,0.4345767199993133,-0.8829530477523804,-0.5253528356552124,1.4335485696792605,-2.7770867347717285,-0.1984798488897948,-0.449568245243287,-0.0029543939461682,94.0
1652956423.034004,-0.3848807513713836,-0.0690289139747619,-0.1719825267791748,-0.1769326031208038,0.4338844120502472,-0.883424699306488,-0.4495424330234527,1.4697555303573608,-2.8276259899139404,-0.1976651113008865,-0.4487996848336102,-0.0344001560406386,94.0
1652956423.044086,-0.3460958003997803,-0.0362271666526794,-0.1225024461746215,-0.1762278079986572,0.4325000047683716,-0.8842440247535706,-0.3827114701271057,1.4751207828521729,-2.874243974685669,-0.1967201859506091,-0.4472636937116979,-0.0661707784802388,94.0
1652956423.054183,-0.298774242401123,-0.0074982643127441,-0.0456043481826782,-0.175758883357048,0.4304767847061157,-0.8853240013122559,-0.3160994350910187,1.457260012626648,-2.930442571640014,-0.1959768181830045,-0.4450209510974021,-0.0983642993060874,94.0
1652956423.0638971,-0.2701462805271148,0.0144379138946533,0.0001661777496337,-0.1756850183010101,0.4278733730316162,-0.8865997791290283,-0.2657701969146728,1.4074591398239136,-2.9485740661621094,-0.1956218176794437,-0.4421385954309541,-0.130789595278441,94.0
1652956423.0738258,-0.2291896939277649,0.0264469385147094,0.0436462461948394,-0.1761447936296463,0.4249206483364105,-0.8879276514053345,-0.2459737360477447,1.330103039741516,-2.9579689502716064,-0.1958348948287436,-0.4388742353011207,-0.1632591741560643,94.0
1652956423.084082,-0.1972345262765884,0.0354264378547668,0.1112769842147827,-0.1771856695413589,0.4219414293766022,-0.8891404271125793,-0.2715683281421661,1.252413034439087,-2.952765226364136,-0.1967007354204457,-0.4355856342789824,-0.19568791461189,94.0
1652956423.093875,-0.1922066807746887,0.0454636812210083,0.1693447232246399,-0.1786887347698211,0.4195377230644226,-0.8899766206741333,-0.3741975426673889,1.1878070831298828,-2.913450241088867,-0.1981446059362545,-0.4329360097695578,-0.2280021238095442,94.0
1652956423.103785,-0.185194581747055,0.0681812763214111,0.2167324423789978,-0.1803755015134811,0.4183993935585022,-0.8901722431182861,-0.5353885889053345,1.1426454782485962,-2.841411590576172,-0.1999230157247974,-0.431682342384907,-0.2599266948167804,94.0
1652956423.113698,-0.1750361174345016,0.09617680311203,0.2632530033588409,-0.1818669736385345,0.4187690615653991,-0.8896948099136353,-0.67921382188797,1.140841722488403,-2.7275314331054688,-0.2016371239476519,-0.4320893706268986,-0.2912099452128452,94.0
1652956423.1237888,-0.1550401300191879,0.1242861747741699,0.302157312631607,-0.1828962564468383,0.4202242791652679,-0.8887972235679626,-0.7330927848815918,1.1351367235183716,-2.587348222732544,-0.2029465539642582,-0.4336924626603101,-0.3213460751415856,94.0
1652956423.133697,-0.1322937905788421,0.1392772793769836,0.3479679822921753,-0.1834563463926315,0.4219294786453247,-0.8878734707832336,-0.6775369644165039,1.1199514865875244,-2.4418323040008545,-0.2037570242706357,-0.4355724744518328,-0.3499461182641694,94.0
1652956423.1436238,-0.1094950884580612,0.1517407894134521,0.3939351141452789,-0.1837178319692611,0.4229441583156585,-0.8873364925384521,-0.5243253111839294,1.0886212587356567,-2.3240742683410645,-0.2041595166600003,-0.4366919256971836,-0.3769352741181526,94.0
1652956423.153685,-0.0753685981035232,0.1694807410240173,0.4274504780769348,-0.1838477104902267,0.4223877787590027,-0.8875745534896851,-0.2752085030078888,1.0394030809402466,-2.2062995433807373,-0.2042465780021464,-0.4360780045019792,-0.4022265460226061,94.0
1652956423.163581,-0.0276237726211547,0.1653955578804016,0.4535704553127289,-0.1839851438999176,0.4198731482028961,-0.8887384533882141,-0.0550370030105114,0.962284505367279,-2.0834288597106934,-0.2041347547345899,-0.4333055440658374,-0.4256400645433791,94.0
1652956423.173522,0.0068318247795104,0.1683189272880554,0.4757914841175079,-0.184245765209198,0.4160694777965545,-0.8904715776443481,0.0526371300220489,0.8798007369041443,-1.9753425121307373,-0.2040290310173096,-0.4291185942710671,-0.4474022499169499,94.0
1652956423.183458,0.0145524591207504,0.1840518712997436,0.4816994965076446,-0.1847184896469116,0.4121451079845428,-0.8921970129013062,0.0168117545545101,0.7905589938163757,-1.8563681840896609,-0.2041534129567197,-0.4248071677778445,-0.467828752268103,94.0
1652956423.193376,0.0204729437828063,0.2044183015823364,0.4728226959705353,-0.1854967623949051,0.4093489348888397,-0.8933221101760864,-0.1501941531896591,0.6885272264480591,-1.7323170900344849,-0.2047387013012689,-0.4217403617693461,-0.4871776974983571,94.0
1652956423.2034612,0.0334204137325286,0.2225409746170044,0.4757439792156219,-0.1865881532430648,0.4083960354328155,-0.8935309648513794,-0.3267138004302978,0.5901902914047241,-1.5994497537612915,-0.2058628696870975,-0.4206961963389857,-0.5055247425247841,94.0
1652956423.213399,0.0485553443431854,0.2315675020217895,0.4895859658718109,-0.1878528445959091,0.4090651869773865,-0.892959713935852,-0.4589323401451111,0.5195314884185791,-1.4493815898895264,-0.2073475147327555,-0.421429370653987,-0.5226904486432622,94.0
1652956423.223458,0.0524323433637619,0.2364773154258728,0.4939815104007721,-0.1891511082649231,0.4108341634273529,-0.8918728232383728,-0.5102682113647461,0.4438692629337311,-1.2799880504608154,-0.2089864291055475,-0.4233688310329278,-0.538360492246553,94.0
1652956423.233179,0.0544042438268661,0.2241089344024658,0.4890293180942535,-0.190375342965126,0.4129634797573089,-0.8906280994415283,-0.4664759635925293,0.3879446387290954,-1.115514039993286,-0.2105849265301422,-0.4257055557832268,-0.5522943340166065,94.0
1652956423.243176,0.0507286041975021,0.209320843219757,0.4841214418411255,-0.1913231015205383,0.4146975576877594,-0.8896186947822571,-0.3686093091964721,0.3600418865680694,-0.9533373713493348,-0.2118353395504647,-0.4276104026912878,-0.5642890748829271,94.0
1652956423.2532191,0.0460259616374969,0.2175824046134948,0.4710322320461273,-0.1917932033538818,0.41583913564682,-0.8889843821525574,-0.2672296464443207,0.3490538001060486,-0.8070226907730103,-0.2124873505950321,-0.4288652889559229,-0.5744308678895166,94.0
1652956423.263119,0.0406759679317474,0.232359766960144,0.435670256614685,-0.1917227506637573,0.4164110720157623,-0.888731837272644,-0.191224068403244,0.3683894276618957,-0.692048966884613,-0.2124701861679967,-0.4294942770786078,-0.5829893038212788,94.0
1652956423.273052,0.0342364907264709,0.2328675389289856,0.388728529214859,-0.1910815984010696,0.4168592393398285,-0.8886597752571106,-0.1904090791940689,0.3760964870452881,-0.5877576470375061,-0.2117973954698672,-0.4299872700089135,-0.590244108577929,94.0
1652956423.2830172,0.0404128432273864,0.2370742559432983,0.3496768474578857,-0.1901015788316726,0.4176419079303741,-0.8885024785995483,-0.2234216183423996,0.3586229681968689,-0.5144088864326477,-0.2107792974310416,-0.4308484866054484,-0.5965821164468511,94.0
1652956423.293162,0.0461969226598739,0.2491864562034607,0.3283998072147369,-0.1890802383422851,0.418792575597763,-0.8881787657737732,-0.2483802437782287,0.3433128595352173,-0.4903750121593475,-0.2097540574773094,-0.4321152607049042,-0.6024734165433919,94.0
1652956423.30297,0.0454331189393997,0.2397950887680053,0.3006957173347473,-0.1881791204214096,0.4203431010246277,-0.8876374959945679,-0.3044986426830292,0.3198152780532837,-0.5051895976066589,-0.208906917825669,-0.4338234219337635,-0.6083830172958664,94.0
1652956423.3129191,0.0440086722373962,0.2194395661354065,0.2547616958618164,-0.1877312362194061,0.422759085893631,-0.8865843415260315,-0.4882794916629791,0.2479206770658493,-0.5000587701797485,-0.2086644503409935,-0.4364876997143541,-0.6146808303783076,94.0
1652956423.32288,0.0539749562740325,0.2246189713478088,0.2070859968662262,-0.1880844533443451,0.4269777536392212,-0.8844853043556213,-0.6551933884620667,0.1515057235956192,-0.4835239946842193,-0.2095274583445525,-0.4411478945266007,-0.62131187461968,94.0
1652956423.332889,0.0683764368295669,0.210464596748352,0.1623007953166961,-0.1890582144260406,0.4320290386676788,-0.881820797920227,-0.6949107050895691,0.1015743836760521,-0.4738231003284454,-0.2111980851292278,-0.4467414190848668,-0.6280234695801699,94.0
1652956423.342815,0.059935837984085,0.1936601996421814,0.178598403930664,-0.1901238560676574,0.4375057220458984,-0.8788866400718689,-0.7549964189529419,0.1146398559212684,-0.4412723481655121,-0.2130408654219313,-0.4528229644516646,-0.6346333644924775,94.0
1652956423.352731,0.0485772490501403,0.1981018781661987,0.1773465275764465,-0.190651848912239,0.4436251521110534,-0.8756989240646362,-0.8066916465759277,0.1686065196990966,-0.3615914583206177,-0.2143687197459051,-0.4596396151664824,-0.6408828787510252,94.0
1652956423.3628669,0.0458041280508041,0.2029600143432617,0.1369241774082183,-0.1903811693191528,0.4497610032558441,-0.8726224899291992,-0.7392086982727051,0.2097747325897216,-0.2558205425739288,-0.2148053439209488,-0.4664977396650008,-0.6460999594562195,94.0
1652956423.372755,0.0451219379901886,0.175953984260559,0.1118825674057006,-0.1893632858991623,0.4555002450942993,-0.8698626756668091,-0.6628401875495911,0.2347033023834228,-0.1598216593265533,-0.214349046702913,-0.472934041693641,-0.6500110309412277,94.0
1652956423.3826718,0.0377350747585296,0.1422892808914184,0.1649032235145568,-0.1878968179225921,0.460539311170578,-0.867524266242981,-0.5541043877601624,0.2439953386783599,-0.1201836988329887,-0.213295126739389,-0.4786026670762321,-0.6529279637628441,94.0
1652956423.39259,0.0222987234592437,0.1025626063346862,0.2033605873584747,-0.1862849444150924,0.4646081626415252,-0.865700364112854,-0.4474411308765411,0.2520449757575989,-0.1060629040002822,-0.2119520947481478,-0.4831920697271177,-0.6553518195505187,94.0
1652956423.402554,0.0181394219398498,0.0762727856636047,0.1788950860500335,-0.184612825512886,0.4680165350437164,-0.8642213940620422,-0.3983761072158813,0.2346915304660797,-0.083850011229515,-0.2104543828893182,-0.4870449818955119,-0.6573790154909863,94.0
1652956423.412685,0.0242955386638641,0.0623760223388671,0.1300324201583862,-0.1831090301275253,0.4713469743728637,-0.8627300262451172,-0.4154532551765442,0.1843672543764114,-0.0507365651428699,-0.2091401624717143,-0.4908174335488228,-0.6590455406237701,94.0
1652956423.422544,0.033969298005104,0.0574700236320495,0.0953674912452697,-0.181949034333229,0.4751433730125427,-0.8608909845352173,-0.4903035461902618,0.1354995816946029,-0.032316543161869,-0.2082845157842421,-0.4951269499783915,-0.6605729543338325,94.0
1652956423.432581,0.0328091979026794,0.0557645559310913,0.0758846998214721,-0.1811093837022781,0.4796878397464752,-0.8585447072982788,-0.5854210257530212,0.0954599305987358,-0.0248442851006984,-0.2079011948484845,-0.5002989034361233,-0.6621765311458244,94.0
1652956423.442422,0.0257743746042251,0.0519011616706848,0.0637952387332916,-0.1805442720651626,0.4850023686885834,-0.85567307472229,-0.6636873483657837,0.0655893832445144,-0.0224543623626232,-0.2079466835847394,-0.5063658895939833,-0.6639212617679767,94.0
1652956423.45243,0.0194860100746154,0.0359079241752624,0.0539954006671905,-0.1801763325929641,0.4908044338226318,-0.8524362444877625,-0.7006895542144775,0.0549235232174396,-0.0240762270987033,-0.2083004723847761,-0.5130128050575579,-0.6658186345073809,94.0
