1652966792.283545,0.0057781636714935,-0.0679778456687927,0.0257484167814254,-0.3930158019065857,0.1626670956611633,-0.905029296875,0.0735952630639076,-0.1732498258352279,-0.12700816988945,-0.409685674336635,-0.1633931502210378,-0.022877390994445,93.0
1652966792.293669,0.0185237526893615,-0.0947471261024475,0.0280495584011077,-0.3947445750236511,0.161647692322731,-0.9044593572616576,0.0494489818811416,-0.1659780740737915,-0.1148546859622001,-0.4115225410252583,-0.1623600744303212,-0.0237482806171422,93.0
1652966792.303516,0.0081456303596496,-0.1041901707649231,0.0148669779300689,-0.3962682783603668,0.1608074605464935,-0.9039427042007446,0.0232349559664726,-0.1527831703424453,-0.104153037071228,-0.4131468442463799,-0.1615087101590004,-0.0245950221351618,93.0
1652966792.3134332,-0.0096877515316009,-0.0963055491447448,0.0166313350200653,-0.3975846767425537,0.1603248417377472,-0.9034502506256104,0.0025732219219207,-0.1202957406640052,-0.0884113609790802,-0.4145686079672713,-0.1610197471724441,-0.0254358925149769,93.0
1652966792.323557,-0.0188915133476257,-0.0704544782638549,0.0241920351982116,-0.3985432684421539,0.1601646393537521,-0.9030562043190002,-0.021728390827775,-0.0766443982720375,-0.0691047757863998,-0.415618263694468,-0.1608574426665823,-0.0262097797104474,93.0
1652966792.333332,-0.0138364732265472,-0.0689160823822021,0.0290489494800567,-0.3992342948913574,0.1600074619054794,-0.9027788043022156,0.0104927299544215,-0.0586197040975093,-0.0563824363052845,-0.4163721776646555,-0.1606982097269571,-0.0268483264214305,93.0
1652966792.343285,-0.0057393312454223,-0.0754159092903137,0.0342903584241867,-0.3998393714427948,0.1595267653465271,-0.902596116065979,0.0581382811069488,-0.0610266663134098,-0.0434541180729866,-0.4170075909552247,-0.1602112589069664,-0.0271386710643037,93.0
1652966792.353327,-0.007386177778244,-0.0852248668670654,0.0429538488388061,-0.400374561548233,0.1585994958877563,-0.9025222659111024,0.105138748884201,-0.0409382283687591,-0.0545994862914085,-0.4175334669946731,-0.1592720289322242,-0.0272246683501611,93.0
1652966792.363261,-0.0059908330440521,-0.1038644313812255,0.0462052971124649,-0.4007475078105926,0.1571790874004364,-0.9026052355766296,0.1483690291643142,-0.0239600446075201,-0.0809139162302017,-0.4178446187690703,-0.1578335766979939,-0.027323545814469,93.0
1652966792.373218,0.0109409093856811,-0.1155928373336792,0.027846410870552,-0.4010624587535858,0.1554574221372604,-0.9027634859085084,0.157146543264389,-0.0273977611213922,-0.0806851461529731,-0.4180710132115519,-0.1560904844558126,-0.0274344178467115,93.0
1652966792.383106,0.0211161971092224,-0.1231740713119506,0.0076890885829925,-0.4014568626880646,0.1538862437009811,-0.9028573632240297,0.1271713376045227,-0.039050955325365,-0.0700010806322097,-0.418397200489458,-0.1545001697888481,-0.0275472847735593,93.0
1652966792.393214,0.002914547920227,-0.1369313597679138,0.0130951702594757,-0.4018709361553192,0.1525847613811493,-0.9028940200805664,0.1083279475569725,-0.0254086982458829,-0.0774837583303451,-0.4187649687041722,-0.1531831281104213,-0.0277459889106938,93.0
1652966792.403096,-0.0164342820644378,-0.1674339771270752,0.0375286936759948,-0.4020838737487793,0.1511157006025314,-0.9030463099479676,0.1452369540929794,0.0046994015574455,-0.0873132199048996,-0.4188991368559641,-0.1516968420038138,-0.0279817528555672,93.0
1652966792.413007,-0.0152545571327209,-0.1952393651008606,0.0585386455059051,-0.4021649956703186,0.1493623405694961,-0.9033018350601196,0.1742245405912399,0.008146384730935,-0.0930798053741455,-0.4188689659520108,-0.1499233492337375,-0.0281733608648539,93.0
1652966792.4230242,-0.0094381868839263,-0.2181162238121032,0.0651706755161285,-0.4021830260753631,0.1472927033901214,-0.9036335945129396,0.1938416510820388,0.0213593915104866,-0.0954849049448967,-0.4187491680968339,-0.1478305570494001,-0.0282758607343826,93.0
1652966792.432912,-0.0189254283905029,-0.2495288252830505,0.0692421793937683,-0.4019425809383392,0.145281121134758,-0.9040661454200744,0.1706492453813552,0.0639618188142776,-0.0813692361116409,-0.4183494031534321,-0.1457971078683857,-0.0283557748240207,93.0
1652966792.442935,-0.0296445786952972,-0.2813699841499328,0.0543185621500015,-0.4012026786804199,0.1435879170894622,-0.9046651124954224,0.1335887014865875,0.1243146359920501,-0.0642562955617904,-0.4174203329279274,-0.144085953012258,-0.0283652723403072,93.0
1652966792.452852,-0.0277408361434936,-0.309466004371643,0.0615464746952056,-0.3999631106853485,0.1423567235469818,-0.905408263206482,0.118105411529541,0.1696967631578445,-0.0334368273615837,-0.4159711858652233,-0.1428419756293196,-0.0283329068228878,93.0
1652966792.4630032,-0.0241519510746002,-0.352135956287384,0.0889122188091278,-0.3982724845409393,0.1409156620502472,-0.9063783884048462,0.1709385365247726,0.2150096595287323,-0.0402880758047103,-0.4140131555951729,-0.1413862435134344,-0.0280996059513852,93.0
1652966792.4728,-0.0410137474536895,-0.4151161313056946,0.0988537222146987,-0.3961963951587677,0.1383441239595413,-0.907683491706848,0.3528519570827484,0.2611607015132904,-0.0545525774359703,-0.4115639062821985,-0.1387892681799532,-0.0274856609155602,93.0
1652966792.4827209,-0.0628717541694641,-0.46442711353302,0.1116624474525451,-0.3935797810554504,0.1342939734458923,-0.9094284176826476,0.5027000308036804,0.3377255201339721,-0.0697206109762191,-0.4084394214995265,-0.1347009498580506,-0.0263407894852513,93.0
1652966792.492702,-0.0752846002578735,-0.5082240700721741,0.1217866539955139,-0.3903069198131561,0.1290830820798874,-0.9115909337997437,0.5648922324180603,0.4197919368743896,-0.0878174006938934,-0.4045442861266655,-0.1294442709472179,-0.0249422768143399,93.0
1652966792.502699,-0.0854132771492004,-0.5394592881202698,0.0926368832588195,-0.3862207233905792,0.1239005923271179,-0.914047122001648,0.5004935264587402,0.5036993622779846,-0.0288755185902118,-0.3997844587097171,-0.1242198075051829,-0.0233459355498387,93.0
1652966792.512645,-0.0987477600574493,-0.5277463793754578,0.0732029825448989,-0.3811870217323303,0.1198512092232704,-0.916696310043335,0.3603972196578979,0.6090375781059265,-0.0013417433947324,-0.3940753884769288,-0.1201400062596196,-0.0218087266928463,93.0
1652966792.5226269,-0.1129988729953765,-0.5270780324935913,0.0729299038648605,-0.3750535845756531,0.1169809773564338,-0.9195924401283264,0.2971303462982178,0.7217068672180176,0.0483147576451301,-0.3872532147348242,-0.1172494357403455,-0.0203630453668114,93.0
1652966792.532655,-0.126493901014328,-0.5264065861701965,0.0784489214420318,-0.3678756952285766,0.1145137250423431,-0.922796905040741,0.3158379197120666,0.831824004650116,0.0873188823461532,-0.3793445958252768,-0.1147654938109174,-0.0186032415562152,93.0
1652966792.542797,-0.1555444598197937,-0.5159140825271606,0.1106611415743827,-0.3595313429832458,0.1113237217068672,-0.9264687299728394,0.4599729776382446,0.9575058221817015,0.0946481674909591,-0.3701766107370882,-0.111554951748005,-0.0163299720241337,93.0
1652966792.552731,-0.1826254427433014,-0.5229991674423218,0.1205919459462165,-0.3499521613121032,0.1063977852463722,-0.9307056665420532,0.6654606461524963,1.0960272550582886,0.0928689092397689,-0.3596535454678936,-0.1065995636461672,-0.0133986374309197,93.0
1652966792.562448,-0.2012483477592468,-0.5282080173492432,0.1113450899720192,-0.3390349745750427,0.0996992066502571,-0.935476005077362,0.8240113854408264,1.2236157655715942,0.0713236704468727,-0.3476960422768456,-0.0998651168558092,-0.010028809766323,93.0
1652966792.572412,-0.1952323019504547,-0.5657389163970947,0.0842074900865554,-0.3271066844463348,0.0922756567597389,-0.940471351146698,0.8044730424880981,1.3069987297058103,0.0904710739850997,-0.3347237470084171,-0.0924071099339321,-0.0064925537121637,93.0
1652966792.582339,-0.1916920244693756,-0.5788930058479309,0.0456136092543602,-0.314365804195404,0.0856577455997467,-0.9454294443130492,0.6446359157562256,1.3938052654266355,0.107136070728302,-0.3210103819858996,-0.0857628403511497,-0.0031606779459,93.0
1652966792.5922952,-0.207580029964447,-0.5493159890174866,0.0198847278952598,-0.3006292879581451,0.0809148177504539,-0.9503024816513062,0.4280166029930115,1.5004122257232666,0.1333523094654083,-0.3063895472394387,-0.0810033726090887,-0.0003485255699239,93.0
1652966792.6024451,-0.2148964405059814,-0.5153306126594543,-0.0003315210342407,-0.2858208119869232,0.0776935666799545,-0.9551283717155457,0.3663497567176819,1.587127447128296,0.1500082463026046,-0.2907672957245072,-0.0777719442743297,0.0021532612093826,93.0
1652966792.612263,-0.2246040105819702,-0.5011171698570251,0.0443295612931251,-0.2702691256999969,0.0743227824568748,-0.9599118232727052,0.4366225898265838,1.6479451656341553,0.1537906974554062,-0.2744511866752577,-0.0743913780236365,0.0047505311780975,93.0
1652966792.62221,-0.2601854205131531,-0.4809430241584778,0.0798143669962883,-0.2540206015110016,0.070042185485363,-0.9646593332290648,0.5292489528656006,1.7307385206222534,0.1330380141735077,-0.2574816090109788,-0.0700995848426539,0.0074104133522813,93.0
1652966792.6320992,-0.3030558824539184,-0.4487448334693908,0.0728113129734993,-0.2367238998413086,0.0648992508649826,-0.9694069623947144,0.5914798378944397,1.843682050704956,0.0994158387184143,-0.2395072831006525,-0.0649448953749657,0.0099269837905533,93.0
1652966792.642115,-0.3134235143661499,-0.3970546722412109,0.0600314326584339,-0.2181927561759948,0.0593380667269229,-0.9741000533103944,0.5900830030441284,1.9706467390060425,0.0994856134057045,-0.2203568928449173,-0.05937294466995,0.0122329118857574,93.0
1652966792.6520271,-0.2916619777679443,-0.3545081615447998,0.0305738970637321,-0.1985267251729965,0.0540055632591247,-0.9786064028739928,0.5548188090324402,2.0531930923461914,0.1234754472970962,-0.2001505370286805,-0.0540318514755294,0.0145011793812631,93.0
1652966792.662002,-0.267799973487854,-0.3461010456085205,0.0152515806257724,-0.1781839877367019,0.0487895458936691,-0.9827868938446044,0.5646018981933594,2.09592604637146,0.1397414952516555,-0.1793565113881705,-0.0488089240454251,0.016868341882023,93.0
1652966792.672149,-0.2729646861553192,-0.3407289981842041,0.0438401848077774,-0.1573485285043716,0.0434400774538517,-0.9865872263908386,0.5739454030990601,2.141660213470459,0.1255861073732376,-0.158155700757506,-0.04345375189745,0.0191506670779039,93.0
1652966792.681921,-0.3107679188251495,-0.3229936957359314,0.0409639738500118,-0.1359179615974426,0.0379087030887603,-0.9899945855140686,0.5729773044586182,2.21058201789856,0.0990074947476387,-0.1364386512896691,-0.0379177867891964,0.021086617777805,93.0
1652966792.691876,-0.3453714251518249,-0.2876495122909546,0.0201354436576366,-0.1136893406510353,0.0327972881495952,-0.9929748773574828,0.4978884756565094,2.283294439315796,0.0899202972650528,-0.1139972815798241,-0.0328031699383942,0.0226934379403817,93.0
1652966792.7018871,-0.3667632341384887,-0.2272337675094604,0.0104842483997344,-0.0907563716173172,0.0283951386809349,-0.995468258857727,0.4022671580314636,2.3451168537139893,0.0994293764233589,-0.0909181874504558,-0.0283989553309302,0.0240941443580455,93.0
1652966792.711796,-0.3765706121921539,-0.1637993454933166,0.0435114502906799,-0.0670482367277145,0.0248479135334491,-0.9974402785301208,0.3497139513492584,2.421527147293091,0.1001593098044395,-0.0671193323146872,-0.0248504708638432,0.0253662073175446,93.0
1652966792.721788,-0.3764675855636596,-0.1555826067924499,0.0477983318269252,-0.0426761806011199,0.0210645738989114,-0.998866856098175,0.4306503236293793,2.478205919265747,0.1169835701584816,-0.0426986238694785,-0.0210661328102918,0.0266346699977761,93.0
1652966792.731718,-0.368702620267868,-0.1333608627319336,0.0733448565006256,-0.0177262872457504,0.0162394866347312,-0.999710977077484,0.5467773079872131,2.533524513244629,0.1068114340305328,-0.0177295532162166,-0.0162401997290681,0.0279051030933512,93.0
1652966792.741852,-0.3683871030807495,-0.1018893718719482,0.0727774575352668,0.0077608064748346,0.0102608622983098,-0.999917209148407,0.6489042043685913,2.580609083175659,0.1001740396022796,0.0077612929291504,-0.0102610424313441,0.0289397376973095,93.0
1652966792.751765,-0.3676697015762329,-0.0538852214813232,0.0514953732490539,0.0335936918854713,0.0036346204578876,-0.9994289875030518,0.6580151319503784,2.608556032180786,0.1072730720043182,0.0336002341074354,-0.0036346284424001,0.0298439566550474,93.0
1652966792.761643,-0.3843213319778442,0.0133458375930786,0.0470948368310928,0.0597668252885341,-0.0025544401723891,-0.9982091188430786,0.5697163939476013,2.652989387512207,0.1177792400121688,0.0598026583596876,0.0025544429872737,0.030698327319777,93.0
1652966792.771594,-0.4079470634460449,0.0885879397392273,0.0277597568929195,0.0864595621824264,-0.0075876489281654,-0.9962264895439148,0.409835934638977,2.72421932220459,0.1610609292984008,0.0865701419027895,0.0075877218547074,0.0316957088262627,93.0
1652966792.781524,-0.3954560756683349,0.1477898359298706,0.0171158760786056,0.1135956645011901,-0.0113328052684664,-0.9934624433517456,0.3155893087387085,2.744668483734131,0.2143081724643707,0.1138487441558142,0.0113330475660072,0.0332118777764769,93.0
1652966792.791558,-0.3606761693954468,0.159917414188385,0.0110885053873062,0.1404460072517395,-0.0146285537630319,-0.9899802803993224,0.2934392988681793,2.701100349426269,0.2664969265460968,0.1409270483117214,0.014629075115831,0.0352151132177283,93.0
1652966792.801498,-0.3515693545341491,0.1672651767730713,0.018398892134428,0.1669074296951294,-0.0180326960980892,-0.9858076572418212,0.3251953721046448,2.6905672550201416,0.2802399098873138,0.1677197941387265,0.0180336736186756,0.0374836222590919,93.0
1652966792.811543,-0.3488557338714599,0.1930561065673828,0.01303774677217,0.1931244283914566,-0.0219641495496034,-0.9809284210205078,0.3763726353645324,2.672426700592041,0.2665289640426636,0.1943930305903692,0.021965915156973,0.0395274006570359,93.0
1652966792.8214011,-0.3258109390735626,0.2442668080329895,0.0006038919091224,0.2190298587083816,-0.0263912566006183,-0.975361168384552,0.4341102540493011,2.6567788124084477,0.2487891018390655,0.2208982887343603,0.0263943215102705,0.0412340698592215,93.0
1652966792.831312,-0.2916777729988098,0.259371280670166,-0.0193132646381855,0.2445127815008163,-0.0315137729048728,-0.9691338539123536,0.4948972165584564,2.6136398315429688,0.2339599132537841,0.2471425041934918,0.0315189896634233,0.0424733149751267,93.0
1652966792.841213,-0.2598626315593719,0.2783373594284057,-0.031586654484272,0.2691399157047272,-0.037032127380371,-0.9623888731002808,0.5349735617637634,2.5132222175598145,0.2183474004268646,0.2726916911214193,0.0370405963881268,0.0433532926592389,93.0
1652966792.851311,-0.2594478130340576,0.2808788418769836,-0.0395442880690097,0.2926356196403503,-0.0426700748503208,-0.955271542072296,0.5084569454193115,2.4347987174987797,0.2051847577095031,0.2972609416828856,0.0426830343759944,0.0438855025024408,93.0
1652966792.86126,-0.2758365273475647,0.3145275115966797,-0.048438474535942,0.3154940605163574,-0.0475240685045719,-0.9477367997169496,0.3946264684200287,2.40657639503479,0.1630745977163314,0.3213533592440626,0.047541977436935,0.0442848362644708,93.0
1652966792.871179,-0.2639155387878418,0.3722577691078186,-0.0943472906947135,0.337951123714447,-0.0510537177324295,-0.9397779107093812,0.2491163462400436,2.391634225845337,0.1218771263957023,0.3452080091028228,0.0510759204436857,0.044542371815497,93.0
1652966792.88125,-0.2090526223182678,0.4183853268623352,-0.1020823717117309,0.359931468963623,-0.0531758144497871,-0.9314621090888976,0.1485444754362106,2.327343225479126,0.0923139080405235,0.3687411045685007,0.0532009060860563,0.0448922196150002,93.0
1652966792.891057,-0.1494517028331756,0.4224055409431457,-0.0912806987762451,0.3807291090488434,-0.0550510957837104,-0.9230464696884156,0.1930380463600158,2.1812987327575684,0.0991957783699035,0.3912100817314626,0.0550789401226636,0.0451312045570544,93.0
1652966792.901091,-0.126707911491394,0.4214251041412353,-0.0606703981757164,0.3998554646968841,-0.0575089380145072,-0.9147722721099854,0.2377125769853592,2.007072687149048,0.0930745080113411,0.4120824486993446,0.0575406842767287,0.0451669489395656,93.0
1652966792.911007,-0.1492699384689331,0.4513133764266968,-0.021624282002449,0.4174126088619232,-0.0598729215562343,-0.906742513179779,0.2362050861120224,1.882912278175354,0.0503227449953556,0.4314218544391849,0.0599087516694828,0.0448909577043277,93.0
1652966792.921027,-0.1817456483840942,0.4556323885917663,-0.0325279682874679,0.4339581429958343,-0.062274906784296,-0.8987781405448914,0.264682799577713,1.81384801864624,0.0019251182675361,0.4498184749635346,0.0623152278364967,0.0440668517546242,93.0
1652966792.930904,-0.1756862103939056,0.4625628590583801,-0.0370701849460601,0.4498408436775207,-0.0647974982857704,-0.8907549977302551,0.3176056146621704,1.7399778366088867,-0.04166816547513,0.4676481454933985,0.0648429275659296,0.042517034288445,93.0
1652966792.9408898,-0.1358676254749298,0.4581711888313293,-0.0249138325452804,0.4646792411804199,-0.0675391778349876,-0.8828995823860168,0.3502945601940155,1.6054348945617676,-0.0366001687943935,0.4844737051957826,0.0675906311285902,0.0406649830180373,93.0
1652966792.950994,-0.1191796660423278,0.4639501571655273,-0.0119452625513076,0.4781274199485779,-0.070589542388916,-0.8754491806030273,0.3825473189353943,1.468550205230713,-0.0387214943766593,0.4998832755542469,0.0706482974058681,0.0385631247706978,93.0
1652966792.9608378,-0.1395684778690338,0.4787150621414184,0.0234767124056816,0.4905510544776916,-0.0735560655593872,-0.8683024644851685,0.3512796759605407,1.392404079437256,-0.0654577687382698,0.5142517779266818,0.0736225577290418,0.0363469168055464,93.0
1652966792.970803,-0.1550952196121215,0.5012842416763306,0.0178398340940475,0.5025225281715393,-0.0760979056358337,-0.8612086176872253,0.3473238050937652,1.3790853023529053,-0.092817299067974,0.5282051147530445,0.0761715429070026,0.0339467106253696,93.0
1652966792.98071,-0.1250192523002624,0.5015034675598145,-0.0023378133773803,0.5140725374221802,-0.0786406099796295,-0.8541340827941895,0.3623948991298675,1.299468755722046,-0.0874952375888824,0.5417889532274781,0.0787218901405976,0.0313450511616186,93.0
1652966792.990649,-0.0929555892944336,0.4988627433776855,0.0020573139190673,0.5245504379272461,-0.081387773156166,-0.847480297088623,0.3722248375415802,1.1584457159042358,-0.07462839782238,0.5542390281995369,0.0814778925657094,0.0287069392529895,93.0
1652966793.00102,-0.0993561744689941,0.4940680265426636,0.011024072766304,0.5338806509971619,-0.0838848128914833,-0.8413885831832886,0.3036476373672485,1.0536580085754397,-0.0632505714893341,0.5654182478245909,0.0839835008810194,0.0263712511494493,93.0
1652966793.010564,-0.1307647824287414,0.499626874923706,-0.0122318416833877,0.5426299571990967,-0.0856380462646484,-0.8355949521064758,0.2045412957668304,1.042498230934143,-0.0753759890794754,0.5759487874392807,0.0857430665439487,0.0244314745265479,93.0
1652966793.020699,-0.1191580891609191,0.4925050139427185,-0.0374635010957717,0.5512869358062744,-0.0866820365190506,-0.829800546169281,0.1453408151865005,1.011589288711548,-0.0819950103759765,0.5864045272304184,0.0867909575136612,0.0227707849167052,93.0
1652966793.030548,-0.0639618635177612,0.5142873525619507,-0.0239491462707519,0.5592926740646362,-0.0871501117944717,-0.8243764638900757,0.0508765056729316,0.915881097316742,-0.0414504334330558,0.5961113674014467,0.0872608079963588,0.021694122803273,93.0
1652966793.0407991,-0.0254886150360107,0.5535483956336975,-0.0194287747144699,0.5663211345672607,-0.0870928615331649,-0.8195701837539673,-0.0271636992692947,0.7945802211761475,-0.024041349068284,0.6046585989480665,0.0872033402826545,0.021356415647908,93.0
1652966793.050397,-0.0289851427078247,0.6015708446502686,-0.0216071605682373,0.5724726915359497,-0.0865166336297988,-0.8153465390205383,-0.0707734301686286,0.7128596901893616,-0.0161211844533681,0.6121486713427549,0.0866249297806034,0.0215175533827795,93.0
1652966793.06046,-0.0324813723564147,0.6168074011802673,-0.0204686522483825,0.57783043384552,-0.0861140117049217,-0.8116011619567871,-0.0086187124252319,0.6045369505882263,0.0025137523189187,0.6187101680286373,0.0862208034487446,0.0217049606607064,93.0
1652966793.070384,-0.020897626876831,0.604050874710083,-0.0060601457953453,0.5821921229362488,-0.0865912213921547,-0.8084270358085632,0.1111450418829917,0.4707643389701843,0.024951796978712,0.6241245747362515,0.0866997974447599,0.0215386591494929,93.0
1652966793.0803208,-0.0268144607543945,0.5730907917022705,0.0054984539747238,0.585270881652832,-0.0881553217768669,-0.8060314655303955,0.1993047297000885,0.3179963827133178,0.0594850070774555,0.6280381002621048,0.0882699065282576,0.0209336591947858,93.0
1652966793.0902271,-0.0494658350944519,0.5672815442085266,-0.0099353641271591,0.5873534083366394,-0.089857131242752,-0.8043268322944641,0.112090528011322,0.2207375317811966,0.0682967603206634,0.6307357415273074,0.0899784971909217,0.0204954227920941,93.0
1652966793.100268,-0.0595645308494567,0.5708054900169373,-0.038929283618927,0.588891863822937,-0.0907094255089759,-0.803105354309082,0.0132329231128096,0.1775620877742767,0.0569378435611724,0.6327067038116322,0.0908342811425518,0.0206707729079704,93.0
1652966793.110224,-0.0274605751037597,0.5586788654327393,-0.0426841974258422,0.5897316932678223,-0.0907539427280426,-0.802483856678009,-0.0995087400078773,0.0432703904807567,0.0791637152433395,0.6337557837843989,0.0908789847959816,0.0214620800196544,93.0
1652966793.120182,0.0150732398033142,0.584784209728241,-0.0423620417714118,0.5894036293029785,-0.0902063250541687,-0.8027865290641785,-0.159486323595047,-0.11138416826725,0.0967847853899002,0.633310391087166,0.0903291161617317,0.0230020661363635,93.0
1652966793.13011,0.0281020402908325,0.5850532650947571,-0.0586141198873519,0.5879104733467102,-0.0895334854722023,-0.8039558529853821,-0.1545891612768173,-0.2223250269889831,0.1030068397521972,0.6314071237703623,0.0896535384698887,0.024741309898144,93.0
1652966793.140085,0.0390293598175048,0.5035123229026794,-0.0599904358386993,0.5856196880340576,-0.0888895913958549,-0.8056974411010742,-0.1486335396766662,-0.3284280300140381,0.0946477130055427,0.6285185313727522,0.0890070677075904,0.0264752135372555,93.0
1652966793.150054,0.0776866674423217,0.430294930934906,-0.0715535134077072,0.582271158695221,-0.0883585959672927,-0.8081788420677185,-0.1113737821578979,-0.4852196276187897,0.0757118016481399,0.6243346032751583,0.0884739762941903,0.0279051875726627,93.0
1652966793.159992,0.0935261249542236,0.4004441499710083,-0.075968712568283,0.5777079463005066,-0.08786491304636,-0.8115006685256958,-0.099786102771759,-0.6157539486885071,0.049207754433155,0.6186685078671511,0.0879783633652268,0.0290503576180234,93.0
1652966793.169934,0.0655663013458252,0.3516781330108642,-0.1045103222131729,0.5724341869354248,-0.0873384550213813,-0.8152859807014465,-0.0892121642827987,-0.6672689914703369,0.0149029679596424,0.6121519654485598,0.0874498740460876,0.029789273810225,93.0
1652966793.179913,0.0542227029800415,0.341149628162384,-0.1109738051891326,0.566825270652771,-0.0865054652094841,-0.8192837834358215,-0.1021039932966232,-0.7167763710021973,-0.0299590453505516,0.6052383005246369,0.0866137178507623,0.0302958786044416,93.0
1652966793.190007,0.0424535870552063,0.3462090492248535,-0.0452899485826492,0.5608331561088562,-0.0856304541230201,-0.823488712310791,-0.0309429913759231,-0.753515899181366,-0.077316403388977,0.5978910987596044,0.0857354526338979,0.0302404098547596,93.0
1652966793.19989,0.0255782604217529,0.2861698865890503,-0.0136523842811584,0.5546066761016846,-0.0853924304246902,-0.8277195692062378,0.0805510431528091,-0.7727487087249756,-0.0815015658736229,0.5903355448517807,0.0854965516505801,0.0294759696387144,93.0
1652966793.20981,0.0174238681793212,0.2001677751541137,-0.0074956119060516,0.5480667948722839,-0.0859797373414039,-0.8320037722587585,0.1236751452088356,-0.824488639831543,-0.0788996145129203,0.5824886428954281,0.0860860277939511,0.0281661999953712,93.0
1652966793.219709,-0.0041212439537048,0.1429983973503112,0.0431853309273719,0.5413221120834351,-0.0866118371486663,-0.8363425135612488,0.175372689962387,-0.797433078289032,-0.1004898622632026,0.57443909697886,0.0867204944633514,0.0267611172133846,93.0
