1652967086.991023,-0.0301609188318252,0.0193927884101867,0.0106773078441619,0.1699772477149963,0.150577574968338,-0.9738758206367492,0.0716678723692894,0.5161511898040771,0.0872550010681152,0.172796269658742,-0.1511524837479916,0.221327989297312,114.0
1652967087.000764,-0.0423004329204559,0.0647788643836975,-0.0401182472705841,0.175250306725502,0.1506071388721466,-0.97293621301651,-0.1137298867106437,0.5402169227600098,0.0877457931637764,0.1782141859498396,-0.1511823847363685,0.2221755830976893,114.0
1652967087.0107698,-0.0207921266555786,0.1156628131866455,-0.0642476826906204,0.1807195097208023,0.1523366570472717,-0.9716655611991882,-0.266710102558136,0.5550238490104675,0.1125842928886413,0.1838882723590963,-0.1529320950765267,0.2235746785462015,114.0
1652967087.020763,-0.0061713457107543,0.1429394483566284,-0.0445441752672195,0.1862861216068267,0.1550788283348083,-0.9701793789863586,-0.3291695117950439,0.5639938712120056,0.1099495887756347,0.1897031620806685,-0.1557072403771925,0.2252172593474502,114.0
1652967087.03075,-0.0034854561090469,0.1515122056007385,-0.0102962702512741,0.1919620633125305,0.1579708158969879,-0.968605101108551,-0.3032710552215576,0.5698072910308838,0.1098590418696403,0.1956488263814424,-0.1586353252141106,0.2269526688521697,114.0
1652967087.04063,-0.0057003647089004,0.1775495409965515,0.031275063753128,0.1976254433393478,0.1603753268718719,-0.9670697450637816,-0.2283206433057785,0.5702190399169922,0.0903155878186225,0.2015794375865108,-0.1610708862795744,0.2284824769782387,114.0
1652967087.050614,-0.0093013048171997,0.2104179859161377,0.0321916043758392,0.2031642496585846,0.1618086248636245,-0.9656822681427002,-0.1163014397025108,0.5492951273918152,0.0834752544760704,0.2073600967714867,-0.1625231575484205,0.2296591071093617,114.0
1652967087.060742,-0.0061467885971069,0.2550500631332397,0.026261106133461,0.2083410322666168,0.1624138206243515,-0.9644769430160522,-0.0454393774271011,0.4947361946105957,0.0837041735649108,0.2127456690510475,-0.1631364586048704,0.2306311012908135,114.0
1652967087.070558,-0.0010591745376586,0.2879917025566101,0.0186674743890762,0.2129732817411422,0.1625764220952987,-0.9634372591972352,-0.0299014300107955,0.4355234801769256,0.1123225092887878,0.2175570362210548,-0.1633012489460376,0.2316924876719782,114.0
1652967087.080514,0.0112365931272506,0.3079328536987304,-0.0014183521270751,0.2168976068496704,0.1626427173614502,-0.962550163269043,-0.0474617183208465,0.3355842232704162,0.1390879154205322,0.2216346311221478,-0.1633684389524701,0.2329859224308914,114.0
1652967087.090436,0.0237246453762054,0.2897685766220093,-0.0069681853055953,0.2198056727647781,0.1629282534122467,-0.9618419408798218,-0.0856541022658348,0.2218270301818847,0.1769761741161346,0.2246677819577612,-0.1636578440804382,0.2347013612505802,114.0
1652967087.100399,0.015163704752922,0.2745678424835205,-0.0007297396659851,0.2217748165130615,0.1638767123222351,-0.9612285494804382,-0.1966037899255752,0.1343003660440445,0.1890562772750854,0.2267522605459778,-0.1646192143854732,0.2368258619252461,114.0
1652967087.110368,0.0052584111690521,0.2841030955314636,-0.001333013176918,0.2230894118547439,0.1656701564788818,-0.9606167674064636,-0.25406414270401,0.083458237349987,0.1715198904275894,0.2281906324279932,-0.1664375238480561,0.239154661771744,114.0
1652967087.120575,0.0150570720434188,0.3033990859985351,-0.0105395317077636,0.2240787148475647,0.1677203029394149,-0.9600305557250975,-0.2499030530452728,0.0673995390534401,0.1474163085222244,0.2293026572535061,-0.1685167645613903,0.2412959440324571,114.0
1652967087.130474,0.0407100319862365,0.3253422975540161,-0.0320053845643997,0.224853977560997,0.1695481091737747,-0.9595280885696412,-0.2009357661008834,0.0396001264452934,0.1558523923158645,0.2301845990299045,-0.1703711186229357,0.2433249131588872,114.0
1652967087.1402612,0.0596627444028854,0.3376299142837524,-0.0399063229560852,0.2253256887197494,0.1709640473127365,-0.9591661095619202,-0.1609901338815689,0.0063916281796991,0.146278828382492,0.2307345568772442,-0.1718080391044797,0.2452641824662541,114.0
1652967087.150206,0.0509789586067199,0.3425338864326477,-0.0419496297836303,0.2255255877971649,0.1718629449605941,-0.9589584469795228,-0.0870152562856674,-0.0106550008058547,0.1068320944905281,0.2309803025632925,-0.1727204415370256,0.2468060122591808,114.0
1652967087.160159,0.0380983054637908,0.355331540107727,-0.0492300391197204,0.2253752499818802,0.1721700876951217,-0.958938717842102,-0.0091120628640055,-0.0524324364960193,0.0544114187359809,0.2308363212729339,-0.1730322345656408,0.2476913413505427,114.0
1652967087.170186,0.0372892916202545,0.3579631447792053,-0.0550310462713241,0.2247194051742553,0.1718828231096267,-0.959144115447998,0.0610385276377201,-0.1040279790759086,0.0154469748958945,0.2301405251620344,-0.172740623440837,0.2480018599669013,114.0
1652967087.180136,0.0527189075946807,0.3439041972160339,-0.0502358973026275,0.2232363373041153,0.1709481626749038,-0.9596573710441588,0.1304932385683059,-0.2118453681468963,-0.0107101742178201,0.2285561618216173,-0.1717919232804893,0.2477618454332146,114.0
1652967087.190086,0.0693487972021102,0.325116753578186,-0.0358856469392776,0.2205529659986496,0.1697357296943664,-0.9604926705360411,0.1195828020572662,-0.3410893976688385,-0.0188842136412858,0.2257120425073804,-0.1705615011030847,0.2473077445661443,114.0
1652967087.200047,0.0561695992946624,0.3285635709762573,-0.04313525557518,0.2168712168931961,0.1692186295986175,-0.9614218473434448,0.0057613584212958,-0.4048446714878082,-0.0462413094937801,0.2218601704370301,-0.1700368084342532,0.2468580465688244,114.0
1652967087.210229,0.0483063161373138,0.303075909614563,-0.0605772584676742,0.212634265422821,0.1697691231966018,-0.9622707962989808,-0.0911830291152,-0.4544606804847717,-0.1061520427465438,0.2174766008573904,-0.1705953865958409,0.2461914936478839,114.0
1652967087.219772,0.0710689425468444,0.3034654259681701,-0.0872844010591507,0.2077244371175766,0.1714671403169632,-0.9630418419837952,-0.1955826729536056,-0.5211560726165771,-0.1425111293792724,0.2124414829252858,-0.1723186714521392,0.2452833614045639,114.0
1652967087.229744,0.0833463966846466,0.3544536828994751,-0.1257494986057281,0.2020845562219619,0.1736010611057281,-0.9638592004776,-0.1491965353488922,-0.590583086013794,-0.2107016295194625,0.2066683559524785,-0.1744850823569044,0.2439495154516393,114.0
1652967087.239742,0.0586104542016983,0.4097986817359924,-0.0833168476819992,0.195692554116249,0.1746406704187393,-0.9649896621704102,0.0527515038847923,-0.6439350247383118,-0.2888986766338348,0.2000790899252669,-0.1755408231799526,0.2415961708570968,114.0
1652967087.249701,0.0140758156776428,0.4484440088272095,-0.0133731365203857,0.188789814710617,0.1737429797649383,-0.9665256142616272,0.2741419672966003,-0.664926290512085,-0.3861309587955475,0.1928995335965098,-0.1746291966777134,0.2379138118139419,114.0
1652967087.259636,-0.0072556883096694,0.4597887396812439,-0.0063592344522476,0.181572139263153,0.1710931062698364,-0.9683794379234314,0.4295547008514404,-0.6928109526634216,-0.4287609755992889,0.1853489446446189,-0.171939035407561,0.2331455630689257,114.0
1652967087.2697458,0.0210552364587783,0.4744220376014709,-0.023792490363121,0.173891082406044,0.1672708690166473,-0.9704546928405762,0.5211389660835266,-0.7579941749572754,-0.4010291993618011,0.1773035549752623,-0.168060886246149,0.2281340098115165,114.0
1652967087.2795691,0.05308498442173,0.4841768741607666,-0.0143992751836776,0.1654056459665298,0.1629435718059539,-0.9726717472076416,0.474261462688446,-0.8636490106582642,-0.3240271210670471,0.168441567231635,-0.1636733676201684,0.2235966626186214,114.0
1652967087.2898998,0.0597045570611953,0.5073198080062866,-0.0054625272750854,0.156085267663002,0.1594542264938354,-0.9747880697250366,0.3148622214794159,-0.95954692363739,-0.2356722503900528,0.1587744681428794,-0.160137774184293,0.2201356423993851,114.0
1652967087.2996411,0.0480552017688751,0.5268007516860962,-0.0212137550115585,0.1459755897521972,0.1582224071025848,-0.9765534996986388,-0.0162709057331085,-1.0573686361312866,-0.1476373225450515,0.1483817210432401,-0.1588901251089443,0.2179774403988079,114.0
1652967087.3095589,0.0442636162042617,0.5215622186660767,-0.0310689657926559,0.1349661350250244,0.1600057184696197,-0.9778457283973694,-0.3020699024200439,-1.171286940574646,-0.0643584132194519,0.1371573621070492,-0.160696442774567,0.217148061955279,114.0
1652967087.319361,0.0260214358568191,0.5124597549438477,-0.0091392397880554,0.1228280887007713,0.1638175845146179,-0.9788141250610352,-0.4542838633060455,-1.3017969131469729,-0.0070889592170715,0.1248341102160874,-0.1645592765382848,0.2173347202121066,114.0
1652967087.3295178,-0.0204360708594322,0.5104314088821411,0.0133069306612014,0.1096847578883171,0.1683336645364761,-0.9796085953712464,-0.4629729688167572,-1.3882683515548706,0.002121583558619,0.1115035169667829,-0.169138969850784,0.2178745373858475,114.0
1652967087.3395948,-0.0626377165317535,0.4975546598434448,0.016372412443161,0.0957493260502815,0.1724245846271515,-0.9803580045700072,-0.3662304580211639,-1.461052656173706,-0.0109812840819358,0.0973589300884149,-0.1732905945614537,0.2182719690701493,114.0
1652967087.349433,-0.0656148344278335,0.5005959272384644,-0.0023301392793655,0.0810414999723434,0.175654724240303,-0.981110453605652,-0.2965642809867859,-1.5495917797088623,-0.0170138757675886,0.0824147143675538,-0.1765707877972723,0.2184691771719543,114.0
1652967087.359338,-0.0513105615973472,0.5104901194572449,-0.0386812090873718,0.0653334185481071,0.1783906817436218,-0.9817883372306824,-0.2713481187820434,-1.656934142112732,-0.0149693675339221,0.0664473526745869,-0.1793506501959265,0.2185137747760112,114.0
1652967087.36938,-0.056008793413639,0.5110914707183838,-0.0817106217145919,0.0486235655844211,0.1811521500349044,-0.9822523593902588,-0.2910730838775635,-1.756192922592163,-0.0229692365974187,0.0494617361930526,-0.1821578546693496,0.2185026998661497,114.0
1652967087.379344,-0.0901625603437423,0.5048443675041199,-0.1039490401744842,0.0310042612254619,0.1842865645885467,-0.98238343000412,-0.3421016633510589,-1.8349692821502688,-0.0366277545690536,0.0315497716752976,-0.1853459449491098,0.2183454837243,114.0
1652967087.389228,-0.1280920654535293,0.4889346957206726,-0.0843907743692398,0.0126135721802711,0.1877843290567398,-0.9821292757987976,-0.3725490570068359,-1.9087917804718015,-0.0641483291983604,0.0128423809174145,-0.1889058527853881,0.2179410275714301,114.0
1652967087.399174,-0.1602487862110138,0.4503172039985657,-0.0507618635892868,-0.0064992289990186,0.1915547102689743,-0.981460452079773,-0.4002877473831177,-1.9680663347244265,-0.1024070680141449,-0.0066219011535592,-0.1927459483777441,0.2171129974789057,114.0
1652967087.409634,-0.175742506980896,0.4083147048950195,-0.0395505726337432,-0.0262075401842594,0.1956632137298584,-0.980320930480957,-0.4469492733478546,-2.016497611999512,-0.1561720222234726,-0.0267272674426407,-0.1969336952517662,0.2157187881108268,114.0
1652967087.419162,-0.1626516133546829,0.381027340888977,-0.053818330168724,-0.0465463623404502,0.2001043409109115,-0.9786683320999146,-0.4734061658382416,-2.0751428604125977,-0.2033215910196304,-0.0475251049862306,-0.2014644136591131,0.2137070440998453,114.0
1652967087.429133,-0.1391365081071853,0.3527458310127258,-0.0629213154315948,-0.0675132572650909,0.2044770866632461,-0.9765403866767884,-0.4404141306877136,-2.1399688720703125,-0.2341961413621902,-0.0690253095192912,-0.2059294803564178,0.2112225454987158,114.0
1652967087.4390512,-0.1257602423429489,0.351100206375122,-0.0432265549898147,-0.0891140028834343,0.208525002002716,-0.9739486575126648,-0.4508262872695923,-2.190244674682617,-0.2903880476951599,-0.0912435809064979,-0.2100665724920521,0.2082252807213711,114.0
1652967087.448978,-0.151637852191925,0.3659110069274902,-0.0702747255563736,-0.1113626137375831,0.2121967077255249,-0.9708608984947203,-0.3560347855091095,-2.25577163696289,-0.3477725088596344,-0.1142058752782111,-0.213822305574911,0.2045011777274924,114.0
1652967087.458932,-0.1787615418434143,0.3244426846504211,-0.0971449017524719,-0.134119912981987,0.2151563763618469,-0.9673259854316713,-0.3731705844402313,-2.310856580734253,-0.3598373532295227,-0.1377718214400232,-0.2168519574190645,0.2004584840567862,114.0
1652967087.4689531,-0.2067324668169021,0.260011613368988,-0.055879458785057,-0.1575100719928741,0.2190874516963958,-0.9629077315330504,-0.5744203329086304,-2.3711531162261963,-0.373299092054367,-0.1621415479066812,-0.2208791089577622,0.1960509169582949,114.0
1652967087.479013,-0.252820074558258,0.1653916239738464,-0.0355474352836608,-0.1809262782335281,0.2253209948539734,-0.9573380351066588,-0.8698215484619141,-2.3401730060577397,-0.4352832734584808,-0.1867859145659541,-0.2272724928147968,0.1907503751933992,114.0
1652967087.488866,-0.3000959455966949,0.0624287724494934,-0.047201856970787,-0.204054445028305,0.2339999675750732,-0.9505818486213684,-1.1409035921096802,-2.2949185371398926,-0.5122488737106323,-0.2114537171572577,-0.2361898492881645,0.1839443620084721,114.0
1652967087.498797,-0.2838312983512878,-0.0087373852729797,-0.0272881537675857,-0.2267583012580871,0.2441155463457107,-0.9428617358207704,-1.2199418544769287,-2.260649442672729,-0.5911059975624084,-0.2360177469159423,-0.2466075365970737,0.1756943768835887,114.0
1652967087.508742,-0.2315845489501953,-0.0619532465934753,0.0036392509937286,-0.2495098114013672,0.2535171210765838,-0.9345982670783995,-1.0995283126831057,-2.284533977508545,-0.6219121217727661,-0.2608856744033107,-0.2563144505530195,0.1666920403508525,114.0
1652967087.518748,-0.2201573550701141,-0.0522709488868713,0.0344582796096801,-0.2725184261798858,0.2610434293746948,-0.9260615706443788,-0.8701673746109009,-2.3148138523101807,-0.6687438488006592,-0.2861979083001369,-0.2641029547938441,0.1575594932062679,114.0
1652967087.528736,-0.2502425014972687,-0.0347753167152404,0.0357820391654968,-0.2954270839691162,0.266265720129013,-0.917510449886322,-0.7169562578201294,-2.264988899230957,-0.7090041637420654,-0.311504961940141,-0.2695167936149149,0.1483700435609167,114.0
1652967087.538661,-0.2638075947761535,-0.0297766327857971,-0.0024854242801666,-0.3174454867839813,0.2704297602176666,-0.9088982939720154,-0.6854151487350464,-2.159231424331665,-0.7564689517021179,-0.3360190128449578,-0.2738394111991967,0.1389127242472534,114.0
1652967087.548843,-0.2042510211467743,-0.1302782893180847,-0.0704454183578491,-0.3386719822883606,0.2742265462875366,-0.9000561833381653,-0.7263711094856262,-2.1021573543548584,-0.7751622200012207,-0.3598912553835076,-0.2777853307107041,0.1289590148630695,114.0
1652967087.558524,-0.115188330411911,-0.2925065755844116,-0.0701391100883483,-0.3594668507575989,0.2786962389945984,-0.8905683755874634,-0.8675287961959839,-2.078188419342041,-0.7859084606170654,-0.383638261735199,-0.2824362879262237,0.1184212850761652,114.0
1652967087.568577,-0.0977904796600341,-0.4165005683898926,-0.0266169905662536,-0.3799164891242981,0.2839564979076385,-0.8803591132164001,-0.9880751967430116,-2.0471134185791016,-0.8015121817588806,-0.4074030442166177,-0.2879179411915056,0.1070834151676685,114.0
1652967087.578493,-0.1732940077781677,-0.4064037799835205,0.1192023456096649,-0.3998413681983948,0.2897484898567199,-0.869581937789917,-1.0896885395050049,-1.9557418823242188,-0.8779970407485962,-0.4309808839744511,-0.2939640358841343,0.0947640061757989,114.0
1652967087.588455,-0.2703572511672973,-0.3364709019660949,0.2645389139652252,-0.4186533987522125,0.2954281270503998,-0.85875004529953,-1.101118564605713,-1.7835274934768677,-0.9880558848381042,-0.4536096904531153,-0.2999036276670296,0.0810133044178317,114.0
1652967087.598394,-0.2882812023162842,-0.2839778065681457,0.2825943231582641,-0.4362976551055908,0.3003524839878082,-0.8481938242912292,-1.0059785842895508,-1.7001991271972656,-0.9581979513168336,-0.4750887949052612,-0.3050621828575874,0.0668379317554586,114.0
1652967087.608362,-0.2359004318714141,-0.2684818506240845,0.2540980875492096,-0.4533696174621582,0.3032596707344055,-0.8381465077400208,-0.5943780541419983,-1.7207975387573242,-0.8312045931816101,-0.4958447236217805,-0.3081115694967473,0.0545698256983222,114.0
1652967087.618464,-0.1938790082931518,-0.2793081998825073,0.2938911318778991,-0.4700003862380981,0.3030021786689758,-0.8290291428565979,-0.1981549561023712,-1.7531623840332031,-0.6380852460861206,-0.5157472968242097,-0.3078413472749288,0.0459372463284799,114.0
1652967087.628341,-0.1897298097610473,-0.2917072772979736,0.2988780736923218,-0.4859599173069,0.3013111352920532,-0.8203990459442139,-0.0460863262414932,-1.7154525518417358,-0.4801135063171386,-0.5347723912503096,-0.3060673881331289,0.0403896925056016,114.0
1652967087.6382542,-0.2013600468635559,-0.3178406357765198,0.2611889243125915,-0.5008189678192139,0.2995715737342834,-0.8120574355125427,-0.0680374950170517,-1.609364628791809,-0.4122832417488098,-0.5526291199798832,-0.304243567429891,0.0360863062506937,114.0
1652967087.64821,-0.2143006920814514,-0.3112343549728393,0.2160499691963195,-0.5147185325622559,0.2981101870536804,-0.8038626909255981,-0.0676731765270233,-1.553125023841858,-0.3652435541152954,-0.5695306206147279,-0.3027121965971064,0.0323105789272624,114.0
1652967087.658153,-0.3030493259429931,-0.288739800453186,0.2524661123752594,-0.5276086926460266,0.2970181405544281,-0.7958701848983765,-0.1438640803098678,-1.4007362127304075,-0.3691554367542267,-0.5854133811649194,-0.301568360223733,0.0285634606483146,114.0
1652967087.668149,-0.3893409967422485,-0.2777624726295471,0.2713225185871124,-0.5391563773155212,0.2964875698089599,-0.7882928252220154,-0.2441962659358978,-1.2369149923324585,-0.4426712095737457,-0.5998757435317591,-0.3010127454542212,0.0239024043548525,114.0
1652967087.678509,-0.3419543504714966,-0.3476501107215881,0.2326672673225402,-0.5499677062034607,0.2960192263126373,-0.7809662222862244,-0.2566120028495788,-1.210054636001587,-0.4320068061351776,-0.6135488669866608,-0.3005224043727719,0.0186044290138104,114.0
1652967087.6907458,-0.2557213306427002,-0.406265914440155,0.2164081037044525,-0.5605781078338623,0.295844703912735,-0.77345210313797,-0.2276051193475723,-1.2303050756454468,-0.3473283946514129,-0.6271601780805286,-0.3003396851090638,0.0137867313103908,114.0
1652967087.698035,-0.2726268768310547,-0.4508885741233825,0.2170970439910888,-0.5709095597267151,0.295674592256546,-0.7659235596656799,-0.2339066863059997,-1.205491065979004,-0.3049398064613342,-0.6405423100018016,-0.3001616013310895,0.0096864504870693,114.0
1652967087.707989,-0.2885777950286865,-0.4446326494216919,0.2025040388107299,-0.5806391835212708,0.2962752878665924,-0.7583397626876831,-0.3428901433944702,-1.1370561122894287,-0.2612253427505493,-0.6534557138417623,-0.3007904739712467,0.0055239435523749,114.0
1652967087.717984,-0.2502405643463135,-0.4622871279716491,0.1353299617767334,-0.5896031856536865,0.2979586124420166,-0.750725507736206,-0.4773922562599182,-1.0501166582107544,-0.2121045887470245,-0.6657611819977156,-0.3025534027336762,0.0009377159070127,114.0
1652967087.728162,-0.2198690772056579,-0.5163131952285767,0.1376319527626037,-0.5975900888442993,0.3004631698131561,-0.7433760762214661,-0.4513241648674011,-0.936034083366394,-0.1962182968854904,-0.6771063091939353,-0.3051782139898667,-0.0038707306699921,114.0
1652967087.738141,-0.2258517742156982,-0.5656861662864685,0.1909795105457306,-0.6047146320343018,0.3010859191417694,-0.737338125705719,-0.0630000606179237,-0.8192639946937561,-0.2334689795970916,-0.68689662088261,-0.3058312247467115,-0.0073303789214193,114.0
1652967087.747856,-0.2319293022155761,-0.5848501324653625,0.2567429542541504,-0.6110730767250061,0.2986311912536621,-0.7330819964408875,0.2983440160751343,-0.7034353613853455,-0.2445581257343292,-0.694876255888121,-0.3032580818283905,-0.0083978530788125,114.0
1652967087.758203,-0.2420686483383178,-0.5817281603813171,0.2427777051925659,-0.6164824366569519,0.2943011820316314,-0.7302988171577454,0.428255558013916,-0.5748048424720764,-0.2367961555719375,-0.7010885793105645,-0.2987242232089692,-0.0077408839538718,114.0
1652967087.767768,-0.24419766664505,-0.584124743938446,0.1925344467163086,-0.6207773089408875,0.290162056684494,-0.7283141613006592,0.3278530538082123,-0.4429738223552704,-0.1762294769287109,-0.705855749469785,-0.294396188259108,-0.0067529287425314,114.0
1652967087.77773,-0.2076501846313476,-0.5615334510803223,0.1408938765525818,-0.6240301728248596,0.2882443070411682,-0.7262930870056152,-0.0254533533006906,-0.358408123254776,-0.0788466110825538,-0.7098102535843093,-0.2923928261230087,-0.0067135440220253,114.0
1652967087.788807,-0.1611344814300537,-0.5317041873931885,0.0966867208480835,-0.6265700459480286,0.289375901222229,-0.723651647567749,-0.3535891473293304,-0.308154821395874,-0.0088179977610707,-0.7136212192753708,-0.2935747669673111,-0.0083643600220014,114.0
1652967087.810821,-0.158622920513153,-0.4886443614959717,0.1116012334823608,-0.6285322308540344,0.2926803827285766,-0.7206146121025085,-0.545633852481842,-0.2412534803152084,0.0025605484843254,-0.7172515697368438,-0.2970287577640956,-0.0115008769919471,114.0
1652967087.811166,-0.1592594385147094,-0.4585779309272766,0.131798505783081,-0.6300167441368103,0.2966072857379913,-0.7177068591117859,-0.549593985080719,-0.1727654933929443,-0.0074854283593595,-0.7204243948403667,-0.3011381095792537,-0.0153199685852563,114.0
1652967087.817586,-0.1444231867790222,-0.4463737607002258,0.1417787373065948,-0.6310284733772278,0.3001920580863952,-0.7153235077857971,-0.4625621736049652,-0.1031307652592659,-0.0030478024855256,-0.7228698365388383,-0.3048940034744296,-0.0188515977360734,114.0
1652967087.851534,-0.1363929510116577,-0.4089456796646118,0.1475722193717956,-0.6314751505851746,0.3029130101203918,-0.7137807607650757,-0.2962333858013153,-0.0175282452255487,-0.0006019556894898,-0.7242922009296024,-0.3077478032596783,-0.0215118482811061,114.0
1652967087.8574162,-0.0732089281082153,-0.2631061673164367,0.1140734851360321,-0.6283901929855347,0.3063671886920929,-0.7150279879570007,-0.0330588072538375,0.2615379989147186,0.0860216170549392,-0.7209968221557329,-0.3113743397676812,-0.0231815971966061,114.0
1652967087.867353,-0.0526992082595825,-0.229126751422882,0.0926642119884491,-0.6259506940841675,0.3069787323474884,-0.7169029116630554,0.0380097776651382,0.3291285037994385,0.1160841807723045,-0.7177709218101502,-0.3120168499860263,-0.0223957198621664,114.0
1652967087.8780742,-0.0255762934684753,-0.2007892727851867,0.0853407382965087,-0.6230443716049194,0.3073899745941162,-0.7192546129226685,0.0838086903095245,0.3660986721515655,0.1517618745565414,-0.7138448034711371,-0.3124489788115943,-0.0209181472231079,114.0
1652967087.88735,-0.0198411345481872,-0.1689351201057434,0.0796457827091217,-0.6198835968971252,0.3077138364315033,-0.7218424081802368,0.0911257266998291,0.366212397813797,0.1703318208456039,-0.7095531493498658,-0.3127893370287993,-0.0189995895061048,114.0
1652967087.8974671,-0.0357474684715271,-0.1239379048347473,0.070110410451889,-0.6166878342628479,0.3082922995090484,-0.7243286371231079,0.0458276197314262,0.3676422238349914,0.1768915355205536,-0.7053018373222075,-0.313397372034082,-0.0171212002558748,114.0
1652967087.907185,-0.0618954896926879,-0.0868604183197021,0.0561593174934387,-0.6134127974510193,0.3094412386417389,-0.7266161441802979,-0.0645478889346122,0.3889054358005523,0.1849947422742843,-0.7011199926014066,-0.3146053897393059,-0.0157285938237752,114.0
1652967087.917146,-0.0625902414321899,-0.0544773340225219,0.0380482077598571,-0.6099410057067871,0.3114085793495178,-0.728695273399353,-0.165071964263916,0.4039142727851867,0.1838715523481369,-0.6969169128185332,-0.3166749524397354,-0.0150384726835095,114.0
