1652969104.71181,0.0495425462722778,-0.0018932223320007,0.0079573988914489,-0.2531101107597351,0.5191269516944885,-0.8163593411445618,-0.462747186422348,-0.3374961018562317,-0.4906164407730102,-0.3006489280043987,-0.5458291500593586,-0.2593788762364136,109.0
1652969104.721714,0.0367984771728515,-0.0654025673866272,0.0352656841278076,-0.2583103775978088,0.5214970111846924,-0.8132137656211853,-0.4441109001636505,-0.2874622344970703,-0.5271190404891968,-0.3075619801346092,-0.5486044697825163,-0.2666506974208382,109.0
1652969104.731719,0.0591119825839996,-0.1643330454826355,0.1417003273963928,-0.2629542052745819,0.5239796042442322,-0.8101237416267395,-0.5219389200210571,-0.1772450804710388,-0.5339020490646362,-0.3138567186087496,-0.5515166500727988,-0.2742460661444856,109.0
1652969104.741514,0.0675187110900878,-0.2116339802742004,0.236498475074768,-0.2668443322181701,0.5272039175033569,-0.8067528605461121,-0.6448861956596375,-0.0951952263712883,-0.5454428791999817,-0.3194358413792212,-0.5553066505057282,-0.2823413919305784,109.0
1652969104.751617,0.0270164310932159,-0.2216644287109375,0.2289366722106933,-0.2703636586666107,0.5309967398643494,-0.8030853271484375,-0.6424075961112976,-0.0287305582314729,-0.6008390784263611,-0.3247381674974716,-0.5597764132679781,-0.2911713430975841,109.0
1652969104.761558,-0.0063694715499877,-0.2403042316436767,0.2217401266098022,-0.2741939425468445,0.533508837223053,-0.8001163005828857,-0.4147031009197235,-0.0770477503538131,-0.730176568031311,-0.3301501088177427,-0.5627437481486425,-0.3005742413915381,109.0
1652969104.771476,-0.0050948858261108,-0.265723705291748,0.317236840724945,-0.279588371515274,0.5338831543922424,-0.797996997833252,-0.2395631819963455,-0.2302610129117965,-0.828679084777832,-0.3369978918144233,-0.5631863310235495,-0.3105373209042548,109.0
1652969104.78166,-0.0197681784629821,-0.3249891996383667,0.372279405593872,-0.2865520417690277,0.5326277613639832,-0.7963640093803406,-0.0492036156356334,-0.3567694127559662,-0.9193338751792908,-0.3454010677112528,-0.5617023495625112,-0.3207847571089697,109.0
1652969104.791292,-0.0464153885841369,-0.3489084839820862,0.3458307385444641,-0.2952136993408203,0.5295202136039734,-0.7952718138694763,0.0807830840349197,-0.5083863735198975,-1.0729862451553345,-0.3554447238209728,-0.5580348735175225,-0.3316552367857611,109.0
1652969104.80134,-0.0578601956367492,-0.3112549781799316,0.3064274787902832,-0.3060772716999054,0.5254969596862793,-0.7938323020935059,0.0371692888438701,-0.6989880204200745,-1.2428714036941528,-0.3680044352507669,-0.5532991146338468,-0.3440700637998461,109.0
1652969104.8113031,-0.0715925097465515,-0.2773199081420898,0.2740877866744995,-0.3191698789596557,0.5214444398880005,-0.7913447022438049,-0.0318170338869094,-0.8859959840774536,-1.3696837425231934,-0.383370301524131,-0.54854284922537,-0.3583252736429476,109.0
1652969104.821285,-0.114145278930664,-0.2648168802261352,0.2684438824653625,-0.3342190384864807,0.517002284526825,-0.7880395650863647,-0.0009776297956705,-1.0675686597824097,-1.4790469408035278,-0.4011204208223959,-0.5433451510882376,-0.3737640975909218,109.0
1652969104.831193,-0.2062666416168213,-0.3073258399963379,0.2900620102882385,-0.3507707715034485,0.511527955532074,-0.7844099998474121,0.0597088858485221,-1.1310958862304688,-1.5821377038955688,-0.4205045252419754,-0.5369620442966455,-0.3899535991500653,109.0
1652969104.841124,-0.2941445112228393,-0.3358922004699707,0.2813295722007751,-0.3677207827568054,0.5052609443664551,-0.7807002067565918,0.0702597945928573,-1.1098382472991943,-1.6609071493148804,-0.4401911713429015,-0.5296843504726605,-0.4067063104142527,109.0
1652969104.851301,-0.3431459963321686,-0.3593354821205139,0.2729845345020294,-0.3846677839756012,0.4978436827659607,-0.7772917151451111,0.2109953463077545,-1.080654263496399,-1.72934889793396,-0.4595449300431331,-0.5211106698348873,-0.4235622585728255,109.0
1652969104.861754,-0.3685022592544555,-0.3620355129241943,0.3061597347259521,-0.4016088843345642,0.4885637164115906,-0.7746069431304932,0.395205408334732,-1.038443922996521,-1.838300466537476,-0.4783125935109144,-0.5104428773166377,-0.4401977951554487,109.0
1652969104.874616,-0.3865768909454345,-0.3703826665878296,0.3184275031089782,-0.4185989499092102,0.4766469299793243,-0.7730347514152527,0.6992534399032593,-1.0065131187438965,-1.9436246156692505,-0.4962945180359547,-0.4968365198007152,-0.456349337788604,109.0
1652969104.881037,-0.3848681449890136,-0.3733498454093933,0.2932334542274475,-0.4353833794593811,0.4617866277694702,-0.7727835774421692,0.984695851802826,-0.9452319145202636,-1.994068026542664,-0.513070047515507,-0.4800083962729845,-0.4712064251124259,109.0
1652969104.890946,-0.3717870712280273,-0.3604620099067688,0.2467473745346069,-0.4515009522438049,0.4445672929286957,-0.7736322283744812,1.1668769121170044,-0.9006640315055847,-2.0033438205718994,-0.5282822505175204,-0.4606911288081775,-0.4846193049403798,109.0
1652969104.900931,-0.3423119485378265,-0.3706068992614746,0.1959405243396759,-0.4671363532543182,0.4259466528892517,-0.7748246192932129,1.2869820594787598,-0.9300599694252014,-1.965574026107788,-0.5425440075564798,-0.4400079504052598,-0.4965365099061743,109.0
1652969104.910948,-0.3286069929599762,-0.3459615111351013,0.1279037594795227,-0.4824434816837311,0.4068404734134674,-0.7757120728492737,1.2964935302734375,-0.955579936504364,-1.8900309801101685,-0.5563931586382053,-0.4189926796951142,-0.5071857664355378,109.0
1652969104.921432,-0.3167525827884674,-0.3103641867637634,0.0690490305423736,-0.4971665143966675,0.3877685368061065,-0.7761836051940918,1.3157721757888794,-0.9690911769866944,-1.8007456064224243,-0.569686914889351,-0.3982094729809533,-0.5165541919935459,109.0
1652969104.930835,-0.2827194333076477,-0.2932992577552795,0.0334746539592742,-0.5112869143486023,0.3684570491313934,-0.776418149471283,1.3974919319152832,-0.9641684293746948,-1.728749394416809,-0.5823414450891642,-0.3773487585818602,-0.5245120600088603,109.0
1652969104.940874,-0.2173505425453186,-0.234352171421051,0.0122449100017547,-0.5248980522155762,0.3486863970756531,-0.7764662504196167,1.4235706329345703,-0.9724945425987244,-1.6930619478225708,-0.5944423874567664,-0.3561691651779948,-0.5313082890254429,109.0
1652969104.950668,-0.1492606401443481,-0.1479327082633972,-0.0036665499210357,-0.5382089018821716,0.328648179769516,-0.7760937809944153,1.4686973094940186,-1.012764811515808,-1.654783010482788,-0.6063396431486866,-0.334871902333666,-0.5372759309633761,109.0
1652969104.960734,-0.0920146703720092,-0.0555287599563598,-0.0295433402061462,-0.5513569712638855,0.3083213567733764,-0.7752054929733276,1.4702781438827517,-1.0462725162506104,-1.6416176557540894,-0.6182296680635073,-0.3134279180295922,-0.5425256089842594,109.0
1652969104.970724,-0.0733655095100402,0.0266127586364746,-0.0547663569450378,-0.5645129680633545,0.287768006324768,-0.7736373543739319,1.4802685976028442,-1.0782543420791626,-1.6808013916015625,-0.6303734378237983,-0.2918954432786838,-0.5476171508739651,109.0
1652969104.980833,-0.0776481032371521,0.0701994895935058,-0.0738478302955627,-0.5774117112159729,0.2664899230003357,-0.7717375159263611,1.5415889024734497,-1.051318883895874,-1.7030028104782104,-0.642346224604756,-0.2697494273528925,-0.5524385915936585,109.0
1652969104.990652,-0.0775387287139892,0.0905663967132568,-0.071200355887413,-0.5894839763641357,0.2446469366550445,-0.7698418498039246,1.5522692203521729,-0.9435828924179076,-1.7205877304077148,-0.6534867991636364,-0.2471555543301074,-0.5568736552795647,109.0
1652969105.000567,-0.0511542558670043,0.0837542414665222,-0.0830270051956176,-0.6000909209251404,0.2227974534034729,-0.7682787775993347,1.4770724773406982,-0.7759385108947754,-1.7146036624908447,-0.663100445369274,-0.2246831224938669,-0.5613123501438247,109.0
1652969105.018186,0.022077202796936,0.0800669193267822,-0.0804550498723983,-0.6089454889297485,0.2016402930021286,-0.7671549320220947,1.4319864511489868,-0.6247864961624146,-1.6319886445999146,-0.6709313695118677,-0.2030323316585957,-0.5656094555273506,109.0
1652969105.025075,0.1089935898780822,0.0826833844184875,-0.042877197265625,-0.6163026094436646,0.1809234023094177,-0.766444981098175,1.4873647689819336,-0.5291124582290649,-1.5084909200668335,-0.677239267963537,-0.1819252598921525,-0.5688477406381952,109.0
1652969105.053899,0.1802276372909546,0.0993750095367431,0.0274445712566375,-0.6225647330284119,0.1601011306047439,-0.7660162448883057,1.6511478424072266,-0.4767826497554779,-1.3810832500457764,-0.6824553502051219,-0.1607931083374036,-0.5703170634768506,109.0
1652969105.060472,0.3242731690406799,0.1881975531578064,0.0663198083639144,-0.6390926241874695,0.0918832272291183,-0.7636216878890991,2.2515344619750977,-0.6077489256858826,-0.9896501302719116,-0.6968530457457024,-0.0920130062570941,-0.5598985003893234,109.0
1652969105.070272,0.3284474015235901,0.2186359763145446,0.0403253883123397,-0.6448537111282349,0.0684086754918098,-0.7612384557723999,2.3655824661254883,-0.7168644070625305,-0.8717469573020935,-0.7028146222798269,-0.0684621441456752,-0.5521392043817925,109.0
1652969105.080332,0.3053359985351562,0.2563180327415466,-0.0229018330574035,-0.6509628891944885,0.0451185368001461,-0.7577676177024841,2.367128849029541,-0.7652891874313354,-0.7797499299049377,-0.7097266581522104,-0.0451338587186286,-0.5430030820757648,109.0
1652969105.090331,0.2736780047416687,0.2765781879425049,-0.0836614966392517,-0.657024621963501,0.0228703971952199,-0.7535221576690674,2.2441179752349854,-0.7719421982765198,-0.7114809155464172,-0.7170931475079653,-0.022872390610473,-0.5335103047878884,109.0
1652969105.100261,0.246159553527832,0.2661060094833374,-0.1330159306526184,-0.6628924012184143,0.0023701041936874,-0.7487109303474426,2.021387815475464,-0.7721179723739624,-0.6477016806602478,-0.7246778286795512,-0.0023701064761876,-0.5245605493280232,109.0
1652969105.11036,0.2295698523521423,0.252724826335907,-0.1606447696685791,-0.6684584617614746,-0.0156553871929645,-0.7435846924781799,1.7558839321136477,-0.7300528883934021,-0.5638905167579651,-0.7322443599235634,0.015656027416004,-0.5165582959664508,109.0
1652969105.120746,0.2253478765487671,0.2153748273849487,-0.1694073975086212,-0.6734070777893066,-0.031184734776616,-0.7386139035224915,1.5085535049438477,-0.640765368938446,-0.4868519008159637,-0.7392511335807537,0.0311897906416905,-0.5095344066429008,109.0
1652969105.130179,0.2384770512580871,0.1745150685310363,-0.1409625858068466,-0.6774266958236694,-0.0445843636989593,-0.7342379689216614,1.323698878288269,-0.5003064870834351,-0.4236697852611542,-0.7451757157758909,0.0445991489356156,-0.5033784718270167,109.0
1652969105.14023,0.2625620365142822,0.1546134948730468,-0.079922616481781,-0.6803476810455322,-0.0566894076764583,-0.7306938171386719,1.2931947708129885,-0.3641995191574096,-0.3558670282363891,-0.7497332013522634,0.0567198160636309,-0.4974453709891604,109.0
1652969105.149814,0.2799000740051269,0.1543858051300048,-0.0198656469583511,-0.6825032830238342,-0.0685743764042854,-0.7276585102081299,1.3640457391738892,-0.288222998380661,-0.3078727424144745,-0.7533877937081527,0.0686282369393361,-0.4907927447502842,109.0
1652969105.160112,0.2722108960151672,0.1754990816116333,0.0424782335758209,-0.6840456128120422,-0.0807778984308242,-0.7249528169631958,1.4454511404037476,-0.1909329295158386,-0.2911917865276336,-0.7563735198331147,0.0808660031929919,-0.4833227198981568,109.0
1652969105.169836,0.234452486038208,0.1606285572052002,0.0786137655377388,-0.6846020817756653,-0.0932317823171615,-0.7229300737380981,1.421632170677185,-0.0369345843791961,-0.3236925303936004,-0.7581742382878114,0.0933673757050825,-0.4756714518790456,109.0
1652969105.179892,0.1992470026016235,0.1457728147506714,0.0765867680311203,-0.6840950846672058,-0.1055480614304542,-0.7217157483100891,1.341462254524231,0.0842789262533187,-0.3653661906719208,-0.7586437152967547,0.1057450225743964,-0.4686271507623251,109.0
1652969105.189594,0.1764339804649353,0.1655448079109192,0.049891248345375,-0.6825986504554749,-0.1175030469894409,-0.7212851047515869,1.2510160207748413,0.205845832824707,-0.422857791185379,-0.757848371023533,0.1177751347052583,-0.4625633174840631,109.0
1652969105.199863,0.14253830909729,0.1732301712036132,0.0517674386501312,-0.6803191304206848,-0.1295721232891082,-0.7213716506958008,1.236998438835144,0.2620846033096313,-0.519352912902832,-0.7561187078432419,0.1299374466660854,-0.4574258861041463,109.0
1652969105.20952,0.0916650295257568,0.1675884127616882,0.0839074850082397,-0.6775720715522766,-0.1425318419933319,-0.7215129137039185,1.2961796522140503,0.2819970548152923,-0.6315493583679199,-0.7540016204853629,0.1430189041224437,-0.4529424008830042,109.0
1652969105.219585,0.0385884642601013,0.1538524627685547,0.1098530441522598,-0.6745138168334961,-0.1565908044576645,-0.7214641571044922,1.362191081047058,0.2931881844997406,-0.7068920731544495,-0.7517782342892089,0.1572379167892843,-0.4487376319132012,109.0
1652969105.229597,-0.0075392723083496,0.1560498476028442,0.1326171159744262,-0.6711716651916504,-0.1716339439153671,-0.721159040927887,1.442538142204285,0.3054985105991363,-0.772535502910614,-0.749511648233472,0.1724879868717441,-0.4445274299085524,109.0
1652969105.239647,-0.0616614818572998,0.1538662314414978,0.1655051857233047,-0.6673882007598877,-0.1877525895833969,-0.7206538915634155,1.555566906929016,0.3520976901054382,-0.8425534963607788,-0.7470423276812944,0.1888735430710366,-0.4402204480244698,109.0
1652969105.24935,-0.1063526272773742,0.1272783279418945,0.1916993707418441,-0.6628429293632507,-0.2053408026695251,-0.7200517058372498,1.7508453130722046,0.4508114755153656,-0.897400438785553,-0.7440528869390736,0.2068119209634721,-0.4353757777687597,109.0
1652969105.259278,-0.115105926990509,0.1162776947021484,0.187092900276184,-0.657110869884491,-0.2247669696807861,-0.7195033431053162,1.973992943763733,0.5896192193031311,-0.9503269791603088,-0.740106033786572,0.2267038815075554,-0.4294553103336624,109.0
1652969105.269275,-0.0953779220581054,0.1156771779060363,0.1607994437217712,-0.6502885818481445,-0.2457910031080246,-0.7188264727592468,2.1108553409576416,0.6675869226455688,-1.0013521909713743,-0.7353799296449526,0.2483356455103865,-0.422739881836203,109.0
1652969105.279253,-0.0714344978332519,0.0891193151473999,0.0972016155719757,-0.6429057717323303,-0.2678560316562652,-0.7175830006599426,2.210840940475464,0.66084885597229,-1.0344171524047852,-0.7305632088949066,0.2711670429062116,-0.415619075229767,109.0
1652969105.289219,-0.0696198344230651,0.0758843421936035,0.0276596546173095,-0.6352599859237671,-0.2902024984359741,-0.7157005667686462,2.20769476890564,0.6826344132423401,-1.0237308740615845,-0.7259251089384459,0.2944384255155537,-0.4083308120417426,109.0
1652969105.299335,-0.1052111983299255,0.0604435205459594,0.0039797723293304,-0.6272106766700745,-0.3123142123222351,-0.7134890556335449,2.190150022506714,0.7171569466590881,-1.005447268486023,-0.7211335494504115,0.3176281166592414,-0.4010036210382168,109.0
1652969105.309259,-0.1316206455230713,0.0704584121704101,0.0431784093379974,-0.618730366230011,-0.333705872297287,-0.7112054228782654,2.164360523223877,0.7855526208877563,-0.934170126914978,-0.7159764070912357,0.3402320656469773,-0.3936986393805796,109.0
1652969105.319274,-0.1182973384857177,0.0742083191871643,0.104862093925476,-0.6100351810455322,-0.3546180427074432,-0.7085923552513123,2.2018585205078125,0.8082709908485413,-0.8490200638771057,-0.7107945980459153,0.3625055366251268,-0.3856822446404333,109.0
1652969105.329217,-0.0683090090751648,0.0499628782272338,0.1274220049381256,-0.6013840436935425,-0.3750417530536651,-0.7054650783538818,2.235157012939453,0.8135654330253601,-0.7458928227424622,-0.7059231520172056,0.3844418095300878,-0.376747514467621,109.0
