1655119914.274579,0.0116695165634155,-0.0367014408111572,0.0123893618583679,0.5309788584709167,0.4004829823970794,-0.7467763423919678,0.2886728644371032,0.3363412022590637,-0.2498808056116104,0.6180889898277008,-0.4120438779562505,-0.0559605335429719,71.0
1655119914.284447,0.0369006395339965,-0.0445581674575805,0.0230598449707031,0.5322827696800232,0.3997154533863067,-0.7462590932846069,0.2857165038585663,0.2947112023830414,-0.2732617855072021,0.6195753080640424,-0.4112063892709374,-0.0601163033362699,71.0
1655119914.294395,0.0633854866027832,-0.0533438324928283,0.0168555378913879,0.5332332253456116,0.3990685641765594,-0.7459267377853394,0.293249249458313,0.2621456682682037,-0.2858330905437469,0.6206296652653392,-0.4105007905783372,-0.0644066580523044,71.0
1655119914.304328,0.0844591259956359,-0.0546628832817077,0.0105563998222351,0.533857524394989,0.3983028531074524,-0.74588942527771,0.3296525478363037,0.2128271013498306,-0.2863287031650543,0.6212070000705894,-0.4096658698075129,-0.0688997161191016,71.0
1655119914.3142018,0.1151689887046814,-0.0560126304626464,0.0038218200206756,0.5340772867202759,0.3971334099769592,-0.7463555335998535,0.3917816281318664,0.1474065631628036,-0.2736251652240753,0.6211061527608545,-0.4083912683709573,-0.0736424650459826,71.0
1655119914.324337,0.1434173583984375,-0.0514294505119323,-0.0006420612335205,0.533828854560852,0.3953869640827179,-0.7474597096443176,0.4558639228343963,0.0689349099993705,-0.2509022951126098,0.6201866290790692,-0.4064891115747045,-0.0786595869112088,71.0
1655119914.3342,0.1717455387115478,-0.0348923802375793,0.0025654137134552,0.5330884456634521,0.3930644690990448,-0.7492109537124634,0.5073177814483643,-0.0126703083515167,-0.2287138849496841,0.6184244766469339,-0.4039619474844739,-0.0838237016374991,71.0
1655119914.344353,0.2141883969306945,-0.02912437915802,0.0064355134963989,0.5317833423614502,0.3902777731418609,-0.7515915036201477,0.5396072864532471,-0.1181607842445373,-0.1963061392307281,0.6157704759742804,-0.4009332731152375,-0.0889626914727248,71.0
1655119914.354196,0.2666653394699096,-0.0142745375633239,-0.0122420787811279,0.5299045443534851,0.3870132267475128,-0.7546005845069885,0.5983091592788696,-0.1881933808326721,-0.177844613790512,0.6122222751239453,-0.3973901950565702,-0.0941408962373673,71.0
1655119914.364139,0.3156471848487854,-0.0120336413383483,-0.0326755046844482,0.5275230407714844,0.3830630779266357,-0.7582757472991943,0.6880425214767456,-0.2714808285236358,-0.1491706371307373,0.6078258762472849,-0.393110044814971,-0.0995441890504693,71.0
1655119914.3740082,0.3531016707420349,-0.0264990925788879,-0.0527063608169555,0.5247058868408203,0.3780847787857055,-0.7627159357070923,0.8132168650627136,-0.3334091901779175,-0.1290647238492965,0.6025888255173523,-0.3877266318693827,-0.1053864513019767,71.0
1655119914.3841991,0.3783698678016662,-0.0274252891540527,-0.0725284814834594,0.521303653717041,0.3719517290592193,-0.7680459022521973,0.9790796041488647,-0.4270392656326294,-0.1190728023648262,0.5963147025051149,-0.3811107142665889,-0.1118729300491396,71.0
1655119914.394037,0.3842974901199341,-0.0153343081474304,-0.1030192971229553,0.5174817442893982,0.3641276955604553,-0.7743537425994873,1.1594184637069702,-0.4715665578842163,-0.044754784554243,0.5891156470851684,-0.3726960429252581,-0.1190938673005073,71.0
1655119914.40397,0.3645521402359009,-0.0467481613159179,-0.0570025146007537,0.5138506293296814,0.3547014892101288,-0.7811174392700195,1.2268388271331787,-0.4989861845970154,0.0876812785863876,0.5818672385025268,-0.3625947842441713,-0.1260030451571437,71.0
1655119914.4140038,0.3620763421058655,-0.0431936979293823,0.0135134756565094,0.5099329948425293,0.344305157661438,-0.7883034348487854,1.293789029121399,-0.6079620718955994,0.1467367261648178,0.5741745564337404,-0.3514985847032206,-0.132213936999196,71.0
1655119914.4238791,0.3473871350288391,-0.0306387543678283,0.0182180702686309,0.5054419040679932,0.332947701215744,-0.7960366606712341,1.3247482776641846,-0.6809273362159729,0.231634572148323,0.5657209892119838,-0.3394279229157904,-0.1381348755164262,71.0
1655119914.433882,0.3049409985542297,-0.0490846037864685,0.0234663784503936,0.5008451342582703,0.3212448954582214,-0.8037137985229492,1.2568731307983398,-0.6839738488197327,0.3156528174877167,0.5572776323386762,-0.3270437805543865,-0.1428974052026781,71.0
1655119914.443903,0.2768559753894806,-0.1256576180458068,0.0027668476104736,0.4966425895690918,0.3098247051239013,-0.8107742071151733,1.156733751296997,-0.6235936284065247,0.3591276109218597,0.5495989219187388,-0.3150086702915213,-0.1465573166293533,71.0
1655119914.453734,0.2894669771194458,-0.2158947587013244,-0.0193026065826416,0.4931105971336365,0.2992861270904541,-0.816865861415863,0.9854080677032472,-0.5106166005134583,0.3721320331096649,0.5431075533946793,-0.3039444010057828,-0.1491153194128095,71.0
1655119914.463671,0.3175602555274963,-0.3173282146453857,-0.0170396566390991,0.4907283782958984,0.2903093099594116,-0.8215267658233643,0.7720646262168884,-0.3293280303478241,0.3652778565883636,0.5384591506079643,-0.2945500627681183,-0.1505302389160668,71.0
1655119914.473689,0.342307835817337,-0.4210023880004883,0.0293903648853302,0.4898455142974853,0.2829418182373047,-0.8246182799339294,0.5848134160041809,-0.1467502415180206,0.3860346376895904,0.5360160113987107,-0.2868598884338467,-0.1507809521415368,71.0
1655119914.484092,0.3397637605667114,-0.4945265054702759,0.1133833229541778,0.4905127882957458,0.2767534255981445,-0.8263199925422668,0.4510018527507782,0.0296498257666826,0.4105855226516723,0.5357085919720279,-0.2804139178361305,-0.1499497965469296,71.0
1655119914.493609,0.3131491243839264,-0.5163447856903076,0.2127111256122589,0.4925912916660309,0.2710840702056885,-0.8269626498222351,0.421257734298706,0.1926822066307068,0.4676810503005981,0.537224634493406,-0.2745190927975597,-0.1483274473391468,71.0
1655119914.50359,0.3001278638839721,-0.5451189279556274,0.2974524199962616,0.4962741434574127,0.2646508812904358,-0.8268445134162903,0.5326324701309204,0.3585604131221771,0.5716947913169861,0.5405683780650744,-0.2678418683293434,-0.1462074929914381,71.0
1655119914.513459,0.2914550900459289,-0.5456218719482422,0.3810954391956329,0.5014678835868835,0.2564473152160644,-0.826295793056488,0.7254535555839539,0.5091893672943115,0.6644982695579529,0.5454678511620518,-0.2593447852963433,-0.1440644286595955,71.0
1655119914.523493,0.2599564790725708,-0.5210407972335815,0.4407743811607361,0.507987916469574,0.2458558827638626,-0.8255320191383362,0.996594488620758,0.6459639668464661,0.7446953654289246,0.5516270496618768,-0.2484025730695861,-0.1424916346358705,71.0
1655119914.533411,0.2429715991020202,-0.5020826458930969,0.4547624588012695,0.515710711479187,0.2324628978967666,-0.8246232271194458,1.279455542564392,0.7740653157234192,0.8407951593399048,0.5588793384981275,-0.2346091910824344,-0.141743868094343,71.0
1655119914.5433578,0.2525555491447449,-0.4866684079170227,0.4225353002548218,0.5244830846786499,0.2163807153701782,-0.823466420173645,1.5101382732391355,0.8765727281570435,0.9193221926689148,0.5671258436484405,-0.2181058237029489,-0.141771677993139,71.0
1655119914.553447,0.2546705603599548,-0.4631821513175964,0.3723708093166351,0.5341630578041077,0.1985062658786773,-0.8217451572418213,1.6360474824905396,1.0204145908355713,0.9418580532073976,0.5763998057001758,-0.1998336199127997,-0.1424858193680443,71.0
1655119914.563329,0.2147420644760131,-0.4208675622940063,0.3217454850673675,0.5449015498161316,0.1799177527427673,-0.8189700841903687,1.6659326553344729,1.176383137702942,0.9323664903640748,0.5870903575767866,-0.1809028346603508,-0.1437810586709072,71.0
1655119914.573216,0.1703112125396728,-0.372516930103302,0.277286946773529,0.5566785931587219,0.1614337712526321,-0.814891517162323,1.615931749343872,1.3314024209976196,0.9251462817192078,0.599315344529437,-0.1621433063162441,-0.1452706145419798,71.0
1655119914.583221,0.1445658206939697,-0.3359183073043823,0.2362821549177169,0.56939297914505,0.143539622426033,-0.8094368577003479,1.5424609184265137,1.4615691900253296,0.8916437029838562,0.6130331973211014,-0.1440371568643813,-0.1468195582015732,71.0
1655119914.593096,0.1155439615249633,-0.2951398491859436,0.2051441520452499,0.5827745199203491,0.1265819370746612,-0.8027147054672241,1.441847801208496,1.5829344987869265,0.8337868452072144,0.6279663360722255,-0.126922432982053,-0.1484884588634664,71.0
1655119914.6031551,0.0713786482810974,-0.2591534852981567,0.1828818172216415,0.5967122316360474,0.1108956709504127,-0.794755756855011,1.3151178359985352,1.679426193237305,0.7648738026618958,0.6440206457665726,-0.1111242322770067,-0.1502672006973671,71.0
1655119914.6130571,0.0364332199096679,-0.2143465280532837,0.1664977073669433,0.6110429763793945,0.0967011526226997,-0.7856687307357788,1.1792826652526855,1.7659485340118408,0.7019166350364685,0.6610172689771384,-0.096852503457461,-0.1520230670690656,71.0
1655119914.622983,0.011164903640747,-0.1730536818504333,0.1515559256076812,0.6256149411201477,0.0839634835720062,-0.7756004929542542,1.036235809326172,1.8223611116409304,0.6225549578666687,0.6787645777614627,-0.0840624543595178,-0.1537251982687539,71.0
1655119914.632928,-0.0233146548271179,-0.112900972366333,0.1503563821315765,0.6402733325958252,0.0729254707694053,-0.7646776437759399,0.9035270810127258,1.8833694458007808,0.5354484915733337,0.6970813875579889,-0.0729902638180717,-0.1553699911522146,71.0
1655119914.6429892,-0.0636910796165466,-0.0795314908027648,0.1500551104545593,0.6550607681274414,0.0632169917225837,-0.7529270052909851,0.8267172574996948,1.9415054321289065,0.4538105726242065,0.7160019143450292,-0.063259170618023,-0.1572189368205291,71.0
1655119914.6530452,-0.1074857115745544,-0.0557016730308532,0.1515644490718841,0.6698941588401794,0.0546733401715755,-0.740440845489502,0.735622227191925,1.9777125120162964,0.3652311265468597,0.7354186158877045,-0.0547006138310606,-0.15936040832013,71.0
1655119914.6629329,-0.1433374881744384,-0.0293149352073669,0.1416957080364227,0.6845972537994385,0.0475590489804744,-0.7273683547973633,0.591199517250061,1.992420554161072,0.2947902679443359,0.7551155232587445,-0.0475769944229651,-0.1614552450118858,71.0
1655119914.672655,-0.1748000979423523,0.0126007199287414,0.1238767206668853,0.6990005970001221,0.0423830486834049,-0.7138640284538269,0.34536212682724,1.986476182937622,0.2141061127185821,0.7748784758606425,-0.0423957468249693,-0.1628774517486969,71.0
1655119914.68265,-0.234735906124115,0.1108359098434448,0.1153577864170074,0.7129769325256348,0.0398546159267425,-0.7000539898872375,0.0271207578480243,1.9571651220321653,0.1283885389566421,0.7945434315497115,-0.0398651753457546,-0.1629787915751451,71.0
1655119914.692527,-0.282231330871582,0.2141667604446411,0.119515985250473,0.7263690233230591,0.0398010313510894,-0.6861515641212463,-0.2061330080032348,1.912307858467102,0.0854290872812271,0.813862598310635,-0.0398115459149255,-0.1615104114233299,71.0
1655119914.70253,-0.2964667081832886,0.23811936378479,0.1344408690929412,0.7393072843551636,0.0408979095518589,-0.6721250414848328,-0.2273075431585312,1.893998980522156,0.0389486700296402,0.8329608963910624,-0.0409093181129479,-0.159405215680642,71.0
1655119914.712479,-0.3148548007011413,0.2359477281570434,0.1624131500720977,0.7515613436698914,0.0419783405959606,-0.6583261489868164,-0.1224660649895668,1.80829918384552,-0.0088976807892322,0.8514315470599293,-0.0419906777398265,-0.1579685110553113,71.0
1655119914.7227402,-0.3685017824172973,0.2500162124633789,0.1687975227832794,0.7630330920219421,0.0427503176033496,-0.6449441313743591,-0.0350914821028709,1.7252708673477173,-0.0640972852706909,0.8690737091302237,-0.0427633502236961,-0.1576523105721707,71.0
1655119914.732411,-0.4223076105117798,0.2718222737312317,0.1488478183746338,0.7736718058586121,0.0434129312634468,-0.6320974826812744,-0.0047149350866675,1.630252242088318,-0.0787878185510635,0.8857692229322442,-0.0434265782691139,-0.1580337197415224,71.0
1655119914.742564,-0.456734299659729,0.2856521010398865,0.1405172646045684,0.7835776209831238,0.0440835803747177,-0.6197279691696167,-0.0189882144331932,1.562482237815857,-0.0709661543369293,0.901631654067786,-0.0440978715385466,-0.1583818274693106,71.0
1655119914.752702,-0.4886989593505859,0.2930549383163452,0.1540413796901703,0.7928524017333984,0.0447653867304325,-0.6077674031257629,-0.0012806570157408,1.4862278699874878,-0.0780596733093261,0.9167820185493823,-0.044780350694712,-0.1587220076150458,71.0
1655119914.76263,-0.506493866443634,0.2846763730049133,0.1736423373222351,0.8015226125717163,0.0451076440513134,-0.5962607860565186,0.1246210783720016,1.412237286567688,-0.0819398984313011,0.9312041438471956,-0.045122955266958,-0.1596356796591809,71.0
1655119914.7724252,-0.5121711492538452,0.2685278654098511,0.1806795299053192,0.8094887137413025,0.0444181263446807,-0.5854528546333313,0.3251654803752899,1.3109703063964844,-0.0724968612194061,0.9446441203897284,-0.0444327452739963,-0.161890746607486,71.0
1655119914.782446,-0.5176010727882385,0.238269567489624,0.1648676097393036,0.8167038559913635,0.0425145924091339,-0.5754886865615845,0.4787491858005523,1.1921802759170532,-0.0402086935937404,0.956957759102638,-0.0425274085889602,-0.1655232554361005,71.0
1655119914.792519,-0.5254579186439514,0.2338615655899047,0.1126613020896911,0.8232027292251587,0.0398045144975185,-0.5663504600524902,0.5107007026672363,1.1007832288742063,0.0037074787542223,0.9681802582981928,-0.0398150340646689,-0.1697443295606976,71.0
1655119914.802775,-0.5342664122581482,0.2536705136299133,0.0674479305744171,0.8290814161300659,0.0368001237511634,-0.557915449142456,0.4496818780899048,0.9913781881332396,0.0646525919437408,0.9784687199311044,-0.0368084344439106,-0.1735480495110261,71.0
1655119914.8122702,-0.5471999049186707,0.2859771251678467,0.0402543246746063,0.8342788219451904,0.0338118374347686,-0.5503050684928894,0.3095192909240722,0.8794891834259033,0.1452549397945404,0.987689671983048,-0.0338182827288188,-0.1761540303510361,71.0
1655119914.8221068,-0.5441018342971802,0.328953742980957,0.0262234210968017,0.8387643098831177,0.0309512671083211,-0.543614387512207,0.156643196940422,0.745841920375824,0.2385380268096923,0.9957485360067306,-0.0309562102101316,-0.1770460453756298,71.0
1655119914.832152,-0.5161969065666199,0.3461337089538574,0.0262717604637146,0.8426282405853271,0.0279732383787632,-0.5377687811851501,0.0737246796488761,0.6588171124458313,0.327288806438446,1.0027582097026118,-0.0279768877261041,-0.1764429945662185,71.0
1655119914.842212,-0.4935076236724853,0.3306590318679809,0.032285064458847,0.8458789587020874,0.0245996918529272,-0.5328074097633362,0.0150347333401441,0.5228683352470398,0.4162128269672394,1.0086911088453538,-0.0246021735924717,-0.1748643060741123,71.0
1655119914.852107,-0.4601048231124878,0.3429030179977417,0.0276418328285217,0.8484715819358826,0.0208200775086879,-0.5288313031196594,-0.0979652553796768,0.424942672252655,0.5230918526649475,1.0134383026144158,-0.020821582777229,-0.1720445552318429,71.0
1655119914.862407,-0.4358413219451904,0.3745765089988708,0.0163469612598419,0.8505294919013977,0.016962980851531,-0.5256537199020386,-0.2554044127464294,0.320858359336853,0.5954302549362183,1.0172240146224132,-0.016963794329756,-0.1676275383218452,71.0
1655119914.872018,-0.4113915562629699,0.4242314100265503,0.022752434015274,0.8520196676254272,0.0134414266794919,-0.523337185382843,-0.4210409224033355,0.214254081249237,0.6512840390205383,1.0199782888426103,-0.0134418312752169,-0.1614896472059351,71.0
1655119914.882214,-0.3869912028312683,0.4502622485160827,0.0432693362236022,0.8528878092765808,0.0102432575076818,-0.5219936966896057,-0.5364276766777039,0.0891156047582626,0.6949446797370911,1.021577495406735,-0.0102434365639892,-0.1538692096623685,71.0
1655119914.89193,-0.3562235236167907,0.4632068872451782,0.0650921165943145,0.8531413078308105,0.0070209261029958,-0.5216326713562012,-0.5413222312927246,-0.0162209942936897,0.740333080291748,1.022017781468702,-0.0070209839251336,-0.1455033480698158,71.0
1655119914.902166,-0.3330774307250976,0.4409722089767456,0.0737330019474029,0.8527459502220154,0.0030797522049397,-0.5223166942596436,-0.4703202247619629,-0.1550449281930923,0.8096767663955688,1.0212279494656675,-0.0030797571684987,-0.1371700905186137,71.0
1655119914.91184,-0.3091500401496887,0.4200071096420288,0.0782915651798248,0.8516152501106262,-0.0019976238254457,-0.5241634845733643,-0.3878449499607086,-0.2789241373538971,0.915081262588501,1.0190624978623786,0.0019976252193714,-0.129019879413101,71.0
1655119914.9219189,-0.293682336807251,0.3965916037559509,0.0901450216770172,0.8497431874275208,-0.0083731729537248,-0.5271304845809937,-0.3388150930404663,-0.4211167097091675,1.037394881248474,1.0155543659101995,0.0083732710453156,-0.120867624432079,71.0
1655119914.931922,-0.2766463160514831,0.3913913369178772,0.1088702976703643,0.8470351696014404,-0.0158984940499067,-0.5312991142272949,-0.3322674334049225,-0.5515418648719788,1.1641566753387451,1.010583794406214,0.0158991637708261,-0.1122512291552403,71.0
1655119914.941694,-0.2489757537841797,0.3826813101768493,0.135275661945343,0.843504011631012,-0.0244510695338249,-0.5365661382675171,-0.3328445553779602,-0.6812934875488281,1.2850857973098757,1.0042436103814802,0.024453506388465,-0.1029212991125312,71.0
1655119914.9516978,-0.2228912711143493,0.3683264851570129,0.1576093137264251,0.8390717506408691,-0.0339063070714473,-0.5429632067680359,-0.3291928172111511,-0.8183624744415283,1.398023247718811,0.9964625654307816,0.0339128081416667,-0.0929275718183343,71.0
1655119914.961708,-0.2087602615356445,0.3602584600448608,0.1616356372833252,0.8336382508277893,-0.0442497618496418,-0.5505355000495911,-0.3421882390975952,-0.9701018929481506,1.5129170417785645,0.9871440819744188,0.044264213334633,-0.0821931941500554,71.0
1655119914.971604,-0.1940771341323852,0.3681588172912597,0.1615452170372009,0.8271491527557373,-0.0552524775266647,-0.559259831905365,-0.3558133542537689,-1.0975061655044556,1.6167832612991333,0.9762711978542492,0.0552806287415562,-0.0705773111594272,71.0
1655119914.981607,-0.1798369288444519,0.3498307466506958,0.1525857150554657,0.8196074962615967,-0.0670144334435463,-0.5689926743507385,-0.3344172537326813,-1.219488263130188,1.725145697593689,0.9639561918936947,0.0670646972182637,-0.0582962765714941,71.0
1655119914.991527,-0.1676428318023681,0.336103081703186,0.1596894562244415,0.8109381794929504,-0.079474002122879,-0.5797095894813538,-0.3693285882472992,-1.3538912534713743,1.8302240371704104,0.9501647868231824,0.0795578990125056,-0.0452254746109621,71.0
1655119915.001658,-0.1547615528106689,0.3426505327224731,0.1710561215877533,0.801108717918396,-0.0923360437154769,-0.5913534760475159,-0.372928112745285,-1.4498095512390137,1.9219611883163448,0.934910255626267,0.0924677567280818,-0.0311430067351359,71.0
1655119915.011445,-0.1396692395210266,0.2830629348754883,0.1816661357879638,0.7902887463569641,-0.1059062555432319,-0.6035126447677612,-0.2951346933841705,-1.5345067977905271,2.007183313369751,0.918609396616502,0.106105238346116,-0.0166576337831266,71.0
1655119915.021462,-0.1201759576797485,0.2314015030860901,0.1986656039953231,0.778333306312561,-0.1202506721019744,-0.6162281036376953,-0.2248280644416809,-1.6227892637252808,2.0742075443267822,0.901119813445501,0.1205423851508476,-0.0020300118483656,71.0
1655119915.0313911,-0.1190700531005859,0.1810947656631469,0.1766934990882873,0.7653561234474182,-0.135204866528511,-0.6292453408241272,-0.1842391490936279,-1.6738981008529663,2.145930767059326,0.8826883749647394,0.1356202194057758,0.0128781361825404,71.0
1655119915.041386,-0.1228798031806945,0.1248714923858642,0.1473162472248077,0.7515419721603394,-0.1503985375165939,-0.642312228679657,-0.224052608013153,-1.712934136390686,2.20510196685791,0.8636036174957928,0.1509713896778416,0.0284866541376313,71.0
1655119915.051256,-0.113551378250122,0.1161794066429138,0.12922203540802,0.7367814779281616,-0.1649581491947174,-0.655699610710144,-0.3577909171581268,-1.769261360168457,2.227902889251709,0.8435608286608781,0.1657155790753293,0.0453898166771163,71.0
1655119915.0612612,-0.1015495061874389,0.1194638609886169,0.1000787019729614,0.7211936712265015,-0.1783715635538101,-0.6693753004074097,-0.4897918403148651,-1.7902255058288574,2.245525598526001,0.8226450804297318,0.1793312206003093,0.063795056708404,71.0
1655119915.071354,-0.0929393768310546,0.0974056720733642,0.0693510174751281,0.7048168778419495,-0.1907346993684768,-0.683266818523407,-0.5794276595115662,-1.8355708122253416,2.2617387771606445,0.8009219387594717,0.1919105343851733,0.0834418881287226,71.0
1655119915.081363,-0.0818080902099609,0.0699431896209716,0.0530343055725097,0.6876277923583984,-0.2022042274475097,-0.6973388195037842,-0.6994965672492981,-1.867309808731079,2.299410343170166,0.7783865647307384,0.2036081220842209,0.1043239817394794,71.0
1655119915.091072,-0.0779184103012085,0.0615508556365966,0.0693948417901992,0.6697458624839783,-0.2122171372175216,-0.7116210460662842,-0.850945770740509,-1.8681087493896484,2.276195526123047,0.7550931115253144,0.2138432137968201,0.1266372385555277,71.0
1655119915.1012468,-0.0988367199897766,0.0466852188110351,0.070368617773056,0.6515711545944214,-0.2204845994710922,-0.7258386015892029,-0.9511786103248596,-1.860584735870361,2.2110671997070312,0.731532130278657,0.22231126773913,0.1497421129779479,71.0
1655119915.11105,-0.1056708097457885,0.0236250162124633,0.0451143085956573,0.6332892179489136,-0.2274568527936935,-0.7397352457046509,-0.9329346418380736,-1.810889482498169,2.1477086544036865,0.7080262651036517,0.2294652790710948,0.172885100246239,71.0
1655119915.121068,-0.1047198772430419,-0.049280822277069,0.021127849817276,0.615004301071167,-0.2341710776090622,-0.7529499530792236,-0.8275522589683533,-1.7985126972198486,2.1124556064605717,0.6848970737037904,0.2363658472187664,0.1954003418827095,71.0
1655119915.13096,-0.0900623798370361,-0.0996657013893127,-0.0050506293773651,0.5965168476104736,-0.2409821152687072,-0.7655686140060425,-0.7193045020103455,-1.7697335481643677,2.0936458110809326,0.6619171627060836,0.2433776589927359,0.2171881003782942,71.0
1655119915.1409369,-0.0773506164550781,-0.1433088779449463,-0.0346274822950363,0.5779762864112854,-0.2479195147752761,-0.7774826884269714,-0.6393350958824158,-1.7366251945495603,2.060084581375122,0.6392601134405802,0.2505321369968523,0.2383651947318623,71.0
1655119915.150885,-0.0695018768310546,-0.1705865859985351,-0.057466059923172,0.5595684051513672,-0.2547135055065155,-0.7886724472045898,-0.5671843886375427,-1.667363524436951,2.004515647888184,0.6170778687812095,0.2575514327870338,0.2589624097773153,71.0
1655119915.1608582,-0.077337622642517,-0.2173779010772705,-0.0848662853240966,0.5416321158409119,-0.2613251805305481,-0.7989642024040222,-0.4937927722930908,-1.5884084701538086,1.9223480224609373,0.5957514941268338,0.2643948212361239,0.2786813638980064,71.0
1655119915.171112,-0.0915564894676208,-0.2493605017662048,-0.1113778352737426,0.5243110656738281,-0.2672995924949646,-0.8084855675697327,-0.512080729007721,-1.4947686195373535,1.8243216276168823,0.5753271389906214,0.2705895505354512,0.2976586413979296,71.0
1655119915.180811,-0.099639356136322,-0.2508698105812073,-0.1564542949199676,0.5078577399253845,-0.2718751728534698,-0.8174132108688354,-0.5973048210144043,-1.3982592821121216,1.697864055633545,0.5559332510754345,0.275341082315741,0.3161213470219353,71.0
1655119915.190695,-0.1072523891925811,-0.2477307319641113,-0.2057229578495025,0.4926131665706634,-0.2747915983200073,-0.8257250189781189,-0.6681258678436279,-1.2453486919403076,1.5531234741210938,0.5379028811772457,0.2783729408088337,0.3339086954932221,71.0
1655119915.200705,-0.1181739866733551,-0.2650979161262512,-0.2377288043498993,0.47866290807724,-0.2761414349079132,-0.833443284034729,-0.7352663278579712,-1.1493947505950928,1.4046101570129397,0.5213228751829295,0.27977710319298,0.3508125192536457,71.0
1655119915.210781,-0.1042817234992981,-0.2501974701881408,-0.2692394256591797,0.4656709134578705,-0.2758502960205078,-0.8408669829368591,-0.8308117985725403,-1.0689411163330078,1.2584987878799438,0.5057548867750625,0.279474213290145,0.3668225559486652,71.0
1655119915.220634,-0.113961786031723,-0.2156140208244323,-0.2958594262599945,0.4539428949356079,-0.2739800214767456,-0.8478624820709229,-0.8662033677101135,-0.9360389709472656,1.0929638147354126,0.4915624755143982,0.277528976673127,0.38178198286941,71.0
1655119915.230565,-0.1322583854198455,-0.2209569215774536,-0.2981863617897033,0.4435224831104278,-0.271180123090744,-0.8542535901069641,-0.8535522818565369,-0.8499124050140381,0.9545314908027648,0.4788838287689671,0.2746188710553264,0.3953321870551556,71.0
1655119915.240851,-0.1269067525863647,-0.2349693775177002,-0.2832155227661133,0.4342798590660095,-0.2680998146533966,-0.8599554896354675,-0.7662258744239807,-0.7410578727722168,0.8240193128585815,0.4676417546439625,0.2714201016314794,0.4074049738769039,71.0
1655119915.250627,-0.1311532855033874,-0.2667886614799499,-0.2637625336647033,0.4261820316314697,-0.265290230512619,-0.8648641705513,-0.6368871331214905,-0.6644279956817627,0.6921344995498657,0.4578496071734886,0.2685049138006324,0.4176795921457147,71.0
1655119915.260581,-0.1291895508766174,-0.2933429479598999,-0.2523800730705261,0.4190760552883148,-0.2630008161067962,-0.8690258264541626,-0.5130440592765808,-0.5943636894226074,0.5755000114440918,0.4493361692971518,0.2661311937661537,0.4261383597098813,71.0
1655119915.270477,-0.1240783929824829,-0.2945219278335571,-0.2558245658874511,0.4128662943840027,-0.2610059082508087,-0.8725923299789429,-0.4371232092380523,-0.5278164148330688,0.4422826170921325,0.4419370946850759,0.2640640731264446,0.4329714408389752,71.0
1655119915.280522,-0.1307298243045807,-0.265092670917511,-0.2698451280593872,0.4076616168022156,-0.2588719427585602,-0.8756696581840515,-0.3945896029472351,-0.4382079243659973,0.2981626987457275,0.435703805460386,0.2618541541305085,0.4382742995261818,71.0
1655119915.290463,-0.1459268033504486,-0.2562159299850464,-0.293739378452301,0.4036325514316559,-0.2566604316234588,-0.8781834840774536,-0.3206199705600738,-0.3600183129310608,0.1427252143621444,0.4308268047025438,0.259565278180177,0.4418707911687038,71.0
1655119915.300339,-0.1465369462966919,-0.2459917068481445,-0.3153998255729675,0.4004432260990143,-0.2542718350887298,-0.8803357481956482,-0.3048412799835205,-0.3076541721820831,0.0136199537664651,0.4269010545425893,0.2570947188142701,0.4439388841463212,71.0
1655119915.368949,-0.1596767306327819,-0.228689968585968,-0.3344056010246277,0.3982326686382293,-0.2513335943222046,-0.8821803331375122,-0.3026228547096252,-0.2262334525585174,-0.1454602181911468,0.4240330655294209,0.2540578206910811,0.4446416510617458,71.0
1655119915.371664,-0.1775961220264434,-0.2285476326942443,-0.3512910008430481,0.3971396088600158,-0.2478759139776229,-0.8836501836776733,-0.2856422662734985,-0.1538191735744476,-0.291933000087738,0.4223804714904088,0.2504871291546379,0.4438170408801095,71.0
1655119915.380169,-0.2323012351989746,-0.174481987953186,-0.3287094831466675,0.408174067735672,-0.2226058691740036,-0.8853477239608765,-0.0335127636790275,0.1696512401103973,-1.1319355964660645,0.4319906014171192,0.2244865993410828,0.4078772287451166,71.0
1655119915.389909,-0.2291026711463928,-0.162410020828247,-0.3137499690055847,0.4124065637588501,-0.2176526486873626,-0.8846175074577332,0.0218285918235778,0.2083647698163986,-1.2521140575408936,0.4362419112197513,0.2194088130187637,0.3968861500432345,71.0
1655119915.404385,-0.2285621166229248,-0.1619696617126464,-0.2952917218208313,0.4172065854072571,-0.2127344161272049,-0.8835625648498535,0.0932761430740356,0.2446383535861969,-1.3742992877960205,0.4411505450553293,0.2143725866060365,0.3845043884490506,71.0
1655119915.409686,-0.2357282936573028,-0.1520969271659851,-0.2706021070480346,0.4225874543190002,-0.2078830152750015,-0.8821589946746826,0.173610121011734,0.2945291697978973,-1.5000706911087036,0.4467376068853698,0.2094101990080555,0.3707115920390599,71.0
1655119915.419724,-0.2479110360145568,-0.1471089124679565,-0.2534649670124054,0.4285446107387543,-0.203078031539917,-0.880402684211731,0.2369840443134308,0.3308858275413513,-1.6211968660354614,0.4529994305455837,0.2045004345059546,0.355483124534831,71.0
1655119915.429769,-0.2435321807861328,-0.1320538520812988,-0.2380543649196624,0.4349384605884552,-0.1981028765439987,-0.8783984184265137,0.2717394828796386,0.3669655323028564,-1.7242316007614136,0.4597596125800659,0.1994220511975963,0.3390923578740819,71.0
1655119915.439574,-0.2342755794525146,-0.1259725689888,-0.2238694876432418,0.441764622926712,-0.192893847823143,-0.8761484026908875,0.313927412033081,0.4024122059345245,-1.8325583934783936,0.4670116045827365,0.1941105267272662,0.3216286084508494,71.0
1655119915.449563,-0.2275856733322143,-0.127132773399353,-0.2019104212522506,0.4488686621189117,-0.1874939054250717,-0.8737064599990845,0.3557953238487243,0.4105507135391235,-1.9218453168869016,0.4745888038694604,0.1886101803277215,0.3030932238665813,71.0
1655119915.4594831,-0.2338917851448059,-0.1244570612907409,-0.1790198385715484,0.456151396036148,-0.1818047612905502,-0.8711331486701965,0.374987930059433,0.4421592354774475,-2.0122787952423096,0.482372359610411,0.1828214847420292,0.2836605455243861,71.0
1655119915.469325,-0.2592712044715881,-0.1300646662712097,-0.1516038626432418,0.4638305902481079,-0.1756666749715805,-0.8683331608772278,0.375905841588974,0.4882573783397674,-2.092463970184326,0.4906022779863633,0.1765829293036598,0.2634822066157775,71.0
1655119915.479337,-0.2803069651126861,-0.1283190250396728,-0.1163703650236129,0.471911609172821,-0.168968990445137,-0.8653028011322021,0.3681864142417907,0.5388281345367432,-2.1598939895629883,0.499282843704404,0.1697835228448213,0.2427666901708613,71.0
1655119915.489308,-0.2937268614768982,-0.1225256323814392,-0.0833574831485748,0.4802808761596679,-0.1617139428853988,-0.8620782494544983,0.3553398549556732,0.5684161186218262,-2.211993932723999,0.5082930529300025,0.16242720822519,0.2216524740662976,71.0
1655119915.499227,-0.2901121079921722,-0.1133660078048706,-0.0595840066671371,0.4888273775577545,-0.153916984796524,-0.8586951494216919,0.3423079550266266,0.6058074235916138,-2.260296583175659,0.5175155942510004,0.1545312765825063,0.2002531372629647,71.0
1655119915.509163,-0.2883234024047851,-0.104883074760437,-0.0421142429113388,0.4975367188453674,-0.1455841362476349,-0.8551388382911682,0.3246874809265136,0.6385716795921326,-2.304119348526001,0.5269444231488132,0.1461033664637222,0.1786373914240818,71.0
1655119915.519294,-0.2795611619949341,-0.099002718925476,-0.0351276397705078,0.5063220858573914,-0.1365337520837783,-0.8514672517776489,0.2686686813831329,0.6697130799293518,-2.334921836853028,0.5364738731447354,0.1369615523809118,0.157014259148119,71.0
1655119915.529178,-0.2644660472869873,-0.0956097841262817,-0.0314424633979797,0.5152900815010071,-0.1266080737113952,-0.8476122617721558,0.2107436507940292,0.7186136841773987,-2.36782455444336,0.5462310079715538,0.1269487832437359,0.135529703262626,71.0
1655119915.5390902,-0.2512218356132507,-0.0881096124649047,-0.0195535272359848,0.5243542194366455,-0.1156698539853096,-0.8436072468757629,0.1287720799446106,0.7566420435905457,-2.4037013053894043,0.5561232110808899,0.1159293549291426,0.1142325765416759,71.0
1655119915.549083,-0.2366553544998169,-0.0802139043807983,-0.009648323059082,0.5334693193435669,-0.103617675602436,-0.8394485712051392,0.0349313430488109,0.7949894070625305,-2.4324967861175537,0.5661140865205453,0.1038039909931422,0.0932735956321488,71.0
1655119915.559073,-0.2191476225852966,-0.0689461231231689,0.0020412728190422,0.5426034331321716,-0.0904354378581047,-0.8351065516471863,-0.0619123801589012,0.8353073000907898,-2.4505763053894043,0.5761935343607247,0.0905591684224921,0.0727993850712309,71.0
1655119915.5691009,-0.2079056501388549,-0.0564713478088378,0.021441102027893,0.5517168045043945,-0.0762659311294555,-0.8305372595787048,-0.1222604140639305,0.8667041659355164,-2.4691503047943115,0.5863547276359597,0.0763400603883511,0.0527447583761823,71.0
1655119915.578963,-0.1868654489517212,-0.0463938117027282,0.0437201894819736,0.5606905221939087,-0.0615119487047195,-0.825737476348877,-0.1299766451120376,0.8973131775856018,-2.4710850715637207,0.5965047793563298,0.0615508054706729,0.0329977789632534,71.0
1655119915.589031,-0.1689351797103881,-0.0432341694831848,0.0704662799835205,0.5694020986557007,-0.0466625839471817,-0.8207337260246277,-0.0962711498141288,0.9010880589485168,-2.4591851234436035,0.6065339037946675,0.0466795345151646,0.0133885799298458,71.0
1655119915.598954,-0.1541667580604553,-0.0340662002563476,0.0931365191936492,0.5776286721229553,-0.0321776457130909,-0.8156651854515076,-0.0338929966092109,0.8850507736206055,-2.4218547344207764,0.6161874105957661,0.0321831995712587,-0.006146958276113,71.0
1655119915.608949,-0.1184964179992675,-0.029583990573883,0.1129734218120575,0.5852781534194946,-0.0183078963309526,-0.8106259107589722,0.0405665263533592,0.866795003414154,-2.3763411045074463,0.6253440215132013,0.018308918700204,-0.0255895197322511,71.0
1655119915.6188002,-0.084235668182373,-0.0331240892410278,0.1331040263175964,0.5924907326698303,-0.0052811526693403,-0.8055599331855774,0.1670179367065429,0.8621935844421387,-2.3467862606048584,0.6341574846941781,0.0052811774271808,-0.0452000129481837,71.0
1655119915.628828,-0.0630466938018798,-0.04334157705307,0.1536611020565033,0.5992558598518372,0.0065866904333233,-0.8005304932594299,0.3125711977481842,0.8422992825508118,-2.3116705417633057,0.642587493967877,-0.0065867382307307,-0.0652536715668549,71.0
1655119915.638959,-0.0508928298950195,-0.0513184070587158,0.172246903181076,0.6056261658668518,0.0173740610480308,-0.7955595850944519,0.4291713237762451,0.8352051973342896,-2.2805309295654297,0.6506674389768581,-0.0173749349300217,-0.0857344768086868,71.0
1655119915.648886,-0.0466319322586059,-0.0495766401290893,0.179778903722763,0.6116954684257507,0.0274202041327953,-0.7906180024147034,0.4959899187088012,0.8334874510765076,-2.2494490146636963,0.6584928721221265,-0.0274236408223828,-0.106456753464054,71.0
1655119915.658926,-0.0406844019889831,-0.0400340557098388,0.184446096420288,0.6174819469451904,0.0370809882879257,-0.7857105135917664,0.5225560069084167,0.8326911926269531,-2.215551376342773,0.6660777868991575,-0.0370894895440853,-0.1271457728259977,71.0
1655119915.668793,-0.027586281299591,-0.0283343195915222,0.1885885298252105,0.6230910420417786,0.0465494133532047,-0.7807629108428955,0.5252528190612793,0.8440362811088562,-2.1758334636688232,0.6735533100373549,-0.0465662393504544,-0.147554806398283,71.0
1655119915.6788611,-0.0191412568092346,-0.0150793194770812,0.1959131062030792,0.6285620331764221,0.0560400187969207,-0.7757378816604614,0.5001069903373718,0.8609393239021301,-2.140425205230713,0.680975680600247,-0.0560693941579365,-0.1675397379683087,71.0
1655119915.688659,-0.0202192068099975,-0.0059452652931213,0.1994566619396209,0.6339429616928101,0.0656342804431915,-0.7705896496772766,0.4680803120136261,0.8732165694236755,-2.103938102722168,0.6884136109045879,-0.0656814957140673,-0.1870082879607232,71.0
1655119915.698631,-0.0221831202507019,0.0048679113388061,0.2007147967815399,0.6391570568084717,0.0754540339112281,-0.7653658986091614,0.3969057500362396,0.8705999851226807,-2.042872667312622,0.6957799802377722,-0.0755258164543962,-0.2057291159525802,71.0
1655119915.708602,-0.0124784111976623,0.0187948942184448,0.2073513269424438,0.6441160440444946,0.0856937170028686,-0.7601125836372375,0.2839498817920685,0.8619351387023926,-1.9797041416168213,0.7029801225787743,-0.0857989437568459,-0.2233430249414212,71.0
1655119915.718571,0.0159319043159484,0.0441399216651916,0.2195912301540374,0.6488019824028015,0.0965861678123474,-0.7548027038574219,0.1531287580728531,0.8570095896720886,-1.9240052700042725,0.7100208654403997,-0.096736972313991,-0.2395949057517119,71.0
1655119915.7288,0.0437904000282287,0.0665818452835083,0.2335739731788635,0.6532463431358337,0.1081466227769851,-0.7493820786476135,0.0438086576759815,0.8509584069252014,-1.866797685623169,0.7169654876068998,-0.1083585498253381,-0.2545604534667322,71.0
1655119915.738461,0.0586592555046081,0.0727129578590393,0.2549053132534027,0.6574815511703491,0.1199878677725792,-0.7438554763793945,-0.0040693851187825,0.8478875160217285,-1.798805832862854,0.7238392175136811,-0.1202776636279905,-0.2684859861632457,71.0
1655119915.748399,0.0588384270668029,0.0782875418663024,0.2769232094287872,0.6614680290222168,0.1316003650426864,-0.7383369207382202,-0.0228836201131343,0.8371729254722595,-1.7122083902359009,0.7305392466944141,-0.131983209900895,-0.2815408275370817,71.0
1655119915.758626,0.0531314611434936,0.0820052623748779,0.2865051031112671,0.6651912927627563,0.1427551358938217,-0.7328993678092957,-0.0391004048287868,0.8035094738006592,-1.596016526222229,0.7370070300422152,-0.1432445116037951,-0.293690036045501,71.0
1655119915.768518,0.0508143305778503,0.0908364057540893,0.2880091369152069,0.6686528921127319,0.1534429043531417,-0.7275703549385071,-0.0837144777178764,0.7756595611572266,-1.4869611263275146,0.7432254292607827,-0.154051504580533,-0.3047432011295214,71.0
1655119915.778582,0.0528058409690856,0.0996887683868408,0.2880304455757141,0.6718646287918091,0.1637822985649109,-0.722338855266571,-0.1300931572914123,0.7436342239379883,-1.382518649101257,0.7492110662952586,-0.1645235161706898,-0.3146455739919439,71.0
1655119915.788224,0.0540156960487365,0.1153424978256225,0.2887720167636871,0.6748356819152832,0.1737371683120727,-0.7172254323959351,-0.1662275344133377,0.7133276462554932,-1.2734181880950928,0.7549565000674681,-0.1746232931947565,-0.3234315157025783,71.0
1655119915.798398,0.0593283176422119,0.1281021833419799,0.2804081439971924,0.6775797009468079,0.1833065003156662,-0.7122390866279602,-0.2122664004564285,0.6713809967041016,-1.1709890365600586,0.760465249877389,-0.1843488970882225,-0.3311056776906428,71.0
1655119915.808321,0.0660809874534607,0.1444045305252075,0.2693080306053161,0.6800738573074341,0.192545011639595,-0.7074080109596252,-0.2490120232105255,0.6327394843101501,-1.0785995721817017,0.7657001823007625,-0.1937550330944044,-0.3377380628254254,71.0
1655119915.818167,0.0676749348640441,0.158823013305664,0.2549302577972412,0.6823250651359558,0.2013685554265976,-0.7027682662010193,-0.2742502689361572,0.5865576267242432,-0.9817723631858826,0.7706398315283749,-0.2027549023260333,-0.3434239393559005,71.0
1655119915.828084,0.070471704006195,0.1650115847587585,0.2483755499124527,0.6843348741531372,0.2095864862203598,-0.698397696018219,-0.2535187602043152,0.5381925106048584,-0.8862177133560181,0.775228172457828,-0.2111520389194273,-0.3483427994700623,71.0
1655119915.838053,0.0719884634017944,0.156848669052124,0.2445346713066101,0.6860834956169128,0.2169216424226761,-0.6944310069084167,-0.222609058022499,0.4789276123046875,-0.7824207544326782,0.7793515279438479,-0.2186599098031102,-0.3527000433793859,71.0
1655119915.848088,0.0714446306228637,0.1474525332450866,0.2361938804388046,0.6875733733177185,0.2234008759260177,-0.6908942461013794,-0.1958591192960739,0.4255142211914062,-0.690428614616394,0.7829890478526967,-0.2253021388382561,-0.3565222456035026,71.0
1655119915.857974,0.0673043727874755,0.1346164345741272,0.226034477353096,0.6888754963874817,0.2291199713945388,-0.6877169609069824,-0.1851684004068374,0.3825222849845886,-0.6074796319007874,0.7862397413584645,-0.2311735148834627,-0.3598438145280947,71.0
1655119915.86813,0.0603770017623901,0.1272717118263244,0.2129470109939575,0.6900044679641724,0.2342728674411773,-0.6848430633544922,-0.1786352694034576,0.3403797745704651,-0.5414243936538696,0.7891523185046451,-0.2364705474346683,-0.3626882152185453,71.0
1655119915.877925,0.0626269578933715,0.1166850328445434,0.1957816481590271,0.6909893751144409,0.2389717847108841,-0.6822214722633362,-0.1774506866931915,0.3004214465618133,-0.4734123051166534,0.791783072165488,-0.2413068116537118,-0.3650461609824707,71.0
1655119915.887883,0.062027096748352,0.1144452095031738,0.1802901923656463,0.6918181777000427,0.2433090656995773,-0.679844319820404,-0.1933075487613678,0.2636548578739166,-0.4188879132270813,0.7941273655654404,-0.2457759913501609,-0.3669145223553952,71.0
1655119915.89798,0.0634782314300537,0.1189595460891723,0.1636165827512741,0.6924727559089661,0.2473789304494857,-0.6777058243751526,-0.1992397457361221,0.2239045202732086,-0.3738772869110107,0.7961751477716296,-0.2499741658301669,-0.3683316290910235,71.0
1655119915.907812,0.0702576041221618,0.112452745437622,0.1479468941688537,0.6929718255996704,0.2511467635631561,-0.6758071780204773,-0.1975488364696502,0.1861571967601776,-0.3311349749565124,0.7979376133293289,-0.253864808993255,-0.3694239321129147,71.0
1655119915.9177809,0.0712682008743286,0.1075584292411804,0.1379497945308685,0.6932582259178162,0.2546283602714538,-0.6742087602615356,-0.1981693506240844,0.1420557796955108,-0.2959785759449005,0.7993277134237247,-0.2574633777099641,-0.3702373582392003,71.0
1655119915.927765,0.071955382823944,0.0994508862495422,0.1220472157001495,0.6933949589729309,0.2578814029693603,-0.67283034324646,-0.1906129568815231,0.113993301987648,-0.2706450521945953,0.8004491875049599,-0.2608287953735051,-0.3708333353632999,71.0
1655119915.937818,0.0729755163192749,0.0834381580352783,0.1171076297760009,0.6933819651603699,0.2608983814716339,-0.671679675579071,-0.1742491722106933,0.0836061015725135,-0.2507272958755493,0.801295228245391,-0.2639526991971033,-0.3713625485000376,71.0
1655119915.947627,0.0686041116714477,0.0651445388793945,0.1151148080825805,0.6932215094566345,0.2636999189853668,-0.6707505583763123,-0.1647346913814544,0.0579657256603241,-0.236040860414505,0.8018713103142276,-0.2668558948457679,-0.371851569342874,71.0
1655119915.957584,0.0678874254226684,0.0520356893539428,0.1061505675315857,0.692931056022644,0.2663927674293518,-0.6699861288070679,-0.1688500791788101,0.0382037386298179,-0.2238667458295822,0.8022317737629371,-0.2696486273403464,-0.3722726960959678,71.0
1655119915.9678369,0.0721083879470825,0.039700448513031,0.0945264995098114,0.69255530834198,0.2690599262714386,-0.6693084836006165,-0.1821953803300857,0.0255416855216026,-0.2082085311412811,0.8024663547109046,-0.2724168366766257,-0.3725098755572326,71.0
1655119915.97753,0.0780147314071655,0.030591070652008,0.0829014182090759,0.692111611366272,0.2717434167861938,-0.6686831116676331,-0.2038524746894836,0.0023253127001225,-0.1943132281303405,0.8026132753300493,-0.2752041454211808,-0.3725204513143051,71.0
1655119915.987431,0.0808641910552978,0.0291215181350708,0.0837959647178649,0.6915968060493469,0.2744041383266449,-0.668129026889801,-0.2077384889125824,-0.0026614032685756,-0.1796435564756393,0.8026556240846983,-0.2779700042718944,-0.3723083483560004,71.0
1655119915.997422,0.0800721645355224,0.0222100615501403,0.0897212922573089,0.6910459995269775,0.276855856180191,-0.6676872968673706,-0.1807968914508819,-0.0222952924668788,-0.1614224761724472,0.802587990931402,-0.2805205129141177,-0.3721240858230262,71.0
1655119916.007454,0.0775820016860961,0.0135629177093505,0.0940659046173095,0.6903929710388184,0.2789810299873352,-0.6674783229827881,-0.1484133750200271,-0.0372274741530418,-0.1461241841316223,0.8022719802892904,-0.2827328534444788,-0.3720274667962492,71.0
1655119916.017365,0.064064621925354,0.0039119124412536,0.0928306281566619,0.6897501349449158,0.280765563249588,-0.6673945188522339,-0.1096846312284469,-0.0382085852324962,-0.1256154328584671,0.8018692109424104,-0.2845916689465086,-0.372064306069547,71.0
1655119916.02749,0.0537389516830444,-0.0075204372406005,0.0914072096347808,0.6891809701919556,0.2822042405605316,-0.6673758029937744,-0.0914396494626998,-0.041757620871067,-0.1016668751835823,0.801470706900682,-0.2860909758277876,-0.3721360594569827,71.0
1655119916.037432,0.0499370694160461,-0.0172338485717773,0.0837670564651489,0.6886646747589111,0.2833746969699859,-0.6674127578735352,-0.081792876124382,-0.0397312231361866,-0.0762440785765647,0.8010685165520255,-0.2873112315547168,-0.3721464077865643,71.0
1655119916.0473351,0.0522652864456176,-0.0196797847747802,0.0727531015872955,0.6881980299949646,0.2844094038009643,-0.667453944683075,-0.0944163873791694,-0.0389502756297588,-0.0546525381505489,0.8006988916037359,-0.2883903204517731,-0.3719878501144322,71.0
1655119916.057229,0.0493590831756591,-0.0196595788002014,0.0653670728206634,0.6878540515899658,0.2853714525699615,-0.6673978567123413,-0.0981775745749473,-0.0298164319247007,-0.0365278646349906,0.8004910535386965,-0.2893939616507932,-0.371576218206845,71.0
1655119916.067326,0.0514699816703796,-0.0277696847915649,0.0648492574691772,0.6878641247749329,0.2863623201847076,-0.6669628620147705,-0.1057856231927871,-0.0305998791009187,-0.011684906668961,0.8008241727933676,-0.2904279874332212,-0.3708805664035824,71.0
1655119916.077144,0.0510567426681518,-0.0283383131027221,0.0622338056564331,0.6879569888114929,0.2872840464115143,-0.6664705872535706,-0.1089036539196968,-0.0127537716180086,-0.0039180638268589,0.8012606373286466,-0.2913901392545446,-0.3699914736658775,71.0
1655119916.087068,0.0436369180679321,-0.030289888381958,0.0580078959465026,0.6881136298179626,0.2881072759628296,-0.6659533381462097,-0.106808878481388,-0.0054053645581007,0.0128314308822155,0.8017624362888631,-0.292249724921204,-0.3690584584930961,71.0
1655119916.0974522,0.0393599271774292,-0.0297868251800537,0.0563381314277648,0.6883317232131958,0.2887851893901825,-0.6654341220855713,-0.0974452048540115,0.0075586368329823,0.029988843947649,0.8023105974310937,-0.2929577215855699,-0.3680836847100175,71.0
1655119916.107524,0.0377052426338195,-0.027684211730957,0.0454665422439575,0.6886131763458252,0.2892808318138122,-0.6649274826049805,-0.095704436302185,0.0095561677590012,0.0422546043992042,0.8028954290806193,-0.2934754583039518,-0.3670393690178915,71.0
