1652965614.568327,-0.0079172253608703,0.0528770685195922,-0.0304616093635559,0.6700723171234131,-0.4934793412685394,-0.5545098185539246,-0.4964130818843841,1.234236240386963,1.0602164268493652,0.8794884398172671,0.5160855974748656,-0.4947358727468884,72.0
1652965614.578256,-0.0198530554771423,0.0639085173606872,-0.0516205430030822,0.6716169714927673,-0.4977416098117828,-0.548802375793457,-0.4597148299217224,1.188304781913757,1.009442687034607,0.8856936029980106,0.5209929593372511,-0.4829105668886049,72.0
1652965614.5883589,-0.0360808968544006,0.0517963171005249,-0.0801078677177429,0.6730437278747559,-0.5019690990447998,-0.5431751608848572,-0.3944809734821319,1.1301562786102295,0.954285442829132,0.8917756665082293,0.5258739995055938,-0.4719754724393927,72.0
1652965614.598212,-0.0737609267234802,0.016144573688507,-0.1050136089324951,0.6743468046188354,-0.5062381625175476,-0.5375679731369019,-0.3220472633838653,1.075977087020874,0.8973128795623779,0.8977843589448331,0.5308171054148191,-0.4621113216007585,72.0
1652965614.608177,-0.1154123544692993,0.0010231137275695,-0.123794138431549,0.6755167245864868,-0.5105594992637634,-0.5319833159446716,-0.2696141302585602,1.022096037864685,0.8570818305015564,0.903711266619718,0.5358353736244295,-0.4531573010687016,72.0
1652965614.618108,-0.1449718475341797,0.0031396746635437,-0.1487693190574646,0.6765270233154297,-0.5146522521972656,-0.5267298221588135,-0.302966296672821,0.9639872908592224,0.8142029047012329,0.9092540025684672,0.5406020214473927,-0.4446179404904404,72.0
1652965614.628538,-0.1722612380981445,0.0193080306053161,-0.1731223464012146,0.6773423552513123,-0.5182380080223083,-0.5221462249755859,-0.3641015589237213,0.9042547345161438,0.7687610983848572,0.9140686115452332,0.5447894045269167,-0.4359249966216623,72.0
1652965614.6382818,-0.2065569758415222,0.0465267300605773,-0.1723886728286743,0.6779314279556274,-0.5213215351104736,-0.5182979702949524,-0.4014541804790497,0.8360724449157715,0.7434810996055603,0.9180615644610436,0.5483988638893418,-0.4269647356825296,72.0
1652965614.648202,-0.2386083006858825,0.0762848854064941,-0.166315495967865,0.6782292723655701,-0.5241141319274902,-0.5150819420814514,-0.4396207630634308,0.7682294845581055,0.7363454103469849,0.9212739047682436,0.5516745919999877,-0.4178660106644562,72.0
1652965614.658074,-0.2667753100395202,0.1103043556213378,-0.1518841981887817,0.6781827807426453,-0.526658833026886,-0.5125414133071899,-0.4801538586616516,0.7060250639915466,0.7282300591468811,0.9236208872704236,0.5546653387611659,-0.4083712738285582,72.0
1652965614.6679049,-0.2980925440788269,0.130667507648468,-0.1381627321243286,0.6777921915054321,-0.5291192531585693,-0.5105198621749878,-0.4834247529506683,0.6450765132904053,0.7387170791625977,0.9252440136749606,0.5575622789098432,-0.3986906776412843,72.0
1652965614.677864,-0.3274356126785278,0.1595837473869323,-0.1313251852989196,0.6769228577613831,-0.531592845916748,-0.5091016292572021,-0.5267503261566162,0.5665264129638672,0.7628868818283081,0.9259639278491144,0.560480028437939,-0.3886912849849808,72.0
1652965614.6878328,-0.3476027250289917,0.1948828697204589,-0.1228703260421752,0.6754530668258667,-0.5340357422828674,-0.5084968209266663,-0.5797272324562073,0.4915613234043121,0.7992331385612488,0.9254907238455696,0.5633668600400544,-0.3779326892177145,72.0
1652965614.697829,-0.3635460138320923,0.2129605412483215,-0.1068008542060852,0.6733909249305725,-0.5364637970924377,-0.5086758732795715,-0.6059189438819885,0.4037884473800659,0.8328500986099243,0.9238515990252468,0.5662412843661151,-0.3665533783619825,72.0
1652965614.7077808,-0.3709797859191894,0.2246334552764892,-0.0658378601074218,0.6707538962364197,-0.5390663146972656,-0.5094082951545715,-0.575698971748352,0.3331275880336761,0.8691652417182922,0.9212705719119098,0.5693281589795373,-0.3549300288181237,72.0
1652965614.7177448,-0.3554126620292663,0.2418327331542968,0.0035345554351806,0.6674243211746216,-0.5422918200492859,-0.5103569626808167,-0.4523942172527313,0.2362484484910965,0.9051256775856018,0.917974618989111,0.5731624409641972,-0.34361875873812,72.0
1652965614.72781,-0.339832067489624,0.2594298124313354,0.0721916556358337,0.6634861826896667,-0.5463584661483765,-0.5111541748046875,-0.2531911134719848,0.1275627017021179,0.9362391233444214,0.9143623898065364,0.5780101975864931,-0.3335839869486377,72.0
1652965614.737679,-0.3310489654541015,0.2851103544235229,0.1144440174102783,0.6585635542869568,-0.5519287586212158,-0.5115355849266052,-0.0361973270773887,0.0140262395143508,1.0037033557891846,0.9103972901572224,0.5846754005055761,-0.3251289664503465,72.0
1652965614.747639,-0.3369549512863159,0.2859500050544739,0.1365218758583068,0.6524914503097534,-0.5592055320739746,-0.5114139318466187,0.2156889736652374,-0.1234586536884307,1.100143313407898,0.9060201780346996,0.5934271859075023,-0.3182266702650083,72.0
1652965614.757577,-0.3512879610061645,0.2687872648239136,0.1412640810012817,0.6451264023780823,-0.568204939365387,-0.5108374953269958,0.3863198161125183,-0.2330867797136306,1.2087595462799072,0.9010502620006364,0.6043228100794582,-0.3125341168952686,72.0
1652965614.767517,-0.358393132686615,0.2747989296913147,0.140429139137268,0.6363929510116577,-0.5785088539123535,-0.510226845741272,0.4669904410839081,-0.3496067225933075,1.3342232704162598,0.8949903917689656,0.6168993701251094,-0.3070332591726339,72.0
1652965614.777506,-0.3650776147842407,0.2720113396644592,0.1380637288093567,0.6262012124061584,-0.5896932482719421,-0.5100331902503967,0.4471916258335113,-0.4496298730373382,1.469079852104187,0.887283625792336,0.6306789635523168,-0.3006603976949585,72.0
1652965614.7873812,-0.3760111331939697,0.2661460041999817,0.1387045383453369,0.6146585941314697,-0.6011373400688171,-0.5107139348983765,0.3314285576343536,-0.5240327715873718,1.588442087173462,0.8775014735192684,0.6449235228154456,-0.2923850935513942,72.0
1652965614.797505,-0.367973268032074,0.2719171047210693,0.1391139030456543,0.6017836928367615,-0.6123805046081543,-0.5126855969429016,0.1508573144674301,-0.6114400625228882,1.7187224626541138,0.8651751230300793,0.6590682180578773,-0.2813979898979097,72.0
1652965614.8073878,-0.3634192943572998,0.2828696370124817,0.1432706117630005,0.5874640941619873,-0.6232052445411682,-0.5162376761436462,-0.051520824432373,-0.6844666004180908,1.8507614135742188,0.8498429294589442,0.6728344839381162,-0.2670328425961328,72.0
1652965614.817287,-0.3584508895874023,0.2881827354431152,0.1716151237487793,0.5717382431030273,-0.6336511969566345,-0.52115398645401,-0.1749297082424163,-0.7600605487823486,1.983520269393921,0.8316499067007662,0.686263791024485,-0.2495179008129994,72.0
1652965614.8275108,-0.332898736000061,0.2881053686141968,0.1955679655075073,0.554456353187561,-0.6441152095794678,-0.5269665122032166,-0.208385944366455,-0.8661134839057922,2.1257846355438232,0.8108127177014895,0.6998660402758853,-0.2295090111117615,72.0
1652965614.837393,-0.3215222358703613,0.2400429844856262,0.2134697437286377,0.5354809761047363,-0.6550895571708679,-0.5330270528793335,-0.1236904934048652,-0.9539535641670228,2.2491443157196045,0.7876947141942328,0.7143011141407589,-0.2078986579563913,72.0
1652965614.847427,-0.3278526663780212,0.182728886604309,0.2306196093559265,0.5150474309921265,-0.6669751405715942,-0.5383960604667664,0.071283258497715,-1.014193773269653,2.356509208679199,0.763237693358102,0.7301415555073246,-0.185755350406707,72.0
1652965614.8576488,-0.3168438673019409,0.1371502876281738,0.2348998188972473,0.4932659268379211,-0.6801817417144775,-0.5422559976577759,0.3407013416290283,-1.078514575958252,2.4554648399353027,0.7381238608270274,0.7480105664122858,-0.1639119772885217,72.0
1652965614.867779,-0.2935683131217956,0.1009581089019775,0.230655550956726,0.4702650606632232,-0.6946600079536438,-0.5443328022956848,0.5877178311347961,-1.1167620420455933,2.5334959030151367,0.7125253547246027,0.7679471316625902,-0.1425719460317061,72.0
1652965614.877424,-0.2670092284679413,0.089627206325531,0.2141493558883667,0.4461625814437866,-0.7100598812103271,-0.5447511672973633,0.7505297660827637,-1.146188497543335,2.5984408855438232,0.6862319474131711,0.789583236797794,-0.1211574299498357,72.0
1652965614.887182,-0.2298437356948852,0.0848968625068664,0.166562795639038,0.4210973680019378,-0.7255836725234985,-0.5442475080490112,0.7720580101013184,-1.1813819408416748,2.6522021293640137,0.6585124152393609,0.8118821948078144,-0.0986440271771367,72.0
1652965614.896798,-0.1917356550693512,0.0801465511322021,0.1018762588500976,0.3950132131576538,-0.7403802871704102,-0.5438764691352844,0.6569311618804932,-1.2223693132400513,2.707295179367065,0.6281546100054525,0.8336359073434915,-0.0735744611941945,72.0
1652965614.906691,-0.1670182645320892,0.0735660791397094,0.0500200390815734,0.367976427078247,-0.7538773417472839,-0.5442997217178345,0.4940559267997741,-1.2602530717849731,2.7442736625671387,0.5944739289625125,0.8539437071419875,-0.0450557412807096,72.0
1652965614.916621,-0.1482749879360199,0.058569848537445,0.0112452507019042,0.340215265750885,-0.7657617330551147,-0.5457677841186523,0.3035687506198883,-1.2782251834869385,2.761927843093872,0.557426321744466,0.8722248967014005,-0.0129513283141448,72.0
1652965614.926609,-0.1127787232398986,0.0305231809616088,-0.0248497128486633,0.3119974732398987,-0.7760535478591919,-0.5480861663818359,0.1926883161067962,-1.2941019535064695,2.760641098022461,0.517501496492561,0.8883839005479077,0.0222273322867834,72.0
1652965614.936781,-0.0680397152900695,-0.0348387360572814,-0.0613449215888977,0.2834784984588623,-0.7850905060768127,-0.5507020950317383,0.1433772295713424,-1.30873703956604,2.7326064109802246,0.4753844753780324,0.902842208222025,0.0595532711357513,72.0
1652965614.946664,-0.0404235422611236,-0.105869710445404,-0.104420006275177,0.2551604807376861,-0.793208658695221,-0.5529133081436157,0.1887798607349395,-1.2730635404586792,2.6604995727539062,0.4323626131834589,0.916060248922388,0.0977493832511573,72.0
1652965614.956588,-0.0020512789487838,-0.1768937706947326,-0.1526476740837097,0.2275609076023101,-0.800736665725708,-0.5541090369224548,0.2623347043991089,-1.2163366079330444,2.560936689376831,0.3896783305573305,0.9285239695779548,0.1357444579863553,72.0
1652965614.9665508,0.0490872710943222,-0.2032806277275085,-0.2111454010009765,0.2009584754705429,-0.8076380491256714,-0.5543792843818665,0.2942636013031006,-1.1564016342163086,2.4389896392822266,0.3477605751962366,0.9401355794439054,0.1731739856427298,72.0
1652965614.976454,0.076707512140274,-0.200254738330841,-0.2875481843948364,0.1757643967866897,-0.8137701153755188,-0.5539720058441162,0.3218711912631988,-1.064530372619629,2.278388500213623,0.3072339118906083,0.9506098411523636,0.2094969932002254,72.0
1652965614.986548,0.1173261106014251,-0.2053266763687133,-0.3932677507400512,0.1522661447525024,-0.819012463092804,-0.5532030463218689,0.2761940062046051,-1.0003993511199951,2.104680299758911,0.2685935946156478,0.9596877850446808,0.2442667271229235,72.0
1652965614.996597,0.1569129526615142,-0.2134835124015808,-0.5232611894607544,0.1306389421224594,-0.8229911923408508,-0.5528281927108765,0.1409852355718612,-0.9163831472396852,1.8950624465942385,0.2320532267518672,0.96665681975212,0.2771589682592553,72.0
1652965615.006642,0.1713409423828125,-0.2325838804244995,-0.6262168884277344,0.111297607421875,-0.8253974318504333,-0.5534726977348328,-0.0506563633680343,-0.8172115087509155,1.645101547241211,0.1984430444024501,0.9709057889965556,0.3074562651048277,72.0
1652965615.016481,0.1873529255390167,-0.2297924160957336,-0.6702732443809509,0.0946142300963401,-0.8261256217956543,-0.5554859638214111,-0.246514543890953,-0.7210649251937866,1.3765807151794434,0.1687079094792575,0.9721968767257098,0.3341868507843879,72.0
1652965615.02651,0.177443653345108,-0.2254475951194763,-0.715022087097168,0.0807197913527488,-0.8252763152122498,-0.558930516242981,-0.4466479122638702,-0.6100872755050659,1.1077710390090942,0.1434266362588924,0.9706913053434664,0.356764759761328,72.0
1652965615.036563,0.1652082502841949,-0.2133550643920898,-0.7354288101196289,0.0696092396974563,-0.8230733275413513,-0.5636531114578247,-0.588646411895752,-0.5078949332237244,0.8467803597450256,0.1228744502670616,0.9668013603485848,0.3749518433395897,72.0
1652965615.046464,0.1532084345817566,-0.2152405381202697,-0.7108157873153687,0.0611317753791809,-0.8200831413269043,-0.5689697265625,-0.6207502484321594,-0.3990411758422851,0.6034369468688965,0.1070323323418651,0.9615562441896645,0.3887432064360342,72.0
1652965615.0564651,0.1447308957576751,-0.2378938794136047,-0.6695495843887329,0.0550676770508289,-0.8169615864753723,-0.57405686378479,-0.5707545876502991,-0.307055652141571,0.3895301818847656,0.0956345825127829,0.956122459621088,0.398367195292593,72.0
1652965615.0663528,0.1327750980854034,-0.2572808861732483,-0.6262556314468384,0.0512611716985702,-0.8140671253204346,-0.5785040855407715,-0.4846783280372619,-0.2126268744468689,0.1855629533529281,0.0883790457015855,0.9511210821260456,0.4041052632019041,72.0
1652965615.07625,0.1178955510258674,-0.2566056847572326,-0.584086537361145,0.0495696775615215,-0.8114670515060425,-0.5822921395301819,-0.4321455955505371,-0.1300611644983291,-0.0085686715319752,0.0849237885305869,0.9466581367771102,0.4062669486735379,72.0
1652965615.086215,0.0947829484939575,-0.2426835894584655,-0.5532360672950745,0.0498856306076049,-0.8089464902877808,-0.5857619047164917,-0.4136339724063873,-0.0479497797787189,-0.1925046890974044,0.0849586658306769,0.942357812041444,0.405149219934495,72.0
1652965615.096199,0.074019968509674,-0.2217520475387573,-0.5181764960289001,0.0519413240253925,-0.8063777685165405,-0.5891152620315552,-0.4236921370029449,0.0049381493590772,-0.3403539359569549,0.0879409462780702,0.93800147957706,0.4011995252427121,72.0
1652965615.106322,0.0530997477471828,-0.2054378390312194,-0.4712069630622864,0.0553902424871921,-0.8036037087440491,-0.592581570148468,-0.4394817352294922,0.0506832674145698,-0.4712933003902435,0.093201967897936,0.9333256777846932,0.3950120628472666,72.0
1652965615.11613,0.0256874561309814,-0.2067151069641113,-0.4290164709091186,0.0600211471319198,-0.8007349967956543,-0.5960041284561157,-0.4272786676883697,0.0870925709605217,-0.5806055665016174,0.1003675441816324,0.928521248843049,0.3869745357659746,72.0
1652965615.126017,0.0005873143672943,-0.2021355628967285,-0.3706430792808532,0.0656663402915,-0.7978596687316895,-0.599256157875061,-0.3979553878307342,0.1240548491477966,-0.6796349287033081,0.1091442831137915,0.9237364426439464,0.3772913378309358,72.0
1652965615.1360211,-0.026564747095108,-0.1953315734863281,-0.333605408668518,0.0722342878580093,-0.7951633930206299,-0.6020776033401489,-0.3421213626861572,0.1481869667768478,-0.7698537111282349,0.1194043264271896,0.9192769743315036,0.3661288423679822,72.0
1652965615.145973,-0.0453738570213317,-0.1854936480522155,-0.3133113980293274,0.0795535370707511,-0.7925997972488403,-0.6045302748680115,-0.3132588267326355,0.1594817042350769,-0.8476859331130981,0.1308437922604954,0.915061007658458,0.3536470480559045,72.0
1652965615.15595,-0.0715753734111785,-0.1652058362960815,-0.3044921159744262,0.0875665694475174,-0.789959728717804,-0.6068737506866455,-0.317031979560852,0.1768979728221893,-0.9255123734474182,0.1433021984530407,0.9107433371893482,0.3400434364791821,72.0
1652965615.165935,-0.0876839458942413,-0.1366648077964782,-0.2771123647689819,0.0962593927979469,-0.7871881127357483,-0.6091543436050415,-0.3011696636676788,0.178040474653244,-1.0074093341827393,0.1567254062808845,0.9062361578724304,0.3252939474513397,72.0
1652965615.176225,-0.1016545295715332,-0.1116636395454406,-0.2415040731430053,0.1054234355688095,-0.7844662666320801,-0.6111453175544739,-0.2548409104347229,0.1776427030563354,-1.0676531791687012,0.1708203171710069,0.9018350828206908,0.3095635812741208,72.0
1652965615.185777,-0.1205225586891174,-0.088093876838684,-0.2204475402832031,0.1150294095277786,-0.7819022536277771,-0.6126965880393982,-0.1873809248208999,0.1666529029607772,-1.126903414726257,0.1855825531080166,0.8977114428675973,0.2929004107600716,72.0
1652965615.195809,-0.134831964969635,-0.075743019580841,-0.2015612125396728,0.1249747797846794,-0.7796856760978699,-0.6135728359222412,-0.0895341858267784,0.1587213724851608,-1.175023913383484,0.2009350494662813,0.8941636738865272,0.2753055705102799,72.0
1652965615.2057528,-0.1491782069206237,-0.0779475569725036,-0.1716554164886474,0.1352011263370514,-0.7778989672660828,-0.6136724352836609,0.0181898809969425,0.1464561820030212,-1.2283507585525513,0.216850572961093,0.8913152960839306,0.2567924933266499,72.0
1652965615.215711,-0.166687473654747,-0.0810422301292419,-0.158953309059143,0.1458287090063095,-0.7765171527862549,-0.6129885315895081,0.1055416315793991,0.1417007446289062,-1.2874141931533811,0.2335564385236272,0.8891193477286802,0.2371362316562316,72.0
1652965615.225636,-0.1727030128240585,-0.0686823725700378,-0.1693369150161743,0.156818613409996,-0.775288999080658,-0.6118292212486267,0.1379797458648681,0.1226285025477409,-1.3463257551193235,0.2509096303749106,0.8871724840247156,0.2164609517360957,72.0
1652965615.2355871,-0.1700699627399444,-0.0418253540992736,-0.1777504682540893,0.1680710315704345,-0.7738791108131409,-0.6106252670288086,0.1220819875597953,0.099771499633789,-1.3960192203521729,0.2685931846788524,0.8849433879345019,0.1950614489129078,72.0
1652965615.245744,-0.1702824681997299,-0.0128396749496459,-0.1642021536827087,0.1795903146266937,-0.7720159292221069,-0.6097037196159363,0.0736281722784042,0.0762099847197532,-1.4566274881362915,0.2864524908392574,0.882006745423536,0.1730992252623698,72.0
1652965615.255575,-0.1762823164463043,0.0194854140281677,-0.1531746983528137,0.1913427263498306,-0.769447922706604,-0.609375,-0.0141010805964469,0.0506740510463714,-1.5019383430480957,0.3042493024478588,0.8779763059430269,0.1508292882282188,72.0
1652965615.265572,-0.1794517934322357,0.0432087182998657,-0.1567744612693786,0.2032249718904495,-0.7660465240478516,-0.609813392162323,-0.1183563768863678,0.0216844789683818,-1.5410621166229248,0.3216824294477161,0.8726678519828779,0.1286064488773116,72.0
1652965615.275415,-0.1797734498977661,0.0654060244560241,-0.1354196071624755,0.2151280641555786,-0.7618886232376099,-0.610938310623169,-0.173907458782196,-0.012154284864664,-1.5729461908340454,0.3385687288697055,0.8662240002937452,0.106584015489149,72.0
1652965615.2853808,-0.1786563992500305,0.0752486586570739,-0.108553409576416,0.2269046604633331,-0.7573065161705017,-0.6123733520507812,-0.1863239109516143,-0.0527911931276321,-1.5981775522232056,0.3548488371380949,0.8591787410501487,0.0847029322316903,72.0
1652965615.295398,-0.1854180991649627,0.0838413834571838,-0.0704191923141479,0.2385644614696502,-0.7525330185890198,-0.6138249635696411,-0.1546990722417831,-0.0900230854749679,-1.6241304874420166,0.3706857288732233,0.8519000452063014,0.0627997377809745,72.0
1652965615.305374,-0.1856171488761901,0.0899199843406677,-0.035181701183319,0.2501007616519928,-0.7478839755058289,-0.6149138808250427,-0.0629640892148017,-0.133331686258316,-1.6421691179275513,0.3862901803131095,0.8448687681315094,0.0405488448064353,72.0
1652965615.315455,-0.1817298829555511,0.0982682108879089,-0.0133119821548461,0.2613502144813537,-0.7435086369514465,-0.6155412197113037,-0.0046242214739322,-0.1823573857545852,-1.6480085849761963,0.401519979632625,0.838301869948204,0.0180488495045045,72.0
1652965615.325317,-0.1798276603221893,0.1221899390220642,0.0024106502532958,0.2722501158714294,-0.7391964197158813,-0.6160101890563965,0.0155383050441741,-0.2329393327236175,-1.6483765840530396,0.4161454115899428,0.8318764152752867,-0.0044323592027922,72.0
1652965615.33506,-0.1764039993286132,0.1480181813240051,0.0139648914337158,0.2827882468700409,-0.7346832156181335,-0.6166614890098572,-0.0044670291244983,-0.2833713293075561,-1.6543225049972534,0.4299656062375705,0.8251995727907039,-0.0266465702603377,72.0
1652965615.345268,-0.1744945645332336,0.1706606745719909,0.0241320133209228,0.2929485440254211,-0.7297899127006531,-0.6177279949188232,-0.046797439455986,-0.3287207186222076,-1.6550029516220093,0.4428243651602275,0.8180145783377928,-0.0483853739765858,72.0
1652965615.3551311,-0.1696516275405883,0.1824309229850769,0.0332358479499816,0.3026929199695587,-0.7245351672172546,-0.6192137598991394,-0.0699467658996582,-0.3901693820953369,-1.6456692218780518,0.4546752224308357,0.8103597748404198,-0.0696280388733174,72.0
1652965615.36524,-0.1641295552253723,0.1952720284461975,0.0529419779777526,0.3119261264801025,-0.7189575433731079,-0.6211296916007996,-0.0993656441569328,-0.4423950314521789,-1.6400063037872314,0.4653993617328594,0.8023013306422997,-0.0902651476416617,72.0
1652965615.375038,-0.1687107384204864,0.2033617496490478,0.0684193968772888,0.320688247680664,-0.7131488919258118,-0.6233599185943604,-0.107058510184288,-0.4895482659339905,-1.6272971630096436,0.4751415973763622,0.7939799400535286,-0.1103589825595069,72.0
1652965615.3851218,-0.1639207899570465,0.2099825143814087,0.0900757908821106,0.3289903104305267,-0.7072327136993408,-0.625769317150116,-0.1029316782951355,-0.5422781109809875,-1.6251530647277832,0.484024903164066,0.7855762697452984,-0.1301140085579804,72.0
1652965615.394967,-0.1602865159511566,0.2109866738319397,0.1048845648765564,0.3367848396301269,-0.7013505697250366,-0.628238320350647,-0.0595201626420021,-0.5998068451881409,-1.6100866794586182,0.4920918871806202,0.7772903977134432,-0.149599785310798,72.0
1652965615.404973,-0.1510475575923919,0.2086254954338073,0.1163696646690368,0.3439186215400696,-0.6956847906112671,-0.6306684613227844,-0.0295864958316087,-0.6643349528312683,-1.5838189125061035,0.4992460704022912,0.7693727879774834,-0.1688575601848039,72.0
1652965615.414898,-0.1584700942039489,0.2070041894912719,0.1358988285064697,0.3503950834274292,-0.6901894807815552,-0.633136510848999,0.0111717861145734,-0.7203994393348694,-1.558447241783142,0.5054708182297734,0.7617508825040199,-0.1878240005219909,72.0
1652965615.424811,-0.1667252480983734,0.2045216560363769,0.1432966589927673,0.3562546372413635,-0.6849073171615601,-0.635597825050354,0.0269518140703439,-0.7696332931518555,-1.5330049991607666,0.510871364572289,0.754476475414874,-0.206491203266159,72.0
1652965615.434813,-0.1620838046073913,0.2089278101921081,0.1587753891944885,0.3615466356277466,-0.6796340942382812,-0.6382644772529602,0.0273922346532344,-0.8203847408294678,-1.511646747589111,0.5153870695695976,0.7472636990761321,-0.2247353485356528,72.0
1652965615.444797,-0.1559005975723266,0.2033981680870056,0.159731388092041,0.3662429749965668,-0.6743034720420837,-0.6412339210510254,-0.0037584947422146,-0.8771217465400696,-1.4824790954589844,0.518938681392888,0.7400210367123976,-0.2424433826724747,72.0
1652965615.454884,-0.1508991718292236,0.2128028869628906,0.1538264751434326,0.3702594637870788,-0.6687647700309753,-0.6447182297706604,-0.048953004181385,-0.9314663410186768,-1.454066276550293,0.5213054741722506,0.7325460845656325,-0.2593928061293176,72.0
1652965615.4646978,-0.147860586643219,0.2141050100326538,0.1507894992828369,0.3736295700073242,-0.6629048585891724,-0.6488127708435059,-0.1176748126745224,-0.9774921536445618,-1.4193298816680908,0.5224852698486391,0.7246920049940134,-0.2754563108977025,72.0
1652965615.474598,-0.1438672542572021,0.2197630405426025,0.1639103889465332,0.3763500452041626,-0.6567842960357666,-0.6534484624862671,-0.157210499048233,-1.0306501388549805,-1.3932076692581177,0.52254379263519,0.7165463815668549,-0.290711257974409,72.0
1652965615.484565,-0.1323498487472534,0.2268410325050354,0.1709380745887756,0.3783977329730987,-0.6506285071372986,-0.6584053635597229,-0.1404496282339096,-1.08627188205719,-1.3604143857955933,0.5216226611846633,0.7084117856852399,-0.3054441159045036,72.0
1652965615.49456,-0.1174682676792144,0.2230104207992553,0.1776102185249328,0.3796294629573822,-0.6448800563812256,-0.6633333563804626,-0.0779429748654365,-1.1607269048690796,-1.3190560340881348,0.519807101318091,0.7008663344280774,-0.31992209171669,72.0
1652965615.504533,-0.1161397099494934,0.2083708643913269,0.1944540739059448,0.3799488842487335,-0.6398274898529053,-0.6680266857147217,0.0137075809761881,-1.2206599712371826,-1.264185070991516,0.5171343958015984,0.694273799890571,-0.3342686328065173,72.0
1652965615.514481,-0.1232629716396331,0.2030082941055297,0.2064386010169983,0.3795037567615509,-0.635561466217041,-0.6723381280899048,0.0951784029603004,-1.260861039161682,-1.21294367313385,0.5138723466921028,0.6887355156006696,-0.3485559398560556,72.0
1652965615.5245528,-0.1169422268867492,0.1949692964553833,0.21620774269104,0.3782489895820617,-0.6320554614067078,-0.6763383746147156,0.1434932202100753,-1.3171815872192385,-1.1602314710617063,0.5099247882355671,0.6842028440587301,-0.3625963737730575,72.0
1652965615.5343518,-0.1155627965927124,0.18352872133255,0.2183806896209716,0.37618288397789,-0.6288877725601196,-0.6804312467575073,0.12725530564785,-1.3667423725128174,-1.101962327957153,0.5050359638030387,0.68012188610045,-0.3761143164590811,72.0
1652965615.544658,-0.1225418150424957,0.1670106649398803,0.2032038569450378,0.373411476612091,-0.6255365014076233,-0.6850312948226929,0.0403699502348899,-1.4069901704788208,-1.0428497791290283,0.4990744668144679,0.6758189686883997,-0.3886780094952379,72.0
1652965615.554338,-0.1238012611865997,0.1517032980918884,0.1955364346504211,0.3699254691600799,-0.6217448711395264,-0.6903538703918457,-0.0579652041196823,-1.4486013650894165,-0.9875068068504332,0.4919138676925885,0.6709685332992356,-0.3999738323642449,72.0
1652965615.564364,-0.1266907155513763,0.1347205638885498,0.2085940241813659,0.365719586610794,-0.6176514625549316,-0.6962440013885498,-0.1121160611510276,-1.476121425628662,-0.9329820275306702,0.483662556622341,0.6657529740911121,-0.4102004085919937,72.0
1652965615.5742002,-0.1305849850177765,0.123005986213684,0.2242311239242553,0.3609163761138916,-0.6135132908821106,-0.7023822665214539,-0.1294769495725631,-1.4988840818405151,-0.8842954039573669,0.4746630321414348,0.6605019172538898,-0.4196668865247644,72.0
1652965615.58418,-0.137445867061615,0.1181550621986389,0.2376295924186706,0.3555702269077301,-0.6095320582389832,-0.7085481882095337,-0.1291555017232895,-1.5111868381500244,-0.8394520282745361,0.4651099581444307,0.6554701523172354,-0.4285887085777474,72.0
1652965615.5942369,-0.1362715363502502,0.1174936294555664,0.254502534866333,0.3498030006885528,-0.6058818697929382,-0.7145243287086487,-0.0872366800904274,-1.523072600364685,-0.7973122596740723,0.4552613094873652,0.6508738880461554,-0.4371926363167687,72.0
1652965615.6041331,-0.1228159964084625,0.1170471310615539,0.2732337117195129,0.3435343205928802,-0.6028539538383484,-0.720104992389679,-0.0132798943668603,-1.5372962951660156,-0.7479631304740906,0.4451289400706094,0.6470733651821835,-0.445617192817793,72.0
1652965615.614048,-0.1214053034782409,0.1149945259094238,0.2987163066864013,0.3367830514907837,-0.6005961298942566,-0.7251630425453186,0.0667158067226409,-1.550759196281433,-0.710250735282898,0.4347838883324528,0.6442464775759424,-0.4539615738334095,72.0
1652965615.624106,-0.1269413232803344,0.1045023202896118,0.3111671805381775,0.3296542465686798,-0.5991462469100952,-0.7296244502067566,0.1493648737668991,-1.547480821609497,-0.6599777340888977,0.4243611107995599,0.6424343651564763,-0.4622883923522638,72.0
1652965615.633964,-0.1255388557910919,0.0981119871139526,0.3198565244674682,0.3221635520458221,-0.5982224941253662,-0.7337168455123901,0.1570117473602295,-1.5498175621032717,-0.6126691699028015,0.4137394362696923,0.6412810944287248,-0.4702933825066832,72.0
1652965615.643997,-0.1111349761486053,0.0868479013442993,0.3239719271659851,0.314244657754898,-0.5973330140113831,-0.7378641366958618,0.0930498093366622,-1.556577205657959,-0.5516092777252197,0.402619289021205,0.6401714999512137,-0.4775682123642073,72.0
1652965615.65394,-0.095660924911499,0.0639265775680542,0.3117382526397705,0.3058048784732818,-0.5958720445632935,-0.7425764799118042,-0.0642703771591186,-1.5694068670272827,-0.4885976314544678,0.3906509055471166,0.6383511036914538,-0.483601247387148,72.0
1652965615.6640491,-0.0863633453845977,0.0409616231918334,0.3106569647789001,0.296843022108078,-0.5934327840805054,-0.7481455206871033,-0.2288018018007278,-1.572049856185913,-0.4196718335151672,0.37772032677575,0.6353171313904253,-0.4881583703904721,72.0
1652965615.673805,-0.0788671374320983,0.0212178230285644,0.3230391144752502,0.2873784601688385,-0.590083122253418,-0.754463791847229,-0.357938140630722,-1.563946008682251,-0.344635933637619,0.3639369169298562,0.6311618065192469,-0.4912568737188794,72.0
1652965615.683782,-0.070742666721344,-0.0072301626205444,0.3477001786231994,0.2774686515331268,-0.5863170623779297,-0.7610804438591003,-0.3984957039356231,-1.5478583574295044,-0.2750632464885711,0.3495971491725221,0.6265049718561392,-0.4932224994237618,72.0
1652965615.693781,-0.0638317465782165,-0.0248975753784179,0.377112865447998,0.2671092748641968,-0.5827402472496033,-0.7675066590309143,-0.3570630848407745,-1.5328161716461182,-0.1993313133716583,0.3349116755295271,0.6220965775122571,-0.4943776751808766,72.0
1652965615.703724,-0.0519030094146728,-0.0494748950004577,0.3837720155715942,0.2563401758670807,-0.5799389481544495,-0.773279070854187,-0.268114298582077,-1.507359266281128,-0.1106898635625839,0.3200975255054729,0.6186537677336025,-0.4949458603900868,72.0
1652965615.713606,-0.0316253155469894,-0.0700000524520874,0.3930312395095825,0.2451414912939071,-0.5779829621315002,-0.7783581614494324,-0.210688903927803,-1.4753224849700928,-0.0023571895435452,0.3051125332749115,0.6162547844675359,-0.4947308932044252,72.0
1652965615.7236118,-0.0211565047502517,-0.0931147336959838,0.3759914636611938,0.2335282564163208,-0.5765835046768188,-0.7829534411430359,-0.1973954737186432,-1.4271847009658811,0.1116687133908271,0.2898650631995431,0.6145409207977541,-0.4933734061019734,72.0
1652965615.733714,-0.0078965127468109,-0.1238148808479309,0.3486401438713074,0.2216720879077911,-0.5753398537635803,-0.7873026728630066,-0.2171204388141632,-1.3757942914962769,0.2105567902326584,0.2744536957520868,0.6130196240146201,-0.490803115037804,72.0
1652965615.743579,0.0154804587364196,-0.1362725496292114,0.3435221314430237,0.2095560878515243,-0.5738992691040039,-0.7916601896286011,-0.2959300279617309,-1.3286054134368896,0.3143212795257568,0.2587696771974625,0.6112593775859577,-0.4869028265354292,72.0
1652965615.7535372,0.0380132049322128,-0.132912278175354,0.3215265870094299,0.1971551924943924,-0.5717401504516602,-0.7963937520980835,-0.4446478188037872,-1.2853071689605713,0.4058814644813537,0.2426808201222678,0.6086252963215937,-0.4815693720996911,72.0
1652965615.763495,0.0412317365407943,-0.1231135129928588,0.3138947486877441,0.1845372319221496,-0.5685180425643921,-0.8017064332962036,-0.5728752613067627,-1.238929271697998,0.4971368312835693,0.2262398610811785,0.6047033330308891,-0.4747685399589123,72.0
1652965615.773402,0.0473704040050506,-0.1232747435569763,0.3456916809082031,0.1717304736375808,-0.5646704435348511,-0.807252049446106,-0.6202988624572754,-1.1962487697601318,0.5878286957740784,0.2096098943900127,0.6000339210753954,-0.4668277985281086,72.0
1652965615.783366,0.0575234442949295,-0.1321251392364502,0.3660397529602051,0.158556193113327,-0.5606961250305176,-0.8126991391181946,-0.6173486113548279,-1.167627215385437,0.6966832876205444,0.1926779382233797,0.5952262378902171,-0.4577035747424602,72.0
1652965615.793401,0.0534691214561462,-0.176621675491333,0.3615040183067322,0.1450476348400116,-0.5570453405380249,-0.8177173733711243,-0.5665701031684875,-1.124869704246521,0.8114374279975891,0.1755551193061811,0.590823779392127,-0.4475121321578704,72.0
1652965615.803502,0.0492415428161621,-0.2364052534103393,0.3872989416122436,0.1313003897666931,-0.5539554357528687,-0.8221274614334106,-0.4748710989952087,-1.062697410583496,0.9202403426170348,0.1583706072572879,0.5871077448022373,-0.4362129667230877,72.0
1652965615.813281,0.0512457489967346,-0.2846244573593139,0.3868618607521057,0.1175774186849594,-0.5516109466552734,-0.8257729411125183,-0.3922119736671448,-0.9944329261779784,1.0027178525924685,0.1414340122981965,0.5842943702645448,-0.4240521306270782,72.0
1652965615.82321,0.0597878918051719,-0.2837535738945007,0.3932821750640869,0.1039693653583526,-0.5495778322219849,-0.8289478421211243,-0.3818815648555755,-0.9204540848731996,1.070783257484436,0.1247717525491845,0.5818588209420824,-0.4111329126875138,72.0
1652965615.833346,0.0531637147068977,-0.2711015939712524,0.3720251321792602,0.0907723680138588,-0.5472264289855957,-0.8320478200912476,-0.4427752196788788,-0.8381236791610718,1.1127784252166748,0.1086653898945502,0.5790469008515602,-0.3977186195963151,72.0
1652965615.843186,0.0659635290503501,-0.2630327343940735,0.3660148978233337,0.07792679220438,-0.5442984700202942,-0.8352643847465515,-0.5014145374298096,-0.773695707321167,1.1556425094604492,0.0930266803263672,0.5755525989735977,-0.3836931672277795,72.0
1652965615.853138,0.0646858885884285,-0.2599981427192688,0.3630854487419128,0.0653952285647392,-0.5404230356216431,-0.8388482928276062,-0.6446309685707092,-0.7119988203048706,1.190085768699646,0.0778009879944404,0.5709397738222192,-0.3692742363256279,72.0
1652965615.8630872,0.0476492941379547,-0.2745605111122131,0.359006404876709,0.0534553714096546,-0.5349249243736267,-0.8432068824768066,-0.8205476999282837,-0.5938615202903748,1.2255862951278689,0.0633105975600163,0.5644188669868959,-0.3544024536334811,72.0
1652965615.873412,0.0387315303087234,-0.3151948451995849,0.4111459851264953,0.0423230975866317,-0.5280129909515381,-0.8481810092926025,-0.963456392288208,-0.4934835731983185,1.2596850395202637,0.0498573089859736,0.5562590889046324,-0.3392255964445739,72.0
1652965615.882954,0.0114058256149292,-0.3738581538200378,0.4267528653144836,0.032478392124176,-0.5192058086395264,-0.8540319204330444,-1.263964295387268,-0.3663951456546783,1.2521928548812866,0.0380111662607071,0.5459214235298446,-0.3243141674344785,72.0
1652965615.892957,0.0091076493263244,-0.3646397590637207,0.3705050945281982,0.0236071348190307,-0.507086455821991,-0.8615717887878418,-1.6546151638031006,-0.2271335422992706,1.2196229696273804,0.0273932231733938,0.531801012432671,-0.3093540879065786,72.0
1652965615.903151,0.0435025840997695,-0.3563739061355591,0.3737770915031433,0.0159761104732751,-0.4917579889297485,-0.8705853223800659,-1.939326524734497,-0.1396375149488449,1.221791386604309,0.0183489391559,0.5141075826607135,-0.2948678087519266,72.0
1652965615.913024,0.0815742909908294,-0.3250300288200378,0.378974437713623,0.0093527706339955,-0.4739145338535309,-0.8805211782455444,-2.172102689743042,-0.029606033116579,1.2125269174575806,0.0106214583588449,0.4937309481308212,-0.2807206852936724,75.0
1652965615.9228802,0.1047422587871551,-0.2808765769004822,0.4001020789146423,0.0037476760335266,-0.4544995725154876,-0.8907390832901001,-2.21667218208313,0.0266729518771171,1.2174721956253052,0.0042073532110998,0.4718103337482651,-0.2668730222952175,75.0
1652965615.932734,0.1265203952789306,-0.2472338080406189,0.4211090505123138,-0.0013220782857388,-0.4355132579803467,-0.9001813530921936,-2.028759717941284,0.0564146563410759,1.2488932609558103,-0.0014686788876492,0.4506083732699014,-0.2531916771354411,75.0
1652965615.942855,0.1010613441467285,-0.218314528465271,0.3863078951835632,-0.0061669894494116,-0.4181681871414184,-0.9083486795425416,-1.824441909790039,0.078961506485939,1.3434569835662842,-0.0067891270893318,0.4314277896204113,-0.2390653490370371,75.0
1652965615.952724,0.0717277824878692,-0.2155545949935913,0.3102789521217346,-0.0110893985256552,-0.4019841849803924,-0.9155794382095336,-1.7370505332946775,0.0985379293560981,1.450393795967102,-0.0121112985420644,0.4136827995170847,-0.2239474405790105,75.0
1652965615.9626698,0.0560147911310195,-0.1915251016616821,0.2471469640731811,-0.0158994849771261,-0.3856967091560364,-0.9224886298179626,-1.7747015953063965,0.1321997493505478,1.5251455307006836,-0.0172337203576255,0.3959628398270581,-0.2081118322559933,75.0
1652965615.972733,0.0495843961834907,-0.2012950778007507,0.1835521459579467,-0.0203943829983472,-0.3685190677642822,-0.9293964505195618,-1.894905686378479,0.1716717928647995,1.5859593152999878,-0.0219401644316628,0.3774154744920052,-0.1917100422766194,75.0
1652965615.982552,0.0301925987005233,-0.2318068742752075,0.1340850889682769,-0.0241806861013174,-0.3497985303401947,-0.93651282787323,-2.060468435287476,0.2449286878108978,1.5850269794464111,-0.0258141847505486,0.3573560252130502,-0.1752567621328451,75.0
1652965615.992525,0.0018964931368827,-0.2518953084945678,0.1156422197818756,-0.0268446616828441,-0.3293414711952209,-0.9438291788101196,-2.205223321914673,0.3306448757648468,1.5621049404144287,-0.0284346225783884,0.335606053032811,-0.1591755060061505,75.0
1652965616.002506,-0.0123804565519094,-0.2772095799446106,0.1235641837120056,-0.0284368563443422,-0.3077834546566009,-0.9510313868522644,-2.257591485977173,0.3939383625984192,1.569703459739685,-0.02989216488409,0.3128625174377231,-0.1433867747408512,75.0
1652965616.0124369,-0.0519738942384719,-0.3149738907814026,0.1508115530014038,-0.0289587769657373,-0.2860501110553741,-0.9577769637107848,-2.203336477279663,0.4686619639396667,1.5917571783065796,-0.030226198773448,0.2901021648278865,-0.1276713862709619,75.0
1652965616.022397,-0.0759791359305381,-0.3406108021736145,0.175624817609787,-0.0285893939435482,-0.2650259733200073,-0.9638173580169678,-2.084040641784668,0.5286571383476257,1.6469250917434692,-0.0296539737752395,0.2682308663171081,-0.1116203550494545,75.0
1652965616.032672,-0.0857836529612541,-0.3591521382331848,0.1885830610990524,-0.0275281574577093,-0.2451473176479339,-0.9690949320793152,-1.9457712173461916,0.57890784740448,1.7133883237838743,-0.0283984111129966,0.24767163657309,-0.0949126017147116,75.0
1652965616.042508,-0.1088126674294471,-0.3776689767837524,0.1860156506299972,-0.0258309319615364,-0.2264513671398162,-0.9736799001693726,-1.8054618835449217,0.6334730982780457,1.762051701545715,-0.0265229617878433,0.2284328537529328,-0.0775078605366671,75.0
1652965616.052295,-0.1112891063094139,-0.4028007388114929,0.1493301093578338,-0.0235986337065696,-0.2088545709848404,-0.9776619672775269,-1.742413878440857,0.6494762897491455,1.866467833518982,-0.0241331394556046,0.2104035475721872,-0.0593706094820212,75.0
1652965616.062341,-0.1142450422048568,-0.4078729152679443,0.0834543108940124,-0.020963130518794,-0.1910134404897689,-0.9813635349273682,-1.8171751499176023,0.6581400632858276,1.962331771850586,-0.0213579803431127,0.1921944944860021,-0.0403599523787621,75.0
1652965616.072198,-0.1063665896654129,-0.4045830368995666,0.0559673160314559,-0.0180841349065303,-0.1724528223276138,-0.9848517775535583,-1.8831052780151367,0.6645633578300476,2.018027067184448,-0.0183602288693677,0.1733192588586765,-0.0205529928907111,75.0
1652965616.0820708,-0.1349076926708221,-0.3927774429321289,0.0196150690317153,-0.0146742546930909,-0.1531293988227844,-0.9880971908569336,-1.9793449640274048,0.7015461325645447,2.05399751663208,-0.0148499315233746,0.1537342480355356,-0.0003187292408465,75.0
1652965616.0919309,-0.1479318886995315,-0.3696200847625732,-0.0390909016132354,-0.0104849012568593,-0.1327229887247085,-0.9910976886749268,-2.082820415496826,0.740432858467102,2.040959119796753,-0.0105786841878954,0.1331157742637048,0.0200541262845368,75.0
1652965616.101901,-0.1671694368124008,-0.3552320599555969,-0.0518499538302421,-0.0053922487422823,-0.1117547005414962,-0.9937211871147156,-2.0991415977478027,0.7883894443511963,1.99345862865448,-0.005426266475231,0.1119886367729545,0.0401285496000891,75.0
1652965616.112613,-0.1953800618648529,-0.340674340724945,-0.0774486288428306,0.0007236638339236,-0.0909167751669883,-0.9958582520484924,-2.053374528884888,0.8384315371513367,1.9492058753967283,0.0007266733955496,0.0910424915359466,0.0597839333877044,75.0
1652965616.1219358,-0.208064928650856,-0.3307709097862243,-0.1267125010490417,0.0078390622511506,-0.0705683007836341,-0.9974761605262756,-1.9780168533325195,0.888312816619873,1.9110558032989504,0.0078587354221339,0.0706270034941293,0.0792066351902187,75.0
1652965616.131865,-0.2171218991279602,-0.3056920170783996,-0.1439579725265503,0.015934731811285,-0.051064521074295,-0.9985682368278505,-1.8856855630874636,0.9464600086212158,1.8460557460784912,0.0159562250864054,0.0510867410402836,0.0981806576863769,75.0
1652965616.142127,-0.219171941280365,-0.2787864208221435,-0.163061112165451,0.0247901901602745,-0.0328616611659526,-0.999152421951294,-1.810338377952576,0.9804630279541016,1.7598742246627808,0.0248061295897519,0.0328675801792247,0.1165444740268455,75.0
1652965616.151989,-0.2200012803077697,-0.2428355813026428,-0.1927330642938614,0.0341949723660945,-0.0157629456371068,-0.9992908835411072,-1.7116650342941284,0.9876213073730468,1.6894296407699585,0.0342058907805592,0.0157635975675062,0.134205460132793,75.0
1652965616.19748,-0.2095445990562439,-0.1965205669403076,-0.2191790789365768,0.0438951589167118,0.0003223500098101,-0.9990360736846924,-1.6439796686172483,0.976116418838501,1.646775484085083,0.0439092710049382,-0.0003223500235231,0.151435187012877,75.0
1652965616.1979089,-0.1714945286512375,-0.1132923364639282,-0.2319086790084839,0.0627451092004776,0.0300197228789329,-0.9975780248641968,-1.497518539428711,0.8640187978744507,1.5408868789672852,0.0628147002315319,-0.0300242332872756,0.1848924564278035,75.0
1652965616.201992,-0.1663574576377868,-0.0869991183280944,-0.2923111021518707,0.0795044004917144,0.0562577135860919,-0.9952457547187804,-1.3547568321228027,0.6836944222450256,1.39691960811615,0.0797149126662898,-0.0562874297090797,0.2162245568635299,75.0
1652965616.2118149,-0.1698392480611801,-0.0991473793983459,-0.3327082097530365,0.0866940841078758,0.0683802813291549,-0.9938854575157166,-1.3216207027435305,0.601311981678009,1.3090111017227173,0.0870072164396059,-0.0684336838188202,0.2308110908072087,75.0
1652965616.221622,-0.1763871908187866,-0.1058254241943359,-0.3775273561477661,0.0932420343160629,0.0805456116795539,-0.992380142211914,-1.3583033084869385,0.5383425951004028,1.1631190776824951,0.0936829446653463,-0.0806329588741246,0.2443366555307775,75.0
1652965616.231586,-0.1606188118457794,-0.1005389690399169,-0.3963499665260315,0.099186897277832,0.0930510982871055,-0.990708589553833,-1.3744734525680542,0.4768837392330169,0.982792317867279,0.099784619877577,-0.093185901628603,0.256337491840056,75.0
1652965616.241648,-0.1296668350696563,-0.0928009748458862,-0.3868327140808105,0.1044135019183158,0.1059032306075096,-0.9888793230056764,-1.4143346548080444,0.4044902324676513,0.7799159288406372,0.1051979246099219,-0.1061021968533535,0.2665451629630395,75.0
1652965616.251716,-0.1146817579865455,-0.0787136554718017,-0.4015694856643677,0.1088681295514106,0.1194498166441917,-0.986853301525116,-1.4946269989013672,0.3422345817089081,0.5802003145217896,0.1098741564003702,-0.1197357101745331,0.2748727473793854,75.0
1652965616.261538,-0.1153304874897003,-0.0790491104125976,-0.4194757044315338,0.1125838831067085,0.1342279762029647,-0.9845342636108398,-1.6103320121765137,0.29322549700737,0.4006089568138122,0.1138578605514216,-0.1346343436880474,0.2814714879944898,75.0
1652965616.271432,-0.1240603923797607,-0.1047596335411071,-0.3832021355628967,0.1157290711998939,0.1500631868839264,-0.981879711151123,-1.6750500202178955,0.2609329521656036,0.244058221578598,0.1173235237588685,-0.1506321892162989,0.2866027152748167,75.0
1652965616.281487,-0.1546347588300705,-0.1335470676422119,-0.3402901887893677,0.1186850368976593,0.166279062628746,-0.9789102077484132,-1.67961847782135,0.290341705083847,0.0917664170265197,0.1206531200535132,-0.1670549830460625,0.2902831872798518,75.0
1652965616.292817,-0.1403115689754486,-0.1497284173965454,-0.2783949971199035,0.1215890198945999,0.1822036504745483,-0.9757140874862672,-1.587184190750122,0.292315125465393,-0.0166383534669876,0.1239763115754093,-0.1832271522616544,0.2926517975381962,75.0
1652965616.301372,-0.140913501381874,-0.1427047252655029,-0.2165604084730148,0.1243424266576767,0.1969376802444458,-0.972499132156372,-1.4273929595947266,0.2984627783298492,-0.080542504787445,0.1271686749993273,-0.1982334465631879,0.2940687978145547,75.0
1652965616.3113232,-0.1765544712543487,-0.1218758225440979,-0.2179818749427795,0.127192273736,0.2099558264017105,-0.9694022536277772,-1.24459707736969,0.321389228105545,-0.0966104939579963,0.1304616736890387,-0.2115297832244952,0.2949111433710342,75.0
1652965616.321487,-0.174081340432167,-0.07278972864151,-0.2273226380348205,0.1300139129161834,0.2214938402175903,-0.9664558172225952,-1.129075527191162,0.3020900785923004,-0.0785731747746467,0.1337236747813986,-0.223346099779627,0.2956064607043819,75.0
1652965616.330958,-0.1745237857103347,-0.0122608542442321,-0.2251266241073608,0.1326536387205124,0.232054203748703,-0.9636150002479552,-1.0561929941177368,0.2829007506370544,-0.0664913952350616,0.1368026301100388,-0.2341890048299061,0.2963350662172304,75.0
1652965616.341,-0.1726906448602676,0.0108596682548522,-0.2299366891384124,0.1350777000188827,0.2420675009489059,-0.9608107805252076,-1.019259691238403,0.2431418746709823,-0.0378618836402893,0.1396718046512325,-0.2444961585415392,0.297255799959856,75.0
1652965616.350952,-0.1466786414384842,0.0082511901855468,-0.2398054897785186,0.1370655745267868,0.2515853345394134,-0.9580802917480468,-0.9588045477867126,0.1774205863475799,0.0066988132894039,0.142098522835379,-0.2543179337508981,0.2985112079947661,75.0
1652965616.360898,-0.1213013380765914,-0.0246866345405578,-0.2247727513313293,0.1384064257144928,0.2601427137851715,-0.955599009990692,-0.8388866782188416,0.0869865715503692,0.0708719342947006,0.1438371121499192,-0.2631699954625626,0.3002117240733842,75.0
1652965616.371011,-0.0918300002813339,-0.0799611210823059,-0.1988303959369659,0.139055922627449,0.2671745419502258,-0.9535623788833618,-0.6582046747207642,-0.0128871873021125,0.1273889243602752,0.1448070993221938,-0.2704597904565737,0.3023515871594051,75.0
1652965616.380832,-0.0617744177579879,-0.1467111706733703,-0.1940154731273651,0.1388465464115142,0.2722168266773224,-0.9521657824516296,-0.4403567016124725,-0.1166644468903541,0.1749407351016998,0.1448012317681118,-0.275696126005169,0.3047253901039265,75.0
1652965616.390914,-0.0442410409450531,-0.2038745880126953,-0.2016427218914032,0.1378536969423294,0.275068074464798,-0.9514903426170348,-0.2136157751083374,-0.1925308257341385,0.1941916644573211,0.1438807132454655,-0.2786605117754842,0.307118430968838,75.0
1652965616.400749,-0.0251844227313995,-0.22498220205307,-0.2175226807594299,0.1362531036138534,0.2759333848953247,-0.9514703750610352,-0.0357981175184249,-0.2572264373302459,0.1768664717674255,0.142235665056993,-0.2795606417927806,0.309210930143235,75.0
1652965616.4107718,0.0056357085704803,-0.1991735696792602,-0.2385861873626709,0.1340890079736709,0.275604099035263,-0.9518731832504272,0.0474333874881267,-0.2918456792831421,0.1319413483142852,0.1399477012516383,-0.2792180686867195,0.3107998036585584,75.0
1652965616.420656,0.0193306505680084,-0.1476930379867553,-0.2575073540210724,0.1317008286714553,0.2750245034694671,-0.9523741006851196,0.0424833707511425,-0.2665152847766876,0.0705722570419311,0.1374153450271358,-0.2786151905798029,0.3117898353497128,75.0
1652965616.4308162,0.0325003862380981,-0.0893009901046752,-0.2303539216518402,0.1294411271810531,0.274787575006485,-0.9527522325515748,0.0034546107053756,-0.2209340184926986,-0.0276797041296958,0.1350334583660662,-0.2783687727592792,0.3120021509924089,75.0
1652965616.440788,0.0446002334356308,-0.0392192006111145,-0.1841062903404235,0.1274273246526718,0.2749266922473907,-0.9529834985733032,-0.0080747455358505,-0.1574940681457519,-0.1357023119926452,0.1329256206432413,-0.2785134435117972,0.3111782358265725,75.0
1652965616.450809,0.0503616631031036,-0.0062145590782165,-0.15916109085083,0.1257400065660476,0.2752805650234222,-0.9531055092811584,-0.0148094817996025,-0.0955409482121467,-0.2144485563039779,0.1311691546746583,-0.2788815221378973,0.309364513152358,75.0
1652965616.460824,0.0534560158848762,0.0046607851982116,-0.1241417229175567,0.1244156658649444,0.2757378816604614,-0.9531471133232116,-0.0177530739456415,-0.0400856770575046,-0.2801697850227356,0.1297975828344513,-0.2793572436446798,0.3068353995668288,75.0
1652965616.470613,0.049744002521038,0.0081335306167602,-0.0829403698444366,0.1234127059578895,0.2763150632381439,-0.9531103372573853,-0.022032905369997,0.0081523712724447,-0.32671058177948,0.1287677235366014,-0.2799577764560851,0.3037172137189375,75.0
1652965616.480548,0.0483618527650833,0.0031121373176574,-0.0540172457695007,0.122673898935318,0.276963472366333,-0.9530174732208252,-0.0304668694734573,0.0333032645285129,-0.351923257112503,0.1280176028031009,-0.2806325201449446,0.3002453562368349,75.0
