1652967305.128202,-0.0162038207054138,-0.0476418137550354,-0.0090134143829345,-0.3241738975048065,-0.7964826822280884,-0.5104178786277771,-0.1213689669966697,-0.0079303737729787,-0.0461176969110965,-0.5658397747986579,0.9214557392958836,0.8801725544564195,82.0
1652967305.138421,-0.0273495316505432,-0.0590852499008178,-0.0214323997497558,-0.3238772451877594,-0.7958588004112244,-0.5115782618522644,-0.1683763563632965,-0.0031870168168097,-0.0482181310653686,-0.5643987055663914,0.9204245879228914,0.8782834446438793,82.0
1652967305.148129,-0.0418696999549865,-0.0823370814323425,-0.0437811017036438,-0.3234561681747436,-0.7950555086135864,-0.5130913853645325,-0.2086145877838134,0.0061625428497791,-0.0675899684429168,-0.5624777435985943,0.9190990610682466,0.8759199812045276,82.0
1652967305.158309,-0.0318326950073242,-0.1050792932510376,-0.048195481300354,-0.3230104148387909,-0.7939675450325012,-0.5150532126426697,-0.2719139456748962,-0.0314165763556957,-0.065432883799076,-0.5601366144071048,0.9173074496575564,0.8728761798299672,82.0
1652967305.168401,-0.0093546509742736,-0.1434698104858398,-0.089165449142456,-0.3227375447750091,-0.792578935623169,-0.5173578858375549,-0.3578158020973205,-0.0823330208659172,-0.086797297000885,-0.5577494167125886,0.9150267679248832,0.8691533457060528,82.0
1652967305.178005,-0.0069182813167572,-0.2262825965881347,-0.1659045219421386,-0.322549432516098,-0.7905467748641968,-0.520574152469635,-0.5583795309066772,-0.137281596660614,-0.1097508892416954,-0.5547090760456156,0.9117013680769572,0.8638988154947945,82.0
1652967305.18842,-0.0296758115291595,-0.3255475163459778,-0.2184096574783325,-0.3222680985927582,-0.7873581051826477,-0.525557279586792,-0.8365563154220581,-0.1780234277248382,-0.1717751026153564,-0.5500639084435986,0.9065118892813392,0.8560039637763706,82.0
1652967305.197852,-0.0558283627033233,-0.4407212138175964,-0.2963222861289978,-0.321872353553772,-0.7824892401695251,-0.5330184102058411,-1.2748639583587646,-0.2310467511415481,-0.2077617347240448,-0.5432582096968728,0.898653557595747,0.8446480240403469,82.0
1652967305.208125,-0.0745309293270111,-0.5286481976509094,-0.3926063776016235,-0.3209615349769592,-0.7749197483062744,-0.5445024967193604,-1.829554796218872,-0.1099919751286506,-0.2782718241214752,-0.5326322448723161,0.8865881414694304,0.8287197909875227,82.0
1652967305.218016,-0.0877226591110229,-0.6166348457336426,-0.4348891377449035,-0.3187561929225921,-0.7643600702285767,-0.5604892373085022,-2.332987070083618,0.0547602251172065,-0.3290288150310516,-0.5170948278373536,0.8700482937367682,0.808177227763325,82.0
1652967305.227783,-0.0668022632598877,-0.7058921456336975,-0.3926113247871399,-0.3153693079948425,-0.7512026429176331,-0.5798591375350952,-2.64363431930542,0.2588313221931457,-0.3252297937870025,-0.4981264266699959,0.8498822170992392,0.7852212755860983,82.0
1652967305.23815,-0.0890902876853942,-0.7321495413780212,-0.3221348524093628,-0.3106746971607208,-0.7362756729125977,-0.601148247718811,-2.7629611492156982,0.5088372230529785,-0.334713876247406,-0.4769987627284389,0.8275499719751451,0.7619407949831093,82.0
1652967305.247798,-0.138759970664978,-0.7313270568847656,-0.2514548301696777,-0.3042941689491272,-0.720636785030365,-0.6229667663574219,-2.6911630630493164,0.7782908082008362,-0.3440815508365631,-0.4543728431393066,0.804720342389784,0.739641799269156,82.0
1652967305.258158,-0.172780305147171,-0.7158716320991516,-0.1665026545524597,-0.2960153818130493,-0.7054149508476257,-0.6440221667289734,-2.4461333751678467,1.0597202777862549,-0.3526956439018249,-0.4308377691848341,0.7830084115824588,0.7194582885321188,82.0
1652967305.268013,-0.1742135286331176,-0.6740134954452515,-0.0771520137786865,-0.2857321202754974,-0.6916162967681885,-0.663343071937561,-2.114285707473755,1.3230326175689695,-0.3577835857868194,-0.4067271469703986,0.7637244397375077,0.7019941030179706,82.0
1652967305.277578,-0.1465823948383331,-0.6037797331809998,0.0019680261611938,-0.2737819254398346,-0.6795955300331116,-0.680583119392395,-1.7485313415527344,1.5360301733016968,-0.3277066051959991,-0.3824664811206785,0.7472111377195955,0.6874636972477243,82.0
1652967305.287507,-0.1134691536426544,-0.5157788395881653,0.0246867537498474,-0.2607372999191284,-0.6695230603218079,-0.6955248713493347,-1.448014736175537,1.6764224767684937,-0.2638003230094909,-0.358664121698884,0.7335664973996502,0.6759492127168133,82.0
1652967305.297478,-0.0813053101301193,-0.4021381735801697,0.0268654227256774,-0.2472163587808609,-0.6605476140975952,-0.7089152932167053,-1.297613501548767,1.754956603050232,-0.1896881461143493,-0.3355383532387664,0.721547885042474,0.6669114975660817,82.0
1652967305.307448,-0.0789458453655242,-0.2885177135467529,-0.0256955027580261,-0.2335540801286697,-0.6516420841217041,-0.7216751575469971,-1.3320881128311155,1.8074769973754885,-0.1032003834843635,-0.3129902164488369,0.7097472792207593,0.6595993701446152,82.0
1652967305.317523,-0.0956304669380188,-0.1659464836120605,-0.096488356590271,-0.2196466028690338,-0.6415486931800842,-0.7349629998207092,-1.496613621711731,1.924341917037964,-0.0239530466496944,-0.290405042938928,0.6965154856830209,0.6533620708046899,82.0
1652967305.327354,-0.1289821714162826,-0.0639753937721252,-0.1080943346023559,-0.2051394581794738,-0.6300342082977295,-0.7489823698997498,-1.6012502908706665,1.9894533157348635,0.0221968702971935,-0.2673347990934034,0.6815972874426313,0.6478246010595847,82.0
1652967305.337276,-0.1125661432743072,-0.0002205967903137,-0.0509033203125,-0.1904275864362716,-0.6182097792625427,-0.762596845626831,-1.4876277446746826,1.9711631536483765,0.0610918849706649,-0.2447051362057622,0.666463038302626,0.6432945460356936,82.0
1652967305.347423,-0.0738085210323333,0.0724474787712097,0.0128769874572753,-0.1760388314723968,-0.6076187491416931,-0.7744739055633545,-1.2442768812179563,1.9058958292007449,0.0881567895412445,-0.2235036591675328,0.6530589378189042,0.6402038023593746,82.0
1652967305.357199,-0.0523632317781448,0.1556538939476013,0.0767671465873718,-0.1621295064687729,-0.598800778388977,-0.7843160033226013,-0.9781454205513,1.837282419204712,0.1233200281858444,-0.203843407771652,0.6420029246214506,0.6385338915573154,82.0
1652967305.367224,-0.0375266820192337,0.2416350841522216,0.1279389858245849,-0.1488288640975952,-0.5917908549308777,-0.7922332882881165,-0.7485950589179993,1.765153884887695,0.1742047816514969,-0.1856955950414071,0.6332786664415774,0.6382324783630023,82.0
1652967305.377157,-0.0098330527544021,0.2939227819442749,0.1542560458183288,-0.1367275714874267,-0.5863238573074341,-0.7984546422958374,-0.5744909048080444,1.5798096656799316,0.2608143091201782,-0.1695953281020513,0.6265133662582439,0.6394064527678698,82.0
1652967305.387136,0.0309678316116333,0.3276055455207824,0.132661759853363,-0.126777708530426,-0.5813158750534058,-0.8037407398223877,-0.5997810959815979,1.3990763425827026,0.3917067945003509,-0.1564456130142094,0.6203449172853205,0.6422087245988971,82.0
1652967305.39707,0.00496506690979,0.3934053182601928,0.060712456703186,-0.1184446290135383,-0.5751166939735413,-0.8094514608383179,-0.8300904631614685,1.32597553730011,0.5128424763679504,-0.1452958858626852,0.6127467732483912,0.6463839287009607,82.0
1652967305.407063,-0.038648322224617,0.4453399777412414,0.0092656016349792,-0.1111166626214981,-0.5666691064834595,-0.816418468952179,-1.088282585144043,1.2680577039718628,0.6005025506019592,-0.1352714125245143,0.6024576277745944,0.6514646815784105,82.0
1652967305.417129,-0.0317568406462669,0.4602221250534057,0.0049118399620056,-0.1046719551086425,-0.5566238164901733,-0.824144184589386,-1.1774152517318726,1.1613117456436155,0.6692971587181091,-0.1263304725238745,0.5903162754323258,0.6572408818538501,82.0
1652967305.4269838,0.0040135830640792,0.4682161808013916,0.0215588212013244,-0.0997319221496582,-0.5462474822998047,-0.8316652774810791,-1.1558172702789309,0.9760921001434326,0.7362815141677856,-0.1193484230104395,0.5778777041032747,0.6638628027021488,82.0
1652967305.436977,0.0072461143136024,0.4635640382766723,0.0303998589515686,-0.0962505787611007,-0.5363049507141113,-0.8385182023048401,-1.0429396629333496,0.8418677449226379,0.7741768956184387,-0.1142863178463563,0.5660530724161157,0.671233483012021,82.0
1652967305.44687,-0.0099056959152221,0.4695701599121094,0.0307732820510864,-0.093915045261383,-0.5274620652198792,-0.8443717956542969,-0.8873343467712402,0.7054507732391357,0.7879369258880615,-0.1107694798068156,0.5556104884015798,0.6791041024407298,82.0
1652967305.4571018,0.0232304185628891,0.5016874074935913,0.0088861584663391,-0.0927036479115486,-0.5200097560882568,-0.8491147756576538,-0.6917398571968079,0.5610260367393494,0.787683367729187,-0.1087461122889478,0.5468623637695696,0.6872551166456757,82.0
1652967305.466984,0.0046466439962387,0.5464413166046143,-0.0527772903442382,-0.0921557694673538,-0.5139035582542419,-0.8528836369514465,-0.6113259792327881,0.5101690292358398,0.740013599395752,-0.1076343975582474,0.5397290078708279,0.6953246476436173,82.0
1652967305.476759,-0.0030268877744674,0.6591753959655762,-0.1357178688049316,-0.0915165171027183,-0.5078367590904236,-0.8565784096717834,-0.6698055267333984,0.4626729786396026,0.6455399394035339,-0.1064358720779663,0.5326717938334394,0.702503197637276,82.0
1652967305.4868588,0.091849572956562,0.7306177020072937,-0.2762455940246582,-0.0912239030003547,-0.501372754573822,-0.8604089021682739,-0.7025333642959595,0.3295149207115173,0.56552654504776,-0.1056292785722717,0.525184602977154,0.7086198308419585,82.0
1652967305.49665,0.0963827073574066,0.6846686601638794,-0.4347040057182312,-0.0912404581904411,-0.4948003590106964,-0.8642035722732544,-0.7280221581459045,0.2363088279962539,0.4174776673316955,-0.1051878303386453,0.5176050807509548,0.7134400144502143,82.0
1652967305.5066571,0.0390820056200027,0.6094120144844055,-0.5675771832466125,-0.0913280472159385,-0.4879800081253052,-0.868063747882843,-0.7837074995040894,0.1122965961694717,0.2286619246006012,-0.1048232951419241,0.5097740250873819,0.7162527306051001,82.0
1652967305.5165958,0.0642641335725784,0.5878427624702454,-0.7328648567199707,-0.0917756929993629,-0.480895459651947,-0.8719614148139954,-0.8147997856140137,-0.0708104819059372,0.0095096863806247,-0.1048659114992578,0.5016757205207671,0.7166485605233991,82.0
1652967305.526546,0.0755023583769798,0.5844465494155884,-0.925382435321808,-0.0923785269260406,-0.4739247560501098,-0.8757063150405884,-0.8167833089828491,-0.1787697076797485,-0.2197386771440506,-0.1051015967193845,0.4937425538649762,0.7145267077788462,82.0
1652967305.53652,0.0193208009004592,0.5918526649475098,-1.051235914230347,-0.092761293053627,-0.4674102663993835,-0.8791604042053223,-0.7327969670295715,-0.2870934307575226,-0.484579473733902,-0.1051222818739425,0.4863590630664687,0.7096456426256286,82.0
1652967305.546504,0.0158645212650299,0.5731905102729797,-1.12519109249115,-0.0928298160433769,-0.4621654152870178,-0.8819215893745422,-0.5816385746002197,-0.3848601877689361,-0.7569172978401184,-0.1048724122879575,0.4804354877241142,0.7019334654237871,82.0
1652967305.55659,0.0076891481876373,0.5517228841781616,-1.1066956520080566,-0.0924821943044662,-0.4591917991638183,-0.8835099935531616,-0.2669196426868438,-0.4755193889141083,-1.0647780895233154,-0.1042960707137926,0.4770852064316329,0.6913131255632136,82.0
1652967305.566453,-0.0344887822866439,0.5512561202049255,-1.115115761756897,-0.0913351401686668,-0.4594386518001556,-0.8835009932518005,0.0526764690876007,-0.538553774356842,-1.3921797275543213,-0.1030127212808594,0.4773630993045928,0.6774827431524739,82.0
1652967305.576334,-0.0688945949077606,0.5720512866973877,-1.1414575576782229,-0.0888812243938446,-0.4623784720897674,-0.8822166919708252,0.2882799208164215,-0.5322063565254211,-1.730215549468994,-0.1004088088173931,0.4806757792522529,0.6602669980626423,82.0
1652967305.5862532,-0.0743563920259475,0.5980769395828247,-1.1385258436203003,-0.0849911123514175,-0.4673395454883575,-0.879983127117157,0.4593361020088196,-0.5814207792282104,-2.03230094909668,-0.0962840181257466,0.4862790853364897,0.6395769903567017,82.0
1652967305.596468,-0.0466598868370056,0.6230966448783875,-1.1509206295013428,-0.0800948217511177,-0.4734231829643249,-0.8771860003471375,0.5122667551040649,-0.6137398481369019,-2.293364286422729,-0.0910563293234075,0.4931730215539161,0.6158181610034213,82.0
1652967305.6061978,-0.1220362707972526,0.6189582943916321,-1.1473209857940674,-0.074145920574665,-0.4798304438591003,-0.8742225766181946,0.5221907496452332,-0.6502853035926819,-2.5302412509918213,-0.0846110643744452,0.5004614335685179,0.5890830007859396,82.0
1652967305.616184,-0.2092512845993042,0.5970391631126404,-1.0980416536331177,-0.0673599988222122,-0.4861867725849151,-0.8712548613548279,0.5137531757354736,-0.7218588590621948,-2.7536959648132324,-0.0771602730806227,0.5077207482155363,0.5595674013429728,82.0
1652967305.626265,-0.2480138391256332,0.6143312454223633,-1.0236289501190186,-0.0601373575627803,-0.4926521182060241,-0.8681459426879883,0.550798773765564,-0.8330290913581848,-2.952732801437378,-0.0691605442134195,0.5151347684823049,0.5274903305996548,82.0
1652967305.636095,-0.2739125490188598,0.6243420243263245,-0.9192423820495604,-0.0530222095549106,-0.4990619719028473,-0.8649426102638245,0.5297237634658813,-1.0024824142456057,-3.127884864807129,-0.0612248010493422,0.522515986282175,0.4930781994660357,82.0
1652967305.646109,-0.3151677846908569,0.5964304804801941,-0.823276698589325,-0.0462671183049678,-0.5046193599700928,-0.8621012568473816,0.3799396157264709,-1.1529345512390137,-3.2728254795074463,-0.0536164083177736,0.5289410229619944,0.4565494334772561,82.0
1652967305.6560678,-0.3023696541786194,0.5423116683959961,-0.7430531978607178,-0.0401290692389011,-0.5085337162017822,-0.8601064682006836,0.2002384960651397,-1.3058372735977173,-3.3321022987365723,-0.0466221238533486,0.5334810023874192,0.4185704732386312,82.0
1652967305.666069,-0.3293073773384094,0.4577627778053283,-0.6112062335014343,-0.0351182147860527,-0.5108334422111511,-0.8589620590209961,0.0380495898425579,-1.5041154623031616,-3.3884618282318115,-0.0408617186019882,0.5361540173051036,0.3797406657047488,82.0
1652967305.676004,-0.4207885265350342,0.3499819636344909,-0.4833231568336487,-0.0312377959489822,-0.5115345120429993,-0.8586947321891785,-0.1358380615711212,-1.636031150817871,-3.4211649894714355,-0.0363621972953898,0.5369697080893828,0.3402689657381771,82.0
1652967305.6858711,-0.495045930147171,0.2326747179031372,-0.3765074610710144,-0.0280100759118795,-0.5109741687774658,-0.8591395616531372,-0.2143855988979339,-1.6688612699508667,-3.429030179977417,-0.032590929800069,0.5363176962069632,0.3005239105190915,82.0
1652967305.6958508,-0.5698238611221313,0.1229785680770874,-0.219821810722351,-0.0246890597045421,-0.5099907517433167,-0.8598254919052124,-0.2175747901201248,-1.6167856454849243,-3.415192127227783,-0.0287061488996953,0.5351740056798937,0.2608165581247776,82.0
1652967305.705873,-0.6038299798965454,0.0404622554779052,-0.038913607597351,-0.0209258142858743,-0.5097160935401917,-0.8600881099700928,-0.0116762211546301,-1.5242797136306765,-3.3604040145874023,-0.0243250518827634,0.5348547886790169,0.2215165288445172,82.0
1652967305.715778,-0.6254900693893433,-0.0405468940734863,0.0980589985847473,-0.0167065989226102,-0.5115416049957275,-0.859096109867096,0.2897595763206482,-1.4301633834838867,-3.2680838108062744,-0.019444266600574,0.536977930385658,0.1831804609367968,82.0
1652967305.726021,-0.6408288478851318,-0.0872923731803894,0.222227931022644,-0.0125677147880196,-0.5154712200164795,-0.8568146824836731,0.4827697873115539,-1.4382208585739136,-3.135940790176392,-0.0146668977190075,0.5415574992222093,0.1460467736409785,82.0
1652967305.735774,-0.597292959690094,-0.106346309185028,0.2711932063102722,-0.0088929142802953,-0.5200029611587524,-0.8541181683540344,0.476692795753479,-1.415388584136963,-3.002976894378662,-0.0104114318206151,0.5468543985855864,0.1103438212822893,82.0
1652967305.7456589,-0.5747067928314209,-0.0996254086494445,0.2617310881614685,-0.0055849044583737,-0.5234802961349487,-0.8520194888114929,0.2806854546070099,-1.410875916481018,-2.8785645961761475,-0.0065548085609784,0.5509304944927018,0.0760702000362942,82.0
1652967305.7556338,-0.5796899795532227,-0.143451988697052,0.3345106244087219,-0.0030126248020678,-0.5250928401947021,-0.8510395884513855,0.0700932741165161,-1.4807140827178955,-2.771013736724853,-0.0035399200029819,0.5528241691146392,0.0430145981133922,82.0
1652967305.765866,-0.5727708339691162,-0.2026636004447937,0.4522519111633301,-0.0018140929751098,-0.5250362753868103,-0.8510779142379761,-0.091499350965023,-1.586910843849182,-2.6547739505767822,-0.0021315208484901,0.5527577481326393,0.0112344316684763,82.0
1652967305.775592,-0.5644063949584961,-0.2542133331298828,0.5321822166442871,-0.0020761522464454,-0.5234084129333496,-0.8520793914794922,-0.3172294199466705,-1.654845118522644,-2.519151449203491,-0.0024365665122261,0.5508461241882839,-0.0190425393280321,82.0
1652967305.785533,-0.5587125420570374,-0.2832419276237488,0.6095595955848694,-0.0033601806499063,-0.5198683738708496,-0.8542397618293762,-0.532109260559082,-1.638750672340393,-2.377028703689575,-0.0039335132598753,0.5466968310850987,-0.047654912990439,82.0
1652967305.795586,-0.5699243545532227,-0.3347777724266052,0.7137411236763,-0.0051335832104086,-0.5147663950920105,-0.8573150634765625,-0.6761656403541565,-1.5620100498199463,-2.2353720664978027,-0.0059879056787342,0.5407351560796274,-0.0745746137079356,82.0
1652967305.805448,-0.5330396890640259,-0.3624523878097534,0.7983713746070862,-0.0070146122016012,-0.5088967680931091,-0.8607989549636841,-0.7203040719032288,-1.4324851036071775,-2.051720380783081,-0.0081487751214967,0.533902727404007,-0.0995367083476146,82.0
1652967305.815412,-0.4830335974693298,-0.3622664213180542,0.854364812374115,-0.0087876562029123,-0.5029852986335754,-0.8642502427101135,-0.6957783102989197,-1.2759931087493896,-1.855058670043945,-0.0101676030526613,0.5270493342883383,-0.1221763673368129,82.0
1652967305.825391,-0.4606308937072754,-0.3544421792030334,0.9075100421905518,-0.0101790064945817,-0.4973383843898773,-0.867496907711029,-0.6394264101982117,-1.0921870470046997,-1.6820176839828491,-0.0117332284651977,0.5205281289801785,-0.142612090973308,82.0
1652967305.835325,-0.4256565868854522,-0.3536010384559631,0.955161154270172,-0.0110346795991063,-0.4925756156444549,-0.8701996803283691,-0.4964695572853088,-0.9293829798698424,-1.50106942653656,-0.012679949512417,0.5150468459834286,-0.1609710563361736,82.0
1652967305.845274,-0.402384877204895,-0.3250377774238586,0.9622997045516968,-0.0114944959059357,-0.4891550838947296,-0.8721210956573486,-0.341231495141983,-0.7720183730125427,-1.3312668800354004,-0.0131791685670772,0.5111207676741595,-0.1772199543309884,82.0
1652967305.8552408,-0.4187502264976501,-0.3105600476264953,0.9552571773529052,-0.0113797625526785,-0.486980140209198,-0.8733388781547546,-0.1807413399219513,-0.6200589537620544,-1.1907050609588623,-0.0130294417217543,0.5086288831267886,-0.1916279521557514,82.0
1652967305.8653889,-0.4402329325675964,-0.2666489481925964,0.978430151939392,-0.0108931399881839,-0.4865324795246124,-0.8735945820808411,0.0464859493076801,-0.5396485328674316,-1.0573536157608032,-0.0124686847355074,0.5081164008907694,-0.2045056092049499,82.0
1652967305.875172,-0.3942980468273163,-0.1794866919517517,1.0037901401519775,-0.0106244143098592,-0.4877073466777801,-0.8729425072669983,0.1832684278488159,-0.5226132273674011,-0.9234704375267028,-0.012170205539766,0.5094616774349254,-0.215835618395077,82.0
1652967305.885172,-0.359425276517868,-0.0984668731689453,0.9978697299957277,-0.0107834367081522,-0.4894010424613952,-0.8719921708106995,0.1487096548080444,-0.4855137467384338,-0.7993631362915039,-0.0123658067471944,0.5114027769122785,-0.2256650039614426,82.0
1652967305.895047,-0.3602352738380432,-0.0092261433601379,0.966315746307373,-0.0111788865178823,-0.4900583028793335,-0.8716179728507996,-0.0223311968147754,-0.4442738592624664,-0.6635907292366028,-0.0128247399994671,0.5121566490236378,-0.2340709427372959,82.0
1652967305.905025,-0.3154061734676361,0.086731731891632,0.9362022876739502,-0.0119253499433398,-0.4890434145927429,-0.8721778988838196,-0.2202005982398986,-0.3852704763412475,-0.498596727848053,-0.0136722190289047,0.510992752630409,-0.2407680061299056,82.0
1652967305.914993,-0.2969247102737427,0.1942747235298156,0.977742075920105,-0.0129660125821828,-0.4864242374897003,-0.8736265301704407,-0.3785827755928039,-0.346599280834198,-0.361293077468872,-0.0148405069329455,0.5079925152507629,-0.2457174638597065,82.0
1652967305.924972,-0.2695780992507934,0.2718273401260376,1.0785956382751465,-0.0145252598449587,-0.4830907583236694,-0.8754497766494751,-0.3790906369686126,-0.3384097814559936,-0.2103280574083328,-0.0165902461244685,0.5041812738638425,-0.2490752886752558,82.0
1652967305.935044,-0.2562460601329803,0.3244360089302063,1.18022620677948,-0.0170998554676771,-0.4803206920623779,-0.8769262433052063,-0.2503874897956848,-0.3929596543312073,-0.0309571623802185,-0.0194972938332558,0.5010203161221689,-0.2505430464732555,82.0
1652967305.944904,-0.259121835231781,0.3521719574928283,1.2454878091812134,-0.0210905317217111,-0.4788861572742462,-0.8776236176490784,-0.0630244985222816,-0.449090838432312,0.1796320229768753,-0.0240267840053091,0.49938546575398,-0.2497689725893446,82.0
1652967305.954852,-0.2539466619491577,0.36945241689682,1.283874750137329,-0.0267844963818788,-0.4793702960014343,-0.8772038817405701,0.2030059099197387,-0.5358315706253052,0.3996703326702118,-0.0305244625229236,0.4999370518527341,-0.2464551860609061,82.0
1652967305.965023,-0.2533408403396606,0.3914380073547363,1.3169456720352173,-0.0344093702733516,-0.4825034737586975,-0.8752179145812988,0.5613627433776855,-0.6494798064231873,0.6306942105293274,-0.0392949652420094,0.5035106473444003,-0.2404873362038447,82.0
1652967305.974697,-0.2498798966407776,0.4338843822479248,1.319119930267334,-0.0442942790687084,-0.4887059926986694,-0.8713234066963196,0.9254978895187378,-0.7873823046684265,0.8565207123756409,-0.0507919130434503,0.5106059428663371,-0.2316518052277961,82.0
1652967305.9847078,-0.263512521982193,0.5057394504547119,1.2658287286758425,-0.0563726983964443,-0.4974417984485626,-0.8656637668609619,1.1847118139266968,-0.9045464992523192,1.094852089881897,-0.0650289604053816,0.5206473340841241,-0.219782213091273,82.0
1652967305.994608,-0.2934705018997192,0.5889292359352112,1.1676688194274902,-0.0707414895296096,-0.5068411827087402,-0.859131932258606,1.1451979875564575,-0.9964527487754822,1.3312608003616333,-0.0821553266904429,0.5315164765138298,-0.2048409245210493,82.0
1652967306.004751,-0.3285054564476013,0.6717408895492554,1.0104820728302002,-0.0865336135029792,-0.5144340991973877,-0.8531526327133179,0.8825112581253052,-1.0093384981155396,1.5280178785324097,-0.1010823641117829,0.5403476200771337,-0.1871970655265841,82.0
1652967306.014546,-0.3237618207931518,0.6913359761238098,0.9072098731994628,-0.1035605147480964,-0.5187363028526306,-0.8486388325691223,0.5072517991065979,-1.044084548950195,1.7160218954086304,-0.1214309250815554,0.5453721342980046,-0.1675917377984586,82.0
1652967306.0245728,-0.2654240429401397,0.6352711915969849,0.9082959294319152,-0.1225001141428947,-0.520219087600708,-0.8452016711235046,0.3569688498973846,-1.222839593887329,1.937837839126587,-0.1439336983752639,0.5471074347650241,-0.1458548491909977,82.0
1652967306.034513,-0.2635703086853027,0.5565394759178162,0.8775726556777954,-0.1440682411193847,-0.5203032493591309,-0.8417415022850037,0.3181094527244568,-1.380309820175171,2.151807308197021,-0.1695124671562498,0.547206044318314,-0.1216670176700962,82.0
1652967306.044424,-0.2882388830184936,0.4235686659812927,0.8270650506019592,-0.1679073274135589,-0.5198140144348145,-0.8376159071922302,0.4249701201915741,-1.5287476778030396,2.3669416904449463,-0.1978364930391388,0.5466332100621109,-0.0950404974493336,82.0
1652967306.054369,-0.319623053073883,0.2762103676795959,0.7767419219017029,-0.1940793246030807,-0.5197991132736206,-0.8319507241249084,0.6516509652137756,-1.658589482307434,2.6037144660949707,-0.229183462926727,0.5466157752264796,-0.0653756294808366,82.0
1652967306.064631,-0.3906914889812469,0.1778123378753662,0.6599750518798828,-0.2219793945550918,-0.5204638242721558,-0.8245255947113037,0.8610867261886597,-1.7020446062088013,2.794126272201538,-0.2629853726436468,0.5473940875691451,-0.0326302316959424,82.0
1652967306.074466,-0.4607009291648865,0.0919580459594726,0.5427778959274292,-0.2508316040039062,-0.5215070843696594,-0.8155451416969299,1.0504107475280762,-1.7317821979522705,2.921263694763184,-0.2983809262339506,0.5486162869272466,0.002511223815578,82.0
1652967306.084316,-0.5158101916313171,-0.0166505575180053,0.4798220992088318,-0.280408650636673,-0.5229586362838745,-0.8049132227897644,1.2433521747589111,-1.7763878107070925,3.015962839126587,-0.3352231121579396,0.550318382902584,0.0396372416851765,82.0
1652967306.094211,-0.5677402019500732,-0.066585898399353,0.3487192988395691,-0.310525119304657,-0.5237222909927368,-0.7932774424552917,1.1638320684432983,-1.7542682886123655,3.0994153022766118,-0.3731103823220159,0.5512145828714946,0.078145399810588,82.0
1652967306.104321,-0.625770092010498,-0.0614457130432128,0.1937521696090698,-0.3399128317832947,-0.521449863910675,-0.7826552391052246,0.8115926384925842,-1.615828037261963,3.104955673217773,-0.4097274740333663,0.5485492575831225,0.1161149083099027,82.0
1652967306.114246,-0.6706100106239319,-0.0893592834472656,0.1212949752807617,-0.3680862486362457,-0.5155057311058044,-0.7737998962402344,0.4747370481491089,-1.539366364479065,3.0741629600524902,-0.4440083802868314,0.5415977535135019,0.151952181862019,82.0
1652967306.124165,-0.6456227898597717,-0.1289881467819214,0.0996328592300415,-0.3950875997543335,-0.5067983269691467,-0.7661992311477661,0.295113742351532,-1.4702661037445068,3.0009453296661377,-0.4760859330549478,0.5314667570271895,0.1853889248772448,82.0
1652967306.1345491,-0.6064573526382446,-0.1677432060241699,0.1271423697471618,-0.4209321439266205,-0.4971679747104645,-0.7587094902992249,0.4039202630519867,-1.406691074371338,2.9812240600585938,-0.506521085276811,0.5203317155368979,0.2174896069735757,82.0
1652967306.144952,-0.6094024181365967,-0.1606246829032898,0.0864163935184478,-0.446002185344696,-0.4880429208278656,-0.750264048576355,0.6393505930900574,-1.3295719623565674,3.0724244117736816,-0.5363362208360611,0.5098460903868324,0.2504414739142758,82.0
1652967306.154265,-0.6773544549942017,-0.1799483299255371,-0.0052774250507354,-0.4707320034503937,-0.4796926081180572,-0.7404770851135254,0.9720746874809264,-1.2762506008148191,3.183182001113892,-0.566267036660933,0.5003043577452847,0.2855295552730299,82.0
1652967306.165946,-0.7069935202598572,-0.2105645537376403,-0.0935758650302887,-0.495521068572998,-0.472937136888504,-0.7285528779029846,1.4426651000976562,-1.293468713760376,3.2834413051605225,-0.5972753135659803,0.4926212954845859,0.3236555145273942,82.0
1652967306.174088,-0.7033511996269226,-0.2091041803359985,-0.2053076922893524,-0.5205256938934326,-0.4682151675224304,-0.7140220999717712,1.8973758220672607,-1.3626914024353027,3.3328933715820312,-0.6299283827833513,0.4872697889284922,0.3651053330933607,82.0
1652967306.183909,-0.6811028122901917,-0.1741651892662048,-0.3845347166061401,-0.5457342267036438,-0.4644795358181,-0.6974474191665649,2.0177249908447266,-1.3649146556854248,3.33125114440918,-0.6639624199426418,0.4830468008798598,0.4085703141288955,82.0
1652967306.193853,-0.6050860285758972,-0.1133868098258972,-0.5576895475387573,-0.569688081741333,-0.4594002068042755,-0.6814740300178528,1.778231143951416,-1.219303846359253,3.2149465084075928,-0.6962890444478638,0.4773198255614344,0.4506876255883086,82.0
1652967306.203902,-0.5419297814369202,-0.0616446137428283,-0.6741456985473633,-0.5917218327522278,-0.4517850279808044,-0.6676492094993591,1.3539798259735107,-1.0756486654281616,3.069699048995972,-0.7251811234333404,0.4687652121714953,0.4888769592843544,82.0
1652967306.21376,-0.4426254630088806,-0.0467029809951782,-0.7555214166641235,-0.6114973425865173,-0.4412711262702942,-0.6567729711532593,0.8882126808166504,-0.91497141122818,2.890463590621948,-0.7497145880902766,0.4570146612484334,0.5217250598368403,82.0
1652967306.223632,-0.3861842155456543,-0.1037072539329528,-0.7482434511184692,-0.6294864416122437,-0.4287431538105011,-0.6480169296264648,0.6625092625617981,-0.861834704875946,2.7575669288635254,-0.7708939430236011,0.4431011226169439,0.5500730859593225,82.0
1652967306.233873,-0.3804042935371399,-0.1805822253227234,-0.7668202519416809,-0.6464509963989258,-0.4155832529067993,-0.6398370862007141,0.6487692594528198,-0.8651446104049683,2.6897308826446533,-0.7905399686831679,0.4285839717324058,0.5763105596455046,82.0
1652967306.243593,-0.3673041462898254,-0.2036958932876587,-0.7988876104354858,-0.66281658411026,-0.4028335213661194,-0.6311888098716736,0.7918134927749634,-0.8987699151039124,2.595115423202514,-0.8098350847029958,0.4146105776778254,0.6019763556032192,82.0
1652967306.253438,-0.3248187899589538,-0.2302999496459961,-0.7777303457260132,-0.6785380840301514,-0.3917489647865295,-0.6213846206665039,1.102967381477356,-0.9221129417419434,2.46803617477417,-0.8293366491281817,0.4025317189910828,0.628204132242133,82.0
1652967306.263915,-0.2711433172225952,-0.2287623882293701,-0.7772806882858276,-0.6935019493103027,-0.3830586075782776,-0.6101810932159424,1.3792128562927246,-0.9323444962501526,2.315483331680298,-0.8492232458279954,0.3931052063809863,0.6555174762890166,82.0
1652967306.273607,-0.2285312414169311,-0.2244386076927185,-0.8500330448150635,-0.7075037956237793,-0.3760105669498443,-0.5983763933181763,1.4519323110580444,-0.9012120962142944,2.1730339527130127,-0.8687706279219258,0.3854871291886779,0.6829828473059459,82.0
1652967306.283746,-0.1955174207687378,-0.1931460499763488,-0.9511302709579468,-0.7203149795532227,-0.3691669404506683,-0.5872495174407959,1.2036452293395996,-0.8110364079475403,1.983776330947876,-0.8868149185704223,0.3781124778976263,0.7084021895634796,82.0
1652967306.293439,-0.1458135843276977,-0.1573379039764404,-1.0062233209609983,-0.7314751148223877,-0.3614066839218139,-0.5782121419906616,0.7779009938240051,-0.7009137868881226,1.7481790781021118,-0.9018909307299814,0.3697761237627417,0.7291531984204906,82.0
1652967306.345214,-0.1198174357414245,-0.1895360350608825,-0.9742645025253296,-0.7486670613288879,-0.3441864550113678,-0.566598117351532,0.122029572725296,-0.5073214173316956,1.2168997526168823,-0.9229515692148244,0.3513721675468289,0.7552793053958616,82.0
1652967306.353606,-0.0691660642623901,-0.3386461734771728,-0.586118221282959,-0.7683124542236328,-0.3247093558311462,-0.5515974164009094,0.6388673186302185,-0.2998931407928467,0.5580229759216309,-0.9481354355184496,0.3307044127665746,0.7842444758211734,82.0
1652967306.363513,-0.0640381574630737,-0.3457237482070923,-0.5386611819267273,-0.7715330123901367,-0.3248642086982727,-0.546991765499115,0.8653239011764526,-0.2607039213180542,0.4777308106422424,-0.9540772796582948,0.3308681332016891,0.7939026417636253,82.0
1652967306.373263,-0.0513224601745605,-0.310583233833313,-0.4928373992443084,-0.7741779088973999,-0.3265748023986816,-0.5422152280807495,0.9729145765304564,-0.1956595182418823,0.3826286494731903,-0.9598183973657152,0.332677390283517,0.8045470390470776,82.0
1652967306.383029,-0.0321856141090393,-0.2553093433380127,-0.4294508695602417,-0.7761029005050659,-0.329200804233551,-0.5378578305244446,0.9527972936630248,-0.1200784817337989,0.2885929644107818,-0.9647676636237924,0.335457091874126,0.8149493183587062,82.0
1652967306.3928308,-0.0258782505989074,-0.2019598484039306,-0.3906688094139099,-0.7774053812026978,-0.3319721519947052,-0.5342614650726318,0.7860575914382935,-0.063064195215702,0.2046509981155395,-0.9686878205697383,0.3383935354814474,0.8240309160725966,82.0
1652967306.402864,-0.0270025134086608,-0.1574735641479492,-0.3644165396690368,-0.7781273722648621,-0.3340850174427032,-0.5318880081176758,0.5254987478256226,-0.0038133924826979,0.1407303363084793,-0.971196977860702,0.3406342938832207,0.8307530602947842,82.0
1652967306.412813,-0.0249012112617492,-0.1279990673065185,-0.3222060799598694,-0.7784433960914612,-0.3354171812534332,-0.5305855870246887,0.3233329355716705,0.0119349444285035,0.0854642987251281,-0.9725276652469564,0.3420480150384283,0.8350705200697554,82.0
1652967306.422754,-0.0083083510398864,-0.1286254525184631,-0.2752895653247833,-0.7785874605178833,-0.3363132178783417,-0.5298066735267639,0.2143545150756836,0.0050243074074387,0.0391609817743301,-0.9732972430541168,0.3429993390999584,0.8377193070171682,82.0
1652967306.432667,0.0001643896102905,-0.1374068260192871,-0.2281764149665832,-0.7786830067634583,-0.3372074663639068,-0.5290970802307129,0.1976510286331176,-0.014470936730504,0.008618364110589,-0.9739774666391896,0.3439490513705444,0.8396234556174351,82.0
1652967306.442677,-0.0153605937957763,-0.133463978767395,-0.1985566318035125,-0.7787525057792664,-0.3382322788238525,-0.5283402800559998,0.1746826022863388,-0.0137691935524344,-0.0147996097803115,-0.9746841860169496,0.3450378403777011,0.8412532529648649,82.0
1652967306.452635,-0.0317891240119934,-0.1248835325241088,-0.1914487183094024,-0.7786204814910889,-0.3393130004405975,-0.5278418064117432,0.1623996347188949,0.0246296990662813,-0.0377074368298053,-0.9750438740683256,0.3461864620725746,0.842569519185925,82.0
1652967306.4631171,-0.0473681688308715,-0.1206480264663696,-0.1694328784942627,-0.7781932353973389,-0.3405615985393524,-0.5276674628257751,0.1644619852304458,0.0674567893147468,-0.0716832503676414,-0.9749423781145372,0.3475141426138292,0.8436529952311674,82.0
1652967306.472851,-0.0371984243392944,-0.1146782636642456,-0.1159353554248809,-0.7774224281311035,-0.3421944975852966,-0.5277472734451294,0.196776658296585,0.1092797666788101,-0.1061010584235191,-0.9744116944369886,0.3492514075700791,0.8446670528533557,82.0
1652967306.482815,-0.0223954916000366,-0.0789393782615661,-0.07523974776268,-0.7763714790344238,-0.3441937863826751,-0.5279942154884338,0.2040886282920837,0.1325041353702545,-0.1279807984828949,-0.973565402598458,0.3513799670969747,0.8457416770315107,82.0
1652967306.4924722,-0.0055071115493774,-0.0523066520690918,-0.0500100255012512,-0.775162935256958,-0.3461996614933014,-0.5284581780433655,0.1948155015707016,0.1581064313650131,-0.1163502410054206,-0.9724320469069494,0.353517227119026,0.8467672244933834,82.0
