1652967343.532741,-0.0048455595970153,-0.0095804333686828,-0.0226713418960571,-0.7720555067062378,-0.4157441258430481,-0.4807152152061462,-0.0045286966487765,0.0553254559636116,-0.0348874554038047,-1.013893496166956,0.4287608302234066,0.563115470222389,71.0
1652967343.542811,0.0042324662208557,-0.0041706562042236,-0.0266335308551788,-0.7715356945991516,-0.4159933924674988,-0.4813337028026581,-0.055777434259653,0.0561813935637474,-0.0381801463663578,-1.0130140044936635,0.429034929395694,0.5625888719723271,71.0
1652967343.5526562,0.008992850780487,-0.0028006136417388,-0.0095599889755249,-0.7710317969322205,-0.4159770607948303,-0.4821544289588928,-0.0684855133295059,0.0484872534871101,-0.0344948656857013,-1.0119549747992085,0.4290169552026875,0.5617057353673255,71.0
1652967343.562604,0.0086312890052795,-0.0054112076759338,-0.0032098591327667,-0.7705787420272827,-0.4158269464969635,-0.4830075800418854,-0.0687225982546806,0.0354556627571582,-0.0431693904101848,-1.0108954510322448,0.428851892060071,0.5607232678648888,71.0
1652967343.572589,0.0078306794166564,-0.013332724571228,0.0024747848510742,-0.7701900601387024,-0.4156979918479919,-0.4837377667427063,-0.0592883452773094,0.0283857695758342,-0.0358757898211479,-1.0099882340542663,0.4287101158472373,0.5597926653065222,71.0
1652967343.582521,-0.0035938620567321,-0.013214111328125,0.010663628578186,-0.769919753074646,-0.4156165421009063,-0.4842379093170166,-0.054619163274765,0.0215024575591087,-0.0407823212444782,-1.009364486515787,0.4286205719127336,0.5590192022816609,71.0
1652967343.59249,-0.0088976621627807,-0.0066221356391906,0.0136947631835937,-0.7696055173873901,-0.4157180190086365,-0.4846500754356384,-0.0436496026813983,0.0189759172499179,-0.0478583388030529,-1.008796951915498,0.428732133319364,0.5582836183222143,71.0
1652967343.602442,-0.008503258228302,-0.0069848299026489,0.0185022950172424,-0.7692675590515137,-0.4160546958446502,-0.4848977327346802,-0.0043379478156566,0.0132796810939908,-0.0406014919281005,-1.008368445488841,0.4291023575478771,0.5577291904725924,71.0
1652967343.6125789,-0.010719358921051,-0.0045299530029296,0.0207336843013763,-0.7689130306243896,-0.416622906923294,-0.4849721789360046,0.0318456217646598,0.0283347982913255,-0.0444423034787178,-1.0080911805579582,0.4297272911349567,0.5576059454920833,71.0
1652967343.622363,-0.0130006670951843,-0.0025233030319213,0.021999716758728,-0.7684474587440491,-0.4175074696540832,-0.484949380159378,0.0625897496938705,0.03226013854146,-0.0579008534550666,-1.007839096675256,0.4307005471105659,0.5577371563519297,71.0
1652967343.6323562,-0.010973036289215,-0.0004075765609741,0.0162818729877471,-0.7679727077484131,-0.4183509349822998,-0.4849746525287628,0.053120881319046,0.0427085161209106,-0.0596497543156147,-1.007536604484649,0.431628972083141,0.5579545884789799,71.0
1652967343.6421962,-0.0115287899971008,-0.0052817463874816,-0.006372720003128,-0.7674169540405273,-0.4189354479312897,-0.4853495657444,-0.0167460143566131,0.0636631697416305,-0.0563072562217712,-1.006860705981546,0.432272596994737,0.5577969312404112,71.0
1652967343.652276,-0.0073543787002563,0.00098317861557,-0.00534388422966,-0.7668153643608093,-0.4190182387828827,-0.4862281382083893,-0.0947449430823326,0.0714004561305046,-0.0569837018847465,-1.005688745687224,0.4323637829751102,0.5568824225523222,71.0
1652967343.6622372,-0.000440776348114,0.003479778766632,-0.0060635507106781,-0.7663131952285767,-0.4186495244503021,-0.4873362183570862,-0.1354289799928665,0.062024638056755,-0.0404229871928691,-1.004362170210044,0.4319577549715925,0.5554617339856451,71.0
1652967343.672171,-0.0050495862960815,0.0032427012920379,0.0107674300670623,-0.7659768462181091,-0.4181007146835327,-0.4883350133895874,-0.1389454305171966,0.0424088574945926,-0.0431932061910629,-1.0032357004178525,0.4313535210542462,0.5539348774543332,71.0
1652967343.682218,0.0048503279685974,0.0017023682594299,0.0220944881439209,-0.7657907009124756,-0.4176022112369537,-0.4890530705451965,-0.1016379967331886,0.0207578353583812,-0.0376751720905303,-1.002459207065851,0.4308048211736143,0.5526448895074564,71.0
1652967343.692113,0.0077658891677856,0.0029433965682983,0.0274811387062072,-0.7657612562179565,-0.4172210991382599,-0.4894242882728576,-0.0607206597924232,-0.0004374627023935,-0.0330641753971576,-1.0020975357427495,0.4303854084372511,0.5517621808437618,71.0
1652967343.702069,0.0041237473487854,0.0003674030303955,0.0266240835189819,-0.7658270597457886,-0.4169896245002746,-0.4895186424255371,-0.0200880132615566,-0.0098407650366425,-0.0227691940963268,-1.00204903816909,0.4301307168381748,0.5512849694103107,71.0
1652967343.712033,0.0061316490173339,-0.0032529830932617,0.0261603593826293,-0.7659123539924622,-0.4169989228248596,-0.4893772006034851,0.0238626636564731,-0.012322031892836,-0.0183619298040866,-1.002230718146147,0.4301409491143438,0.551245647945797,71.0
1652967343.722054,0.0014255046844482,-0.0011159181594848,0.0242401361465454,-0.7658907771110535,-0.4174133539199829,-0.4890576601028442,0.0567893199622631,-0.0063674701377749,-0.0269843339920043,-1.0025142492764698,0.430596964531966,0.5515378148402748,71.0
1652967343.732324,0.0043625831604003,5.233287811279297e-05,0.0210417211055755,-0.7658217549324036,-0.4179227650165558,-0.4887304902076721,0.0607047006487846,0.0048007620498538,-0.0207991413772106,-1.0027768733857738,0.431157622977716,0.5520002130528019,71.0
1652967343.741918,0.0040440559387207,0.0068229138851165,0.0008659064769744,-0.7656710743904114,-0.4182395040988922,-0.4886955916881561,-0.0117131732404232,0.0312905311584472,-0.0070199072360992,-1.0027199960562785,0.4315062904957382,0.5521891024863927,71.0
1652967343.751859,0.0024850368499755,0.0103746056556701,-0.0186710357666015,-0.7655616998672485,-0.4178371131420135,-0.4892109334468841,-0.0996137335896492,0.0479480735957622,0.0088392179459333,-1.0021771057747229,0.4310633549331275,0.5517215102793022,71.0
1652967343.761843,-0.0070630311965942,0.01123708486557,-0.0277370810508728,-0.7653977274894714,-0.4169650077819824,-0.4902106821537018,-0.1542548090219497,0.0591169968247413,0.0057065775617957,-1.0011531181010176,0.4301036270148306,0.5505672736476972,71.0
1652967343.771788,-0.0095755457878112,0.004913181066513,-0.0392372906208038,-0.7652502655982971,-0.4160391092300415,-0.4912262558937073,-0.1291089653968811,0.031913872808218,-0.0082688927650451,-1.0001252186255345,0.4290852065123226,0.5492325521410929,71.0
1652967343.781888,-0.0177284479141235,0.000917911529541,-0.0628507137298584,-0.7651082873344421,-0.4155580401420593,-0.4918543398380279,-0.0839038789272308,0.0045772697776556,-0.0459109246730804,-0.999459757831386,0.4285562340356003,0.548094312369384,71.0
1652967343.791674,-0.0280433297157287,0.015426754951477,-0.1119728982448577,-0.7648947238922119,-0.4157370030879974,-0.4920352399349212,-0.0592723041772842,-0.0418613329529762,-0.1075559109449386,-0.999165469439362,0.4287530162171774,0.5470050434155752,71.0
1652967343.801594,-0.0307291150093078,0.0350278913974761,-0.1893493831157684,-0.764711320400238,-0.4164244830608368,-0.4917388558387756,-0.1035776510834693,-0.1123192012310028,-0.1760956346988678,-0.999330487001496,0.4295090206488453,0.5454927291737852,71.0
1652967343.811935,-0.0512347817420959,0.042649894952774,-0.3320209980010986,-0.7645303606987,-0.4173227846622467,-0.491258442401886,-0.2445632517337799,-0.1986953616142273,-0.273808091878891,-0.9996674568958256,0.4304973119471234,0.5426053322737826,71.0
1652967343.821576,-0.0454972386360168,0.026275485754013,-0.4537301063537597,-0.7641796469688416,-0.417912870645523,-0.4913025200366974,-0.5826314687728882,-0.245855376124382,-0.4140622317790985,-0.9994179738683252,0.4311467340862362,0.5368417748390039,71.0
1652967343.831506,-0.0242870450019836,-0.0415762066841125,-0.5372421145439148,-0.7634782195091248,-0.417896956205368,-0.4924053251743316,-0.8970567584037781,-0.2630071938037872,-0.5317800641059875,-0.9979793570901238,0.4311292268783257,0.5271813364919111,71.0
1652967343.841485,-0.0679779052734375,-0.141866385936737,-0.6903306841850281,-0.7621458172798157,-0.4173658192157745,-0.4949136078357696,-1.192628026008606,-0.2286976277828216,-0.690701425075531,-0.994865056528882,0.4305446489609193,0.5139283664719072,71.0
1652967343.851536,-0.1112613677978515,-0.2237097024917602,-0.7638198137283325,-0.7598932385444641,-0.4167983829975128,-0.4988399147987366,-1.347892999649048,-0.1362723559141159,-0.8423588871955872,-0.9898928485568363,0.4299203256339544,0.4975705046881671,71.0
1652967343.8613992,-0.1002061367034912,-0.2631372213363647,-0.719419538974762,-0.756376326084137,-0.4171923696994781,-0.5038307309150696,-1.3246983289718628,-0.0225674789398908,-1.040910005569458,-0.9831783742158814,0.4303537966105293,0.4795646117793651,71.0
1652967343.871396,-0.0852534770965576,-0.2507622241973877,-0.7117114067077637,-0.7515230774879456,-0.419102132320404,-0.5094766020774841,-1.2771936655044556,0.0893081873655319,-1.2228518724441528,-0.9750396644525056,0.4324561821972498,0.4608255803493549,71.0
1652967343.881316,-0.0882719159126281,-0.2377703189849853,-0.705649197101593,-0.7451171875,-0.4225093126296997,-0.5160292983055115,-1.294994592666626,0.2265811562538147,-1.4464815855026243,-0.9650893304988244,0.4362121028321309,0.4408988327201952,71.0
1652967343.8913078,-0.0959115624427795,-0.2479077577590942,-0.6646876335144043,-0.7372029423713684,-0.4270633161067962,-0.5235921144485474,-1.329965591430664,0.3036365211009979,-1.623215913772583,-0.9532298975053504,0.4412425433570002,0.4193540253978903,71.0
1652967343.901206,-0.0927276015281677,-0.2653724551200866,-0.6854584217071533,-0.7281950116157532,-0.432202011346817,-0.5319146513938904,-1.4031273126602173,0.3773117065429687,-1.7406158447265625,-0.9399209213344724,0.4469332157707212,0.3963073026953428,71.0
1652967343.9111938,-0.1061669588088989,-0.3256297707557678,-0.6835330724716187,-0.7185093760490417,-0.4372859597206116,-0.5408559441566467,-1.4470561742782593,0.3554687201976776,-1.7982847690582275,-0.9255393123085076,0.4525785896559173,0.3719207710573384,71.0
1652967343.92155,-0.1027100086212158,-0.3427764177322387,-0.6776005029678345,-0.7087369561195374,-0.4421656131744385,-0.5497103333473206,-1.520057201385498,0.3060567677021026,-1.842725157737732,-0.91109922083262,0.4580116981461722,0.3465819147478228,71.0
1652967343.931136,-0.0969406962394714,-0.3873739242553711,-0.6871013045310974,-0.6987592577934265,-0.446657121181488,-0.558777928352356,-1.6350847482681274,0.2974123954772949,-1.924243211746216,-0.8962556267062696,0.4630255638218267,0.3198670548663126,71.0
1652967343.94107,-0.1318259239196777,-0.4600874781608581,-0.6874717473983765,-0.6882880330085754,-0.450620174407959,-0.5685076117515564,-1.7664172649383545,0.3388625681400299,-1.975871443748474,-0.8804173794594351,0.4674599380780399,0.2914668271708565,71.0
1652967343.951044,-0.1823830008506775,-0.4765560626983642,-0.7121914625167847,-0.6769155263900757,-0.4536714255809784,-0.5796269774436951,-1.9292924404144287,0.4943222105503082,-2.035466194152832,-0.8626696112591679,0.4708808270466937,0.2612642096350488,71.0
1652967343.960988,-0.2637982964515686,-0.495790958404541,-0.6584903001785278,-0.6640121936798096,-0.4561488628387451,-0.5924659967422485,-1.9806373119354248,0.6910266280174255,-2.1461997032165527,-0.842278565757497,0.4736627705645749,0.2293502214896581,71.0
1652967343.970967,-0.3135923743247986,-0.5099853277206421,-0.541093111038208,-0.6492065787315369,-0.4589067995548248,-0.6065767407417297,-1.920176386833191,0.9058992862701416,-2.2736446857452397,-0.8193319287699279,0.4767643926549753,0.1964475075410179,71.0
1652967343.980911,-0.3738467693328857,-0.4993487596511841,-0.4789137244224548,-0.6323634386062622,-0.4623398184776306,-0.6215773224830627,-1.8305517435073853,1.1109832525253296,-2.386007785797119,-0.7939997111699866,0.4806321756722265,0.1631802462953967,71.0
1652967343.99103,-0.4242449998855591,-0.4889990091323852,-0.4656327664852142,-0.6134134531021118,-0.4662823975086212,-0.6374201774597168,-1.750727653503418,1.3172938823699951,-2.508341789245605,-0.7662079590525025,0.4850837028248504,0.1294657209365843,71.0
1652967344.000824,-0.4594890475273132,-0.5060824751853943,-0.4076811075210571,-0.5924211740493774,-0.4705993831157684,-0.65389084815979,-1.709558367729187,1.4755674600601196,-2.608228206634521,-0.7361168535137876,0.4899699720989077,0.0950658611300989,71.0
1652967344.010942,-0.4850945472717285,-0.4978214502334595,-0.4039222300052643,-0.5698369145393372,-0.4743430316448211,-0.6710324287414551,-1.802979111671448,1.615497589111328,-2.656456708908081,-0.7040261303437695,0.4942176134670853,0.0596951805066685,71.0
1652967344.0217772,-0.5380796194076538,-0.4949168562889099,-0.4339701235294342,-0.5457519888877869,-0.4763080477714538,-0.6894094347953796,-1.982964873313904,1.767411470413208,-2.678628921508789,-0.6696117494355817,0.4964510639633335,0.0227374404943519,71.0
1652967344.030839,-0.6219975352287292,-0.5018945336341858,-0.3810151815414428,-0.5201683640480042,-0.4764980971813202,-0.7087836861610413,-2.0468862056732178,1.9006294012069704,-2.703050136566162,-0.63310994076728,0.4966672282360339,-0.0154434800837718,71.0
1652967344.04066,-0.6599319577217102,-0.4837772846221924,-0.2788072824478149,-0.4934339821338653,-0.4755413234233856,-0.7282742261886597,-2.005293846130371,1.9915413856506348,-2.676186800003052,-0.5954917051225279,0.4955792790867346,-0.053610567010799,71.0
1652967344.0506868,-0.6982853412628174,-0.4537002444267273,-0.1825953423976898,-0.465654969215393,-0.4738833606243133,-0.7473954558372498,-1.9212608337402344,2.1288812160491943,-2.680773496627808,-0.5571864138421616,0.4936955510591921,-0.0911101927909664,71.0
1652967344.060735,-0.7359989285469055,-0.3995994329452514,-0.0681665539741516,-0.436440497636795,-0.4718723893165588,-0.7660653591156006,-1.8266897201538088,2.26460599899292,-2.6917848587036133,-0.5178549460876477,0.4914132511630207,-0.1280300648785755,71.0
1652967344.070564,-0.7494920492172241,-0.3124216198921203,0.0376351177692413,-0.4059033393859863,-0.4691840410232544,-0.7842887043952942,-1.8050057888031008,2.3832433223724365,-2.677724838256836,-0.4775835181094601,0.4883665879883285,-0.1644595160866795,71.0
1652967344.080525,-0.724736213684082,-0.2508505582809448,0.0792202055454254,-0.3743084669113159,-0.4649622440338135,-0.8023111820220947,-1.8818989992141724,2.49074649810791,-2.628272533416748,-0.4365213025835086,0.4835919676199501,-0.2004625409494097,71.0
1652967344.090509,-0.7467182874679565,-0.2728515267372131,0.1233357787132263,-0.341767281293869,-0.4588001072406769,-0.8201814293861389,-1.9188755750656128,2.608823537826538,-2.558069229125977,-0.3948171225888615,0.4766443137331549,-0.235785114937479,71.0
1652967344.100661,-0.7992920279502869,-0.316397488117218,0.2158897817134857,-0.3084501326084137,-0.4513632357120514,-0.8373348712921143,-1.8395711183547971,2.7046499252319336,-2.455119609832764,-0.3529465654285273,0.468292458003238,-0.2696230507556635,71.0
1652967344.1104,-0.785598874092102,-0.3067401647567749,0.3492505550384521,-0.2746884524822235,-0.4435039460659027,-0.8531415462493896,-1.667913556098938,2.798790693283081,-2.301707029342652,-0.3114915698114275,0.4595043833137596,-0.3010379932731649,71.0
1652967344.120367,-0.747406542301178,-0.2413249015808105,0.4747288525104522,-0.2405999153852462,-0.4357729852199554,-0.8673024773597717,-1.4655404090881348,2.8967599868774414,-2.126295328140259,-0.2706070263018927,0.4508969253806962,-0.3295509438859952,71.0
1652967344.130374,-0.767296314239502,-0.1881216764450073,0.5365738868713379,-0.2061075270175933,-0.428251564502716,-0.8798410296440125,-1.3242725133895874,2.996598243713379,-1.9709575176239011,-0.2301062195220164,0.4425570344380171,-0.3552840388265958,71.0
1652967344.140339,-0.7845900654792786,-0.1226497888565063,0.5679454207420349,-0.1714798063039779,-0.420423299074173,-0.8909763693809509,-1.2634546756744385,3.050911903381348,-1.8057401180267332,-0.1901378491191972,0.4339117928554335,-0.3785024227290659,71.0
1652967344.150261,-0.7773585319519043,-0.068205177783966,0.5578757524490356,-0.1369784921407699,-0.4121541082859039,-0.9007585048675536,-1.1924794912338257,3.074359893798828,-1.6513677835464478,-0.1509139336745266,0.4248170534398254,-0.3994522469875552,71.0
1652967344.160109,-0.7857530117034912,-0.0489099025726318,0.5751667022705078,-0.1028577163815498,-0.4035814106464386,-0.9091436862945556,-1.1240066289901731,3.058024406433105,-1.50864577293396,-0.1126578775891931,0.4154278314195846,-0.418172993038537,71.0
1652967344.1704,-0.815242350101471,-0.0270259976387023,0.5731947422027588,-0.0692027583718299,-0.3950635194778442,-0.9160435199737548,-1.026374340057373,3.076289653778076,-1.37742280960083,-0.0754020491175604,0.4061369895062209,-0.4349132465957722,71.0
1652967344.180111,-0.8563641309738159,-0.0305379629135131,0.626285195350647,-0.0356646291911602,-0.3871645629405975,-0.921320617198944,-0.8427252173423767,3.138201713562012,-1.2504154443740845,-0.0386910159866068,0.3975543206887707,-0.4496939351777023,71.0
1652967344.190068,-0.8741405606269836,-0.0022534132003784,0.7360510230064392,-0.0019274643855169,-0.3802769184112549,-0.9248706698417664,-0.6998975276947021,3.218461751937866,-1.1150668859481812,-0.0020840336648753,0.3900956853714173,-0.4626856807239642,71.0
1652967344.200018,-0.8183799386024475,0.0615149140357971,0.8137333393096924,0.0319572575390338,-0.3743563294410705,-0.9267340898513794,-0.568587064743042,3.293801069259644,-0.9279351830482484,0.03447008250466,0.3837025223970287,-0.4735815858345578,71.0
1652967344.210022,-0.7755975723266602,0.1296632885932922,0.8223552703857422,0.0656672343611717,-0.3688943982124328,-0.927148699760437,-0.5449022650718689,3.3429436683654785,-0.7229028940200806,0.0707090023652163,0.3778192454143775,-0.4821219840303786,71.0
1652967344.21994,-0.7587248682975769,0.1984570026397705,0.8070094585418701,0.0989806801080703,-0.3628106415271759,-0.926591157913208,-0.6835716962814331,3.3794989585876465,-0.5133025646209717,0.1064188264319797,0.3712822907925197,-0.4881494468890883,71.0
1652967344.230106,-0.7368659973144531,0.2372409105300903,0.7656620740890503,0.1315498948097229,-0.3550783991813659,-0.9255344271659852,-0.9009892344474792,3.3705129623413086,-0.2844291925430298,0.1411882910147033,0.3629979157805862,-0.4913375946514203,71.0
1652967344.239998,-0.7370191812515259,0.2589079141616821,0.7405514717102051,0.1631666868925094,-0.3457301557064056,-0.924038589000702,-1.0637845993041992,3.389613628387451,-0.0335570499300956,0.1747782528951294,0.3530168152887732,-0.491336387981566,71.0
1652967344.2498531,-0.7810112237930298,0.2877149581909179,0.7595231533050537,0.1943718343973159,-0.3362289071083069,-0.921504020690918,-1.0090223550796509,3.438220500946045,0.1769383996725082,0.2078817000003112,0.3429097933391533,-0.488467942286,71.0
1652967344.25979,-0.8091332316398621,0.3443732857704162,0.820612907409668,0.2250115573406219,-0.3286693394184112,-0.9172492623329164,-0.7394241094589233,3.451265573501587,0.3765698373317718,0.2405608741086025,0.3348942883595434,-0.4835126493872788,71.0
1652967344.269734,-0.8033347725868225,0.4310908317565918,0.8730301260948181,0.2552391290664673,-0.3248884677886963,-0.9106593132019044,-0.3242948353290558,3.5245375633239746,0.5138331651687622,0.273267861658845,0.3308938005525793,-0.4775361061975827,71.0
1652967344.280086,-0.7887908220291138,0.5516160130500793,0.9684349298477172,0.285784900188446,-0.3253378570079803,-0.9013779759407043,0.0949056819081306,3.641982316970825,0.6167740821838379,0.3070277111470671,0.331369004384334,-0.4715043910938946,71.0
1652967344.289917,-0.6904279589653015,0.6813749670982361,1.0949960947036743,0.3158704936504364,-0.3304085433483124,-0.8894132971763611,0.5847035646438599,3.581610918045044,0.783847987651825,0.3412507694769271,0.3367363848898771,-0.4657508326784332,68.0
1652967344.299621,-0.5898663997650146,0.7765814065933228,1.1231772899627686,0.343406468629837,-0.340065598487854,-0.8754583597183228,0.8748842477798462,3.379452705383301,1.075334906578064,0.3738153853378439,0.3469866391242897,-0.4593207913934104,68.0
1652967344.3098578,-0.5858522653579712,0.8656982779502869,1.0467607975006104,0.3676363229751587,-0.3517227172851562,-0.8608917593955994,0.7730169892311096,3.216902256011963,1.3967506885528564,0.4035983527752413,0.3594107603296498,-0.4505884432482613,68.0
1652967344.319545,-0.6160476207733154,0.9389123320579528,0.9205324649810792,0.3887985050678253,-0.3630067110061645,-0.8467950224876404,0.4783734679222107,3.065845489501953,1.7285590171813965,0.4304297222006066,0.3714926835186742,-0.4380764851170547,68.0
1652967344.32951,-0.613813042640686,1.001152276992798,0.8470866680145264,0.406720757484436,-0.373453676700592,-0.8337329030036926,0.2590879797935486,2.8725881576538086,2.049571990966797,0.4538651079361429,0.3827292786760511,-0.4213904253489626,68.0
1652967344.339566,-0.6103005409240723,1.0418672561645508,0.8496006727218628,0.4211526811122894,-0.3846347332000732,-0.8213930130004883,0.3056841492652893,2.614454746246338,2.2988972663879395,0.4737794933002134,0.394812072292392,-0.4016776850216729,68.0
1652967344.349443,-0.6104089021682739,1.0719287395477295,0.8888615965843201,0.4318048357963562,-0.3982608616352081,-0.809279203414917,0.5668507814407349,2.304328203201294,2.470548391342163,0.4901393762615548,0.4096200603498686,-0.3809465842485977,68.0
1652967344.359374,-0.5878645181655884,1.0962775945663452,0.8680938482284546,0.4388472139835357,-0.4147855639457702,-0.7970985174179077,0.8134311437606812,2.0170934200286865,2.5926852226257324,0.5032698221179913,0.4277071093914746,-0.3602849333538871,68.0
1652967344.3692951,-0.5401634573936462,1.1086158752441406,0.7662612199783325,0.442324161529541,-0.4333600699901581,-0.7852059006690979,0.9083651304244996,1.735926866531372,2.737764596939087,0.5130140540330352,0.4482177923110928,-0.3393730123257693,68.0
1652967344.3792992,-0.5170259475708008,1.0997207164764404,0.6423653960227966,0.4424410462379455,-0.4522407054901123,-0.7744186520576477,0.7818496227264404,1.4936069250106812,2.887641668319702,0.5190644571261065,0.4692760283971376,-0.3168727085463598,68.0
1652967344.389266,-0.4743606448173523,1.077174425125122,0.5232867002487183,0.4391586482524872,-0.470292717218399,-0.7654830813407898,0.5047298669815063,1.2239173650741575,3.076821565628052,0.5208577595461256,0.4896224348239351,-0.2914638763451975,68.0
1652967344.399487,-0.4677180349826813,1.0508918762207031,0.4053478837013244,0.4326991438865661,-0.4867838323116302,-0.7588233351707458,0.2233030647039413,1.0682153701782229,3.2647275924682617,0.5182374384369604,0.5084041374476296,-0.2622634767471018,68.0
1652967344.409414,-0.5016025304794312,1.0211851596832275,0.3105137348175049,0.423675924539566,-0.5021334290504456,-0.7538970112800598,0.1027284562587738,0.9104270339012146,3.418336868286133,0.5119952584671856,0.5260639903928023,-0.2297135648313745,68.0
1652967344.4190788,-0.4872381091117859,0.9890246987342834,0.2211641669273376,0.4122259616851806,-0.5179626941680908,-0.7495227456092834,0.307793378829956,0.7233818173408508,3.499864101409912,0.5028313704583326,0.5444675277056508,-0.1957533207963189,68.0
1652967344.4293442,-0.4554894268512726,0.926896333694458,0.161126971244812,0.3984369039535522,-0.5358521938323975,-0.7443859577178955,0.718071460723877,0.4975910186767578,3.488983392715454,0.4914528534267848,0.5655167286380556,-0.1625486882715145,68.0
1652967344.439049,-0.4179045259952545,0.8736279010772705,0.0966355204582214,0.3824584186077118,-0.5560622215270996,-0.7379162311553955,1.108857035636902,0.2678117752075195,3.408589124679565,0.478176410219393,0.5896404139473445,-0.1313171020763884,68.0
1652967344.448992,-0.3570171594619751,0.8395587205886841,-0.065920352935791,0.3649975657463074,-0.5775883793830872,-0.7301837205886841,1.3488270044326782,0.1204630732536315,3.268744945526123,0.4635442803049518,0.6157713918649732,-0.1021355563365648,68.0
1652967344.458795,-0.3015052080154419,0.8383841514587402,-0.2096316814422607,0.3467476069927215,-0.5986719727516174,-0.722051203250885,1.331894040107727,-0.0067397272214293,3.1134886741638184,0.4477034651907943,0.6418420975884297,-0.0742103832434318,68.0
1652967344.46877,-0.2140515148639679,0.8344063758850098,-0.3379726409912109,0.3276532888412475,-0.6178835034370422,-0.7147469520568848,1.1423723697662354,-0.1422096788883209,3.0156030654907227,0.4298327323030074,0.6660480624236939,-0.0460965932677858,68.0
1652967344.479007,-0.206198513507843,0.8044250011444092,-0.4472802877426147,0.3077763319015503,-0.6343693137168884,-0.7091186046600342,0.8435801863670349,-0.1972916722297668,2.958831787109375,0.4094913628451542,0.6871924078339351,-0.0164445121962203,68.0
1652967344.488868,-0.24463751912117,0.7658146619796753,-0.5143537521362305,0.2875910997390747,-0.6483200788497925,-0.7049626708030701,0.6882795095443726,-0.2243544459342956,2.89077377319336,0.3873429149587366,0.705375906972418,0.0148243285107362,68.0
1652967344.498825,-0.2309459745883941,0.7286509871482849,-0.5062277317047119,0.2671246230602264,-0.6614356637001038,-0.7008190155029297,0.8390843272209167,-0.3006399571895599,2.8237404823303223,0.3641608294555278,0.7227313393540871,0.0462737163185669,68.0
1652967344.50882,-0.2185440957546234,0.6827162504196167,-0.4735054969787597,0.2462541759014129,-0.6755879521369934,-0.694938600063324,1.1976183652877808,-0.4098940193653106,2.707712173461914,0.3405482589721536,0.7417619116362516,0.076364008470044,68.0
1652967344.5187268,-0.2040771245956421,0.6626250743865967,-0.5411583781242371,0.2252564579248428,-0.6912022829055786,-0.686657726764679,1.5341325998306274,-0.4917334020137787,2.5280468463897705,0.3169859280361047,0.7631514560890499,0.1041612495490724,68.0
1652967344.528726,-0.0975001454353332,0.6617639660835266,-0.6657125353813171,0.2049984335899353,-0.7072731256484985,-0.6765649914741516,1.653579592704773,-0.559574544429779,2.2686409950256348,0.2942057755439909,0.7856334755136258,0.1293127332909354,68.0
1652967344.538597,0.0023210942745208,0.7093475461006165,-0.7185928821563721,0.1855757534503936,-0.7222486734390259,-0.6662720441818237,1.5390934944152832,-0.6722249984741211,2.041919469833374,0.2716436607086446,0.8070480439545595,0.1523285781424455,68.0
1652967344.548837,0.0372187793254852,0.7688912749290466,-0.8255568146705627,0.1665929704904556,-0.7346541881561279,-0.6576699614524841,1.1472207307815552,-0.756949245929718,1.8859097957611084,0.2480895150169375,0.8251568542908759,0.1748456850336557,68.0
1652967344.558583,0.0162740498781204,0.7810617685317993,-0.8970756530761719,0.1478801220655441,-0.7439764142036438,-0.6516367197036743,0.8339794278144836,-0.8694226145744324,1.7803963422775269,0.2231568135745991,0.8390017281854366,0.1976913404357798,68.0
1652967344.568546,-0.0113389194011688,0.7616402506828308,-0.8597206473350525,0.128969058394432,-0.7510427832603455,-0.6475350856781006,0.6512583494186401,-1.0132125616073608,1.664906024932861,0.1965966115194988,0.849640045733108,0.2207477842704647,68.0
1652967344.5784822,-0.0187267363071441,0.7339405417442322,-0.7823126316070557,0.1098828762769699,-0.7571922540664673,-0.643883228302002,0.7066341042518616,-1.2129762172698977,1.504170298576355,0.1690281710120561,0.8590038152649988,0.2426148346759549,68.0
1652967344.588454,-0.0161108076572418,0.6545604467391968,-0.690357506275177,0.09068064391613,-0.763820230960846,-0.6390270590782166,0.9298781156539916,-1.4267686605453491,1.3292207717895508,0.1409630774385902,0.869211452485564,0.262211150422707,68.0
1652967344.598417,0.0587828457355499,0.6096959114074707,-0.6658019423484802,0.0713595300912857,-0.7712095975875854,-0.632568895816803,1.0435761213302612,-1.6405586004257202,1.1892579793930054,0.1123341934944826,0.8807391476438909,0.2795951356035163,68.0
1652967344.608394,0.2081606984138488,0.6144294738769531,-0.7336838245391846,0.0518644675612449,-0.7779279351234436,-0.6262092590332031,0.8459085822105408,-1.7785441875457764,1.0758789777755735,0.0826342968917835,0.8913614269267676,0.2958631425767015,68.0
1652967344.618449,0.2638145387172699,0.6010637879371643,-0.7902014851570129,0.0324960388243198,-0.782598078250885,-0.6216784715652466,0.5094525814056396,-1.9038373231887815,0.9720962047576904,0.052223924697233,0.8988283540363365,0.3114011149488626,68.0
1652967344.62832,0.2024238109588623,0.5640856623649597,-0.8288564682006836,0.0130761954933404,-0.7849434614181519,-0.619429349899292,0.1914040595293045,-2.057490348815918,0.867530345916748,0.0211069317645741,0.9026048749370884,0.3259790000701635,68.0
1652967344.638263,0.1201153695583343,0.5156837701797485,-0.8794069290161133,-0.0065287901088595,-0.7853268384933472,-0.6190468668937683,-0.072450153529644,-2.2466349601745605,0.7393239736557007,-0.0105461285819901,0.903223858507661,0.3389759472069831,68.0
1652967344.64821,0.045072317123413,0.3861604332923889,-0.8571337461471558,-0.0259071327745914,-0.7842692732810974,-0.619879424571991,-0.2175788581371307,-2.3882970809936523,0.5454999208450317,-0.0417695183119461,0.9015174895318876,0.3492985732707167,68.0
1652967344.658177,-0.0314666032791137,0.2415560483932495,-0.8347204327583313,-0.0442320741713047,-0.7828789353370667,-0.6205996870994568,-0.1531946659088134,-2.4131667613983154,0.3323137164115906,-0.0711527976865357,0.8992796911601197,0.3562135408072107,68.0
1652967344.668152,-0.1048981845378875,0.1507038474082946,-0.8560231924057007,-0.0607053115963935,-0.782404363155365,-0.6198049187660217,0.0439895018935203,-2.3537709712982178,0.1041380763053894,-0.0976312237532983,0.8985172704023058,0.359639577163679,68.0
1652967344.678094,-0.1457735002040863,0.0582316517829895,-0.8146604895591736,-0.0746853351593017,-0.7833923697471619,-0.617023766040802,0.2715968489646911,-2.2518715858459477,-0.1556882113218307,-0.1204552795519429,0.9001052758658563,0.3594982789483951,68.0
1652967344.688236,-0.1020756587386131,0.0454831719398498,-0.8178257346153259,-0.0859582275152206,-0.7857354283332825,-0.6125608682632446,0.4035327732563019,-2.140389442443848,-0.4015839993953705,-0.1394156803227053,0.9038841834760512,0.3557394381146571,68.0
1652967344.698007,-0.0653102695941925,0.0502733588218688,-0.8662576675415039,-0.0946627184748649,-0.7887104153633118,-0.6074329018592834,0.408412754535675,-2.042069911956787,-0.6070935130119324,-0.1545971002246894,0.90870852539544,0.3486032661636178,68.0
1652967344.707992,-0.0898699164390564,0.0532423257827758,-0.8859123587608337,-0.101261518895626,-0.7915777564048767,-0.6026198863983154,0.3037782311439514,-2.025083541870117,-0.8121083974838257,-0.1664801934620664,0.9133866732824442,0.338126249052979,68.0
1652967344.717941,-0.1126376017928123,0.1246452927589416,-0.8687166571617126,-0.1065700054168701,-0.793606162071228,-0.5990258455276489,0.0492256134748458,-2.1059749126434326,-0.96522057056427,-0.1760634598251045,0.9167132828603674,0.3243233625455971,68.0
1652967344.727754,-0.1347040832042694,0.1795727610588073,-0.8645783066749573,-0.1112216785550117,-0.7939603328704834,-0.5977094173431396,-0.3360531032085418,-2.2199156284332275,-1.1149728298187256,-0.183975680073462,0.9172956371680248,0.3071182441197097,68.0
1652967344.737677,-0.1723031401634216,0.1698830723762512,-0.8356235027313232,-0.1154011711478233,-0.7920619249343872,-0.5994333624839783,-0.727675199508667,-2.326810359954834,-1.257372260093689,-0.1901902292450167,0.9141793659126406,0.2863887370073041,68.0
1652967344.747642,-0.1909884512424469,0.1108545064926147,-0.7391839027404785,-0.119176797568798,-0.7886632680892944,-0.6031641960144043,-0.8970271944999695,-2.429280996322632,-1.3945322036743164,-0.1950733242435042,0.908631742759476,0.262600260908312,68.0
1652967344.7577271,-0.2028284668922424,0.0757363438606262,-0.5921727418899536,-0.1225498020648956,-0.7849938869476318,-0.6072611212730408,-0.9024800062179564,-2.482316255569458,-1.5186158418655396,-0.1991328619436955,0.9026862411076296,0.2366750772987114,68.0
1652967344.7675,-0.2258604168891906,0.0882893204689025,-0.4776531457901001,-0.1253357380628585,-0.7815782427787781,-0.6110860705375671,-0.8645579218864441,-2.469395399093628,-1.6271162033081057,-0.2022976658463938,0.8971918532586869,0.2091419286882639,68.0
1652967344.777494,-0.2585343420505523,0.0899454355239868,-0.3934719562530517,-0.1272534728050232,-0.7785401940345764,-0.6145579814910889,-0.8280148506164551,-2.419284582138061,-1.7162636518478394,-0.204179542151563,0.8923364559059743,0.1803206320715579,68.0
1652967344.787482,-0.2899048924446106,0.110474407672882,-0.2960906624794006,-0.128368854522705,-0.7758238315582275,-0.6177529096603394,-0.7881971001625061,-2.395951747894287,-1.79644775390625,-0.204883879318023,0.8880197546672585,0.1504709256327432,68.0
1652967344.797431,-0.3024348616600036,0.1164298057556152,-0.2305916547775268,-0.1291903555393219,-0.7734518051147461,-0.6205497980117798,-0.7461708188056946,-2.4152817726135254,-1.8314049243927,-0.2052550599266039,0.8842689550495242,0.1200510530239054,68.0
1652967344.808296,-0.3235229253768921,0.055816650390625,-0.180301547050476,-0.1301360130310058,-0.7712211012840271,-0.623123288154602,-0.7518255710601807,-2.4571123123168945,-1.842984080314636,-0.2058854662065055,0.8807571771145836,0.089469617562654,68.0
1652967344.8175669,-0.3196949362754822,0.0116046071052551,-0.1546364426612854,-0.1314310133457183,-0.7687795758247375,-0.6258625388145447,-0.8167105913162231,-2.4774491786956787,-1.8123352527618408,-0.2069920008527715,0.8769305614278402,0.0590099343032635,68.0
1652967344.827575,-0.3211302161216736,0.0522027015686035,-0.1497554779052734,-0.1330322474241256,-0.7656496167182922,-0.6293512582778931,-0.960927188396454,-2.445791482925415,-1.8019107580184937,-0.2083135096766741,0.8720506374039503,0.0287625494348225,68.0
1652967344.837429,-0.3595052659511566,0.0732477307319641,-0.1154259443283081,-0.1345436573028564,-0.7616338133811951,-0.6338863372802734,-1.0898950099945068,-2.426299810409546,-1.823902368545532,-0.2091481335913443,0.8658306866917856,-0.0018891356372085,68.0
1652967344.8473911,-0.3976498544216156,0.0866893529891967,-0.0614752173423767,-0.1359803974628448,-0.7569145560264587,-0.6392102241516113,-1.191340684890747,-2.438062906265259,-1.8662346601486208,-0.209607241501729,0.8585787606374651,-0.033154639644763,68.0
1652967344.857312,-0.427835464477539,0.1101530790328979,-0.0230384469032287,-0.1374872773885727,-0.7516043186187744,-0.6451264023780823,-1.292490839958191,-2.4718949794769287,-1.913076996803284,-0.2099754908405529,0.85049096712566,-0.0651504764920662,68.0
1652967344.8673,-0.4489542543888092,0.0433132648468017,0.0567690134048461,-0.13893623650074,-0.7457795143127441,-0.6515439748764038,-1.3374274969100952,-2.4442789554595947,-1.9408529996871948,-0.2100947915345747,0.8417041359028716,-0.0977235535509338,68.0
1652967344.877229,-0.4385380744934082,0.0214653015136718,0.1628687977790832,-0.140563353896141,-0.7399712800979614,-0.6577873826026917,-1.2776460647583008,-2.4255447387695312,-1.89717710018158,-0.2105248219935994,0.833027655825934,-0.1298046869737581,68.0
1652967344.887206,-0.4200736582279205,0.0247822999954223,0.2543995380401611,-0.1425635516643524,-0.7345781922340393,-0.6633780598640442,-1.1677606105804443,-2.355052947998047,-1.8351707458496092,-0.2116857724370169,0.8250448412018104,-0.1605212538502963,68.0
1652967344.897316,-0.4297741949558258,-0.0104039907455444,0.3972272872924804,-0.1449632495641708,-0.7301128506660461,-0.6677730679512024,-0.9519397616386414,-2.3231661319732666,-1.737818956375122,-0.2137678007533707,0.8184870426016077,-0.1894078907403121,68.0
1652967344.907418,-0.4243319034576416,0.0099309086799621,0.4693340063095093,-0.1482998430728912,-0.7268106341362,-0.6706365346908569,-0.7926193475723267,-2.312622547149658,-1.5966756343841553,-0.2176307048110184,0.8136668850519059,-0.2158263229806062,68.0
1652967344.917069,-0.4353275001049042,0.0596945881843566,0.4383677244186401,-0.1527461558580398,-0.7239053249359131,-0.6727775931358337,-0.7820355296134949,-2.3071208000183105,-1.4461580514907837,-0.2232534903906524,0.8094463277007476,-0.2397657889535499,68.0
1652967344.927061,-0.4558070302009582,0.1078664660453796,0.4138291478157043,-0.1585269719362259,-0.7201948761940002,-0.6754171848297119,-0.9967542886734008,-2.3845813274383545,-1.3333255052566528,-0.2305368506732957,0.8040831912189376,-0.2620593454678385,68.0
1652967344.937026,-0.447060078382492,0.0957520604133606,0.4165064096450805,-0.1657175123691558,-0.7143882513046265,-0.6798433661460876,-1.3456581830978394,-2.4695816040039062,-1.2345386743545532,-0.2390956090452707,0.7957495031481194,-0.2838400183583147,68.0
1652967344.947007,-0.4425137639045715,0.0482244491577148,0.4229907989501953,-0.1742768883705139,-0.7059953212738037,-0.6864386796951294,-1.7063205242156982,-2.4996259212493896,-1.1384882926940918,-0.2486323281988276,0.7838275806562707,-0.3053712131598417,68.0
1652967344.9569778,-0.4500811696052551,-0.0642035007476806,0.5099456310272217,-0.1835552006959915,-0.6955686211585999,-0.6946161985397339,-1.859009861946106,-2.411176919937134,-1.0484071969985962,-0.2583486667182716,0.7692110659234902,-0.326437456459118,68.0
1652967344.967154,-0.4648600816726684,-0.1096978783607482,0.6737720966339111,-0.1930988281965255,-0.6848955750465393,-0.7025886178016663,-1.7126160860061646,-2.2963712215423584,-0.9441137313842772,-0.2682166083804754,0.7544603867739772,-0.3461553082923205,68.0
1652967344.976882,-0.4578111171722412,-0.1082322597503662,0.8129599094390869,-0.202772319316864,-0.6758137345314026,-0.7086319327354431,-1.3565261363983154,-2.149533033370972,-0.8147812485694885,-0.2786989133595973,0.7420681262939013,-0.3633201441526242,68.0
1652967344.986838,-0.4477408528327942,-0.0911186337471008,0.9503309726715088,-0.2125831544399261,-0.6692944169044495,-0.7119362950325012,-0.9239400029182434,-2.0371298789978027,-0.6620702743530273,-0.2901705705577406,0.7332587392351885,-0.3771979022620311,68.0
1652967344.9967852,-0.4279745519161224,-0.058204174041748,1.0097770690917969,-0.2229042649269104,-0.6653554439544678,-0.712471604347229,-0.5595414042472839,-1.9450669288635252,-0.4763347208499908,-0.3032133244519041,0.7279698514419182,-0.3873232466683377,68.0
1652967345.0068688,-0.4249283075332641,-0.0134626626968383,0.9730504155158995,-0.2341749817132949,-0.6629458665847778,-0.7111011147499084,-0.3916877508163452,-1.9348329305648804,-0.2654174268245697,-0.3181280937237115,0.7247467775670813,-0.3938889526282091,68.0
1652967345.0167289,-0.4200699925422668,0.0345969200134277,0.908466935157776,-0.2469678670167923,-0.6605114340782166,-0.7090355753898621,-0.4437836110591888,-2.0038907527923584,-0.0755812004208564,-0.3351730900697887,0.7214997212218434,-0.3977673675140906,68.0
1652967345.0266562,-0.3710107207298279,0.034837007522583,0.8544387817382812,-0.2616338431835174,-0.6566084027290344,-0.7073988318443298,-0.6554639339447021,-2.099038600921631,0.1356053501367569,-0.3542509395376003,0.7163131660070791,-0.3998517219316437,68.0
1652967345.0367851,-0.3366333544254303,0.00192791223526,0.8278471827507019,-0.2782041728496551,-0.6503872871398926,-0.7068230509757996,-0.909122109413147,-2.143473625183105,0.363869845867157,-0.3749752979046783,0.7080941530332499,-0.4004636024767718,68.0
1652967345.0466108,-0.3618654012680053,-0.002526044845581,0.821305513381958,-0.2962613105773926,-0.6419076919555664,-0.7072365880012512,-1.1180624961853027,-2.130544185638428,0.5473304986953735,-0.3966924374858749,0.6969836282465385,-0.3998547588617244,68.0
1652967345.056685,-0.3826274871826172,-0.0300714969635009,0.8823255300521851,-0.3150042295455932,-0.6318827867507935,-0.7081640958786011,-1.1539393663406372,-2.0774683952331543,0.6894396543502808,-0.418536350302967,0.6839800317451679,-0.3984172803138972,68.0
1652967345.0664349,-0.3758020401000976,-0.0576615333557128,0.9324748516082764,-0.3342961370944977,-0.6216683983802795,-0.7083603143692017,-1.0223920345306396,-2.0133509635925293,0.8733236789703369,-0.4409401010297306,0.6708709541543149,-0.3952158871852423,68.0
1652967345.076484,-0.3814209997653961,-0.0605547428131103,0.9192432165145874,-0.3542204201221466,-0.6117479205131531,-0.7073134779930115,-0.8344796895980835,-1.9381327629089355,1.0732123851776123,-0.4642849465825138,0.6582683330159308,-0.3892483429784428,68.0
1652967345.0864449,-0.3958748579025268,-0.0795962810516357,0.9229229688644408,-0.3747091591358185,-0.6024271845817566,-0.7047513723373413,-0.6149923205375671,-1.8883494138717647,1.244541049003601,-0.4886769276699841,0.6465385233689055,-0.3804935195057389,68.0
1652967345.0963922,-0.3863397538661957,-0.1504884958267212,0.9483111500740052,-0.3957035839557647,-0.5939255952835083,-0.7004790306091309,-0.3507225811481476,-1.8517946004867556,1.4183332920074463,-0.5142139603952312,0.6359295640890222,-0.3688988354428987,68.0
1652967345.1065369,-0.3743812143802643,-0.1724488139152526,0.90802264213562,-0.4173209369182586,-0.586214542388916,-0.6944031119346619,-0.1202965825796127,-1.8191381692886357,1.5940088033676147,-0.5411382707951992,0.6263783830741919,-0.3542894671339784,68.0
1652967345.116291,-0.3865375518798828,-0.195586085319519,0.8582417964935303,-0.4393748044967651,-0.5788684487342834,-0.6869214177131653,0.0678312554955482,-1.755626559257507,1.7635329961776731,-0.5690499009095491,0.6173403255981921,-0.3369492164036052,68.0
1652967345.1262522,-0.4214699268341064,-0.2159196138381958,0.8181217312812805,-0.4616629183292389,-0.5715090036392212,-0.678413450717926,0.1869746893644333,-1.6824802160263062,1.9298410415649412,-0.597521066930632,0.6083436115609232,-0.3172758656903739,68.0
1652967345.136339,-0.4528184235095978,-0.217429518699646,0.7345260977745056,-0.4838880002498626,-0.5633222460746765,-0.6697165966033936,0.1671560406684875,-1.5688997507095337,2.064604520797729,-0.6256850099058817,0.5984012417164009,-0.2961466744213261,68.0
1652967345.1461558,-0.4872242212295532,-0.1987950801849365,0.6533393263816833,-0.5057108402252197,-0.5536230206489563,-0.6616328954696655,0.0512619316577911,-1.4571354389190674,2.1697568893432617,-0.6526141250225674,0.5867085283151896,-0.2749157241454859,68.0
1652967345.156101,-0.4897280931472778,-0.188338816165924,0.5878146886825562,-0.5270106792449951,-0.5420839190483093,-0.6545263528823853,-0.1040769889950752,-1.3691242933273315,2.2364156246185303,-0.677890721068281,0.5729149951027545,-0.2544687832020251,68.0
1652967345.166075,-0.4596458077430725,-0.237471342086792,0.558732807636261,-0.5477545857429504,-0.5291000604629517,-0.6480878591537476,-0.1304872930049896,-1.3047865629196167,2.304978370666504,-0.7016924858126816,0.557539680434117,-0.2348087857683555,68.0
1652967345.1760468,-0.4238986372947693,-0.3232434391975403,0.5740562677383423,-0.5683650374412537,-0.515462338924408,-0.641295313835144,-0.0176552180200815,-1.275558352470398,2.430544376373291,-0.7251812129301594,0.5415471309352085,-0.2145072483042233,68.0
1652967345.186022,-0.4244653582572937,-0.3635252118110657,0.561826229095459,-0.5889012217521667,-0.5015233159065247,-0.6337741613388062,0.1618604809045791,-1.2083595991134644,2.5547540187835693,-0.7487140079220598,0.5253586362287144,-0.1926324649817083,68.0
1652967345.196068,-0.4555748701095581,-0.4153371453285217,0.5598142147064209,-0.6092442870140076,-0.4877314567565918,-0.6252513527870178,0.4588409662246704,-1.1487247943878174,2.707242965698242,-0.7724323882639578,0.5094892892604341,-0.1684402410769733,68.0
1652967345.206132,-0.4606283903121948,-0.5118200778961182,0.5455023646354675,-0.6295356750488281,-0.4743962287902832,-0.6153315305709839,0.8303985595703125,-1.0833042860031128,2.9000837802886963,-0.7968078427525302,0.4942780553803544,-0.1407882599646085,68.0
1652967345.215915,-0.4781128168106079,-0.6330732107162476,0.5066810250282288,-0.6499083042144775,-0.4613623023033142,-0.603956937789917,1.1942588090896606,-0.9962941408157348,3.1229453086853027,-0.8220295564656062,0.4795300876101467,-0.1090890600567274,68.0
1652967345.22597,-0.5295446515083313,-0.6769880056381226,0.4084209203720093,-0.6699485778808594,-0.4481699168682098,-0.5918720364570618,1.4353169202804563,-0.8387047648429871,3.2863008975982666,-0.8471954878800803,0.4647170830106027,-0.0739493262091196,68.0
1652967345.235822,-0.5471163392066956,-0.6770309209823608,0.2924464344978332,-0.6889064311981201,-0.4342157244682312,-0.580400288105011,1.4822028875350952,-0.643810510635376,3.362194061279297,-0.8706754093102502,0.4491674532322163,-0.037542713306767,68.0
1652967345.245815,-0.5346070528030396,-0.6773608922958374,0.1810661852359771,-0.7063290476799011,-0.4191184043884277,-0.5704724788665771,1.4423748254776,-0.4109397232532501,3.393849372863769,-0.8914031137566338,0.4324741172921441,-0.0013557873844801,68.0
1652967345.255738,-0.5461984276771545,-0.654134213924408,0.0990487039089202,-0.7217763066291809,-0.4032630920410156,-0.5625102519989014,1.4011287689208984,-0.197879746556282,3.30509877204895,-0.9087795454931056,0.4150799433700958,0.0335287235997526,68.0
1652967345.265724,-0.5328341126441956,-0.6752016544342041,0.0242838263511657,-0.7351558208465576,-0.3875649571418762,-0.5561828017234802,1.478440523147583,-0.0025299615226686,3.2131669521331787,-0.9231158213475814,0.3979886409397939,0.0673263629278075,68.0
1652967345.2758222,-0.5618048310279846,-0.744067907333374,-0.0401655435562133,-0.746788740158081,-0.3727829754352569,-0.5507625937461853,1.6705641746520996,0.1461315751075744,3.129106044769287,-0.9353382197833676,0.3820063693094647,0.1013497365271739,68.0
1652967345.285645,-0.60844486951828,-0.7703850269317627,-0.133293330669403,-0.7568045854568481,-0.3591992259025574,-0.5460976362228394,1.8154560327529907,0.3088563084602356,3.048916339874268,-0.9457312255581062,0.3674097099169519,0.1359349838076154,68.0
1652967345.295586,-0.619093120098114,-0.7676827907562256,-0.2296064496040344,-0.7652908563613892,-0.346351683139801,-0.542559027671814,1.9066368341445925,0.4845077097415924,2.9948384761810303,-0.9540835529810768,0.3536792801104163,0.1707521424422373,68.0
1652967345.30575,-0.6195429563522339,-0.7869164943695068,-0.326928973197937,-0.7723026275634766,-0.3339900970458984,-0.54036945104599,1.9988365173339844,0.6715289950370789,2.97847056388855,-0.9602810544404724,0.3405336000969172,0.2058753409360035,68.0
1652967345.315526,-0.6023483872413635,-0.759288489818573,-0.4190034568309784,-0.7779766917228699,-0.321535974740982,-0.5397839546203613,1.9321465492248533,0.8462428450584412,2.9617908000946045,-0.9642229818063884,0.3273511593485037,0.2409551991245808,68.0
1652967345.325496,-0.5564351081848145,-0.6663153767585754,-0.5910236835479736,-0.781958818435669,-0.3083444237709045,-0.5417230725288391,1.5898797512054443,1.0738824605941772,2.873109817504883,-0.9649344765935232,0.3134521529695657,0.2737048194718635,68.0
1652967345.335421,-0.5381562113761902,-0.5909927487373352,-0.7859777212142944,-0.7838802933692932,-0.294161319732666,-0.5468094944953918,1.2840924263000488,1.3068844079971311,2.7363393306732178,-0.9617047461899304,0.2985779053047347,0.3026891797453487,68.0
1652967345.345549,-0.5067191123962402,-0.4978806972503662,-0.9011952877044678,-0.7838233709335327,-0.2799417376518249,-0.5543045997619629,1.0674536228179932,1.4545260667800903,2.5238077640533447,-0.9552674780639142,0.283733421903889,0.32836449203794,68.0
1652967345.355344,-0.4222475290298462,-0.4153964519500732,-0.9500606060028076,-0.7820369601249695,-0.2669193148612976,-0.5631803870201111,0.9698871970176696,1.5258713960647583,2.2697105407714844,-0.946677449288407,0.2701949326397793,0.351338448851608,68.0
1652967345.365314,-0.3892064690589905,-0.3729049563407898,-1.0396947860717771,-0.7788230776786804,-0.2554253041744232,-0.5728806853294373,0.8315895199775696,1.5672515630722046,1.9951059818267824,-0.9365930487399574,0.2582875850996485,0.3718367695717994,68.0
1652967345.37529,-0.3692153692245483,-0.3028490543365478,-1.1583904027938845,-0.7742475271224976,-0.2454791814088821,-0.5833357572555542,0.6742083430290222,1.6235986948013306,1.687613010406494,-0.925108195673243,0.248013975099074,0.3893511879323799,68.0
1652967345.385229,-0.3332908153533935,-0.2811086177825928,-1.2025113105773926,-0.7682104110717773,-0.2374910414218902,-0.594517171382904,0.5992217063903809,1.6787666082382202,1.3559885025024414,-0.912174568538596,0.2397821804257963,0.4039518035155234,68.0
1652967345.395094,-0.2897832989692688,-0.2462790012359619,-1.213957667350769,-0.7607840895652771,-0.2317972779273986,-0.6061991453170776,0.5750170350074768,1.7602845430374146,1.0659784078598022,-0.8980045195976453,0.2339248775379113,0.4163754277371227,68.0
1652967345.4053922,-0.2624226212501526,-0.1621985435485839,-1.2514069080352783,-0.7517373561859131,-0.2281310707330703,-0.6187464594841003,0.4961571097373962,1.8945754766464236,0.7709416747093201,-0.8821346485791652,0.2301577102132649,0.4265479939245967,68.0
1652967345.415098,-0.222886323928833,-0.0852084755897522,-1.2422512769699097,-0.7409349083900452,-0.2262850552797317,-0.6323057413101196,0.376123309135437,2.01294493675232,0.4525485038757324,-0.864338021112502,0.2282621105938762,0.4339560539189868,68.0
1652967345.425081,-0.1774361133575439,-0.0204261541366577,-1.2081725597381592,-0.7285085916519165,-0.2259856462478637,-0.6466882824897766,0.2124637961387634,2.091179132461548,0.1474761962890625,-0.844825262281571,0.2279547404156227,0.438244727878944,68.0
1652967345.435108,-0.1446418762207031,0.0593917965888977,-1.1902307271957395,-0.7148091793060303,-0.2267156541347503,-0.66154944896698,0.0406289957463741,2.114861011505127,-0.1248089298605918,-0.8240749810079756,0.2287042013584328,0.4392753368483906,68.0
1652967345.44494,-0.1274238228797912,0.1173691749572753,-1.141628623008728,-0.7001973986625671,-0.2282901406288147,-0.6764665842056274,-0.0884171426296234,2.0893330574035645,-0.3719324469566345,-0.8026343698479625,0.230321091399961,0.4373241863475662,68.0
1652967345.455076,-0.1043254733085632,0.1807974576950073,-1.0832644701004028,-0.6851487755775452,-0.2307156026363372,-0.6908988952636719,-0.1617835760116577,2.0082039833068848,-0.5879833698272705,-0.7812194628340879,0.2328130591991737,0.4329388815162719,68.0
1652967345.464915,-0.0833176374435424,0.2028017044067382,-1.0340323448181152,-0.6697643995285034,-0.23409503698349,-0.7047091722488403,-0.2040958702564239,1.9488866329193115,-0.8018983602523804,-0.7599795367364935,0.2362876413495732,0.4264679681736019,68.0
1652967345.47515,-0.0730087757110595,0.2235792279243469,-0.9466925859451294,-0.6541790962219238,-0.2385490834712982,-0.717735230922699,-0.1895767748355865,1.8690840005874636,-0.97157084941864,-0.7391046591828601,0.2408715206463755,0.4184267795867163,68.0
1652967345.484832,-0.1096582412719726,0.2810851335525512,-0.9456536769866944,-0.6382816433906555,-0.2438756674528122,-0.7301514148712158,-0.231415569782257,1.8364664316177368,-1.1529054641723633,-0.718363759183065,0.2463601833608902,0.4088922594727749,68.0
1652967345.494783,-0.1496230959892273,0.3482615947723388,-0.9052211046218872,-0.6219373345375061,-0.249808132648468,-0.7421520948410034,-0.2556796371936798,1.7951749563217163,-1.3070812225341797,-0.6974970599384643,0.252482098149456,0.397624335993277,68.0
1652967345.504758,-0.1670790910720825,0.3973329067230224,-0.882532000541687,-0.6051985621452332,-0.2560330033302307,-0.753778338432312,-0.348690003156662,1.7636345624923706,-1.4543209075927734,-0.6764985910328021,0.2589161761795346,0.3846843179896784,68.0
1652967345.514696,-0.1886414289474487,0.4653629660606384,-0.8659650087356567,-0.5880612134933472,-0.261888325214386,-0.7652440071105957,-0.5128111839294434,1.720430850982666,-1.604614496231079,-0.6552126997876235,0.2649782864491941,0.3695430162907964,68.0
1652967345.5248098,-0.2033377289772033,0.5269579291343689,-0.8317500352859497,-0.5707098841667175,-0.2669132649898529,-0.7765613198280334,-0.7204261422157288,1.6342754364013672,-1.7684789896011353,-0.633779403571784,0.2701886543877577,0.3518450958218879,68.0
1652967345.534632,-0.178333580493927,0.572110652923584,-0.8016897439956665,-0.5534014105796814,-0.2708657085895538,-0.787641167640686,-0.9199602007865906,1.5321848392486572,-1.9405887126922607,-0.6124728488954714,0.2742922551464709,0.3312745154320161,68.0
1652967345.54456,-0.1741515398025512,0.5708723068237305,-0.7492939233779907,-0.5363279581069946,-0.2739299237728119,-0.7983198761940002,-1.0678751468658447,1.404578685760498,-2.095447540283203,-0.5915624314839778,0.2774768971381205,0.308212254701913,68.0
1652967345.55456,-0.1938782930374145,0.5812661647796631,-0.7020429372787476,-0.5196377635002136,-0.2763658463954925,-0.8084543347358704,-1.154740333557129,1.2816917896270752,-2.2360165119171143,-0.5712649142748625,0.280010597967238,0.2831171766206863,68.0
1652967345.564523,-0.2217150330543518,0.5576317310333252,-0.6468125581741333,-0.5033061504364014,-0.278739720582962,-0.8179162740707397,-1.1523886919021606,1.1724103689193726,-2.384580135345459,-0.5516310720511853,0.2824815726350966,0.2564384261819462,68.0
1652967345.5744572,-0.2429065406322479,0.500715434551239,-0.5533499717712402,-0.4872568249702453,-0.2819465398788452,-0.8264907002449036,-1.0097594261169434,1.0774716138839722,-2.527148485183716,-0.5326995675954155,0.2858223468334404,0.2287622434673298,68.0
1652967345.584426,-0.263112872838974,0.4736835360527038,-0.4785999059677124,-0.4712924361228943,-0.286780834197998,-0.8340504169464111,-0.809493362903595,1.0159962177276611,-2.653528928756714,-0.5143355579163529,0.2908648360753763,0.2007310463912335,68.0
1652967345.594533,-0.2848334014415741,0.4799246788024902,-0.4277696311473846,-0.4552787244319916,-0.2932843267917633,-0.8406578302383423,-0.6354761123657227,0.9464210271835328,-2.7804250717163086,-0.4963513985670397,0.297660445004464,0.1723640905882378,68.0
1652967345.604524,-0.2765219211578369,0.4460426568984985,-0.3614441752433777,-0.4391151368618011,-0.3011686205863952,-0.8464486598968506,-0.5042781829833984,0.8952211737632751,-2.899815559387207,-0.4785533500513861,0.3059179395694977,0.143379366512512,68.0
1652967345.614365,-0.2776973843574524,0.4015011787414551,-0.2971802055835724,-0.4229402542114258,-0.3098295927047729,-0.8515439629554749,-0.4467416703701019,0.8232040405273438,-2.962395429611206,-0.4609837569986392,0.3150137887771955,0.1138007848762266,68.0
1652967345.624282,-0.3061429262161255,0.3669343590736389,-0.2951649725437164,-0.4067475199699402,-0.3182076811790466,-0.8563295602798462,-0.4889282584190368,0.794129490852356,-3.005833148956299,-0.443439748739438,0.3238383049609002,0.083493525838417,68.0
1652967345.6342149,-0.3190954327583313,0.2875882387161255,-0.228289783000946,-0.3904838562011719,-0.3259703516960144,-0.8609678149223328,-0.4897100329399109,0.753997802734375,-3.026455402374268,-0.4257943871012161,0.3320379532533009,0.0525241554995426,68.0
1652967345.6441932,-0.3334960639476776,0.227092444896698,-0.1352533102035522,-0.3742064237594604,-0.3335270881652832,-0.86529141664505,-0.4449809193611145,0.7027479410171509,-3.049818992614746,-0.4081747591195898,0.3400424266370648,0.0212269900832763,68.0
1652967345.654138,-0.3481248021125793,0.1978744268417358,-0.0873231589794159,-0.3579907715320587,-0.3409604132175445,-0.8692460060119629,-0.4305965900421142,0.6703920960426331,-3.0807831287384038,-0.3906719155012528,0.3479383473532028,-0.0104459670026637,68.0
1652967345.6642551,-0.3573866784572601,0.115849494934082,-0.0229834914207458,-0.3417251110076904,-0.3482016623020172,-0.8729143738746643,-0.385292500257492,0.6250075697898865,-3.119173049926758,-0.373136649246694,0.3556520423659507,-0.0425826322819552,68.0
1652967345.674058,-0.379600465297699,0.0267547965049743,0.0494146645069122,-0.3254622519016266,-0.3556889295578003,-0.8761048316955566,-0.2728513479232788,0.590723991394043,-3.1312592029571533,-0.3556879220653599,0.3636511023157858,-0.0749281515693448,68.0
1652967345.684054,-0.4202981889247894,-0.0254598259925842,0.0979962050914764,-0.3090260326862335,-0.3637431263923645,-0.8787455558776855,-0.161744013428688,0.5964156985282898,-3.146545886993408,-0.3381593432896086,0.3722831521127506,-0.1072335579989281,68.0
1652967345.693969,-0.4477744996547699,-0.057561457157135,0.1382806003093719,-0.292261391878128,-0.3719993233680725,-0.8810219764709473,-0.1144764348864555,0.6060452461242676,-3.148341655731201,-0.320306820308038,0.3811619968521206,-0.1396159224761586,68.0
1652967345.704107,-0.4369671046733856,-0.0945984125137329,0.1506697833538055,-0.2750536203384399,-0.3799787163734436,-0.8831543922424316,-0.1002120152115821,0.6374668478965759,-3.1225974559783936,-0.3019230454012159,0.3897732881253584,-0.1720508117447416,68.0
1652967345.713873,-0.4540891051292419,-0.1455006003379821,0.1874081790447235,-0.257351815700531,-0.3871608078479767,-0.8853679895401001,-0.1556612253189087,0.6737056970596313,-3.113947868347168,-0.2828772958436137,0.3975502583721026,-0.2046139065733393,68.0
1652967345.7238789,-0.4621925354003906,-0.1886087656021118,0.2142033576965332,-0.2391165345907211,-0.3932193219661712,-0.887807309627533,-0.2091830372810363,0.7225491404533386,-3.095038414001465,-0.2630908103962154,0.4041303460084033,-0.2375158216586229,68.0
1652967345.733811,-0.4649518132209778,-0.2249628901481628,0.2531030476093292,-0.2202897816896438,-0.3983360230922699,-0.8903936147689819,-0.2244825661182403,0.7766712307929993,-3.069865226745605,-0.2425368911032938,0.4097020273281491,-0.2704446738859265,68.0
1652967345.7438102,-0.4836896359920501,-0.2604191303253174,0.3005051612854004,-0.2010026425123214,-0.4026930928230285,-0.8929927945137024,-0.2347543835639953,0.8190165758132935,-3.054154634475708,-0.2213989158480978,0.4144571410635941,-0.3034283068156088,68.0
1652967345.7537432,-0.4695419669151306,-0.3189623355865478,0.3424652516841888,-0.1810468882322311,-0.4066740572452545,-0.8954542279243469,-0.1324137598276138,0.9180535674095154,-3.025275468826294,-0.1994950757981395,0.4188105162264806,-0.3363012341538973,68.0
1652967345.76386,-0.4764743149280548,-0.4223814606666565,0.4246483743190765,-0.1602290570735931,-0.4121665060520172,-0.8969087600708008,0.2518854439258575,1.0025328397750854,-2.992809295654297,-0.1767810070438429,0.4248306823666721,-0.3684526412009737,68.0
1652967345.773676,-0.4826009273529053,-0.4780816435813904,0.5288233160972595,-0.1387674063444137,-0.4208672344684601,-0.8964453935623169,0.7143935561180115,1.0743123292922974,-2.915651321411133,-0.1535784288329423,0.4344011279060975,-0.3995359608343649,68.0
1652967345.783633,-0.4814946055412292,-0.5126779675483704,0.579238772392273,-0.116512507200241,-0.4329067766666412,-0.8938772678375244,1.1199122667312622,1.1804622411727903,-2.810302734375,-0.1296143372311089,0.4477148810769589,-0.4293703447567885,68.0
1652967345.79358,-0.4612622857093811,-0.5006651878356934,0.534866213798523,-0.0935777127742767,-0.4463650286197662,-0.8899446129798889,1.217148780822754,1.28700852394104,-2.674729108810425,-0.1047650562185323,0.4626990998693974,-0.4580144608339537,68.0
1652967345.803719,-0.4619732797145843,-0.4270480871200561,0.4800707101821899,-0.0698869973421096,-0.4583267867565155,-0.8860318064689636,0.9794825911521912,1.4137126207351685,-2.5582492351531982,-0.0787134277394716,0.4761116816445128,-0.485912578903432,68.0
1652967345.813776,-0.4350424706935882,-0.3672407269477844,0.439356654882431,-0.0453804247081279,-0.4665323793888092,-0.8833391666412354,0.5380048155784607,1.5163626670837402,-2.454608917236328,-0.0513286015144393,0.4853663069814458,-0.5134782180970171,68.0
1652967345.823576,-0.4045611023902893,-0.3536078929901123,0.4319750666618347,-0.0206707697361707,-0.469816654920578,-0.8825219869613647,0.0400741249322891,1.588354229927063,-2.295839071273804,-0.0234181029026828,0.4890830748082485,-0.5401249225657603,68.0
1652967345.833425,-0.4361423254013061,-0.3093982934951782,0.4222075939178467,0.0040134880691766,-0.4683499634265899,-0.8835338950157166,-0.4067620933055877,1.6680569648742676,-2.142091751098633,0.0045425086784457,0.4874223302836491,-0.5651573235544213,68.0
1652967345.843394,-0.4399889409542084,-0.2758655548095703,0.4839503169059753,0.0286120418459177,-0.4631523787975311,-0.8858166933059692,-0.6628192067146301,1.7188117504119873,-2.007585287094116,0.0322889580554111,0.4815487900490222,-0.5883906669812916,68.0
1652967345.8533611,-0.4178825914859772,-0.2864872217178345,0.6017590761184692,0.0526940375566482,-0.4564341604709625,-0.8881954550743103,-0.6721718907356262,1.7369884252548218,-1.8495641946792605,0.0592576178717204,0.4739834052892985,-0.6096563726248224,68.0
1652967345.863297,-0.4073887765407562,-0.2647832632064819,0.6898564100265503,0.0760137140750885,-0.4495455920696258,-0.8900172114372253,-0.6201054453849792,1.7245666980743408,-1.6914880275726318,0.0852002568293132,0.4662565521798587,-0.6288760327013357,68.0
1652967345.873246,-0.3653083443641662,-0.2441372275352478,0.7459726333618164,0.0983253493905067,-0.4431160092353821,-0.891055703163147,-0.5104919672012329,1.7090260982513428,-1.5023788213729858,0.1099023947458757,0.4590716017786737,-0.6459701158997365,68.0
1652967345.883219,-0.3493487536907196,-0.2400903701782226,0.7914038300514221,0.11953616887331,-0.4374912679195404,-0.8912420868873596,-0.4047269225120544,1.6980561017990112,-1.2846572399139404,0.1333274387894161,0.4528068941594808,-0.6606795825903258,68.0
1652967345.893141,-0.3367790579795837,-0.2213714122772216,0.7860748171806335,0.1397728621959686,-0.4330320656299591,-0.8904755711555481,-0.2597886919975281,1.7096338272094729,-1.070009469985962,0.1556939308903238,0.4478538667787707,-0.6730532418787958,68.0
1652967345.903151,-0.3332592844963074,-0.1945114731788635,0.7791950702667236,0.1589886844158172,-0.4297990798950195,-0.8888168334960938,-0.1565107703208923,1.6975175142288208,-0.8510943651199341,0.1770047434168242,0.4442702529938587,-0.683133807064569,68.0
1652967345.913106,-0.3300074934959411,-0.1670616865158081,0.7467775344848633,0.1772670298814773,-0.427212506532669,-0.8866035342216492,-0.1541095227003097,1.705597996711731,-0.6612356305122375,0.1973373472148299,0.4414075161449527,-0.6909895775184439,68.0
1652967345.923059,-0.338808536529541,-0.1338602304458618,0.6758735179901123,0.1948266178369522,-0.4242711663246155,-0.884328305721283,-0.2753518223762512,1.7174341678619385,-0.4915264546871185,0.2168462413470664,0.4381568783568377,-0.6967424044911171,68.0
1652967345.932973,-0.3400575518608093,-0.1066569089889526,0.604150652885437,0.2116853892803192,-0.4203126132488251,-0.8823415637016296,-0.4485398828983307,1.72398579120636,-0.3323667645454407,0.2354629121120274,0.433789805931078,-0.7002416072850978,68.0
1652967345.943116,-0.3445391654968261,-0.0646352767944336,0.5519168972969055,0.227916270494461,-0.4148317575454712,-0.8808909058570862,-0.6799339652061462,1.7368370294570925,-0.175390213727951,0.2531816947099365,0.427757880535323,-0.7014653154465703,68.0
1652967345.952919,-0.3400775790214538,-0.0085609555244445,0.4878382980823517,0.2437336295843124,-0.4073632657527923,-0.8801414966583252,-0.969245433807373,1.7750717401504517,-0.0357675142586231,0.2701554611164446,0.4195650445174256,-0.700205112173861,68.0
1652967345.962946,-0.3534796833992004,0.0228734612464904,0.4541347622871399,0.2594092786312103,-0.397966980934143,-0.8799597024917603,-1.1639806032180786,1.8222264051437376,0.080220878124237,0.2866763872032399,0.4092997115724879,-0.6967149246378247,68.0
1652967345.972863,-0.3617848455905914,0.0506708025932312,0.4641540348529815,0.2748555243015289,-0.3880582451820373,-0.8796960711479187,-1.1551543474197388,1.8187451362609863,0.1914744675159454,0.3028336020769021,0.3985237969076215,-0.6916090135672738,68.0
1652967345.982806,-0.3393551707267761,0.0704513192176818,0.4796397089958191,0.2896420657634735,-0.3791604042053222,-0.8788315057754517,-1.034541368484497,1.7711962461471558,0.2990872263908386,0.3183654587642539,0.3888887822110076,-0.6854548089765108,68.0
1652967345.992783,-0.3301649689674377,0.0945927500724792,0.4768373072147369,0.3036604523658752,-0.3717193007469177,-0.8772770762443542,-0.9142920970916748,1.744081974029541,0.4159283936023712,0.3332316892736245,0.3808603483737726,-0.6785000382447623,68.0
1652967346.002704,-0.3116267025470733,0.1467522978782653,0.4464669525623321,0.3168452084064483,-0.3655798733234405,-0.8751916289329529,-0.8389483690261841,1.6729694604873655,0.5465952754020691,0.3473510991250119,0.3742557333856205,-0.6705426675195948,68.0
1652967346.0128388,-0.2834813594818115,0.1728007793426513,0.424269437789917,0.328845739364624,-0.3604875206947326,-0.8728740811347961,-0.7802635431289673,1.594269037246704,0.6905856132507324,0.3602944401939106,0.3687905161725539,-0.6613401896098612,68.0
1652967346.022661,-0.2831173539161682,0.196589708328247,0.4080718159675598,0.3394833505153656,-0.3562833070755005,-0.8705247044563293,-0.7818611264228821,1.5038636922836304,0.8434510231018066,0.3718348434763162,0.3642871528921643,-0.6506678173407423,68.0
1652967346.03262,-0.2945738732814789,0.2499083876609802,0.3371457159519195,0.3491240739822387,-0.3521449267864227,-0.8683929443359375,-0.912347972393036,1.4724271297454834,0.979867935180664,0.3822591697507563,0.3598618345428824,-0.6383664622641114,68.0
1652967346.042593,-0.3160297274589538,0.3044641613960266,0.3172275424003601,0.3581592440605163,-0.3471955955028534,-0.8667047619819641,-1.0768344402313232,1.4557507038116455,1.088276505470276,0.3918699289931294,0.3545790072945899,-0.6241658341580101,68.0
1652967346.052547,-0.2979122996330261,0.3450493216514587,0.283545970916748,0.3667141795158386,-0.3414223492145538,-0.8654198050498962,-1.1900596618652344,1.4210728406906128,1.1736083030700684,0.4008040905127954,0.3484297714530071,-0.6083981933161196,68.0
1652967346.062521,-0.2721631526947021,0.3425794243812561,0.2831860184669494,0.3744733333587646,-0.3356913328170776,-0.8643385171890259,-1.160977125167847,1.3352402448654177,1.2463387250900269,0.4088363854971382,0.342339055663195,-0.5916558770251383,68.0
1652967346.0724502,-0.2574936747550964,0.3161302208900451,0.293648362159729,0.3813036382198334,-0.3310475647449493,-0.8631425499916077,-1.027387261390686,1.2294740676879885,1.2982659339904783,0.4159821654311983,0.3374135109379113,-0.5746927360406979,68.0
1652967346.082572,-0.2200447618961334,0.3219357132911682,0.2893967628479004,0.3870064318180084,-0.3278944790363312,-0.8618069291114807,-0.8898721933364868,1.1161725521087646,1.3574379682540894,0.4220752388218787,0.3340739641537835,-0.5577880157559901,68.0
1652967346.092376,-0.1958094537258148,0.3139787912368774,0.2614282965660095,0.3917934000492096,-0.3261101245880127,-0.8603197336196899,-0.7683504819869995,1.037990689277649,1.401278018951416,0.4273391192252098,0.3321858178646871,-0.5409530457557404,68.0
1652967346.1023932,-0.1776638031005859,0.3018927574157715,0.2466745972633361,0.3957119286060333,-0.3256844282150268,-0.8586860299110413,-0.6351426243782043,0.9692737460136414,1.4527084827423096,0.4318270733411733,0.3317355422285809,-0.5242073470230952,68.0
1652967346.11241,-0.1875799894332885,0.2977392077445984,0.2280451357364654,0.3989752829074859,-0.3266930282115936,-0.8567907214164734,-0.5003697872161865,0.917898952960968,1.4944506883621216,0.4358022149214873,0.3328024798321191,-0.507605104676693,68.0
1652967346.122205,-0.1941384375095367,0.3110880851745605,0.2009460628032684,0.4016274511814117,-0.3287992477416992,-0.854743480682373,-0.4345191419124603,0.8690893054008484,1.539109468460083,0.4392631743008953,0.3350318533910884,-0.4910658237144117,68.0
1652967346.132296,-0.1943615972995758,0.3095942735671997,0.1412908136844635,0.4037121832370758,-0.3311862349510193,-0.8528376817703247,-0.4896311461925506,0.8339295983314514,1.5883846282958984,0.442121790199169,0.337560489749996,-0.4741064604945022,68.0
1652967346.144669,-0.1768276393413543,0.3165085911750793,0.0506300330162048,0.4054043292999267,-0.3329174220561981,-0.8513596653938293,-0.641466498374939,0.8264509439468384,1.6336663961410522,0.4444143880008758,0.3393958025720971,-0.45616753230105,68.0
1652967346.152278,-0.1645674407482147,0.3329247832298279,-0.0027561783790588,0.4069380760192871,-0.3335473239421844,-0.8503808379173279,-0.7650962471961975,0.8210324048995972,1.6608659029006958,0.4463296593942088,0.3400638832407424,-0.4372448088317673,68.0
1652967346.16206,-0.1175334453582763,0.3275158405303955,-0.0235843062400817,0.4081218838691711,-0.3337916135787964,-0.8497174382209778,-0.7452501058578491,0.7652389407157898,1.682430624961853,0.447766260517699,0.3403230337334894,-0.4178071232805012,68.0
1652967346.172111,-0.0746142864227294,0.3043237924575805,-0.0231277048587799,0.4085987210273742,-0.3349501490592956,-0.8490320444107056,-0.5750249028205872,0.6747196912765503,1.6997400522232056,0.4485373507896931,0.3415523069213774,-0.3986331356368257,68.0
1652967346.1820788,-0.0536795556545257,0.2770193815231323,-0.0284722745418548,0.4081870317459106,-0.3379673957824707,-0.8480337858200073,-0.3119548857212066,0.5876620411872864,1.706285834312439,0.4486031826447592,0.3447563754762225,-0.3803299828972945,68.0
1652967346.1917958,-0.0084131658077239,0.2670199275016784,-0.0724211633205413,0.4068659543991089,-0.3431670367717743,-0.8465792536735535,-0.0607346408069133,0.4879811108112335,1.713261365890503,0.4480074851067742,0.3502866287606295,-0.3631352967227045,68.0
1652967346.202625,0.016645461320877,0.263806939125061,-0.1193345785140991,0.4047107994556427,-0.3503612875938415,-0.8446633219718933,0.1515770852565765,0.4257779419422149,1.7157647609710691,0.446819630909318,0.3579568199329193,-0.3468855124121486,68.0
1652967346.211985,0.0226435959339141,0.2688345909118652,-0.1965587139129638,0.4020238220691681,-0.3590594232082367,-0.8422904014587402,0.2932190299034118,0.3721325993537903,1.6991273164749146,0.4453219187632809,0.3672599083918184,-0.3315332436643419,68.0
1652967346.272301,0.0190406739711761,0.2991104125976562,-0.2877030670642853,0.3988518416881561,-0.3683331608772278,-0.8397903442382812,0.3129948675632477,0.327057808637619,1.6579647064208984,0.4434011222571051,0.3772154769056645,-0.3167347801521751,68.0
1652967346.272657,0.0024811923503875,0.3110769987106323,-0.397228330373764,0.3954070210456848,-0.3769414722919464,-0.8375967741012573,0.1909818798303604,0.3071091771125793,1.5946507453918457,0.441057651339081,0.3864919568083708,-0.3021321570818184,68.0
1652967346.272831,-0.0010880231857299,0.3185904026031494,-0.472168505191803,0.3920945525169372,-0.3836815357208252,-0.8360922336578369,-0.011031137779355,0.2940085530281067,1.4820584058761597,0.4385094407017879,0.3937796736885365,-0.2875148520506241,68.0
1652967346.272996,0.0137860774993896,0.3050209283828735,-0.5076649188995361,0.3888933956623077,-0.3885141611099243,-0.8353554010391235,-0.1344047933816909,0.2489748746156692,1.3573070764541626,0.4357036061659162,0.3990185156167916,-0.2732370014631767,68.0
1652967346.273155,0.0049553513526916,0.2570715546607971,-0.5145738124847412,0.3857917785644531,-0.3922253549098968,-0.8350592851638794,-0.1431783139705658,0.2052761316299438,1.2107045650482178,0.4327826818135926,0.4030495429827674,-0.2599619174913062,68.0
1652967346.281776,0.0071457624435424,0.2242679595947265,-0.5100376605987549,0.3828536868095398,-0.3955712914466858,-0.8348331451416016,-0.0878253877162933,0.1555649787187576,1.053913950920105,0.4299818225540793,0.4066898059398384,-0.2482622811175067,68.0
1652967346.28486,0.0201164484024047,0.2161762118339538,-0.4884163737297058,0.38009113073349,-0.3986836671829223,-0.8346148729324341,-0.0419154167175293,0.1034383848309516,0.8802707195281982,0.4273429341468754,0.4100810646877437,-0.2384269528309325,68.0
1652967346.291563,0.0358408391475677,0.2045153379440307,-0.4786643385887146,0.3775656223297119,-0.4014319181442261,-0.8344439268112183,-0.0232807472348213,0.0519929900765419,0.7211183309555054,0.4249108345002969,0.4130797387218798,-0.2303688166009074,68.0
1652967346.301702,0.0382982492446899,0.1962073445320129,-0.4616069197654724,0.3751997649669647,-0.4036272764205932,-0.8344519734382629,-0.03416508436203,0.0040811225771903,0.5794283151626587,0.4225512890032589,0.4154779680141925,-0.22381038833668,68.0
1652967346.315528,0.0415138602256774,0.1798304319381714,-0.4384831190109253,0.3729912042617798,-0.4051751792430877,-0.8346918821334839,-0.0604161284863948,-0.0330787636339664,0.4628461599349975,0.4202404125297413,0.4171704492779275,-0.2184291650611867,68.0
1652967346.321898,0.0494382977485656,0.1630629301071167,-0.4094785153865814,0.3709108531475067,-0.4060425460338592,-0.8351972699165344,-0.0965608209371566,-0.0580256581306457,0.3673295080661773,0.4179363943934503,0.4181193621619527,-0.2139345627847985,68.0
1652967346.33137,0.0427660346031188,0.1301134824752807,-0.3621362149715423,0.3690077066421509,-0.4062809944152832,-0.8359240293502808,-0.1182662546634674,-0.0854144096374511,0.2764420509338379,0.4157100626252988,0.4183803007160219,-0.210264317613563,68.0
1652967346.341323,0.0382686555385589,0.0836260318756103,-0.3081587851047516,0.3673710525035858,-0.406181275844574,-0.8366930484771729,-0.0986672490835189,-0.0760949403047561,0.1960542649030685,0.4137317156155723,0.4182711867488221,-0.2074088775882483,68.0
1652967346.351015,0.0297166109085083,0.0489197373390197,-0.2469394505023956,0.3661879897117615,-0.406228095293045,-0.8371887803077698,-0.0205531381070613,-0.0430408492684364,0.1245882213115692,0.4123281256833035,0.41832241180171,-0.2055250526432524,68.0
1652967346.361442,0.0326333940029144,0.0341290235519409,-0.1833254992961883,0.3656058311462402,-0.4067622423171997,-0.8371838331222534,0.083051286637783,-0.0189927704632282,0.0654556602239608,0.4117464225260688,0.4189070481055056,-0.2047304843859294,68.0
1652967346.370959,0.0425226390361785,0.0226521492004394,-0.130843847990036,0.3653295934200287,-0.4081116616725921,-0.8366475701332092,0.1969943046569824,-0.0095661934465169,0.0213940441608428,0.4117042409761562,0.4203846802369279,-0.2049534915920439,68.0
1652967346.381009,0.0416746735572814,0.0308085680007934,-0.1058398187160492,0.3651552200317383,-0.4100596904754638,-0.8357707262039185,0.2535015046596527,-0.0186662133783102,0.011588018387556,0.411913746421825,0.4225194922345506,-0.2057917547280522,68.0
1652967346.391191,0.0501628816127777,0.0377451181411743,-0.1078204214572906,0.364784687757492,-0.4121684432029724,-0.8348947763442993,0.2361873835325241,-0.0580479763448238,0.0160975102335214,0.4119259845808927,0.4248327964751435,-0.2067503037237792,68.0
1652967346.401003,0.055012971162796,0.041904330253601,-0.1048488616943359,0.3639324009418487,-0.4138277173042297,-0.8344458341598511,0.1418212056159973,-0.1249947845935821,0.0275823939591646,0.4112655479659514,0.4266547141757479,-0.2074038267988195,68.0
1652967346.4112592,0.0440611541271209,0.0388393402099609,-0.1155282258987426,0.3626161813735962,-0.4144246280193329,-0.8347225189208984,-0.0253411680459976,-0.1452299058437347,0.0345000699162483,0.4098183315897814,0.4273104838222766,-0.2073210825415366,68.0
1652967346.42083,0.0212734937667846,0.0421459674835205,-0.128069669008255,0.36127969622612,-0.4136629402637481,-0.835679292678833,-0.1745977699756622,-0.1399810910224914,0.0305335540324449,0.4080531860754236,0.4264737247570604,-0.2065173626326912,68.0
1652967346.4308429,0.0079378485679626,0.0319980382919311,-0.098405122756958,0.3599973917007446,-0.41190966963768,-0.8370975255966187,-0.2583145797252655,-0.1500149667263031,0.0231035649776458,0.4061438795734367,0.4245487874461517,-0.2052885891511857,68.0
1652967346.440806,0.0225349962711334,0.0150079131126403,-0.0750195980072021,0.3585990667343139,-0.4096298813819885,-0.8388146758079529,-0.2890442609786987,-0.1713940203189849,0.0028217285871505,0.4039921055730422,0.4220483037445251,-0.2039587549022641,68.0
1652967346.450804,0.0139843821525573,0.0065960884094238,-0.0533856153488159,0.3571704626083374,-0.4070939719676971,-0.8406567573547363,-0.3085789978504181,-0.1744839400053024,-0.0117411976680159,0.4017611700324562,0.4192701945869467,-0.202735839807904,68.0
1652967346.461273,0.0288620889186859,-0.0098372101783752,-0.0383815467357635,0.3557204902172088,-0.404474139213562,-0.8425340056419373,-0.2923515439033508,-0.1929771900177002,-0.0226644203066825,0.3994992775885699,0.416403747166756,-0.2016583887131617,68.0
1652967346.470784,0.0341871082782745,-0.0291943550109863,-0.0016151070594787,0.3541796803474426,-0.4021475613117218,-0.8442950248718262,-0.2389465868473053,-0.1898075491189956,-0.0083659067749977,0.3972007798577445,0.4138612227168293,-0.2006936280210079,68.0
1652967346.4809031,0.0235067307949066,-0.0498194098472595,0.020048052072525,0.3526377379894256,-0.4002816677093506,-0.845825731754303,-0.1891380250453949,-0.1774089336395263,-0.0062289866618812,0.3950030048824688,0.4118242027341506,-0.1998348108158578,68.0
1652967346.49092,0.0233103930950164,-0.0771263241767883,0.0409988164901733,0.3512624502182007,-0.399152934551239,-0.8469306826591492,-0.094510518014431,-0.1566950231790542,0.0136817181482911,0.3931547891777299,0.4105928207258936,-0.1992235681169439,68.0
1652967346.500757,0.0148285627365112,-0.0918461084365844,0.0596174597740173,0.3499786257743835,-0.398942232131958,-0.847561240196228,0.0024831406772136,-0.1290410310029983,0.0320980101823806,0.3915981302280434,0.4103630220469642,-0.1988113691869202,68.0
1652967346.510734,0.0033042430877685,-0.0924934744834899,0.0554683804512023,0.3489297032356262,-0.399614930152893,-0.8476768136024475,0.1039345934987068,-0.0861426144838333,0.0373078733682632,0.3904923707325133,0.4110967244510697,-0.1987096030966672,68.0
1652967346.520628,-0.009067416191101,-0.0894174575805664,0.0568134188652038,0.3482398390769958,-0.4010362923145294,-0.8472891449928284,0.18665212392807,-0.0518397726118564,0.0297245252877473,0.3899570652319993,0.4126478027991471,-0.1990039151591203,68.0
1652967346.530791,-0.0127405822277069,-0.0709267854690551,0.043498545885086,0.3478389084339142,-0.4029649496078491,-0.8465384244918823,0.2285601496696472,-0.0246098581701517,0.0264441929757595,0.3898637080497921,0.4147541698052084,-0.1996001066387829,68.0
1652967346.5409122,-0.0162716507911682,-0.0443243980407714,0.0151949822902679,0.3476468324661255,-0.4048433005809784,-0.8457207679748535,0.1861341297626495,-0.0086138462647795,0.0195394158363342,0.3900092723978288,0.4168074389170538,-0.2002666981434276,68.0
1652967346.550509,-0.0024513304233551,-0.0272871255874633,-0.0209402441978454,0.3475441634654999,-0.4061225652694702,-0.8451493978500366,0.0975033268332481,-0.0048589492216706,0.0187524519860744,0.3901430676959534,0.4182069436312284,-0.2006665442928527,68.0
1652967346.560714,-0.0155153274536132,-0.0071101784706115,-0.0388587713241577,0.3474093377590179,-0.4065451323986053,-0.8450016379356384,0.0036881542764604,-0.0179220214486122,0.0143430577591061,0.3900680893823801,0.4186694092386999,-0.2007098753732385,68.0
1652967346.5703769,-0.0169639587402343,0.0095394849777221,-0.0480408370494842,0.347210019826889,-0.4060758352279663,-0.8453091979026794,-0.078806921839714,-0.0321080945432186,-0.0066512497141957,0.3897383923348047,0.4181557850060255,-0.2004997995559265,68.0
1652967346.580735,-0.0207184553146362,0.0064838528633117,-0.0466880500316619,0.3468751311302185,-0.4050024449825287,-0.845961332321167,-0.123588241636753,-0.0594704784452915,-0.0228182356804609,0.389128567762793,0.4169815131073827,-0.2002125171729282,68.0
1652967346.5908031,-0.0281413495540618,0.0022985339164733,-0.0412332117557525,0.3463481962680816,-0.4035145342350006,-0.8468877673149109,-0.161336749792099,-0.0855474025011062,-0.0383069887757301,0.3882116009457022,0.4153547454663991,-0.1999079753270256,68.0
1652967346.600719,-0.0297136604785919,-0.006812572479248,-0.0287058651447296,0.3456622064113617,-0.4016986489295959,-0.8480305671691895,-0.1772392839193344,-0.1016560643911361,-0.0502001345157623,0.3870459104128673,0.4133709653130858,-0.1995827230408488,68.0
1652967346.610399,-0.0226832628250122,-0.0105817317962646,-0.0116510391235351,0.3448879420757293,-0.3998783528804779,-0.8492052555084229,-0.1571083217859268,-0.1132694706320762,-0.0516428463160991,0.3857798687558546,0.4113841188214135,-0.1993475679349702,68.0
1652967346.620233,-0.0235617160797119,-0.0170137286186218,0.007822185754776,0.3440421521663666,-0.398416519165039,-0.8502348065376282,-0.1266803741455078,-0.115044467151165,-0.0512969009578228,0.3845031230060926,0.4097897738809937,-0.1992422321592991,68.0
1652967346.630117,-0.0112943947315216,-0.0291167497634887,0.0232960283756256,0.3432646989822387,-0.3973650932312011,-0.8510407209396362,-0.0916720554232597,-0.1033110618591308,-0.0467210188508033,0.3833883437538082,0.4086437281152954,-0.1992867910921399,68.0
1652967346.6400309,-0.0047041177749633,-0.0400992035865783,0.0319225788116455,0.3425185084342956,-0.3967905938625335,-0.8516092300415039,-0.0523068085312843,-0.0876982808113098,-0.0207663848996162,0.3824028003095094,0.4080177573087279,-0.1993374581884251,68.0
1652967346.650383,-0.0090693533420562,-0.0458265542984008,0.0343153178691864,0.3419093787670135,-0.3965740799903869,-0.8519548177719116,-0.0335949026048183,-0.0581136494874954,-0.0101530412212014,0.3816466953313674,0.4077818854395447,-0.199309188165559,68.0
1652967346.660449,-0.008681982755661,-0.0437169671058654,0.0344651937484741,0.3414151966571808,-0.3964340388774872,-0.8522180914878845,-0.0453277267515659,-0.0378376729786396,0.0082456739619374,0.3810403214301139,0.4076293377541691,-0.1991307122951524,68.0
1652967346.669882,-0.0050063431262969,-0.0412539839744567,0.0241937935352325,0.3410812020301819,-0.3962486386299133,-0.8524380326271057,-0.0504156947135925,-0.0100835924968123,0.0102715408429503,0.3806135709151602,0.4074274292646611,-0.1987992807265261,68.0
1652967346.6803842,-0.0139954388141632,-0.04572194814682,0.0209199488162994,0.340838760137558,-0.3960570991039276,-0.8526239991188049,-0.0403345637023448,-0.003038465976715,0.0164213106036186,0.3802931933432815,0.4072188044698748,-0.1984109299306515,68.0
1652967346.689899,-0.0209742784500122,-0.0477349162101745,0.0188517272472381,0.3406612277030945,-0.3959115147590637,-0.8527625203132629,-0.0195031855255365,-0.0033533577807247,0.017794094979763,0.3800576785004999,0.407060254298079,-0.1980820857467742,68.0
1652967346.700073,-0.0251498520374298,-0.0325868129730224,0.0196466147899627,0.3404727876186371,-0.3958519101142883,-0.85286545753479,0.0126928342506289,-0.0168830156326293,-0.0015356605872511,0.3798255428184511,0.4069953402563293,-0.1979525892690414,68.0
1652967346.710236,-0.0263871252536773,-0.0242488384246826,0.0240819156169891,0.340214729309082,-0.3958621621131897,-0.8529636859893799,0.0212513022124767,-0.0372788347303867,-0.0109316334128379,0.3795248732554293,0.4070065302831001,-0.1980559679386111,68.0
1652967346.72024,-0.0242937207221984,-0.0190467834472656,0.0030757784843444,0.3398150503635406,-0.3957147896289825,-0.8531913757324219,0.0007944963872432,-0.0528607219457626,-0.0208353977650403,0.3790288072199119,0.4068460306413405,-0.1982206172946177,68.0
1652967346.72994,-0.0324317812919616,-0.0165438652038574,-0.0015696585178375,0.3393166363239288,-0.3952197432518005,-0.8536190986633301,-0.0281938128173351,-0.0632265955209732,-0.0228709653019905,0.3783524294415723,0.406307045191585,-0.1983198372458592,68.0
1652967346.73984,-0.0256603360176086,-0.0073805451393127,-0.0081178545951843,0.3386944532394409,-0.3943172991275787,-0.8542832732200623,-0.0710531249642372,-0.0735948160290718,-0.0232145134359598,0.3774563190048163,0.4053248341768553,-0.1982826088626015,68.0
1652967346.749737,-0.0238787531852722,-0.003290832042694,-0.0088295936584472,0.338087797164917,-0.3929494321346283,-0.8551533818244934,-0.1557257324457168,-0.0571742430329322,-0.0176917277276515,0.3764942940159849,0.4038368573826754,-0.1979620205736746,68.0
1652967346.760305,-0.0307836532592773,-0.0049188137054443,-0.014378547668457,0.3375464379787445,-0.3909405171871185,-0.8562872409820557,-0.2312543094158172,-0.0325253568589687,-0.0155276423320174,0.3754943897326461,0.4016532122293658,-0.1972378630813516,68.0
1652967346.769659,-0.0285771489143371,-0.0263699889183044,-0.0028629601001739,0.3371557295322418,-0.3885553479194641,-0.8575259447097778,-0.249148428440094,-0.0055920109152793,-0.009341956116259,0.3746069102719616,0.3990632417046622,-0.1962314997912835,68.0
1652967346.779858,-0.0248600244522094,-0.0498457551002502,0.0304861664772033,0.3369023501873016,-0.3864277899265289,-0.8585862517356873,-0.2032829374074936,-0.0063150590285658,-0.0091965477913618,0.3739305717355046,0.3967553497064223,-0.1953065119208756,68.0
1652967346.78952,-0.01283860206604,-0.049894094467163,0.0498923063278198,0.3368132710456848,-0.3849141299724579,-0.8593007922172546,-0.1066150516271591,0.0260683391243219,-0.0044923769310116,0.373557909260113,0.3951147758020845,-0.1946505284046119,68.0
1652967346.7996612,-0.0180705785751342,-0.0479352474212646,0.0629625916481018,0.336826741695404,-0.3844803869724273,-0.8594896793365479,-0.0111146280542016,0.0301957055926322,-0.0022228313609957,0.3734968449561096,0.3946448777124328,-0.1943371514568395,68.0
1652967346.810359,-0.0026001632213592,-0.0383920073509216,0.0624215602874755,0.336767703294754,-0.3848243951797485,-0.8593588471412659,0.0682966411113739,0.0132946483790874,0.0074379760771989,0.3734890111850911,0.3950175505449799,-0.1943147615061456,68.0
1652967346.819453,-0.0027654767036437,-0.0283902287483215,0.0457248091697692,0.3365973234176636,-0.3857057392597198,-0.8590304255485535,0.0971735641360282,-0.003338124603033,0.0173966009169816,0.3734469653225548,0.3959726268067242,-0.1944766362780192,68.0
1652967346.829681,-0.0167959630489349,-0.0143855214118957,0.0257831513881683,0.3362998366355896,-0.3866838812828064,-0.8587071299552917,0.0810394063591957,-0.0105857048183679,0.0216587260365486,0.3732744925194467,0.3970330346605603,-0.1945678395964531,68.0
1652967346.839373,-0.0204076170921325,-0.0011565685272216,0.0172846913337707,0.3358679115772247,-0.3874322474002838,-0.8585388660430908,0.0433072000741958,-0.0237118937075138,0.0217285007238388,0.3729048060013551,0.3978446706070717,-0.1945005177511699,68.0
1652967346.849443,-0.0200335085391998,0.0028256773948669,0.0099797546863555,0.3353717029094696,-0.3875583410263061,-0.8586758971214294,-0.0302814655005931,-0.0225246548652648,0.0242863856256008,0.3723493774466271,0.3979814480011177,-0.1941951702473146,68.0
1652967346.859654,-0.0196267366409301,0.0025515556335449,-0.003063291311264,0.3349496722221374,-0.3867375552654266,-0.8592105507850647,-0.1134011223912239,-0.0153988357633352,0.0103743011131882,0.3717121821985687,0.3970912545123432,-0.1936310536334713,68.0
