1652969101.9328132,-0.0690491795539856,-0.0040479898452758,-0.0213028825819492,-0.3252380192279815,0.0413376092910766,-0.9447282552719116,-0.1032123863697052,1.466717004776001,0.1242041811347007,-0.3315576552946792,-0.0413493929129291,0.1117513485828866,109.0
1652969101.942749,-0.0710000395774841,-0.0487726926803588,-0.0282323621213436,-0.3112479448318481,0.0431096144020557,-0.9493504762649536,-0.1763599067926406,1.4826157093048096,0.1720930337905883,-0.3168106914563334,-0.0431229770266427,0.1126993096620812,109.0
1652969101.952754,-0.067590981721878,-0.0999570488929748,-0.0320733301341533,-0.2971551716327667,0.0456230714917182,-0.9537386298179626,-0.2207007408142089,1.467929720878601,0.2293267548084259,-0.3020362710955738,-0.0456389152617097,0.1139979803498746,109.0
1652969101.962668,-0.0689868330955505,-0.135246455669403,-0.013874378055334,-0.2832165956497192,0.0484354719519615,-0.957832098007202,-0.2084462642669677,1.4319661855697632,0.2888661026954651,-0.2874934075738753,-0.0484544317283441,0.1158226559212167,109.0
1652969101.972683,-0.0861702263355255,-0.1831175088882446,0.0265201739966869,-0.2695580124855041,0.0511012226343154,-0.9616273641586304,-0.1651334166526794,1.395518183708191,0.3461592197418213,-0.2733002376012445,-0.0511234908274353,0.1183674642085546,109.0
1652969101.982611,-0.1117902696132659,-0.2292944192886352,0.0477080233395099,-0.2560992240905761,0.0533203594386577,-0.9651787877082824,-0.0995235070586204,1.371671438217163,0.3950012028217315,-0.2593621179480042,-0.0533456566080593,0.121591467345925,109.0
1652969101.992562,-0.1195709109306335,-0.2665186524391174,0.0392241925001144,-0.2427796274423599,0.0551513545215129,-0.96851247549057,-0.0815580934286117,1.349428653717041,0.4283064305782318,-0.2456116844425071,-0.0551793509252672,0.1253780007121973,109.0
1652969102.002787,-0.1261059790849685,-0.3000206351280212,0.0182659439742565,-0.2295001596212387,0.0571124106645584,-0.9716315269470216,-0.1119601428508758,1.3497722148895264,0.4448989927768707,-0.2319496228285058,-0.0571435058894005,0.1293937421297939,109.0
1652969102.012601,-0.1267871707677841,-0.3398288488388061,0.0088443011045455,-0.2161389291286468,0.0594997480511665,-0.9745479822158812,-0.1792795211076736,1.351683497428894,0.4508154690265655,-0.2182510867858485,-0.0595349118083751,0.1334128056036735,109.0
1652969102.022505,-0.1155135780572891,-0.3669778704643249,0.0268965139985084,-0.2029526829719543,0.0623826012015342,-0.977199375629425,-0.2195134907960891,1.3093245029449463,0.4682253897190094,-0.2047769137688256,-0.0624231339513531,0.1374893472127349,109.0
1652969102.032404,-0.104729562997818,-0.3834422826766968,0.035795621573925,-0.1902534216642379,0.0657057762145996,-0.9795337915420532,-0.2756055295467376,1.2340518236160278,0.4818496108055115,-0.1918399795479441,-0.0657531489186363,0.1416595125051862,109.0
1652969102.042348,-0.1080673784017562,-0.3805567026138305,0.0355608686804771,-0.1783706694841385,0.0693127214908599,-0.9815190434455872,-0.2715564668178558,1.129896640777588,0.4761025011539459,-0.1797673563814319,-0.0693683392819657,0.1458406204288895,109.0
1652969102.052356,-0.1051550060510635,-0.3573593497276306,0.0337917879223823,-0.1677484810352325,0.0725619047880172,-0.9831557273864746,-0.2255279719829559,0.9751249551773072,0.4503838121891022,-0.1689951038933116,-0.0726257286314646,0.1499638639066288,109.0
1652969102.062304,-0.0941316187381744,-0.3295390009880066,0.0673369169235229,-0.1587981432676315,0.0752258896827697,-0.984441101551056,-0.1777622550725937,0.7837825417518616,0.4184784293174743,-0.1599302703324935,-0.0752970182590752,0.1539289040373634,109.0
1652969102.072242,-0.0784498900175094,-0.3478915691375732,0.1020315587520599,-0.1517290025949478,0.0773507058620452,-0.9853909015655518,-0.1323439180850982,0.5960906744003296,0.3807989656925201,-0.1527786052088579,-0.077428044553306,0.1576345948652613,109.0
1652969102.0822182,-0.0664231926202774,-0.3902744650840759,0.127308040857315,-0.1465285420417785,0.0791128054261207,-0.9860377907752992,-0.1133470460772514,0.4093159735202789,0.3547717630863189,-0.1475237719577119,-0.0791955623166673,0.161112166096083,109.0
1652969102.092166,-0.0648951977491378,-0.4222072958946228,0.1375834941864013,-0.1430058628320694,0.0807392001152038,-0.9864230751991272,-0.1214126944541931,0.2559328079223633,0.3189953863620758,-0.1439711237818303,-0.0808271799491503,0.1642706467049894,109.0
1652969102.102147,-0.074326679110527,-0.4429935812950134,0.1409941911697387,-0.1408528238534927,0.0825012326240539,-0.9865870475769044,-0.1563620865345001,0.1407428383827209,0.2784526348114013,-0.1418094617734769,-0.0825951072760969,0.1670347020089756,109.0
1652969102.112138,-0.0767528116703033,-0.4445844292640686,0.1565329730510711,-0.1396473944187164,0.0845710858702659,-0.986583173274994,-0.1931494027376175,0.0572807043790817,0.2370191812515258,-0.1406123853448009,-0.0846722247297962,0.1693477095394272,109.0
1652969102.122083,-0.0639172941446304,-0.4310776591300964,0.1770793050527572,-0.139375627040863,0.0869129449129104,-0.986418068408966,-0.222115010023117,-0.0460261926054954,0.1923754066228866,-0.1403655109136557,-0.0870227422945379,0.1711988629552395,109.0
1652969102.132018,-0.0507763028144836,-0.4033544659614563,0.2105337679386139,-0.1402332782745361,0.0893318876624107,-0.9860803484916688,-0.2178994864225387,-0.1596752554178238,0.1406040787696838,-0.1412655793958158,-0.089451130996851,0.1725355675443388,109.0
1652969102.1420531,-0.0472807884216308,-0.3803515434265136,0.2436826229095459,-0.1422334164381027,0.0914460867643356,-0.985599935054779,-0.1747177243232727,-0.2640371024608612,0.0660106092691421,-0.1433220409411178,-0.0915740203927291,0.1732744858713834,109.0
1652969102.152031,-0.0444619804620742,-0.3713924884796142,0.265691339969635,-0.1452963799238205,0.0928443744778633,-0.985022246837616,-0.1071368232369422,-0.3633865714073181,-0.0199493058025836,-0.146449631915956,-0.0929782794302426,0.1732939000698269,109.0
1652969102.161913,-0.0367940366268157,-0.3403013944625854,0.2749061286449432,-0.1494090408086776,0.0935020223259925,-0.9843446016311646,-0.0466376617550849,-0.4665747284889221,-0.1162377968430519,-0.1506354987647749,-0.093638802851767,0.1725228709800955,109.0
1652969102.171879,-0.031290590763092,-0.3166537284851074,0.2699860632419586,-0.1545920372009277,0.0934629738330841,-0.9835476279258728,0.0016305372118949,-0.5584277510643005,-0.2267656326293945,-0.1559024838801938,-0.0935995823565964,0.1707883752375049,109.0
1652969102.182018,-0.0247382372617721,-0.3027894496917724,0.2772468030452728,-0.1606713533401489,0.0929008424282074,-0.9826261401176452,0.0215995833277702,-0.6282583475112915,-0.3169299066066742,-0.1620779026098641,-0.0930349978833448,0.1681304759359665,109.0
1652969102.19175,-0.0117963701486587,-0.2810989022254944,0.2809267938137054,-0.167433425784111,0.092165783047676,-0.9815658330917358,0.0068054581061005,-0.6887981295585632,-0.3984724283218384,-0.1689517521339563,-0.0922967688937162,0.1646071193237544,109.0
1652969102.201634,0.0056512504816055,-0.2510059475898742,0.2746558785438537,-0.174886554479599,0.0914481878280639,-0.9803325533866882,-0.0153060359880328,-0.7554871439933777,-0.4906709194183349,-0.1765379984639279,-0.0915761308190389,0.1602218806275809,109.0
1652969102.2118912,0.0132283419370651,-0.220401644706726,0.2624557614326477,-0.1830129623413086,0.0906325504183769,-0.9789239168167114,-0.0121898716315627,-0.8111038208007812,-0.5885248184204102,-0.1848196689094691,-0.0907570880411524,0.154909379116609,109.0
1652969102.2216,0.0190487056970596,-0.1844292879104614,0.2533561885356903,-0.1916409432888031,0.089676596224308,-0.977359652519226,-0.0368042662739753,-0.8407825231552124,-0.6676082611083984,-0.1936237690676356,-0.0897972275729175,0.1487067417208753,109.0
1652969102.231621,0.0302597284317016,-0.1539977788925171,0.2471356242895126,-0.2005631476640701,0.088878110051155,-0.9756408929824828,-0.0855374559760093,-0.8616861701011658,-0.7519481778144836,-0.2027461901059111,-0.0889955371415659,0.141623284669619,109.0
1652969102.241578,0.0464295744895935,-0.1168100237846374,0.2367727160453796,-0.2098360359668731,0.0881936475634574,-0.9737508296966552,-0.1038316413760185,-0.9092260003089904,-0.8240712881088257,-0.2122468763055668,-0.0883083825877405,0.1336932806651404,109.0
1652969102.251672,0.0566283911466598,-0.0869633555412292,0.2437565624713897,-0.2196380943059921,0.0873743370175361,-0.971660852432251,-0.100401759147644,-0.9535841345787048,-0.8970029950141907,-0.2223078979816594,-0.0874858934074753,0.1250683645104235,109.0
1652969102.261512,0.0648175477981567,-0.0600361824035644,0.2499263435602188,-0.2298109233379364,0.0859958380460739,-0.969428539276123,-0.0437507256865501,-0.9907203316688538,-0.9687145948410034,-0.2327614865550562,-0.0861021830201193,0.1158117043440007,109.0
1652969102.27149,0.0798642337322235,-0.0200811624526977,0.2483176738023758,-0.2405240982770919,0.0837287753820419,-0.9670251607894896,0.0206759348511695,-1.047579050064087,-1.0493698120117188,-0.2437790551798625,-0.0838269146640704,0.105986616722938,109.0
1652969102.281619,0.0846717059612274,-0.0023909211158752,0.2380074560642242,-0.2516639828681946,0.080611266195774,-0.9644516706466676,0.0623755753040313,-1.0796911716461182,-1.1345752477645874,-0.255248290335913,-0.08069882557285,0.0955183124263889,109.0
1652969102.291364,0.0878483355045318,0.0058059096336364,0.2080382406711578,-0.263049840927124,0.0771484747529029,-0.961692750453949,0.0257331430912017,-1.098393797874451,-1.201411485671997,-0.2669971442231059,-0.0772252074653301,0.0843452062655686,109.0
1652969102.301317,0.092283546924591,0.0259147882461547,0.1776472628116607,-0.2744278013706207,0.0739395916461944,-0.9587608575820924,-0.0512064471840858,-1.0855071544647217,-1.2689049243927002,-0.2787780078572668,-0.0740071324060843,0.0724548947315206,109.0
1652969102.3113608,0.0934527814388275,0.037135362625122,0.1675865948200225,-0.2855457663536072,0.0712286382913589,-0.955714464187622,-0.1427230387926101,-1.049005389213562,-1.3363354206085205,-0.2903346428132001,-0.0712890096445963,0.0597093525000606,109.0
1652969102.3214688,0.1029586195945739,0.0412285923957824,0.1732617914676666,-0.2962722778320312,0.0690324604511261,-0.9526055455207824,-0.2244842946529388,-1.0056766271591189,-1.3840534687042236,-0.3015291936085576,-0.0690874077512051,0.0461782068172917,109.0
1652969102.331219,0.127433180809021,0.0600826144218444,0.1834204792976379,-0.3065866529941559,0.0671440362930297,-0.9494715929031372,-0.2646250426769256,-0.9740518927574158,-1.4187252521514893,-0.3123335260430613,-0.0671945891878978,0.0321103114932397,109.0
1652969102.3411531,0.1505722105503082,0.0883159041404724,0.1805712282657623,-0.316648930311203,0.0651562362909317,-0.9463023543357848,-0.2595820128917694,-0.953240931034088,-1.467386245727539,-0.3229054844228085,-0.0652024259374847,0.017597682393351,109.0
1652969102.35114,0.1594014167785644,0.1055244803428649,0.1721196621656417,-0.3265157341957092,0.0624688863754272,-0.9431251883506776,-0.1891257017850875,-0.9393123388290404,-1.5187820196151731,-0.3332910019758649,-0.0625095883926073,0.002770696892134,109.0
1652969102.361099,0.1581911146640777,0.12739098072052,0.1702955812215805,-0.336184948682785,0.0589066185057163,-0.9399519562721252,-0.1401012986898422,-0.9230963587760924,-1.5750954151153564,-0.3434841324395565,-0.058940741134275,-0.0123298684490446,109.0
1652969102.371089,0.1520875096321106,0.1362372040748596,0.1462345719337463,-0.3455995321273803,0.0546473115682601,-0.9367895126342772,-0.1077625304460525,-0.8981513381004333,-1.6194634437561035,-0.353428821336956,-0.0546745471934873,-0.0277192630925292,109.0
1652969102.3810349,0.1604414582252502,0.1493300795555114,0.1207843050360679,-0.3547774851322174,0.0499309562146663,-0.933616578578949,-0.1037198528647422,-0.8917367458343506,-1.652702808380127,-0.3631500056700362,-0.0499517283414497,-0.0433522879809649,109.0
1652969102.391096,0.1709459722042083,0.1693085432052612,0.0997277647256851,-0.3638171255588531,0.0449254810810089,-0.9303863644599916,-0.1017304733395576,-0.8844892382621765,-1.678176760673523,-0.3727573744492043,-0.0449406082512079,-0.0592062620718557,109.0
1652969102.400959,0.1689925491809845,0.1820189952850341,0.089321993291378,-0.3726974725723266,0.039645217359066,-0.9271056652069092,-0.0985659062862396,-0.8742752075195312,-1.7135744094848633,-0.3822302474484514,-0.0396556091797711,-0.0752709883833653,109.0
1652969102.410861,0.15768364071846,0.1768619418144226,0.0779509991407394,-0.3811791837215423,0.034124732017517,-0.9238711595535278,-0.1165635511279106,-0.8207869529724121,-1.7460554838180542,-0.3913117310574732,-0.034131357968486,-0.0916477063208494,109.0
1652969102.420877,0.1611103415489196,0.1668817400932312,0.0571269616484642,-0.3889698982238769,0.0287036448717117,-0.9208031892776488,-0.1725858151912689,-0.760981559753418,-1.7700092792510986,-0.3996872167353884,-0.0287075869742315,-0.1083735332743351,109.0
1652969102.430814,0.178337424993515,0.1774036288261413,0.0293504297733306,-0.3961872160434723,0.0235822312533855,-0.9178668856620787,-0.230842724442482,-0.7153387069702148,-1.78688383102417,-0.407480554718405,-0.0235844172370974,-0.1254537494659667,109.0
1652969102.440752,0.1761478185653686,0.1772587895393371,0.0248584225773811,-0.4027256369590759,0.0187816303223371,-0.9151280522346495,-0.2810187935829162,-0.6301946640014648,-1.8061342239379885,-0.4145703204914386,-0.0187827343912808,-0.1428606221651247,109.0
1652969102.450716,0.1700630486011505,0.1676207780838012,0.0332207456231117,-0.4082985818386078,0.0142034944146871,-0.9127379059791564,-0.3214402496814728,-0.529172956943512,-1.8217754364013672,-0.4206345612784163,-0.0142039721440092,-0.1606026930456454,109.0
1652969102.460857,0.1832795143127441,0.1866888999938964,0.0191116034984588,-0.4130464196205139,0.0097884656861424,-0.9106574058532716,-0.3463910222053528,-0.4730339646339416,-1.8325788974761963,-0.4258183575884846,-0.0097886217566285,-0.1786038731424597,109.0
1652969102.470611,0.1946003437042236,0.2053316235542297,-0.0041276514530181,-0.4173482060432434,0.005287236534059,-0.9087312817573548,-0.333414763212204,-0.4458854496479034,-1.8421509265899656,-0.4305316969108738,-0.0052872611675985,-0.1966580574099262,109.0
1652969102.480652,0.1827042400836944,0.2156027555465698,-0.0114101618528366,-0.4212754666805267,0.000408494437579,-0.9069326519966124,-0.2826533913612366,-0.4086462557315826,-1.843791484832764,-0.4348512458897878,-0.0004084944361253,-0.2145914483146642,109.0
1652969102.490545,0.1682713031768798,0.2123367190361023,-0.0165753662586212,-0.424710601568222,-0.0051379725337028,-0.9053146243095398,-0.2109405696392059,-0.3673206567764282,-1.851394295692444,-0.4386483735873866,0.0051379950994382,-0.2323080841224996,109.0
1652969102.5005112,0.16266930103302,0.2093665599822998,-0.0389310643076896,-0.4276229739189148,-0.0113772507756948,-0.9038856029510498,-0.1489033699035644,-0.3124129176139831,-1.8525882959365845,-0.4418921826765584,0.0113774964872922,-0.2497439051670059,109.0
1652969102.522948,0.1591926515102386,0.2039775252342224,-0.0719097703695297,-0.4298683702945709,-0.0182087160646915,-0.9027079343795776,-0.1035564020276069,-0.2417906820774078,-1.8717838525772093,-0.4444259204471502,0.018209723135223,-0.2670323581220504,109.0
1652969102.5254788,0.1455925107002258,0.1831129193305969,-0.1028177514672279,-0.4312065839767456,-0.0254782307893037,-0.901893436908722,-0.0862262845039367,-0.1461903899908065,-1.90731418132782,-0.4459848551244285,0.0254809881064507,-0.2844183345672401,109.0
1652969102.530515,0.1392652690410614,0.1794960498809814,-0.1244426146149635,-0.4315626919269562,-0.0329518839716911,-0.9014809131622314,-0.0899813398718833,-0.062697097659111,-1.925277829170227,-0.4464843398524276,0.0329578503282352,-0.3020356489544791,109.0
1652969102.5403662,0.1449159085750579,0.1949615478515625,-0.1099798604846,-0.4311860799789428,-0.0401972234249115,-0.9013671875,-0.113911435008049,-0.012008462101221,-1.8782753944396973,-0.4461935296038448,0.0402080572349564,-0.3196041388698965,109.0
1652969102.550414,0.1558391749858856,0.2089935541152954,-0.0570809505879879,-0.430466890335083,-0.0471061430871486,-0.9013763070106506,-0.0892308577895164,-0.0049090078100562,-1.7835179567337036,-0.4455400770423346,0.0471235809271841,-0.3365623021695028,109.0
1652969102.560467,0.1594133377075195,0.1845852732658386,-0.0124136954545974,-0.4295549988746643,-0.0539468713104724,-0.9014278650283812,-0.0316193625330925,0.014022072777152,-1.6738131046295166,-0.4446937305667116,0.0539730726229206,-0.3523893748792543,109.0
1652969102.570557,0.1572612524032592,0.1445693373680114,-0.0072673596441745,-0.4282726347446441,-0.0610005520284175,-0.9015883207321168,0.0502653829753398,0.0637017413973808,-1.5865213871002195,-0.4434647819222138,0.061038447565402,-0.3669997640273421,109.0
1652969102.5804849,0.1528043150901794,0.131244421005249,-0.0600260645151138,-0.4264860153198242,-0.0683920010924339,-0.9019047617912292,0.1056834980845451,0.1095933392643928,-1.5448483228683472,-0.4417111136608748,0.0684454308437607,-0.3807515726442554,109.0
1652969102.590157,0.1336248219013214,0.1280466318130493,-0.1132941916584968,-0.4241521954536438,-0.0757775530219078,-0.9024149179458618,0.087858960032463,0.1733462214469909,-1.5168180465698242,-0.4393764791076289,0.075850263611438,-0.3941392330893955,109.0
1652969102.600126,0.1018450558185577,0.1358437538146972,-0.1261637210845947,-0.4210589826107025,-0.0827139243483543,-0.903253972530365,0.0383683107793331,0.2528479695320129,-1.503923773765564,-0.4362092941273753,0.082808534055802,-0.407539514243087,109.0
1652969102.610167,0.0810874104499816,0.1594077348709106,-0.1245525032281875,-0.4171470105648041,-0.0890706330537796,-0.904463827610016,-0.0208326950669288,0.3260263204574585,-1.497558355331421,-0.4321362680511549,0.0891888324179002,-0.4210943737724339,109.0
1652969102.620048,0.0680611133575439,0.1631376147270202,-0.1174768060445785,-0.4124825596809387,-0.0947272703051567,-0.9060269594192504,-0.0884639397263526,0.4057119190692901,-1.4764703512191772,-0.4272238413095534,0.094869514986741,-0.4348449064755508,109.0
1652969102.629998,0.063737004995346,0.1532637476921081,-0.1190878078341484,-0.4070140123367309,-0.0995707437396049,-0.9079787135124208,-0.1659736484289169,0.4976431727409363,-1.450472354888916,-0.421409200537139,0.0997360111507593,-0.4487015360747419,109.0
1652969102.6399632,0.0655175149440765,0.1441870927810669,-0.1298830360174179,-0.4005852937698364,-0.1033934280276298,-0.9104071855545044,-0.267410933971405,0.6036845445632935,-1.421752691268921,-0.4145125335653473,0.1035785368359499,-0.4627137789737487,109.0
1652969102.649935,0.0745739340782165,0.1458278894424438,-0.139797180891037,-0.3932232558727264,-0.1061135604977607,-0.9132992029190063,-0.3503358960151672,0.6912953853607178,-1.3934659957885742,-0.4065642561260739,0.1063137154848159,-0.4768820061239106,109.0
1652969102.659862,0.0833962559700012,0.142852783203125,-0.1398715376853943,-0.3851388394832611,-0.1081143915653228,-0.91650390625,-0.3586138188838959,0.7593649625778198,-1.358379602432251,-0.3978201677001434,0.1083261289067643,-0.4910033148899864,109.0
1652969102.669863,0.0834951996803283,0.1294842958450317,-0.123617336153984,-0.3765707910060882,-0.1102999895811081,-0.9197980165481568,-0.2565319240093231,0.7945458889007568,-1.306217074394226,-0.3885885780067026,0.1105248793908669,-0.5045320910512385,109.0
1652969102.679806,0.0722315609455108,0.11903977394104,-0.0871585458517074,-0.3676417469978332,-0.1134183406829834,-0.923025369644165,-0.0876728445291519,0.8441433906555176,-1.247629165649414,-0.3790406875079222,0.1136629207518067,-0.5170524994441641,109.0
1652969102.689764,0.0660834908485412,0.1251043677330017,-0.079079657793045,-0.3584113717079162,-0.1178198531270027,-0.9260992407798768,0.0841551125049591,0.8586285710334778,-1.1887691020965576,-0.3692597989821339,0.1180941532306761,-0.5284082326861276,109.0
1652969102.699883,0.0537149906158447,0.1338908672332763,-0.1006062403321266,-0.3490031063556671,-0.1232555508613586,-0.928980588912964,0.1948667615652084,0.8837994337081909,-1.1394246816635132,-0.3593701593320179,0.1235697831825072,-0.5388094200992195,109.0
1652969102.709754,0.0348176956176757,0.1354294419288635,-0.1365961134433746,-0.3392458260059356,-0.1291815787553787,-0.9317855834960938,0.2587080597877502,0.9222666621208192,-1.073939323425293,-0.349164031885872,0.1295435954968609,-0.5484431911758533,109.0
1652969102.7196798,0.0274465680122375,0.1295912861824035,-0.1557487547397613,-0.3290975689888,-0.135083869099617,-0.9345839619636536,0.2574681043624878,0.9638611078262328,-1.007551193237305,-0.3385735198405573,0.1354981066200556,-0.5574192182316037,109.0
1652969102.729653,0.0302097797393798,0.116059124469757,-0.1690714359283447,-0.3185856640338897,-0.1403921693563461,-0.937439739704132,0.2044248580932617,1.0084123611450195,-0.9408224821090698,-0.3276009710394479,0.1408574968018008,-0.5658938985428837,109.0
1652969102.739526,0.0323954224586486,0.1027690172195434,-0.1919630765914917,-0.3076487481594085,-0.1446153819561004,-0.9404460191726683,0.0907871723175048,1.060946345329285,-0.8754273653030396,-0.3161578165668919,0.1451242648351795,-0.5740822513338166,109.0
1652969102.749568,0.0286590754985809,0.0892456769943237,-0.2182126492261886,-0.2961609065532684,-0.1473269909620285,-0.943707287311554,-0.0533897019922733,1.1359604597091677,-0.8073665499687195,-0.3040934262774042,0.1478652312202796,-0.5820864445336508,109.0
1652969102.759469,0.0288745760917663,0.0608759522438049,-0.2222863584756851,-0.2839710116386413,-0.1483344584703445,-0.9472894668579102,-0.2023243904113769,1.2197564840316772,-0.7244902849197388,-0.2912477447965685,0.1488838813226773,-0.5898500498341159,109.0
1652969102.769652,0.0368393957614898,0.0581738948822021,-0.2055101841688156,-0.2711839079856872,-0.1477614045143127,-0.951118230819702,-0.3075887560844421,1.274547457695007,-0.6393501162528992,-0.2777511768205007,0.1483044420215125,-0.5971483625030537,109.0
1652969102.779429,0.046245276927948,0.0618860125541687,-0.1999160349369049,-0.2580525279045105,-0.1464433223009109,-0.9549676775932312,-0.2840703725814819,1.3083600997924805,-0.5433410406112671,-0.2639180056950259,0.1469718635335898,-0.6037020582624969,109.0
1652969102.789627,0.0543119609355926,0.0506334900856018,-0.1859796643257141,-0.2447416484355926,-0.1456091701984405,-0.9585924744606018,-0.1449556350708007,1.327008605003357,-0.4446107447147369,-0.2499733768581503,0.1461286778589348,-0.6090621966240515,109.0
1652969102.7993488,0.0628906637430191,0.0610684752464294,-0.1463039070367813,-0.2315460741519928,-0.145871490240097,-0.9618253111839294,0.0020232200622558,1.311384677886963,-0.3647550046443939,-0.2362408784130122,0.1463938337306574,-0.6131776855515345,109.0
1652969102.8093472,0.0700205713510513,0.0697720050811767,-0.1278755366802215,-0.2186717092990875,-0.147454172372818,-0.9645931720733644,0.1678635776042938,1.2766932249069214,-0.2905974090099334,-0.2229304005501901,0.1479938045579387,-0.6161702289767111,109.0
1652969102.819289,0.068667471408844,0.0625775456428527,-0.1399816870689392,-0.2061339020729065,-0.1501490175724029,-0.966935396194458,0.2657589912414551,1.255390763282776,-0.2177867889404297,-0.2100384997180691,0.1507189903994995,-0.6182022665984576,109.0
1652969102.82936,0.0590776652097702,0.053072452545166,-0.1600659638643264,-0.1937822550535202,-0.1531818211078643,-0.9690117239952089,0.2712690532207489,1.2534797191619873,-0.1625118106603622,-0.197375614375053,0.1537872954290351,-0.619495731775271,109.0
1652969102.839291,0.0502804815769195,0.0312975645065307,-0.1853635311126709,-0.1814297884702682,-0.1557315438985824,-0.9709948301315308,0.1911016106605529,1.2675025463104248,-0.0975037142634391,-0.1847193649288051,0.1563679833716715,-0.6203381151271155,109.0
1652969102.8491368,0.0440436005592346,0.0116291642189025,-0.1912187337875366,-0.1689215302467346,-0.1570327132940292,-0.97303968667984,0.0494690984487533,1.3001888990402222,-0.0240025985985994,-0.1718887786935582,0.157685366355871,-0.6207156642893067,109.0
1652969102.8591142,0.0489740371704101,0.0122526884078979,-0.196117028594017,-0.1561670452356338,-0.1567120403051376,-0.9752195477485656,-0.1148039251565933,1.3305306434631348,0.0481822304427623,-0.1587871479550043,0.1573606792401794,-0.6206332853793615,109.0
1652969102.869045,0.0629029273986816,0.0199800133705139,-0.2002461850643158,-0.1432556957006454,-0.1547343730926513,-0.9775147438049316,-0.2709493339061737,1.3504679203033447,0.1177370697259903,-0.1455150822926394,0.1553585792354109,-0.620102289190262,109.0
1652969102.879061,0.076670303940773,0.0240979194641113,-0.1941738724708557,-0.1302439123392105,-0.1513462364673614,-0.9798626899719238,-0.3749495148658752,1.3597439527511597,0.1785551458597183,-0.1321459665530894,0.1519300630221861,-0.6190654136928806,109.0
1652969102.888955,0.0874747633934021,0.0177290439605712,-0.1883252561092376,-0.1173209547996521,-0.1472614109516143,-0.9821150302886964,-0.403544932603836,1.3546935319900513,0.2488418370485305,-0.1188940420692869,0.1477989155100958,-0.6174241680755247,109.0
1652969102.898906,0.0966632887721061,0.0209438204765319,-0.1614927500486374,-0.1046283766627311,-0.1432558745145797,-0.9841395616531372,-0.3447058200836181,1.3216321468353271,0.3074191212654114,-0.1059167172699878,0.143750439695325,-0.6150920905357081,109.0
1652969102.909062,0.1016634851694107,0.036284863948822,-0.1351002007722854,-0.0924014002084732,-0.1400463879108429,-0.9858239889144896,-0.2439539134502411,1.266342282295227,0.3691522479057312,-0.09345707301293,0.1405082628011961,-0.6120058752081836,109.0
1652969102.918855,0.0997392460703849,0.0524613261222839,-0.1198834627866745,-0.0808030813932418,-0.1379443705081939,-0.9871383905410768,-0.1145132482051849,1.2054880857467651,0.4218449890613556,-0.0816737893304993,0.1383856471189811,-0.6082103877356377,109.0
1652969102.92877,0.0873985961079597,0.0530290007591247,-0.1199527084827423,-0.0697899535298347,-0.137157991528511,-0.9880875945091248,0.0122665362432599,1.1615853309631348,0.4874157309532165,-0.0705142382893043,0.1375917156770127,-0.6036786741157293,109.0
1652969102.938735,0.0715877339243888,0.0440936684608459,-0.121108278632164,-0.0591365583240985,-0.1373909562826156,-0.9887500405311584,0.0818530693650245,1.1588679552078247,0.548547089099884,-0.059738250711809,0.137826915079916,-0.5984290612067483,109.0
1652969102.948746,0.0586455091834068,0.0264683961868286,-0.1403120458126068,-0.048345822840929,-0.1378863006830215,-0.9892674088478088,0.0691268891096115,1.1938368082046509,0.6065467596054077,-0.0488314763009901,0.1383270109828478,-0.5925954735062501,109.0
1652969102.958605,0.0585817173123359,0.0237337946891784,-0.1721879690885543,-0.0372957028448581,-0.1379469931125641,-0.9897371530532836,-0.0084513248875737,1.2296884059906006,0.6619936227798462,-0.0376646118670042,0.1383882952657404,-0.5862201209738255,109.0
1652969102.9689531,0.0638623386621475,0.0259908437728881,-0.196323424577713,-0.0259442441165447,-0.1370507031679153,-0.9902242422103882,-0.1374125033617019,1.264898419380188,0.7236871123313904,-0.0261943801368212,0.1374834062565729,-0.5792847200842823,109.0
1652969102.978729,0.0732655078172683,0.0265161395072937,-0.2063208818435669,-0.0143055403605103,-0.1348352283239364,-0.9907647371292114,-0.2805024087429046,1.2974542379379272,0.78358393907547,-0.0144378838922668,0.1352471684861394,-0.5717830107789779,109.0
1652969102.989205,0.0839578211307525,0.0248131155967712,-0.2048416286706924,-0.0025064039509743,-0.1314469128847122,-0.991320013999939,-0.3782500326633453,1.309117078781128,0.857331395149231,-0.0025283445429952,0.1318284224143996,-0.5635728214515638,109.0
1652969102.998519,0.0947648584842681,0.0047525167465209,-0.1966680884361267,0.0092543121427297,-0.1277186125516891,-0.9917672872543336,-0.3728388249874115,1.3054285049438477,0.9427912831306458,0.0093308618940159,0.1280684083527148,-0.554514074116168,109.0
1652969103.00862,0.1084090694785118,-0.0080887675285339,-0.1805616915225982,0.0208786558359861,-0.1245989352464675,-0.9919874668121338,-0.2776023149490356,1.2883223295211792,1.0053926706314087,0.0210441900047784,0.1249236068787983,-0.5446736303016829,109.0
1652969103.0185452,0.120686262845993,-0.0093862414360046,-0.1627954244613647,0.032130517065525,-0.1228034198284149,-0.991910755634308,-0.1441794633865356,1.2432817220687866,1.057242751121521,0.0323812248709914,0.1231141967719558,-0.5342582593328897,109.0
1652969103.028516,0.1268209964036941,-0.0066540241241455,-0.13630211353302,0.0428720004856586,-0.1223497241735458,-0.9915606379508972,-0.0414232537150383,1.202023148536682,1.1084073781967163,0.0432099798862235,0.1226570467010585,-0.5233651709496765,109.0
1652969103.038383,0.121021881699562,-0.0192687511444091,-0.1199652776122093,0.0532334893941879,-0.1226953417062759,-0.9910156726837158,-0.0113584315404295,1.183079481124878,1.1549054384231567,0.0536645159458777,0.1230052897002211,-0.512011694053756,109.0
1652969103.048468,0.1096724197268486,-0.0368782877922058,-0.1188960671424865,0.0635148361325264,-0.1231084242463111,-0.990358591079712,-0.0575554892420768,1.1917872428894043,1.2085429430007937,0.0640454591340038,0.1234215290483229,-0.5001460287386976,109.0
1652969103.058327,0.1014406904578208,-0.0422915816307067,-0.1286456882953643,0.0737759917974472,-0.1230023652315139,-0.9896603226661682,-0.1429476141929626,1.1954017877578735,1.2582539319992063,0.0744091471571874,0.1233146579223016,-0.4877300038982313,109.0
1652969103.068299,0.0974027514457702,-0.0442153811454772,-0.1386555731296539,0.0839479640126228,-0.1221324950456619,-0.9889572262763976,-0.2506679594516754,1.1860271692276,1.3068342208862305,0.0846823264212735,0.1224381785463333,-0.47475085255664,109.0
1652969103.07824,0.0872792452573776,-0.0431889295578002,-0.1422657370567321,0.0940562114119529,-0.1202770918607711,-0.9882746934890748,-0.3734037280082702,1.1973356008529663,1.3295387029647827,0.0948863360554881,0.1205689969628617,-0.4612903155512279,109.0
1652969103.088167,0.0726007893681526,-0.0581220388412475,-0.1452597379684448,0.1043859124183654,-0.1175729930400848,-0.9875627160072328,-0.454008013010025,1.223676085472107,1.347832441329956,0.1053095043841726,0.1178455653843604,-0.4475166688730142,109.0
1652969103.0981069,0.079478234052658,-0.0640029311180114,-0.1251961886882782,0.1148271933197975,-0.114382155239582,-0.9867783188819884,-0.4976866245269775,1.213606595993042,1.3684685230255127,0.115844731808845,0.1146330479112218,-0.4334351714724558,109.0
1652969103.108189,0.1006690859794616,-0.0582785606384277,-0.0964575111865997,0.125023677945137,-0.1112604811787605,-0.9858956336975098,-0.4756452143192291,1.171223759651184,1.3872469663619995,0.1261389926113262,0.1114913194272552,-0.4191429847384244,109.0
1652969103.118212,0.1143114864826202,-0.0414361953735351,-0.071141317486763,0.1346814185380935,-0.1087751537561416,-0.9849004149436952,-0.4060763716697693,1.1068494319915771,1.3965727090835571,0.1359033059679447,0.1089908120387909,-0.4047298352064511,109.0
1652969103.128055,0.1046859771013259,-0.0235427021980285,-0.0596547424793243,0.1437423676252365,-0.1071544289588928,-0.983796775341034,-0.3279477655887604,1.0493803024291992,1.3986976146697998,0.1450832181259867,0.1073605573067534,-0.3903435139071796,109.0
1652969103.137941,0.0758378505706787,-0.0215565562248229,-0.064184732735157,0.1524336338043213,-0.1063170805573463,-0.9825785756111144,-0.2788241505622864,1.0348331928253174,1.412912130355835,0.1539094257479519,0.106518392529269,-0.3759592788770299,109.0
1652969103.148113,0.0461448282003402,-0.015737771987915,-0.0855764746665954,0.1611000448465347,-0.1058909147977829,-0.98124098777771,-0.273807018995285,1.047637104988098,1.4431415796279907,0.1627281439095963,0.1060898112657518,-0.3614230098711802,109.0
1652969103.157867,0.0288741141557693,-0.0030698180198669,-0.1096468120813369,0.1699173897504806,-0.1055022180080413,-0.9797945618629456,-0.30677530169487,1.0699293613433838,1.470811367034912,0.1717136101110732,0.1056989211919438,-0.346547978674077,109.0
1652969103.16791,0.0225480645895004,0.0203956365585327,-0.1287313103675842,0.178944244980812,-0.1047587692737579,-0.9782661199569702,-0.3853601217269897,1.1010968685150146,1.5106732845306396,0.1809196653291264,0.1049513349433996,-0.331254664095657,109.0
1652969103.1778932,0.0236515551805496,0.0438283681869506,-0.1477801501750946,0.1882014572620391,-0.1033795922994613,-0.9766743779182434,-0.4857760071754455,1.1278787851333618,1.5720129013061523,0.1903629271712244,0.1035646255978881,-0.3153050210057637,109.0
1652969103.187774,0.0244229882955551,0.0568699836730957,-0.1641327440738678,0.1977602243423462,-0.101110853254795,-0.9750217795372008,-0.6243136525154114,1.1711325645446775,1.6425269842147827,0.2001118292863823,0.1012839350741006,-0.2984394850582755,109.0
1652969103.19772,0.0297906845808029,0.0668883323669433,-0.1798901110887527,0.2076208144426345,-0.097819946706295,-0.9733061790466307,-0.751310408115387,1.2022804021835327,1.7212680578231812,0.2101650712785529,0.0979766214663389,-0.2805676298416291,109.0
1652969103.207716,0.0356842726469039,0.0744775533676147,-0.2015541493892669,0.2177947163581848,-0.0939171314239502,-0.9714654088020324,-0.8276504278182983,1.24380362033844,1.8142414093017576,0.2205451862032486,0.0940557485903454,-0.261614102442571,109.0
1652969103.217815,0.0364025384187698,0.0930258631706237,-0.2056440114974975,0.2282153815031051,-0.090132437646389,-0.9694296717643738,-0.8030324578285217,1.2644742727279663,1.9129576683044436,0.231202361969219,0.0902549256520808,-0.2416282907985529,109.0
1652969103.227652,0.0239432156085968,0.112226665019989,-0.2046475708484649,0.238813117146492,-0.0874973013997078,-0.967115581035614,-0.697367787361145,1.3012056350708008,2.0129218101501465,0.2420903613429879,0.0876093326781291,-0.2207992317996894,109.0
1652969103.237547,0.0128936767578125,0.1042274236679077,-0.1827137470245361,0.2499237060546875,-0.0866497457027435,-0.9643806219100952,-0.5267373919487,1.3863306045532229,2.1280975341796875,0.2535760565499437,0.0867585466296847,-0.1992338476336234,109.0
1652969103.247518,0.0214945077896118,0.0492320656776428,-0.1652017533779144,0.2619679868221283,-0.0882163047790527,-0.9610362648963928,-0.3232975006103515,1.5260114669799805,2.241914749145508,0.2661234337158016,0.0883311276082628,-0.1770325628683247,109.0
1652969103.2576408,0.0643140077590942,-0.0180696845054626,-0.11011803150177,0.2752245664596557,-0.092167817056179,-0.9569516777992249,-0.1653265655040741,1.6787234544754028,2.3662121295928955,0.2800472560850694,0.0922988149800034,-0.1541907407150006,109.0
1652969103.267489,0.1237989664077758,-0.0407111644744873,-0.0584756284952163,0.2894547879695892,-0.0979880690574646,-0.9521629214286804,-0.0688594058156013,1.7951430082321167,2.473975896835327,0.295119830914379,0.0981455607559378,-0.1306339763423512,109.0
1652969103.2774282,0.1703239977359771,-0.020969808101654,-0.0514272227883338,0.3040717244148254,-0.1049601882696151,-0.9468494057655334,-0.0689101442694664,1.8320200443267824,2.5734176635742188,0.3107372165453217,0.1051538695096235,-0.1063186076042034,109.0
1652969103.2875109,0.1933887302875518,-0.0010284185409545,-0.0738733038306236,0.3186046779155731,-0.111872024834156,-0.9412628412246704,-0.2026721984148025,1.861634373664856,2.638296127319336,0.3263811359045109,0.1121067045874031,-0.0810855222324951,109.0
1652969103.297299,0.1956581771373748,0.0136520862579345,-0.098835602402687,0.3330588638782501,-0.1177324876189231,-0.9355270266532898,-0.390569269657135,1.88179612159729,2.660402297973633,0.342020648347611,0.1180061765340953,-0.0550010893829646,109.0
1652969103.307347,0.2060409188270568,0.0295280218124389,-0.0976935178041458,0.3471511900424957,-0.1224451214075088,-0.9297813177108764,-0.5312137603759766,1.834045886993408,2.6640074253082275,0.3573396950170068,0.1227531675725997,-0.0283008883194501,109.0
1652969103.3172688,0.2341959178447723,0.040291428565979,-0.0513998568058013,0.3603780269622803,-0.1266245245933532,-0.924172043800354,-0.5773774981498718,1.7384629249572754,2.63214111328125,0.3718100065467484,0.1269653712522561,-0.0014351087199171,109.0
1652969103.32724,0.2644222974777221,0.0184538960456848,0.0093382447957992,0.3724795281887054,-0.1313933581113815,-0.918691873550415,-0.4416478872299194,1.630536675453186,2.567992687225342,0.3851919614819774,0.1317743980382459,0.0247797518948294,109.0
1652969103.337174,0.2898591756820678,-0.0585918426513671,0.0841408818960189,0.3835569322109222,-0.1375925093889236,-0.9132099151611328,-0.2930614948272705,1.5424327850341797,2.47973108291626,0.3976361408154553,0.1380303940748129,0.049630025505875,109.0
1652969103.347138,0.3023935556411743,-0.125959575176239,0.1816797405481338,0.3938955068588257,-0.144845113158226,-0.907670795917511,-0.1914051622152328,1.4949957132339478,2.384493112564087,0.4094377953193565,0.145356427593249,0.073090773233745,109.0
1652969103.35731,0.3003910779953003,-0.1755664944648742,0.2390862554311752,0.4037562310695648,-0.1526605635881424,-0.9020397067070008,-0.1494633704423904,1.4681917428970337,2.28220796585083,0.4208593039721229,0.1532598332209879,0.0952520108075539,109.0
1652969103.367099,0.283828854560852,-0.2357904911041259,0.2584967613220215,0.413482517004013,-0.1600471287965774,-0.8963353633880615,-0.2403884977102279,1.480875015258789,2.167917251586914,0.4322139443119618,0.1607384038164985,0.1164680497142926,109.0
1652969103.3770509,0.2652981281280517,-0.2629815936088562,0.2532104551792145,0.4233004748821258,-0.1659607887268066,-0.8906591534614563,-0.4181284010410309,1.4916635751724243,2.0471293926239014,0.443665771657618,0.1667322245372143,0.137115057661053,109.0
1652969103.3869,0.2524522244930267,-0.2771341800689697,0.2471310347318649,0.4331861734390259,-0.1696774959564209,-0.8851888179779053,-0.664358377456665,1.4904837608337402,1.9131338596343996,0.4551086939460958,0.1705024127063845,0.1575124548729786,109.0
1652969103.396926,0.2393017411231994,-0.3025789856910705,0.2535386085510254,0.4429797530174255,-0.1704698652029037,-0.8801755309104919,-0.9857297539711,1.4287124872207642,1.7549479007720947,0.466272720932431,0.1713064932331066,0.1777912935631504,109.0
1652969103.406986,0.2314223945140838,-0.2665495276451111,0.2545238137245178,0.4520187675952911,-0.1680065691471099,-0.8760438561439514,-1.2635276317596436,1.263867974281311,1.5729496479034424,0.4763476018559066,0.1688071483445938,0.19798712806617,109.0
1652969103.416891,0.2406273186206817,-0.2041814923286438,0.2520780563354492,0.4595222175121307,-0.162875235080719,-0.8731042742729187,-1.429580569267273,1.009961485862732,1.366351842880249,0.4844722269295711,0.1636041028912063,0.2175128865304446,109.0
1652969103.427024,0.2361153364181518,-0.1826164126396179,0.3077577352523803,0.4649802446365356,-0.1562990695238113,-0.8714149594306946,-1.3981482982635498,0.7048162817955017,1.1543461084365845,0.4901588582396839,0.1569425535983847,0.2355023539921429,109.0
1652969103.436734,0.2103995382785797,-0.2033002376556396,0.4034294784069061,0.4682503640651703,-0.1495843529701233,-0.8708422183990479,-1.262359857559204,0.4169555008411407,0.9361692070961,0.4933494827505428,0.1501478808283456,0.2511332234252431,109.0
1652969103.446687,0.1703487038612365,-0.2175975441932678,0.4596678614616394,0.469482809305191,-0.1432769447565078,-0.8712391257286072,-1.0966960191726685,0.1574102342128753,0.7252423167228699,0.4942563512606898,0.1437717318569844,0.2641232398080945,109.0
1652969103.456704,0.1183116137981414,-0.2354787588119506,0.4477545022964477,0.4691517651081085,-0.137161910533905,-0.8724008798599243,-0.9938852787017822,-0.0209896005690097,0.5287985801696777,0.4934057858282152,0.1375956695903273,0.2746388389140091,109.0
1652969103.4667091,0.0690637230873107,-0.2153500318527221,0.4282430112361908,0.4678014814853668,-0.1307272315025329,-0.8741122484207153,-0.960355281829834,-0.1480695158243179,0.3402116000652313,0.4913886997654075,0.1311024664411877,0.2831062497470777,109.0
1652969103.476629,0.0316059291362762,-0.1849827766418457,0.41660076379776,0.4657695591449737,-0.1234642416238784,-0.8762507438659668,-0.9825353026390076,-0.2364919036626815,0.1696082949638366,0.4885665402591547,0.1237800836586839,0.2899439696405085,109.0
1652969103.486638,0.0119871199131011,-0.1631634831428527,0.3756509721279144,0.4633393883705139,-0.1149698942899704,-0.8786913752555847,-1.0646682977676392,-0.292035311460495,0.0145276356488466,0.4852531643779339,0.1152246912341194,0.2955437670141487,109.0
1652969103.496647,0.0043270289897918,-0.1034526228904724,0.3404798507690429,0.4605777263641357,-0.1049299985170364,-0.8813953995704651,-1.1688809394836426,-0.351468026638031,-0.1252338737249374,0.4815284944127729,0.1051235124729172,0.3002477390981578,109.0
1652969103.50657,-0.0090490877628326,-0.0464934706687927,0.3136939406394958,0.4574896097183227,-0.0934334099292755,-0.8842926621437073,-1.2348443269729614,-0.3876095116138458,-0.2598774433135986,0.4774317878866602,0.0935698863686935,0.3041032962584226,109.0
1652969103.516482,-0.0190135836601257,-0.0184552073478698,0.2949242889881134,0.4543315768241882,-0.0810419172048568,-0.8871387243270874,-1.2351442575454712,-0.3882425427436828,-0.377808541059494,0.4733055584711856,0.0811308935978357,0.3069275667921673,109.0
1652969103.526564,-0.0009861588478088,0.0160159468650817,0.2872926890850067,0.4512272179126739,-0.0684512108564376,-0.8897800445556641,-1.1727524995803833,-0.3848531544208526,-0.4684492349624634,0.4693291514897638,0.0685047830767348,0.3086020335575076,109.0
1652969103.536394,0.0305948555469512,0.0308906435966491,0.2755789458751678,0.4481343626976013,-0.0561118461191654,-0.8922035098075867,-1.1141855716705322,-0.377759724855423,-0.5107282400131226,0.4654685166421248,0.0561413323585917,0.3093401191953904,109.0
1652969103.546308,0.0637000799179077,0.0274173021316528,0.2497751116752624,0.4450889825820923,-0.0439646206796169,-0.8944064378738403,-1.1026653051376345,-0.3638090193271637,-0.5247495770454407,0.4617547430389161,0.0439787965273757,0.3096338600878451,109.0
1652969103.556296,0.0830506682395935,0.0201851725578308,0.1997504532337188,0.4421263039112091,-0.0317512564361095,-0.8963906764984131,-1.126667857170105,-0.3436158001422882,-0.504857063293457,0.4582165414300234,0.0317565931061361,0.3099550792926729,109.0
1652969103.566514,0.0892257690429687,0.0190858244895935,0.1378146857023239,0.4392471313476562,-0.0192539487034082,-0.898159921169281,-1.2000882625579834,-0.3302866816520691,-0.4586235284805298,0.4548510967761996,0.0192551393380224,0.3107432061347829,109.0
1652969103.576201,0.0826300382614135,0.0354140400886535,0.1012724339962005,0.4363976716995239,-0.0061491997912526,-0.8997328877449036,-1.311275601387024,-0.3182178139686584,-0.4095802307128906,0.4516002484976572,0.0061492384654193,0.3123343293736653,109.0
1652969103.586224,0.071133553981781,0.0453945994377136,0.0790140181779861,0.4336576759815216,0.0075032608583569,-0.9010464549064636,-1.3373245000839231,-0.2989668846130371,-0.364727258682251,0.4485616063051391,-0.0075033314163932,0.3146656783977878,109.0
1652969103.5961208,0.0592756569385528,0.0725502371788024,0.0892383456230163,0.4308518767356872,0.0206706542521715,-0.9021859169006348,-1.2627061605453491,-0.3103854060173034,-0.3262253701686859,0.4455385974766878,-0.020672127149846,0.3172044109116909,109.0
1652969103.606155,0.0320566892623901,0.0712145566940307,0.1439864337444305,0.4279957711696625,0.0328170917928218,-0.9031847715377808,-1.1250847578048706,-0.296740710735321,-0.3231824338436126,0.4425292110550346,-0.0328229844568611,0.3193960518912634,109.0
1652969103.6160378,-0.0016751885414123,0.0115155577659606,0.1583197712898254,0.4254422485828399,0.0437828302383422,-0.903925895690918,-1.0165278911590576,-0.2332226037979126,-0.3165772259235382,0.4399017905313687,-0.0437968314639577,0.3210481348301494,109.0
1652969103.626052,-0.027722418308258,-0.0548838973045349,0.131293848156929,0.423657476902008,0.0540698692202568,-0.9042072892189026,-0.9987233877182008,-0.1285334676504135,-0.2816205620765686,0.4381645453509885,-0.0540962499916381,0.3225870182346402,109.0
1652969103.636135,-0.0402406752109527,-0.0998602509498596,0.0997350141406059,0.4227021932601928,0.0642969086766243,-0.9039849638938904,-1.015954852104187,-0.0616370029747486,-0.2477608174085617,0.4373922333729571,-0.0643412911491599,0.3244686913160042,109.0
1652969103.64586,-0.0499223470687866,-0.1117179989814758,0.0686291456222534,0.4219163656234741,0.074467733502388,-0.9035713076591492,-1.028064250946045,-0.0904534682631492,-0.2147003412246704,0.4368541131166595,-0.0745367319464354,0.3266855244365266,109.0
1652969103.655926,-0.0675757229328155,-0.1029611825942993,0.068538412451744,0.420679360628128,0.0846750438213348,-0.9032491445541382,-1.0516291856765747,-0.1518455743789672,-0.2037258297204971,0.4358660138816584,-0.0847765569077043,0.3291753062132947,109.0
1652969103.665855,-0.0854036211967468,-0.0925474166870117,0.0605026632547378,0.4187318384647369,0.095365822315216,-0.903088629245758,-1.1422929763793943,-0.2458128184080124,-0.2193234264850616,0.4341605947916987,-0.095510969912218,0.3318479693801234,109.0
1652969103.675959,-0.0871691107749939,-0.060934841632843,0.0351114273071289,0.4157213270664215,0.1072530224919319,-0.903145968914032,-1.2932183742523191,-0.3762641847133636,-0.2354682087898254,0.4313892838492991,-0.107459717456715,0.3348718599418378,109.0
1652969103.685862,-0.0799982845783233,-0.026159644126892,0.0298244059085845,0.4113734066486358,0.1203830763697624,-0.9034820795059204,-1.3820565938949585,-0.5211819410324097,-0.2580161392688751,0.4272691775337919,-0.1206757524876758,0.3382408059864819,109.0
1652969103.6957068,-0.0879697799682617,-0.030649721622467,0.0687735080718994,0.4058256149291992,0.1336953192949295,-0.9041190147399902,-1.3028652667999268,-0.6265115737915039,-0.3023914992809295,0.4219080357108556,-0.13409684943583,0.3412893637380457,109.0
1652969103.70603,-0.0966252982616424,-0.0457046031951904,0.1138345152139663,0.399451196193695,0.1459921002388,-0.905055284500122,-1.12979257106781,-0.6810544729232788,-0.3595346808433532,0.4156420132570542,-0.1465157460331652,0.3432334350156335,109.0
1652969103.715704,-0.0836392343044281,-0.0594800114631652,0.1289995014667511,0.3926296532154083,0.1569654047489166,-0.9062029719352722,-0.976983606815338,-0.698240339756012,-0.4050126075744629,0.4088536718068874,-0.1576172167946753,0.343904008747237,109.0
1652969103.7256489,-0.055567443370819,-0.068996787071228,0.1103881746530532,0.3857066035270691,0.1670776009559631,-0.9073673486709596,-0.910568118095398,-0.6767582297325134,-0.4263919293880462,0.4019411062638047,-0.1678648509286503,0.3437542705605212,109.0
1652969103.735981,-0.0319358110427856,-0.0725998878479003,0.080987811088562,0.3791189789772033,0.1768246591091156,-0.9082961082458496,-0.8899169564247131,-0.6124201416969299,-0.431733101606369,0.3954122382472173,-0.1777593251266692,0.3432759524515527,109.0
1652969103.745636,-0.0201368629932403,-0.0769839286804199,0.0456003546714782,0.3732099533081054,0.1866383850574493,-0.9087796807289124,-0.9249481558799744,-0.5225813388824463,-0.427062451839447,0.3896719933674332,-0.187739284101637,0.3427654066321665,109.0
