1652969001.297152,-0.0152172595262527,-0.0208204984664917,0.0553032755851745,0.1089216545224189,0.9591010212898254,-0.2612690329551697,1.832837700843811,-0.438443511724472,-0.3804049789905548,0.3949853234551582,-1.283809004284364,-0.0029589557269896,116.0
1652969001.3069282,-0.0451118201017379,0.0181498229503631,0.0440306067466735,0.1043008491396904,0.9538484811782836,-0.2815930843353271,2.33511734008789,-0.4225166440010071,-0.3469997942447662,0.3547278892727539,-1.2658014370733608,-0.0406381858841673,116.0
1652969001.316949,-0.0356070399284362,0.0740700960159301,-0.0389764904975891,0.0996483489871025,0.9470422267913818,-0.3052563071250915,2.532759189605713,-0.4208223223686218,-0.3819159567356109,0.3155351942448691,-1.2438960870164395,-0.0774357272234969,116.0
1652969001.326853,-0.0028740838170051,0.1200468242168426,-0.1489911675453186,0.0944727435708046,0.9393353462219238,-0.3297333419322967,2.584716320037842,-0.4476365149021148,-0.4252631366252899,0.2790375352668885,-1.2206873152050273,-0.1115670171940091,116.0
1652969001.336852,0.0357507169246673,0.1116109490394592,-0.2215489745140075,0.0889290124177932,0.9308231472969056,-0.3544853329658508,2.6275384426116943,-0.5109750032424927,-0.4035599827766418,0.2457953967329312,-1.196658759939391,-0.1419903854918223,116.0
1652969001.346776,0.0488656759262084,0.0486111640930175,-0.1867732405662536,0.0836113095283508,0.9215448498725892,-0.3791625499725342,2.6220290660858154,-0.575880229473114,-0.3192843794822693,0.2170421769918356,-1.172040733748499,-0.1671782081585432,116.0
1652969001.35677,0.0100306719541549,0.0154497623443603,-0.1432480812072754,0.0789129808545112,0.9115585684776306,-0.4035267531871795,2.643629789352417,-0.5799759030342102,-0.2212600857019424,0.193121003468994,-1.1470588063443692,-0.1869701284378196,116.0
1652969001.366692,-0.0407085716724395,0.0126420259475708,-0.1738637685775756,0.0750562697649002,0.8999074101448059,-0.4295734167098999,3.0045716762542725,-0.5724263787269592,-0.1040827110409736,0.1729766988295989,-1.1195571431627505,-0.2028744215776852,116.0
1652969001.376689,-0.0791654586791992,0.0337226390838623,-0.1343624591827392,0.0721007883548736,0.8867274522781372,-0.456635445356369,3.000728130340576,-0.5252546072006226,-0.0212605316191911,0.1566028421756778,-1.090217446490122,-0.2150133145355287,116.0
1652969001.386634,-0.1219938844442367,0.0225103497505188,-0.0909978747367858,0.0698700249195098,0.8726140260696411,-0.4833870530128479,3.0070548057556152,-0.3568316400051117,-0.0122481677681207,0.1435484206854082,-1.0605290651025685,-0.2248026396721698,116.0
1652969001.396734,-0.1369347274303436,0.0093809962272644,-0.102472960948944,0.0687433555722236,0.858225405216217,-0.5086488127708435,2.7879111766815186,-0.1470946371555328,0.0498351790010929,0.1343350160335395,-1.0318022086124865,-0.2325399121714371,116.0
1652969001.406543,-0.1080276891589164,8.45193862915039e-05,-0.1517607569694519,0.0692399963736534,0.8447690010070801,-0.5306327939033508,2.3639636039733887,0.0017656728159636,0.145619124174118,0.1297526113755855,-1.0061333317240202,-0.2371467567099153,116.0
1652969001.416528,-0.0759370326995849,0.0049988031387329,-0.213331937789917,0.0711154118180275,0.8332201242446899,-0.5483492016792297,1.880125880241394,0.0672863647341728,0.2506933510303497,0.1289701393581113,-0.9849059923177936,-0.2385462151419565,116.0
1652969001.426348,-0.0697147846221923,0.0235964059829711,-0.2502487897872925,0.0740484446287155,0.8239180445671082,-0.5618504285812378,1.4063405990600586,0.0725017338991165,0.3676168620586395,0.1310386544879784,-0.9682904011709168,-0.2369098713353793,116.0
1652969001.4364529,-0.0910200104117393,0.0556157827377319,-0.2571688890457153,0.0779128596186637,0.8169373273849487,-0.5714393258094788,0.9546066522598268,0.0600264221429824,0.4835128486156463,0.135509364522164,-0.9560804363487097,-0.2322792258638828,116.0
1652969001.446396,-0.126794621348381,0.0596363544464111,-0.2237759828567505,0.0825290381908416,0.8122920393943787,-0.5773825645446777,0.5223620533943176,0.0413410477340221,0.5839765667915344,0.1419748225332337,-0.9480712314367428,-0.2249436414446435,116.0
1652969001.456369,-0.1528160274028778,0.056402564048767,-0.1630090475082397,0.0878747850656509,0.8098899722099304,-0.5799623131752014,0.1495911628007888,0.0470367483794689,0.6810373663902283,0.150374308363437,-0.9439644752727188,-0.2151152640140449,116.0
1652969001.4665089,-0.1529906094074249,0.043545126914978,-0.1087061166763305,0.0938782095909118,0.8089165091514587,-0.5803800821304321,-0.0115084340795874,0.0305857099592685,0.7399222254753113,0.1603640174505341,-0.9423068964992,-0.2033304448967421,116.0
1652969001.476289,-0.1254252940416336,0.0426726937294006,-0.0393829941749572,0.0999432653188705,0.8084105253219604,-0.5800722241401672,-0.0661152228713035,-0.0447971932590007,0.7617612481117249,0.1706193878597426,-0.9414467357936854,-0.1906098722609134,116.0
1652969001.48624,-0.0939696505665779,0.0392373204231262,0.0691356062889099,0.1055054515600204,0.8079241514205933,-0.5797649025917053,-0.0205178409814834,-0.125873252749443,0.7351758480072021,0.1800098623497672,-0.9406208767676428,-0.1779567450638895,116.0
1652969001.496217,-0.0741247609257698,0.0196976065635681,0.1576552987098693,0.1104102954268455,0.8070662021636963,-0.5800462961196899,0.051158208400011,-0.1786224842071533,0.7018005847930908,0.1880972090368737,-0.9391664804326316,-0.1660542930521012,116.0
1652969001.5062308,-0.0623923018574714,0.0013408064842224,0.1931334733963012,0.114821657538414,0.8058134913444519,-0.5809308290481567,0.113992765545845,-0.2064612954854965,0.672100841999054,0.1951360512151606,-0.937047948723878,-0.1549544968483449,116.0
1652969001.516216,-0.0561767965555191,-0.0095983743667602,0.1875309348106384,0.1188905611634254,0.804351270198822,-0.5821376442909241,0.1198386698961258,-0.2005261778831482,0.6316375732421875,0.2014605003410849,-0.9345828066867724,-0.1445907982825192,116.0
1652969001.526073,-0.0471974685788154,-0.0127559304237365,0.1666277647018432,0.1226218193769455,0.8030375838279724,-0.5831762552261353,0.0737155154347419,-0.1780505925416946,0.5770785212516785,0.2072464309614548,-0.932375066342748,-0.1350038607082225,116.0
1652969001.536196,-0.0303065180778503,-0.0078967213630676,0.1501067280769348,0.1259945183992386,0.8021330833435059,-0.5837019681930542,0.0068901469931006,-0.1685343086719513,0.5169102549552917,0.2125924649378084,-0.9308588127848776,-0.1261672351101223,116.0
1652969001.546098,-0.0074384659528732,0.0018157362937927,0.1566215753555297,0.1288527995347976,0.8017064929008484,-0.5836641192436218,-0.0706455186009407,-0.1724230200052261,0.4499840140342712,0.2172802031046841,-0.9301448395382302,-0.1182075345809952,116.0
1652969001.5559778,0.0110707879066467,0.0096616744995117,0.1722545027732849,0.131080225110054,0.801698625087738,-0.5831787586212158,-0.1097601652145385,-0.1906797885894775,0.3719235956668854,0.2210940933142042,-0.930131609714274,-0.1112108239044729,116.0
1652969001.565907,0.0183504819869995,0.0105171203613281,0.1695289611816406,0.1325438171625137,0.8019675016403198,-0.5824778079986572,-0.1338655054569244,-0.216103121638298,0.2896378636360168,0.223741852292625,-0.9305815667114394,-0.1053830821240038,116.0
1652969001.575897,0.0057846009731292,0.0072283744812011,0.1561354994773864,0.1332383453845977,0.8024672865867615,-0.5816304683685303,-0.1495206356048584,-0.2390744835138321,0.2204856723546981,0.2251918897654533,-0.9314186641178782,-0.1007108436907932,116.0
1652969001.585943,-0.013516291975975,0.0063345432281494,0.1503704786300659,0.1334199905395507,0.8030290603637695,-0.580812931060791,-0.1350045353174209,-0.240457072854042,0.1695573180913925,0.2257953087928958,-0.9323607436074683,-0.0969873777793412,116.0
1652969001.595758,-0.0264466255903244,0.0043625831604003,0.1592943668365478,0.1331972628831863,0.8034434914588928,-0.5802905559539795,-0.0688806474208831,-0.2448534220457077,0.1245530843734741,0.2256271497888591,-0.933056556618265,-0.0942110471011299,116.0
1652969001.605902,-0.0265443176031112,0.0020862817764282,0.1653918623924255,0.1325472593307495,0.8034648299217224,-0.5804098844528198,0.0178803466260433,-0.2688114941120147,0.0856493264436721,0.2245181838091527,-0.9330924080033048,-0.0924264046465183,116.0
1652969001.615746,-0.0260320305824279,-0.0030378699302673,0.1565920114517212,0.1314856559038162,0.8030635118484497,-0.5812061429023743,0.0899244472384452,-0.2866184413433075,0.0542229637503623,0.222483860937436,-0.9324186416950448,-0.0915137222405587,116.0
1652969001.62565,-0.0287562161684036,-0.0123865008354187,0.128333032131195,0.1301815211772918,0.8023766279220581,-0.5824470520019531,0.117111325263977,-0.2779958248138428,0.0297512896358966,0.2198937772415939,-0.9312667612844108,-0.0912140090058337,116.0
1652969001.635643,-0.0337930619716644,-0.0236581563949584,0.0967639088630676,0.1287791430950164,0.801734447479248,-0.5836418867111206,0.0882234871387481,-0.2557328641414642,0.0113091664388775,0.217167866217847,-0.9301915932063376,-0.0912663532938804,116.0
1652969001.645623,-0.0288069397211074,-0.0270103216171264,0.0598384141921997,0.127348318696022,0.801336944103241,-0.5845010876655579,0.0469928905367851,-0.2325645387172699,-0.0152148511260747,0.2145227450749405,-0.9295267588013496,-0.0915508352794215,116.0
