1652969259.101677,-0.0249895602464675,0.0303872823715209,0.0359054207801818,0.1163745298981666,0.7241044640541077,-0.6798012852668762,-0.1639209389686584,-0.0228793267160654,0.1290443688631057,0.169545581968667,-0.8097350166435229,-0.4433032873138698,114.0
1652969259.11167,-0.0053609162569046,0.0305944681167602,0.0649563074111938,0.1168569549918174,0.7249913215637207,-0.678772509098053,-0.1418720334768295,-0.0352854467928409,0.0677558183670044,0.1704879943998506,-0.8110218295496592,-0.4415484848526788,114.0
1652969259.1216202,0.0135149806737899,0.0256781578063964,0.0914252996444702,0.1167646273970604,0.7258507609367371,-0.6778692603111267,-0.117903858423233,-0.0401774086058139,-0.0260423123836517,0.17057849900626,-0.8122704293083102,-0.4409307782612798,114.0
1652969259.131732,0.0288036316633224,0.0194758772850036,0.0951109528541565,0.1157124266028404,0.7266665101051331,-0.6771754026412964,-0.0935234129428863,-0.0544529631733894,-0.1543845385313034,0.1692405735236608,-0.8134571074115245,-0.4420003586499983,114.0
1652969259.1415582,0.0521970987319946,0.0105203390121459,0.1036335825920105,0.1138186156749725,0.7275890707969666,-0.6765053868293762,-0.1071761101484298,-0.0543096847832202,-0.2539116740226745,0.1666839005669647,-0.8148009774020973,-0.4447812265893148,114.0
1652969259.151502,0.0721999853849411,0.0325323343276977,0.1033624410629272,0.1111496984958648,0.7287299633026123,-0.675720751285553,-0.1164214760065078,-0.1016998887062072,-0.3174510896205902,0.163030663946306,-0.8164654714736574,-0.4486732770737752,114.0
1652969259.161623,0.065725490450859,-0.005500316619873,0.1110256910324096,0.1074771136045456,0.7301914095878601,-0.6747364401817322,-0.2400573790073394,-0.2610655725002289,-0.3742821514606476,0.1579605125133232,-0.8186020819480238,-0.4533621688272038,114.0
1652969259.171594,0.0981338322162628,-0.0138499736785888,0.1211158037185669,0.1021836251020431,0.7329339981079102,-0.6725818514823914,-0.4126983284950256,-0.5530485510826111,-0.2880218923091888,0.1507744213700174,-0.8226247505161949,-0.4575569105773066,114.0
1652969259.181571,0.1240604743361473,-0.0497940182685852,-0.0277340412139892,0.0961239337921142,0.735589325428009,-0.6705732941627502,-0.2798193693161011,-0.6036621928215027,-0.3326681852340698,0.1423760023039549,-0.8265362321286149,-0.461015302504115,114.0
1652969259.1913528,0.0773411318659782,-0.0968574285507202,0.0469180345535278,0.0888271257281303,0.7372464537620544,-0.6697592735290527,-0.0947284251451492,-0.654188334941864,-0.5103542804718018,0.1318559509866008,-0.8289856576335088,-0.4668818481683142,114.0
1652969259.201463,0.1068962886929512,-0.0341426134109497,0.2154091596603393,0.0800392031669616,0.7381126284599304,-0.6699130535125732,-0.0485169850289821,-0.843230664730072,-0.5066503286361694,0.1189133235309791,-0.8302686069713173,-0.4743990729598668,114.0
1652969259.211257,0.147348940372467,-0.0749547481536865,0.1107926368713378,0.0704551115632057,0.7390152215957642,-0.6699945330619812,-0.1476723402738571,-0.9877827763557434,-0.4263002872467041,0.1047726698163887,-0.8316074297654484,-0.4810529390311385,114.0
1652969259.221209,0.1125125288963317,-0.1372367143630981,-0.0821892619132995,0.0606290251016616,0.7411096692085266,-0.6686408519744873,-0.4072809815406799,-0.994977593421936,-0.4433208107948303,0.0904277289496514,-0.8347216218297693,-0.4870193125420823,114.0
1652969259.2311502,0.062710627913475,-0.1682109832763672,-0.1113520264625549,0.0506774969398975,0.7450038194656372,-0.665132462978363,-0.6792767643928528,-0.9526216387748718,-0.4894821345806122,0.0760446612356161,-0.840540580711262,-0.4933047815979952,114.0
1652969259.2411609,0.0573295503854751,-0.1821442246437072,-0.0460842847824096,0.040799792855978,0.7504758834838867,-0.6596373319625854,-0.9085813164711,-0.9206639528274536,-0.5117794275283813,0.0617731600832603,-0.8487818587713402,-0.4999968094245718,114.0
1652969259.251089,0.059574156999588,-0.2117431163787841,0.0144711136817932,0.0309105310589075,0.7573032379150391,-0.6523314714431763,-1.1206315755844116,-0.910018026828766,-0.4999732077121734,0.0473492818825993,-0.8591738029001823,-0.5069000494028072,114.0
1652969259.261066,0.0492208302021026,-0.2624680399894714,0.0337284803390502,0.021305363625288,0.7653744220733643,-0.6432325839996338,-1.3513078689575195,-0.9334865808486938,-0.4582209885120392,0.0331102290281941,-0.871622947406536,-0.5135783270611564,114.0
1652969259.271193,0.0663155019283294,-0.3090578317642212,0.0660178661346435,0.0120689673349261,0.775001049041748,-0.6318448781967163,-1.6553184986114502,-0.9516264200210572,-0.386660486459732,0.0190988337459025,-0.8867167261324839,-0.5195241669776405,114.0
1652969259.281021,0.0826974511146545,-0.3609630465507507,0.0766732692718505,0.0029807132668793,0.7862723469734192,-0.6178728938102722,-1.951002836227417,-0.9833379983901978,-0.4148476421833038,0.0048241151307757,-0.9047526602067404,-0.5254633519547347,114.0
1652969259.290889,0.0638848394155502,-0.4050431847572326,0.0331307053565979,-0.0066643203608691,0.7989463806152344,-0.601365327835083,-2.241395711898804,-0.9909738302230836,-0.5067194104194641,-0.0110815287318771,-0.9255412047323872,-0.5330902874676345,114.0
1652969259.30129,0.0440218895673751,-0.4499605894088745,0.0910509228706359,-0.0168917011469602,0.8129103779792786,-0.5821437835693359,-2.501047849655152,-1.0161241292953491,-0.5574283599853516,-0.0290082349531872,-0.94913215339185,-0.5429098715010909,114.0
1652969259.3109112,0.0384091883897781,-0.5023529529571533,0.2075930833816528,-0.0274227894842624,0.8273191452026367,-0.5610624551773071,-2.563948392868042,-1.0171345472335815,-0.6085652709007263,-0.0488376694164087,-0.9743183147412956,-0.55474950715561,114.0
1652969259.320837,0.054885733872652,-0.5251137614250183,0.287158191204071,-0.0384824723005294,0.8406800031661987,-0.5401632189750671,-2.3830559253692627,-1.0528079271316528,-0.7030566334724426,-0.0711221426308098,-0.9985377508821082,-0.5691713562554035,114.0
1652969259.330793,0.068818911910057,-0.5131822824478149,0.3628108501434326,-0.0506761446595191,0.8524907827377319,-0.520280122756958,-2.2265894412994385,-1.1425334215164185,-0.8175590634346008,-0.0970953801238681,-1.0207318035356094,-0.5869528306783474,114.0
1652969259.3408918,0.0468278378248214,-0.5098729133605957,0.3770309686660766,-0.0643296092748642,0.8630051016807556,-0.5010827779769897,-2.1146843433380127,-1.2228494882583618,-0.9700703024864196,-0.1276827787737883,-1.0411882235419831,-0.6088436469554086,114.0
1652969259.350702,-0.0011847540736198,-0.4937168657779693,0.3679024577140808,-0.0795036479830741,0.872393012046814,-0.4822961986064911,-2.027304649353028,-1.2456904649734497,-1.139493107795715,-0.1633747875688841,-1.0600768200460011,-0.635766022510296,114.0
1652969259.36069,-0.0468390062451362,-0.4586803019046783,0.3956989049911499,-0.0960442349314689,0.8805310130119324,-0.4641558825969696,-1.850867509841919,-1.256453037261963,-1.287304162979126,-0.2040427358503695,-1.0769813056500228,-0.6679284992344325,114.0
1652969259.370626,-0.0787426754832267,-0.4272152483463287,0.4260461926460266,-0.1137774139642715,0.8869268894195557,-0.4476778507232666,-1.6045660972595217,-1.2552484273910522,-1.4447362422943115,-0.2488809031572052,-1.090648976612806,-0.7045053769135948,114.0
1652969259.38081,-0.1042839884757995,-0.3918864130973816,0.4468993544578552,-0.1324865818023681,0.8916322588920593,-0.4329425990581512,-1.3811604976654053,-1.233206033706665,-1.558396577835083,-0.2969652496255287,-1.1009375585995484,-0.7447158510629829,114.0
1652969259.390538,-0.1089334934949874,-0.3548985719680786,0.4220153093338012,-0.1520222574472427,0.8947420120239258,-0.4199121296405792,-1.149482250213623,-1.2154799699783323,-1.6620174646377563,-0.3473546089979947,-1.1078532042009015,-0.787536653688184,114.0
1652969259.400529,-0.1219821274280548,-0.3666732013225555,0.4075422286987304,-0.1720851957798004,0.8963671326637268,-0.408549427986145,-0.9907221794128418,-1.1479823589324951,-1.7381263971328735,-0.3986562875332291,-1.1115055770928668,-0.8315523687549912,114.0
1652969259.410613,-0.1355829089879989,-0.3329298198223114,0.372568130493164,-0.1928624510765075,0.8967496156692505,-0.398301750421524,-0.8398849368095398,-1.1423450708389282,-1.8802200555801392,-0.4509375532649861,-1.1123690268587498,-0.8770759519475717,114.0
1652969259.420533,-0.0806656330823898,-0.2742665112018585,0.3490118384361267,-0.2146681696176529,0.8958765268325806,-0.3890023827552795,-0.6854085326194763,-1.1865603923797607,-1.9762147665023804,-0.5042569526201421,-1.110400101570538,-0.9236445876026572,114.0
1652969259.430382,-0.0406497716903686,-0.2757302522659302,0.401607871055603,-0.2370448857545852,0.8933752179145813,-0.3816945552825928,-0.3650820255279541,-1.1299669742584229,-2.0504963397979736,-0.5557414945552984,-1.104801892763339,-0.9682546436333518,114.0
1652969259.440349,-0.0523594617843627,-0.2817103862762451,0.4301807880401611,-0.2597437798976898,0.8890483975410461,-0.3769961595535278,-0.1143139749765396,-0.9748852252960204,-2.161984443664551,-0.6032933612015328,-1.0952623968250887,-1.00968899432409,114.0
1652969259.450319,-0.0722703337669372,-0.2549898326396942,0.3745099306106567,-0.2824201583862304,0.883119523525238,-0.3746181726455688,0.0803565084934234,-0.7334132790565491,-2.2494616508483887,-0.6459848148842098,-1.0824704381336956,-1.0482624779227734,114.0
1652969259.460364,-0.0583608150482177,-0.1936936378479004,0.3194205164909363,-0.3045999705791473,0.8759836554527283,-0.3739942908287048,0.2130943089723587,-0.4905651807785034,-2.2824130058288574,-0.6834905360843566,-1.0674713975149976,-1.0839672831486022,114.0
1652969259.470223,-0.0407656729221344,-0.1839508116245269,0.2597481608390808,-0.3261776268482208,0.867418646812439,-0.3757566809654236,0.5110134482383728,-0.4133018255233764,-2.3175981044769287,-0.7148832188440933,-1.049990795530671,-1.114972405206793,114.0
1652969259.4803228,-0.0609005987644195,-0.0727938115596771,0.2178261280059814,-0.3477297127246856,0.8573082089424133,-0.3796139061450958,0.7114413976669312,-0.5023283362388611,-2.290463924407959,-0.7415897188747169,-1.0300179272006706,-1.140680493071477,114.0
1652969259.490132,-0.0861269831657409,-0.0147234797477722,0.1648573279380798,-0.3689205944538116,0.8461291193962097,-0.3846599459648132,0.9955866932868958,-0.605550229549408,-2.201757431030273,-0.7645151216155376,-1.0086801784915564,-1.1610835362551866,114.0
1652969259.5001302,-0.093533456325531,-0.0386075675487518,0.1386529207229614,-0.3895597457885742,0.8333014845848083,-0.3922395408153534,1.4496904611587524,-0.7884372472763062,-2.081251859664917,-0.7819704642985482,-0.9850531694872428,-1.1735750288334752,114.0
1652969259.5101938,-0.0637616515159607,-0.0353735089302063,0.2255722284317016,-0.4093828797340393,0.8186479210853577,-0.4027672410011291,1.9425948858261108,-0.9327413439750672,-1.9075127840042116,-0.7935438192797862,-0.9590526805126434,-1.1772785651660336,114.0
1652969259.52006,0.0467767119407653,-0.0892739593982696,0.2131573557853698,-0.4281701147556305,0.8022846579551697,-0.4159444272518158,2.424711942672729,-1.207706332206726,-1.6753357648849487,-0.799880582930465,-0.9311126931746992,-1.1720925019840989,114.0
1652969259.529951,0.1643556952476501,-0.0765540301799774,0.1114317774772644,-0.4465059340000152,0.7842134237289429,-0.430861622095108,2.913415908813477,-1.6360610723495483,-1.4615583419799805,-0.803227248205153,-0.9014274805803818,-1.1586059111654998,114.0
1652969259.539923,0.1955806910991668,-0.000157207250595,0.0589877963066101,-0.4650050699710846,0.7643154263496399,-0.4467573761940002,3.4068470001220703,-2.083656072616577,-1.2148345708847046,-0.8054091472630068,-0.8699790795974227,-1.1374453774073874,114.0
1652969259.550006,0.1438391804695129,0.0500675439834594,-0.0287926793098449,-0.4833777546882629,0.7425989508628845,-0.4635654091835022,3.939328908920288,-2.468029260635376,-0.9212958216667176,-0.8063175271080393,-0.8369426499889956,-1.1084725507613071,114.0
1652969259.559799,0.0582520365715026,0.1054385304450988,-0.1695951223373413,-0.5014130473136902,0.7192931175231934,-0.4808352291584015,4.330899238586426,-2.740985631942749,-0.653616726398468,-0.8063448102868294,-0.8027842172893729,-1.0728993650571623,114.0
1652969259.569644,-0.0246680378913879,0.1299663186073303,-0.3020861744880676,-0.5188499689102173,0.6948475241661072,-0.4979777336120605,4.587193965911865,-2.8756611347198486,-0.3874864876270294,-0.8059221066672211,-0.7682078446033329,-1.032526302441609,114.0
1652969259.579854,-0.0869472026824951,0.1579554080963134,-0.3364879488945007,-0.5349094867706299,0.6702130436897278,-0.5144769549369812,4.682917594909668,-2.856433629989624,-0.0738777071237564,-0.8048666612975569,-0.7344958088021901,-0.989068185333544,114.0
1652969259.589545,-0.1113340258598327,0.208209753036499,-0.3614735007286072,-0.5490511059761047,0.6462637186050415,-0.5299870371818542,4.69184684753418,-2.7809841632843018,0.2353919893503189,-0.8030639519673604,-0.7026780969728736,-0.9436256991196356,114.0
1652969259.599578,-0.1158779859542846,0.2388599514961242,-0.4068881273269653,-0.5613222718238831,0.6236392855644226,-0.5440508723258972,4.477100372314453,-2.67710018157959,0.5022218227386475,-0.8010218409928871,-0.6733896291798674,-0.8975319834618675,114.0
1652969259.6094608,-0.1211069822311401,0.3210187554359436,-0.453906774520874,-0.5715809464454651,0.6039159893989563,-0.5555004477500916,4.040649890899658,-2.4756033420562744,0.7678157091140747,-0.7996645452915111,-0.6484051459338501,-0.8534405624667974,114.0
1652969259.6196132,-0.1371349096298217,0.3583111763000488,-0.5121896862983704,-0.579509437084198,0.5874156355857849,-0.5648998618125916,3.651544570922852,-2.209963321685791,0.9605995416641236,-0.7981635193618576,-0.6278617301780282,-0.8117126580128311,114.0
1652969259.6294188,-0.1440191864967346,0.4116727113723755,-0.4654734134674072,-0.5853204131126404,0.5738719701766968,-0.5727749466896057,3.264335870742798,-1.9583899974823,1.114429235458374,-0.7962305697090848,-0.6112260548884259,-0.7726520341291483,114.0
1652969259.639768,-0.1394112110137939,0.4733710289001465,-0.3786089420318603,-0.589073896408081,0.5630115270614624,-0.5796636939048767,2.9522783756256104,-1.687618851661682,1.2562471628189087,-0.7934495905543909,-0.5980252665306655,-0.7357989300245175,114.0
1652969259.650828,-0.1303643584251403,0.4750933051109314,-0.3023603558540344,-0.5906895995140076,0.5542525053024292,-0.5864213705062866,2.7402782440185547,-1.3923989534378052,1.372902512550354,-0.789024162604386,-0.5874646408978704,-0.7003694335281611,114.0
1652969259.659594,-0.1047585606575012,0.4679961800575256,-0.2303502559661865,-0.5902640223503113,0.5468939542770386,-0.5937132835388184,2.617898464202881,-1.1114320755004885,1.4604496955871582,-0.7824848605662428,-0.5786497016016262,-0.665889015735662,114.0
1652969259.6694531,-0.0616217851638793,0.4725846648216247,-0.1523851156234741,-0.5881584882736206,0.5400499701499939,-0.602009654045105,2.6269686222076416,-0.9031680822372437,1.5179164409637451,-0.7737607076668817,-0.5704964976073157,-0.631466482225124,114.0
1652969259.679438,-0.0427074432373046,0.4798146486282348,-0.0641545057296752,-0.5848712921142578,0.5330876708030701,-0.6113454103469849,2.647796630859375,-0.7249583601951599,1.5541421175003052,-0.7632702033840152,-0.5622458395159929,-0.5967781410949458,114.0
1652969259.689529,-0.0597960352897644,0.453905701637268,0.0177599191665649,-0.5803254246711731,0.5259718894958496,-0.6217523813247681,2.632938861846924,-0.4905655682086944,1.590340495109558,-0.7509490137102269,-0.5538574090192055,-0.5620294146848507,114.0
1652969259.699366,-0.0533316731452941,0.431517481803894,0.0832518339157104,-0.5742775797843933,0.5189516544342041,-0.6331623792648315,2.528626680374145,-0.2344062179327011,1.6013914346694946,-0.7366684370720392,-0.5456240477126628,-0.5278304321098863,114.0
1652969259.709275,-0.0107299089431762,0.3794120550155639,0.1309231519699096,-0.5666931867599487,0.5127994418144226,-0.6448997259140015,2.254689931869507,0.0340633168816566,1.6020653247833252,-0.7209390488989509,-0.5384424502467042,-0.4953745105335398,114.0
1652969259.719243,0.0593760013580322,0.3059727549552917,0.1501474976539611,-0.5576211810112,0.5080251693725586,-0.6564823389053345,2.000355958938598,0.2485394030809402,1.599984645843506,-0.7041501327963731,-0.5328904760653463,-0.4653304090242653,114.0
1652969259.729188,0.1398558616638183,0.2763882279396057,0.164303183555603,-0.5475248694419861,0.5038487315177917,-0.6680965423583984,1.958035469055176,0.3830932080745697,1.5754821300506592,-0.6865362958720097,-0.5280486205473076,-0.4367442753206727,114.0
1652969259.739238,0.1956459283828735,0.2588223218917846,0.2266860008239746,-0.5368476510047913,0.498610109090805,-0.6805751919746399,2.1043596267700195,0.4926119744777679,1.5017818212509155,-0.6678832578730621,-0.5219945957852805,-0.408315310594365,114.0
1652969259.749154,0.236701488494873,0.2569592595100403,0.3216893076896667,-0.5262369513511658,0.4911464750766754,-0.6941540837287903,2.294264316558838,0.5239803791046143,1.3880469799041748,-0.6486638614595509,-0.5134054068271352,-0.3797452362651936,114.0
1652969259.759211,0.2794508934020996,0.2999383807182312,0.3908595740795135,-0.5161299109458923,0.4818822145462036,-0.7080956697463989,2.317359685897827,0.5151240229606628,1.271628975868225,-0.6298588336038402,-0.5028014991655513,-0.3518101018377185,114.0
1652969259.76905,0.3352925181388855,0.2681068181991577,0.4136110246181488,-0.5070911645889282,0.4715666472911834,-0.7214453816413879,2.2811667919158936,0.4271154701709747,1.10083270072937,-0.612657719495953,-0.4910665370781561,-0.3256919344500378,114.0
1652969259.779203,0.3714902698993683,0.2432969212532043,0.4200911223888397,-0.4997861385345459,0.4602037668228149,-0.7337754368782043,2.239673137664795,0.3144600391387939,0.8879401683807373,-0.5979393373602981,-0.4782246878209629,-0.302014688390997,114.0
1652969259.7891068,0.3629820346832275,0.2453633546829223,0.462133526802063,-0.4943601787090301,0.4475650191307068,-0.7451802492141724,2.2139997482299805,0.2312743365764618,0.623816967010498,-0.5857447137705841,-0.464040560719526,-0.2810880529407297,114.0
1652969259.798974,0.3404232263565063,0.1942811608314514,0.4618344902992248,-0.4907070100307464,0.4333376884460449,-0.7559266686439514,2.2258081436157227,0.1688525080680847,0.3545436263084411,-0.5757748526607226,-0.4481929537968817,-0.2630490506626478,114.0
1652969259.8088388,0.3373768031597137,0.1933937072753906,0.4757715165615082,-0.4886524081230163,0.4179205298423767,-0.7658728957176208,2.127495288848877,0.1130647659301757,0.1074715331196785,-0.5679167051083197,-0.4311551559439001,-0.2479128840450022,114.0
1652969259.818826,0.3342818021774292,0.2149400115013122,0.46651092171669,-0.4880598485469818,0.4021719992160797,-0.7746323943138123,1.9684659242630005,0.0441538766026496,-0.1097044572234153,-0.5622250325402922,-0.4138879096909184,-0.2359180991654557,114.0
1652969259.828711,0.3238121271133423,0.1963973045349121,0.4211747348308563,-0.4886070191860199,0.3867782056331634,-0.7820906639099121,1.732410192489624,0.0306154284626245,-0.3012237548828125,-0.5584157310377971,-0.3971353330318063,-0.2271345585607712,114.0
1652969259.838727,0.3169902563095093,0.2090893983840942,0.4070099294185638,-0.4897502660751343,0.3725311458110809,-0.7882672548294067,1.4251970052719116,0.0513777025043964,-0.4749374985694885,-0.5559340397945929,-0.3817349959093676,-0.2216687279483787,114.0
1652969259.848604,0.3303802609443664,0.2228329181671142,0.3861504793167114,-0.4913451671600342,0.3595923483371734,-0.7932674288749695,1.1721739768981934,0.0666927397251129,-0.659824550151825,-0.5545579314572269,-0.3678309976718784,-0.2195435214765099,114.0
1652969259.858735,0.3469460010528564,0.2620990872383117,0.3619932830333709,-0.4935371279716491,0.3472200036048889,-0.7974079251289368,1.048301339149475,0.0381367318332195,-0.8285893797874451,-0.554220158266816,-0.3546050381385379,-0.2201106694036799,114.0
1652969259.8685942,0.3324977457523346,0.3148849606513977,0.4118745923042297,-0.4963618516921997,0.33455491065979,-0.8010604977607727,1.0022766590118408,0.0378136895596981,-0.9972243905067444,-0.5547290813486024,-0.3411328739798542,-0.2226256779106659,114.0
1652969259.8786058,0.3088057339191437,0.3381406664848327,0.4464100003242492,-0.4995405673980713,0.3213207423686981,-0.8044950366020203,0.9761704206466676,0.0432148464024066,-1.1524126529693604,-0.5556721280285333,-0.3271238455743556,-0.2267753187034665,114.0
1652969259.8884392,0.303438127040863,0.3533002734184265,0.4051754176616668,-0.5030230283737183,0.3076542317867279,-0.807661235332489,0.9072739481925964,0.0384087450802326,-1.271418571472168,-0.5570261033082984,-0.3127267076171859,-0.2323302839068179,114.0
1652969259.898509,0.2881460785865783,0.3723827600479126,0.3244338035583496,-0.5065298080444336,0.2943253815174103,-0.8104320764541626,0.7391669750213623,0.075661577284336,-1.3769057989120483,-0.5586080055900012,-0.2987495687658287,-0.2394649168937779,114.0
1652969259.9084702,0.2816207408905029,0.4212849140167236,0.2357803583145141,-0.5098006725311279,0.2821640372276306,-0.8127034306526184,0.4779650568962097,0.1228168904781341,-1.4740325212478638,-0.5602442885534411,-0.2860490711401751,-0.2486482149508558,114.0
1652969259.918574,0.2837182879447937,0.4701984524726867,0.1668699979782104,-0.5127679705619812,0.2716371417045593,-0.8144214749336243,0.1872003227472305,0.1960474252700805,-1.6061420440673828,-0.5619075498164995,-0.2750937259318632,-0.2602774394525678,114.0
1652969259.928711,0.2794118523597717,0.447353720664978,0.1200300157070159,-0.5151143670082092,0.2626604735851288,-0.815883994102478,-0.1156539469957351,0.3415791392326355,-1.7879563570022583,-0.5631578343482744,-0.2657784556783053,-0.2748597080042101,114.0
1652969259.938369,0.2999135851860046,0.433428943157196,0.0694832503795623,-0.5165272951126099,0.255254328250885,-0.817340075969696,-0.4348588287830353,0.5002679228782654,-1.966264009475708,-0.5635895492947887,-0.2581107409074414,-0.2927463854937557,114.0
1652969259.948316,0.3243442177772522,0.4635162353515625,0.0282201617956161,-0.5168948769569397,0.2495661526918411,-0.8188629150390625,-0.7465591430664062,0.6711186766624451,-2.1327433586120605,-0.5630702830008265,-0.2522322011392475,-0.3138504175100132,114.0
1652969259.958286,0.3376066088676452,0.4950288534164428,0.022881269454956,-0.5163022875785828,0.2450783848762512,-0.8205903768539429,-0.9308264255523682,0.8050543665885925,-2.302649974822998,-0.5616023304665907,-0.2476005402946953,-0.3378109979033282,114.0
1652969259.968508,0.3455891609191894,0.483672022819519,0.0349333584308624,-0.5150227546691895,0.240686222910881,-0.822691798210144,-0.946586012840271,0.9085758924484252,-2.4154751300811768,-0.5593335328777347,-0.2430727889927792,-0.3635235259850103,114.0
1652969259.978386,0.3598185777664184,0.4427227973937988,0.0729748606681823,-0.5127726197242737,0.2357562780380249,-0.8255199790000916,-0.8766250610351562,1.0491020679473877,-2.447836399078369,-0.5558267480210624,-0.2379967057341334,-0.3896711820947462,114.0
1652969259.988164,0.3883630633354187,0.3930503129959106,0.1078023314476013,-0.5093805193901062,0.2299357503652572,-0.8292533159255981,-0.7326985001564026,1.1508142948150637,-2.461785793304444,-0.5508418419544108,-0.2320116686679429,-0.4154286292262735,114.0
1652969259.998297,0.4300566911697387,0.3396338224411011,0.08888541162014,-0.5050840973854065,0.2227296382188797,-0.8338354825973511,-0.466507226228714,1.2141506671905518,-2.378286361694336,-0.5446264472067892,-0.2246135482947554,-0.4398562406537044,114.0
1652969260.008031,0.472799003124237,0.3048800826072693,0.0872910469770431,-0.4996544420719147,0.2139175236225128,-0.8393954634666443,-0.2081347554922104,1.2859177589416504,-2.2420573234558105,-0.5369233093906995,-0.2155835645722261,-0.46181579580504,114.0
1652969260.017998,0.5043042898178101,0.298443853855133,0.0652748048305511,-0.493409514427185,0.2039513438940048,-0.8455477356910706,0.0283084213733673,1.2676857709884644,-2.103600263595581,-0.5282273845927548,-0.2053924094099669,-0.4813511836590691,114.0
1652969260.028023,0.5121041536331177,0.3114394545555115,-0.074222132563591,-0.4870491921901703,0.1929965913295745,-0.8517836928367615,0.2043977677822113,1.1829115152359009,-1.9683469533920288,-0.5194254163662838,-0.1942152495129392,-0.4986358084262642,114.0
1652969260.038083,0.4672184884548187,0.3474647402763366,-0.2528637647628784,-0.4808750748634338,0.1820172518491745,-0.8576881289482117,0.2081264555454254,1.126011848449707,-1.8689639568328855,-0.5109938587958133,-0.1830375855668846,-0.5144755534892141,114.0
1652969260.047916,0.384865939617157,0.3550043106079101,-0.4136881232261657,-0.4745112955570221,0.1719584614038467,-0.8632898330688477,0.0894685089588165,1.1283782720565796,-1.8280892372131348,-0.5025780543428766,-0.1728174065760298,-0.5300812078943509,114.0
1652969260.057907,0.3125787675380707,0.2970321774482727,-0.5390110015869141,-0.4674097001552582,0.1634770184755325,-0.8687942624092102,-0.0844545513391494,1.2304234504699707,-1.778092384338379,-0.4935820462857137,-0.1642140597413851,-0.5460881013307002,114.0
1652969260.067985,0.2720489799976349,0.2514408826828003,-0.6135174632072449,-0.4588470160961151,0.1570050418376922,-0.874533474445343,-0.2823720276355743,1.3891735076904297,-1.7149033546447754,-0.4831932384837291,-0.157657353071931,-0.5624979663202123,114.0
1652969260.0778298,0.2644369006156921,0.2383684515953064,-0.6542830467224121,-0.4487019777297973,0.152726724743843,-0.8805345296859741,-0.4845882356166839,1.52564799785614,-1.6698038578033447,-0.4712814645507595,-0.1533267828530488,-0.5794713039632494,114.0
1652969260.087719,0.2771641910076141,0.2130742073059082,-0.674717903137207,-0.4372135996818542,0.1503343880176544,-0.8867039084434509,-0.6013663411140442,1.6482728719711304,-1.5917922258377075,-0.4580941358002199,-0.1509065026875269,-0.5967020361090597,114.0
1652969260.10002,0.2895001769065857,0.1878421902656555,-0.6141116619110107,-0.4244183301925659,0.1491153389215469,-0.8931034207344055,-0.5668291449546814,1.7373108863830566,-1.418105125427246,-0.4436257528519675,-0.1496735556789619,-0.6130231608410852,114.0
1652969260.107683,0.2993226051330566,0.1084065437316894,-0.5205068588256836,-0.4106507301330566,0.1479330509901046,-0.899712085723877,-0.3617691695690155,1.773129105567932,-1.1653367280960083,-0.4281837631193188,-0.1484779983582891,-0.6268728463630967,114.0
1652969260.117639,0.3241239488124847,0.0740670561790466,-0.4853715300559997,-0.3962216675281524,0.1459550559520721,-0.9064797759056092,-0.1092578321695327,1.749895095825195,-0.850947380065918,-0.4120740711143199,-0.1464783005843546,-0.6371332039601124,114.0
1652969260.128137,0.3324275016784668,0.089459478855133,-0.5192456841468811,-0.3818506896495819,0.1430708169937133,-0.9130831360816956,0.1390939205884933,1.6348707675933838,-0.5527430176734924,-0.3960962923685855,-0.1435634597165828,-0.6435514224076141,114.0
1652969260.138311,0.3082687258720398,0.0573406219482421,-0.6107998490333557,-0.3681899905204773,0.1393490880727768,-0.9192485809326172,0.3217191398143768,1.4978657960891724,-0.287504494190216,-0.3809663391022201,-0.1398040656317018,-0.646567289291823,114.0
1652969260.148018,0.2506572008132934,-0.000614047050476,-0.7235634922981262,-0.3549814820289612,0.1353067010641098,-0.9250298738479614,0.4182755053043365,1.4407141208648682,-0.0506438761949539,-0.3664209543583691,-0.1357230068987936,-0.6467689886104762,114.0
1652969260.1574268,0.1949114501476287,-0.0560684204101562,-0.8330731391906738,-0.3415636420249939,0.1313062459230423,-0.9306411743164062,0.4955612421035766,1.4504011869430542,0.1793158203363418,-0.3517559392703356,-0.1316865179581074,-0.6445550239490737,114.0
1652969260.1671891,0.169545829296112,-0.1054024696350097,-0.897852897644043,-0.3276421129703522,0.1275893151760101,-0.9361472129821776,0.4990579485893249,1.4672322273254397,0.3928594887256622,-0.3366658737519004,-0.1279380491424549,-0.6401550101443525,114.0
1652969260.177408,0.1744003593921661,-0.1250443458557129,-0.8935362100601196,-0.3133010864257812,0.1246459111571312,-0.9414381980895996,0.4911542236804962,1.4597415924072266,0.6426379084587097,-0.3212613659210155,-0.1249709512506427,-0.6336899762128603,114.0
1652969260.187148,0.1890503168106079,-0.1340100765228271,-0.8523718118667603,-0.2988830208778381,0.1221930161118507,-0.9464342594146729,0.545017421245575,1.397791624069214,0.946647047996521,-0.3058875728897336,-0.1224991554916613,-0.6245244024662431,114.0
1652969260.197155,0.1862645447254181,-0.1203965544700622,-0.792453408241272,-0.2846837043762207,0.1199223175644874,-0.9510908722877502,0.6357566118240356,1.3262932300567627,1.2821351289749146,-0.2908358898126374,-0.1202116322386078,-0.6121062899304685,114.0
1652969260.207273,0.1791916191577911,-0.1342834830284118,-0.7922385931015015,-0.2708358764648437,0.1169151589274406,-0.955499231815338,0.844508171081543,1.2296342849731443,1.621172308921814,-0.2762046448015248,-0.1171831623066726,-0.5960972355509276,114.0
1652969260.217058,0.1785959303379058,-0.0957875251770019,-0.8115952610969543,-0.2577584981918335,0.1125444322824478,-0.959632396697998,1.03191077709198,1.0881003141403198,1.930598258972168,-0.2624077029074478,-0.1127833839161882,-0.5763844275605988,114.0
1652969260.227066,0.1639940440654754,-0.0208795666694641,-0.8375802040100098,-0.2455369681119918,0.1075387224555015,-0.9634038805961608,1.073006510734558,1.0078459978103638,2.1482808589935303,-0.2495512813305886,-0.1077470819765755,-0.5538606744559027,114.0
1652969260.289564,0.1320838928222656,-0.0258038640022277,-0.8535411357879639,-0.2335395365953445,0.1029003113508224,-0.9668871760368348,0.985480785369873,1.0090012550354004,2.3107895851135254,-0.2369982559432784,-0.1030827780808331,-0.529675382867998,114.0
1652969260.296947,0.1764379143714904,-0.4223063588142395,-0.2693786323070526,-0.1278691291809082,0.0825042873620987,-0.988353431224823,0.9580678343772888,2.1778430938720703,3.023323535919189,-0.1286612399927523,-0.0825981774645732,-0.3590313866605048,114.0
1652969260.306846,0.1802186071872711,-0.4732660055160522,-0.1738403439521789,-0.1034363210201263,0.0769623294472694,-0.9916540384292604,0.8812026977539062,2.271671772003174,3.087586641311645,-0.1039310262836145,-0.0770385100804446,-0.3276268629281456,114.0
1652969260.316816,0.1849389970302581,-0.4957342147827148,-0.1243428289890289,-0.0787377506494522,0.0710133984684944,-0.9943628311157228,0.8861700296401978,2.247137546539306,3.0837106704711914,-0.0790192447142196,-0.0710732220766675,-0.2961129480352464,114.0
1652969260.327071,0.1941777914762497,-0.5130403637886047,-0.0554558187723159,-0.0549412705004215,0.0644890516996383,-0.9964048266410828,0.8209636211395264,2.1325106620788574,3.032684803009033,-0.0550837259133818,-0.0645338344188277,-0.2650556830114039,114.0
1652969260.336755,0.2083334922790527,-0.5394790768623352,0.063249334692955,-0.0328115671873092,0.0581648759543895,-0.9977676272392272,0.7139793634414673,1.9486122131347656,2.9677159786224365,-0.0328731309887475,-0.058197722022031,-0.2347689140901787,114.0
1652969260.3468242,0.2364398837089538,-0.5907430648803711,0.162173718214035,-0.0130053563043475,0.052212294191122,-0.998551309108734,0.623482882976532,1.707469820976257,2.872358798980713,-0.0130234882580337,-0.0522360452943451,-0.2054761471404435,114.0
1652969260.35764,0.2476450055837631,-0.6728345155715942,0.2643815875053406,0.0040793130174279,0.046317882835865,-0.9989184141159058,0.588373064994812,1.450428128242493,2.735330820083618,0.0040837069670556,-0.0463344617749246,-0.1774946247422033,114.0
1652969260.366441,0.2156103253364563,-0.7076663374900818,0.4230310618877411,0.0183985345065593,0.0400274246931076,-0.9990291595458984,0.6124126315116882,1.2058831453323364,2.587738513946533,0.0184143322366549,-0.040038121102785,-0.1510167827221167,114.0
1652969260.376336,0.1722760796546936,-0.7474163770675659,0.6034101843833923,0.0304217524826526,0.0332933478057384,-0.9989824891090392,0.5797265768051147,1.0394896268844604,2.40887713432312,0.0304433292392412,-0.0332995011403412,-0.1262575546016555,114.0
1652969260.386263,0.1638154983520507,-0.7565541863441467,0.7270111441612244,0.0407286547124385,0.0271392315626144,-0.998801589012146,0.4823623299598694,0.8898745775222778,2.195084810256958,0.0407549441957695,-0.0271425634002638,-0.1034879639455764,114.0
1652969260.396208,0.1660580188035965,-0.7464960217475891,0.799140214920044,0.0491825453937053,0.0221183355897665,-0.9985448718070984,0.3326343595981598,0.7145890593528748,1.9156787395477293,0.0492144451902542,-0.0221201402357768,-0.0831458203531445,114.0
1652969260.406122,0.1383135914802551,-0.7572634220123291,0.8846442699432373,0.0559308789670467,0.0186608210206031,-0.998260259628296,0.1834099888801574,0.5775153040885925,1.5972039699554443,0.0559698375602275,-0.0186619048211589,-0.0657880963980624,114.0
1652969260.416281,0.1189307868480682,-0.7332487106323242,0.9843197464942932,0.0611077584326267,0.0162905976176261,-0.9979982376098632,0.1414998173713684,0.4082753658294678,1.2339024543762207,0.0611539782921696,-0.016291319055056,-0.0517904147208647,114.0
1652969260.426091,0.1219028308987617,-0.679320216178894,1.072351098060608,0.0642544776201248,0.014074744656682,-0.9978342652320862,0.1808995604515075,0.1864619106054306,0.8465381860733032,0.0643051507068922,-0.0140752089306788,-0.0415590289156561,114.0
1652969260.4360871,0.1311100125312805,-0.6202520728111267,1.128890872001648,0.0649502575397491,0.0116577995941042,-0.9978203773498536,0.2186733037233352,-0.0662638172507286,0.4684300422668457,0.0650004302282909,-0.0116580639867558,-0.0351740908102725,114.0
1652969260.446038,0.1304190754890442,-0.5711868405342102,1.125872015953064,0.0630929693579673,0.0091225421056151,-0.997965931892395,0.2529596984386444,-0.3181799352169037,0.1218796893954277,0.0631375353694742,-0.0091226687891154,-0.0323923278706271,114.0
1652969260.455951,0.1156170964241027,-0.4952056407928467,1.0970405340194702,0.0587756857275962,0.0067650242708623,-0.998248279094696,0.2148589193820953,-0.5411896109580994,-0.2195889502763748,0.0588109282209191,-0.0067650759857999,-0.0330241005638875,114.0
1652969260.465908,0.0998049974441528,-0.4447639584541321,1.0635720491409302,0.0524472780525684,0.0051078163087368,-0.9986106157302856,0.1587394624948501,-0.7216385006904602,-0.5648081302642822,0.0524720378282782,-0.0051078386873695,-0.0370499478234083,114.0
1652969260.475965,0.1074637472629547,-0.3827559351921081,1.0069042444229126,0.0444223172962665,0.0042804176919162,-0.9990036487579346,0.0743857026100158,-0.8790102601051331,-0.8872107267379761,0.0444373477115838,-0.0042804308793821,-0.0443428520921731,114.0
1652969260.486083,0.1335287094116211,-0.3143567442893982,0.956494152545929,0.0349741838872432,0.0042450069449841,-0.9993792176246644,0.0216555781662464,-1.0023902654647827,-1.178696632385254,0.0349816348943984,-0.0042450197084416,-0.0546578764609059,114.0
1652969260.495908,0.15415059030056,-0.2373692989349365,0.9001206755638123,0.024438364431262,0.0044966330751776,-0.9996912479400636,0.003220644313842,-1.0973644256591797,-1.4563891887664795,0.02444104467112,-0.0044966483523008,-0.0677982235293503,114.0
1652969260.50582,0.1700695753097534,-0.1620240211486816,0.8367747664451599,0.0131580382585525,0.0047322325408458,-0.9999022483825684,0.0070263678207993,-1.1460896730422974,-1.706609845161438,0.0131585650131988,-0.0047322501138234,-0.0835807143506466,114.0
1652969260.515808,0.1877336353063583,-0.0971046090126037,0.75388103723526,0.0015364688588306,0.0048469826579093,-0.9999870657920836,-0.0044744936749339,-1.1595985889434814,-1.9355889558792116,0.001536487463965,-0.0048470016019179,-0.1017375017964646,114.0
1652969260.5259628,0.2088378965854644,-0.0364551544189453,0.6748290061950684,-0.0100310612469911,0.0050263414159417,-0.9999370574951172,-0.0560525991022586,-1.1441956758499146,-2.149339199066162,-0.0100313565299631,-0.0050263627978359,-0.1220873538433089,114.0
1652969260.536212,0.2450667321681976,0.0517871975898742,0.6067671179771423,-0.0214643627405166,0.0054613039828836,-0.9997547268867492,-0.0974405258893966,-1.1329643726348877,-2.3196234703063965,-0.0214663318978185,-0.0054613309155474,-0.1443632684809784,114.0
1652969260.5459828,0.2934868931770324,0.1400051712989807,0.5302030444145203,-0.0328819639980793,0.0060060825198888,-0.9994412064552308,-0.139570266008377,-1.1347999572753906,-2.478464841842652,-0.0328884869242518,-0.0060061185115312,-0.1682789661079576,114.0
1652969260.555846,0.3387789130210876,0.1961091756820678,0.4636867940425873,-0.0443299897015094,0.0064517641440033,-0.9989961385726928,-0.1413559168577194,-1.1305021047592163,-2.586354970932007,-0.0443454447338379,-0.0064518089156222,-0.1935496168268738,114.0
1652969260.565823,0.3782558143138885,0.2398478388786316,0.436965137720108,-0.0557764992117881,0.0063179777935147,-0.9984232783317566,-0.089936263859272,-1.1373709440231323,-2.6624388694763184,-0.0558065737233556,-0.006318019836767,-0.219699370733344,114.0
1652969260.5758991,0.4087210297584533,0.3073278665542602,0.4232115745544433,-0.0671987310051918,0.0050111012533307,-0.9977270364761353,0.0261490624397993,-1.1269068717956543,-2.7241756916046143,-0.0672502572602713,-0.0050111223456078,-0.2464948261786212,114.0
1652969260.58568,0.4387437105178833,0.3895881175994873,0.3930628001689911,-0.0784225985407829,0.001880454015918,-0.9969184398651124,0.2037297040224075,-1.109466552734375,-2.794750690460205,-0.0785033448540773,-0.0018804551369791,-0.2738161599094503,114.0
1652969260.5958328,0.4559351801872253,0.4831758141517639,0.3520054817199707,-0.0893732160329818,-0.0031742649152874,-0.9959931373596193,0.3305209279060364,-1.0909022092819214,-2.9051432609558105,-0.0894930762509847,0.0031742703591125,-0.3018517640080647,114.0
1652969260.605452,0.4551348984241485,0.5454142093658447,0.28229621052742,-0.09971185028553,-0.0097436960786581,-0.9949686527252196,0.4285750091075897,-1.0326991081237793,-3.0242040157318115,-0.0998825832860789,0.0097438505335758,-0.3308896515133349,114.0
1652969260.615306,0.4332906603813171,0.5673821568489075,0.1900003254413604,-0.1090871170163154,-0.0173623543232679,-0.993880569934845,0.4495684504508972,-0.940288782119751,-3.132824659347534,-0.1093211879416617,0.0173632275899359,-0.3609406129142579,114.0
1652969260.625521,0.4010493755340576,0.5613633394241333,0.0977385193109512,-0.1170527338981628,-0.025213461369276,-0.9928056001663208,0.4142746329307556,-0.804409384727478,-3.202869415283203,-0.1173591729676936,0.0252161338545497,-0.3918396814964883,114.0
1652969260.635623,0.3633277416229248,0.5632089972496033,0.0216603837907314,-0.1234137266874313,-0.0327992662787437,-0.9918131232261658,0.3393114507198334,-0.6765563488006592,-3.224961996078491,-0.1237961282737785,0.0328051503040307,-0.4232134026145179,114.0
1652969260.645368,0.3387645781040191,0.57622891664505,-0.0342192873358726,-0.1282847970724105,-0.0395721830427646,-0.9909475445747375,0.2160676717758178,-0.5447704792022705,-3.18723726272583,-0.1287406875648316,0.0395825169858529,-0.4545635697722571,114.0
1652969260.6553888,0.3251846134662628,0.5973134636878967,-0.0923146679997444,-0.1317488700151443,-0.0450754277408123,-0.990257740020752,0.0677719414234161,-0.4244512617588043,-3.1222987174987797,-0.1322682566772126,0.0450907043580103,-0.4855752198771395,114.0
1652969260.665485,0.3142625987529754,0.6007815003395081,-0.1585181057453155,-0.1339036524295807,-0.0491692274808883,-0.9897738099098206,-0.0601650476455688,-0.3032685220241546,-3.04639220237732,-0.1344707083957171,0.049189059897636,-0.5160605116027858,114.0
1652969260.675488,0.2995441854000091,0.5938876867294312,-0.2196628749370575,-0.1348712891340255,-0.0522029362618923,-0.9894870519638062,-0.131395548582077,-0.1928639858961105,-2.9535927772521973,-0.1354694076104372,0.0522266743745568,-0.5458229732380935,114.0
1652969260.685363,0.2746192216873169,0.5916024446487427,-0.2582877278327942,-0.1344824284315109,-0.0545326769351959,-0.9894142746925354,-0.1798931807279586,-0.0381806790828704,-2.8654606342315674,-0.1350933782163413,0.0545597407225205,-0.5747893028405744,114.0
1652969260.69544,0.2470736056566238,0.5791242122650146,-0.2795950472354889,-0.1324800550937652,-0.0562966354191303,-0.9895856380462646,-0.2166919410228729,0.125669777393341,-2.798135995864868,-0.1330829798728518,0.0563264146823164,-0.6030627411910046,114.0
1652969260.705376,0.2348219156265258,0.5451905131340027,-0.3176521360874176,-0.1289106160402298,-0.0575614497065544,-0.9899842143058776,-0.2280080467462539,0.2770550549030304,-2.7167840003967285,-0.1294862469368332,0.0575932836409857,-0.6306733284845757,114.0
1652969260.715166,0.2344664186239242,0.5270942449569702,-0.3421327173709869,-0.1239317059516906,-0.0585019998252391,-0.9905647039413452,-0.2634176909923553,0.4196808934211731,-2.5888671875,-0.1244654454874824,0.0585354204046542,-0.657268467772941,114.0
1652969260.72541,0.2372000217437744,0.5078629851341248,-0.3317382931709289,-0.1176778823137283,-0.0585814788937568,-0.99132239818573,-0.330045610666275,0.5462498664855957,-2.4298698902130127,-0.1181550553932796,0.0586150359558176,-0.6824701701780621,114.0
1652969260.735155,0.2379135191440582,0.4787276983261108,-0.3498596549034118,-0.1103652417659759,-0.0576720125973224,-0.992216408252716,-0.3909425139427185,0.6495216488838196,-2.275069236755371,-0.1107756655217608,0.0577040321694904,-0.7061959224648627,114.0
1652969260.74511,0.2382301688194275,0.4394060969352722,-0.404208242893219,-0.102167509496212,-0.0559357516467571,-0.9931933283805848,-0.4344366788864136,0.7595822215080261,-2.0962531566619877,-0.102507140637868,0.05596496321813,-0.7283243670957704,114.0
1652969260.755008,0.2194842845201492,0.4169209003448486,-0.4397167563438415,-0.0928820595145225,-0.0529589839279651,-0.9942677021026612,-0.5603482723236084,0.8984770178794861,-1.9125808477401731,-0.0931472270092004,0.0529837698291942,-0.7487053352229884,114.0
1652969260.7649732,0.1977774202823639,0.3905805349349975,-0.4576727151870727,-0.0822836011648178,-0.0482781678438186,-0.9954389333724976,-0.7071890234947205,1.0548256635665894,-1.733417272567749,-0.0824731229837792,0.048296943020024,-0.7673814246953033,114.0
1652969260.775028,0.1938728243112564,0.3728779554367065,-0.4838813245296478,-0.0703376233577728,-0.041921243071556,-0.996641993522644,-0.8109788298606873,1.203102707862854,-1.5734590291976929,-0.0704577889299641,0.0419335313664845,-0.7844100729157665,114.0
1652969260.784925,0.1933969110250473,0.3435327410697937,-0.5258619785308838,-0.0571969076991081,-0.0348832011222839,-0.9977533221244812,-0.7961098551750183,1.323752999305725,-1.4200124740600586,-0.05726303002612,0.0348902781487433,-0.7998027278543179,114.0
1652969260.795109,0.1792814433574676,0.3351122140884399,-0.5219734907150269,-0.0430509373545646,-0.0277853664010763,-0.99868643283844,-0.755397617816925,1.4365723133087158,-1.2662063837051392,-0.0430808883992877,0.0277889425513379,-0.8135531005330262,114.0
1652969260.804798,0.1575645357370376,0.3047417402267456,-0.5135110020637512,-0.0279258117079734,-0.0213095024228096,-0.9993828535079956,-0.6222451329231262,1.5489845275878906,-1.0984550714492798,-0.0279357881342248,0.0213111155185419,-0.8255884839728932,114.0
1652969260.8147678,0.1426274627447128,0.2651677131652832,-0.5071260929107666,-0.0117527786642313,-0.0160519238561391,-0.9998021125793456,-0.4762940406799316,1.6604037284851074,-0.9074720740318298,-0.0117545641577257,0.016052613775188,-0.8357011795063306,114.0
1652969260.824786,0.1439031809568405,0.203876256942749,-0.5051186084747314,0.0054498906247317,-0.0120932413265109,-0.9999120235443116,-0.3244167268276214,1.7718759775161743,-0.6765124201774597,0.0054503162986986,0.0120935357439892,-0.8436417552884098,114.0
1652969260.834681,0.1523124128580093,0.1445880532264709,-0.5268991589546204,0.0236825142055749,-0.0094014583155512,-0.9996753334999084,-0.2098174691200256,1.8772642612457275,-0.4278341829776764,0.0236857760777666,0.0094015965047307,-0.849116383338374,114.0
1652969260.844681,0.1599486768245697,0.1140906810760498,-0.5675440430641174,0.0428254194557666,-0.0074680726975202,-0.9990546703338624,-0.1672863066196441,1.964137315750122,-0.1753401458263397,0.0428397176209243,0.0074681422097415,-0.8520617018562807,114.0
1652969260.854621,0.1578073352575302,0.0832551121711731,-0.6195714473724365,0.062880590558052,-0.005794707685709,-0.9980042576789856,-0.1732235550880432,2.071641445159912,0.0664533004164695,0.0629231597095283,0.0057947403326558,-0.8525322265790379,114.0
1652969260.864712,0.1544253230094909,0.0442391037940979,-0.671815037727356,0.0841153934597969,-0.0038593378849327,-0.996448576450348,-0.2482240349054336,2.2086400985717773,0.2970557808876037,0.0842155298226809,0.0038593474475007,-0.8505734011076729,114.0
1652969260.874608,0.1668540835380554,0.0163807868957519,-0.7080872058868408,0.1065987274050712,-0.0012938558356836,-0.9943012595176696,-0.3471567332744598,2.3218441009521484,0.5280554294586182,0.1068017390744657,0.0012938562458624,-0.8461801410555165,114.0
1652969260.884464,0.1931516677141189,0.016886830329895,-0.7119097709655762,0.1298922151327133,0.0016590076265856,-0.99152672290802,-0.3910309970378876,2.37939715385437,0.7666527032852173,0.1302604528895488,-0.0016590083425032,-0.8393212312878158,114.0
1652969260.8945022,0.21891750395298,0.0089828372001647,-0.678455114364624,0.1535038203001022,0.0041540246456861,-0.9881393313407898,-0.357932984828949,2.3945770263671875,1.0243206024169922,0.1541144936557713,-0.0041540367769236,-0.829949633853172,114.0
1652969260.904429,0.2363811135292053,-0.0496364831924438,-0.6327135562896729,0.1771168857812881,0.0050280694849789,-0.9841769933700562,-0.2109056264162063,2.3884849548339844,1.3441035747528076,0.178058513680535,-0.0050280906080784,-0.817888126310083,114.0
1652969260.9143848,0.2611384391784668,-0.0884912014007568,-0.5749800205230713,0.2002874016761779,0.0035231446381658,-0.9797308444976808,-0.0715538635849952,2.328340530395508,1.7124366760253906,0.2016525308947983,-0.0035231518263188,-0.8027357306149002,114.0
1652969260.924371,0.2684727013111114,-0.1088833808898925,-0.5675694942474365,0.2226315140724182,-0.0003778060199692,-0.97490257024765,0.0389100648462772,2.252779483795166,2.0864765644073486,0.2245129118977349,0.0003778060146304,-0.7842058059056856,114.0
1652969260.934432,0.2465194910764694,-0.1530712246894836,-0.6490345001220703,0.244157463312149,-0.0061320541426539,-0.9697161912918092,0.0458119139075279,2.2169458866119385,2.4051601886749268,0.2466555022121456,0.0061320923692573,-0.7625177259284059,114.0
1652969260.944324,0.2110373973846435,-0.1602302193641662,-0.7541815638542175,0.2653115689754486,-0.012389407493174,-0.9640831351280212,-0.0883952304720878,2.2272346019744877,2.635939598083496,0.2685481802072343,0.0123897240735468,-0.7381524950195543,114.0
1652969260.954232,0.2042981088161468,-0.1570813059806823,-0.8163723945617676,0.2862873077392578,-0.0182528104633092,-0.9579699635505676,-0.2479300200939178,2.2396342754364014,2.7849624156951904,0.2903994810720604,0.018253825008887,-0.7116680105263875,114.0
1652969260.964211,0.2252039909362793,-0.1561311483383178,-0.8145138621330261,0.3069615960121155,-0.0236513614654541,-0.9514279961586,-0.3814790248870849,2.224165201187134,2.892627477645874,0.3120890863943351,0.0236535679070064,-0.6837044341288436,114.0
1652969260.97432,0.2752328813076019,-0.143835961818695,-0.7460197806358337,0.3269858360290527,-0.0288520026952028,-0.9445887207984924,-0.4788564443588257,2.175992488861084,2.988072872161865,0.3332564148161291,0.0288560073380775,-0.6545663387969249,114.0
1652969260.984116,0.3208794891834259,-0.1527346968650818,-0.6697832345962524,0.3461585342884063,-0.0342267416417598,-0.937551498413086,-0.5347017049789429,2.127931833267212,3.0603837966918945,0.3536897017098375,0.0342334275921198,-0.6244916199347157,114.0
1652969260.99406,0.3459523916244507,-0.1874871253967285,-0.6068532466888428,0.3646495044231415,-0.0401193834841251,-0.9302801489830016,-0.557778537273407,2.098721027374268,3.133892297744751,0.3735719158707555,0.0401301531307873,-0.5937007319253741,114.0
1652969261.00414,0.3614140748977661,-0.1974030137062072,-0.5502398014068604,0.3825740814208984,-0.0466839745640754,-0.922744631767273,-0.5817171931266785,2.0870168209075928,3.2462358474731445,0.3930327087321023,0.0467009497107895,-0.562075439959735,114.0
1652969261.013967,0.3618220388889313,-0.2296825051307678,-0.5161619186401367,0.4001104533672333,-0.0541810505092144,-0.91486394405365,-0.607763409614563,2.1080164909362797,3.3726863861083984,0.4122796769481155,0.0542075950294217,-0.5294159924290274,114.0
1652969261.024042,0.3688041269779205,-0.2661904096603393,-0.4827953279018402,0.4173287749290466,-0.0625537484884262,-0.906600058078766,-0.6432255506515503,2.117950677871704,3.517401695251465,0.4314052171682051,0.0625946147509923,-0.4954894643413666,114.0
1652969261.033944,0.3969274461269378,-0.2744392156600952,-0.4563220739364624,0.4337306320667267,-0.0721050053834915,-0.8981528878211975,-0.6134458184242249,2.0595269203186035,3.664302110671997,0.4498856461149365,0.0721676350245405,-0.4604047546313383,114.0
1652969261.043966,0.4314297139644623,-0.3101038336753845,-0.4155832529067993,0.4489109218120575,-0.0833638533949852,-0.8896794319152832,-0.5421652793884277,1.99447762966156,3.802359104156494,0.4673017481957009,0.0834607126186537,-0.4243912455294101,114.0
1652969261.0538502,0.457621306180954,-0.306163489818573,-0.3519495725631714,0.4625448286533355,-0.0965672358870506,-0.8813211917877197,-0.4386352002620697,1.8672672510147093,3.922843456268311,0.4833146173752238,0.0967179562519181,-0.3877835282529782,114.0
1652969261.063767,0.4824950695037842,-0.2727320790290832,-0.2847892642021179,0.4740785360336303,-0.1118018850684166,-0.8733555674552917,-0.3494676351547241,1.723322868347168,4.018571376800537,0.497317282492278,0.1120361230277911,-0.3508568427879086,114.0
1652969261.073972,0.4943845272064209,-0.2955186367034912,-0.2211057245731353,0.4838107824325561,-0.1282747536897659,-0.8657209277153015,-0.3642963767051697,1.644230604171753,4.075069427490234,0.5096147504763622,0.1286291627023235,-0.3135885716908613,114.0
1652969261.0837111,0.4970922470092773,-0.2827730178833008,-0.162320464849472,0.4920893907546997,-0.1447168737649917,-0.8584317564964294,-0.4593201577663421,1.5788121223449707,4.102993488311768,0.5205123021078619,0.1452268310898976,-0.2757961511889941,114.0
1652969261.093708,0.5066497921943665,-0.2545747756958008,-0.1159844249486923,0.4991028904914856,-0.1606574207544326,-0.8515195250511169,-0.5593301057815552,1.5365723371505735,4.103876113891602,0.530160077601872,0.1613566872990565,-0.2374092534911955,114.0
1652969261.103582,0.5267461538314819,-0.2419716715812683,-0.0805232524871826,0.5050074458122253,-0.1763279289007187,-0.8449118137359619,-0.5831207633018494,1.4895259141921997,4.083219051361084,0.5387298148432401,0.177254668791415,-0.1988570571055694,114.0
1652969261.1135511,0.5571117997169495,-0.2412344813346862,-0.0027778446674346,0.5099049210548401,-0.1920311152935028,-0.8385231494903564,-0.5594127774238586,1.4609960317611694,4.041194438934326,0.546353212607176,0.1932313663056927,-0.160561493223131,114.0
1652969261.123553,0.5582451820373535,-0.2793163061141968,0.1228386908769607,0.5140358209609985,-0.2084404975175857,-0.832057535648346,-0.3931485414505005,1.4611958265304563,3.957448482513428,0.5533968983299801,0.2099801589851619,-0.1233250904505778,114.0
1652969261.133484,0.5254485011100769,-0.3421170115470886,0.2816076278686523,0.5178255438804626,-0.2261877357959747,-0.8250429630279541,-0.1705769747495651,1.5117703676223757,3.85127854347229,0.5604916533585269,0.22816219495707,-0.0879816180845173,114.0
1652969261.143476,0.489102840423584,-0.4017666578292846,0.421865701675415,0.5215784311294556,-0.2450926452875137,-0.8172426819801331,-0.015286261215806,1.575408101081848,3.704346418380737,0.5680474818510323,0.2476152519634663,-0.0547933278992949,114.0
1652969261.153419,0.4498911499977112,-0.446139395236969,0.5136544704437256,0.5253134369850159,-0.2638833820819855,-0.8089569807052612,-0.0222791898995637,1.5952292680740356,3.508056879043579,0.5759331352586211,0.2670460796163016,-0.023502938861953,114.0
1652969261.1633592,0.4067500829696655,-0.4389497637748718,0.590807318687439,0.5286900997161865,-0.2807945311069488,-0.8010251522064209,-0.2118808776140213,1.5278788805007937,3.2608835697174072,0.5833847379689122,0.2846218526666482,0.0064712716825864,114.0
1652969261.173614,0.3698171377182007,-0.4082427024841308,0.6426377296447754,0.5312297344207764,-0.2943406105041504,-0.7944549322128296,-0.5311233401298523,1.3469306230545044,2.9540939331054688,0.5893895758872323,0.2987654852220467,0.0355078092675249,114.0
1652969261.183461,0.3374653458595276,-0.3405946493148803,0.6679049730300903,0.532529890537262,-0.3036166429519653,-0.7900815606117249,-0.8266253471374512,1.0684411525726318,2.573161363601685,0.5930753328609073,0.3084862098246413,0.063476575449416,114.0
1652969261.1933131,0.3277168273925781,-0.2874835133552551,0.7002179622650146,0.5324822664260864,-0.3087843060493469,-0.7881084680557251,-1.019335389137268,0.7393724918365479,2.1227035522460938,0.5941932791018828,0.3139146013755372,0.0893086828774024,114.0
1652969261.203216,0.3079782724380493,-0.2415423989295959,0.7676728963851929,0.5312552452087402,-0.3105501234531402,-0.7882426977157593,-1.0584065914154053,0.4436328411102295,1.6579008102416992,0.5930445935830964,0.3157717119735711,0.1118947644659051,114.0
1652969261.2135592,0.2675762176513672,-0.2207904458045959,0.8226229548454285,0.5293141603469849,-0.3100650012493133,-0.7897380590438843,-0.994641900062561,0.2033528536558151,1.2192885875701904,0.5904725026083241,0.3152613971533705,0.130363256450199,114.0
1652969261.223158,0.2213684916496276,-0.1800220012664795,0.8579864501953125,0.5270446538925171,-0.3079376220703125,-0.792084813117981,-0.921359360218048,0.0361541137099266,0.8494256138801575,0.587117667499775,0.3130245531288436,0.1448980009763155,114.0
1652969261.233151,0.1724671125411987,-0.1386246085166931,0.8326504826545715,0.5247681140899658,-0.3044522702693939,-0.7949385643005371,-0.8874099254608154,-0.0625634044408798,0.5358906388282776,0.5834682106103027,0.3093633416815937,0.1561141565399545,114.0
1652969261.243072,0.1142764687538147,-0.1152151823043823,0.7654600739479065,0.5230069756507874,-0.2994109094142914,-0.7980080246925354,-0.912441909313202,-0.0810703560709953,0.2656343281269073,0.5801554133175154,0.3040751793246659,0.1647300137139707,114.0
1652969261.2530231,0.0818939805030822,-0.0592777132987976,0.7075626850128174,0.5217437744140625,-0.292783111333847,-0.8012874126434326,-0.9799628853797911,-0.1193114817142486,0.0669058114290237,0.5771705368533057,0.2971361921072829,0.1714957951755595,114.0
1652969261.262958,0.0767536759376525,-0.0087642073631286,0.694517970085144,0.520628035068512,-0.2843312919139862,-0.8050479888916016,-1.132718801498413,-0.1668767035007476,-0.0707131475210189,0.5740549386656673,0.2883088518702933,0.1774290059358258,114.0
1652969261.27297,0.0688747763633728,0.018530249595642,0.6639561653137207,0.5193974375724792,-0.2738347053527832,-0.8094695210456848,-1.3293927907943726,-0.2284689545631408,-0.1810889244079589,0.5704840183650928,0.2773778942347959,0.1832166258523862,114.0
1652969261.28364,0.0561696290969848,0.0486551523208618,0.6139987707138062,0.5179423689842224,-0.2606968283653259,-0.8147225975990295,-1.6237608194351196,-0.2837449908256531,-0.293715626001358,0.5662770378606653,0.2637439349722161,0.1893603846029554,114.0
1652969261.295449,0.0434345602989196,0.0954539775848388,0.5452145338058472,0.5163647532463074,-0.2446164190769195,-0.8206889033317566,-1.8676962852478027,-0.3139511048793793,-0.408288300037384,0.5616027409909455,0.2471240781718579,0.195987053317666,114.0
1652969261.30284,0.0552119016647338,0.1378556489944458,0.4787440896034241,0.5149176120758057,-0.2268367856740951,-0.8266831040382385,-1.834134221076965,-0.3116886615753174,-0.5404132604598999,0.5570674814669009,0.228828573111337,0.2020477226701483,114.0
1652969261.312776,0.0802726745605468,0.1349288821220398,0.5082984566688538,0.5136910676956177,-0.2097145318984985,-0.831950306892395,-1.5251073837280271,-0.3041913211345672,-0.6741412281990051,0.5531545694373163,0.2112829842711249,0.2058935869481565,114.0
1652969261.322936,0.0881759524345398,0.1063045263290405,0.6125057935714722,0.5127457976341248,-0.1951321810483932,-0.8360713124275208,-1.0721783638000488,-0.2822190821170807,-0.7912048101425171,0.5501270033562118,0.1963922158380661,0.2064473645571448,114.0
1652969261.3329082,0.0845606327056884,0.0633444786071777,0.6584310531616211,0.5120581388473511,-0.1837301254272461,-0.839070737361908,-0.659278392791748,-0.2611044645309448,-0.8801935315132141,0.5479354159996042,0.1847798322873826,0.2037642397184348,114.0
1652969261.342729,0.0747085213661193,0.0586360692977905,0.5957051515579224,0.5115342736244202,-0.1745320707559585,-0.8413508534431458,-0.4370130598545074,-0.2604250311851501,-0.9729390740394592,0.546274987681999,0.1754305274343616,0.1986130796163727,114.0
1652969261.35278,0.0507036447525024,0.0644896626472473,0.4804146885871887,0.5110640525817871,-0.1659310758113861,-0.8433744311332703,-0.402677983045578,-0.2593395113945007,-1.0622586011886597,0.5448014712415887,0.1667021010272747,0.1919363717606995,114.0
1652969261.362664,0.0276250839233398,0.0571002960205078,0.406135618686676,0.5106593370437622,-0.1566086560487747,-0.845399796962738,-0.5140326023101807,-0.2531961500644684,-1.10767662525177,0.5433883159859676,0.1572560001955545,0.1849144999557309,114.0
1652969261.372892,0.0143119096755981,0.0576310753822326,0.3614241480827331,0.5102395415306091,-0.1457411795854568,-0.8475937247276306,-0.7261427044868469,-0.2470511645078659,-1.1345330476760864,0.5418785062473888,0.1462621155836669,0.1784437386439411,114.0
1652969261.382626,0.0058092474937438,0.0690051317214965,0.3129482865333557,0.5097243189811707,-0.1328030675649643,-0.8500261902809143,-0.9653942584991456,-0.2475749105215072,-1.1457260847091677,0.5401674113077615,0.1331965588293204,0.1730276791658899,114.0
1652969261.432368,-0.0139467120170593,0.0580860376358032,0.2613587081432342,0.5092471241950989,-0.1178040280938148,-0.8525195717811584,-1.1612998247146606,-0.207203522324562,-1.1954818964004517,0.5384640170364652,0.1180782216955994,0.1684705065562101,114.0
1652969261.432616,0.009703516960144,-0.0042771100997924,0.2353810369968414,0.5133678913116455,-0.0501851290464401,-0.8567000031471252,-1.0073922872543335,0.1242280453443527,-1.482765555381775,0.5398595960734311,0.0502062197790884,0.1466698286834368,114.0
1652969261.44235,0.0372267365455627,-0.0130056142807006,0.1773383617401123,0.5149126052856445,-0.0341498963534832,-0.8565621972084045,-0.9680587649345398,0.098326988518238,-1.505836009979248,0.5412563168868966,0.0341565363369062,0.1389088815995751,114.0
1652969261.452314,0.0517724156379699,-0.0339541435241699,0.1071312874555587,0.5161293148994446,-0.0180810075253248,-0.8563198447227478,-0.9793742299079896,0.0944281220436096,-1.5218865871429443,0.5424241432502594,0.0180819921057805,0.1309942215291184,114.0
1652969261.462309,0.0613872408866882,-0.0273004174232482,0.07463338971138,0.5170735716819763,-0.0017268992960453,-0.8559392690658569,-1.0256948471069336,0.0924949347972869,-1.5115283727645874,0.5434293261813914,0.0017269002001967,0.1232041319596196,114.0
1652969261.472254,0.0631641745567321,-0.0040524005889892,0.0592207536101341,0.5177532434463501,0.0149827329441905,-0.8553987741470337,-1.079306960105896,0.0884892791509628,-1.4879264831542969,0.5442906548409977,-0.014983293164638,0.1158462985917856,114.0
