1652969051.296188,0.0519680380821228,-0.0262510776519775,-0.00889453291893,-0.5412716269493103,0.4852281808853149,-0.686715841293335,-0.3228923678398132,-1.2194855213165283,-0.6043310761451721,-0.6675062727046883,-0.5066241076863574,-1.0438488705691449,115.0
1652969051.306208,0.0247780680656433,-0.0834672451019287,-0.0314951837062835,-0.5526558756828308,0.4840861856937408,-0.6784040331840515,-0.3068196475505829,-1.258563995361328,-0.6216861009597778,-0.6836049433501296,-0.5053185407644021,-1.05158659534543,115.0
1652969051.316395,0.0133295059204101,-0.1292824745178222,-0.0617033243179321,-0.5642480850219727,0.482494980096817,-0.6699423789978027,-0.2724294364452362,-1.288914918899536,-0.6311336755752563,-0.6999680450508308,-0.5035009787896318,-1.059174563687299,115.0
1652969051.32609,0.0160979628562927,-0.1378973722457885,-0.0703896880149841,-0.5758971571922302,0.4807595908641815,-0.6612206101417542,-0.264261394739151,-1.3144081830978394,-0.6118320822715759,-0.7165376242935604,-0.501520782409843,-1.0665808273308497,115.0
1652969051.336032,0.0011236667633056,-0.1527438759803772,-0.09337118268013,-0.5873663425445557,0.4792202115058899,-0.652187705039978,-0.3286609053611755,-1.3300353288650513,-0.5648648142814636,-0.7331516227421689,-0.4997660503989922,-1.0737739150091703,115.0
1652969051.345963,-0.0108380317687988,-0.1633913516998291,-0.1187047362327575,-0.5983996391296387,0.478735864162445,-0.6424404978752136,-0.4835448563098907,-1.3213239908218384,-0.4649195969104767,-0.7499202739144044,-0.4992143041843796,-1.0811629694612217,115.0
1652969051.355943,-0.0458223819732666,-0.1369684934616089,-0.1488595008850097,-0.6087338328361511,0.4801278710365295,-0.6316014528274536,-0.7293229699134827,-1.3140709400177002,-0.3509607911109924,-0.7669636292192453,-0.5008004924569948,-1.0892751169678463,115.0
1652969051.3659,-0.0841952562332153,-0.103009819984436,-0.1867340803146362,-0.6183499097824097,0.4834260046482086,-0.6196311116218567,-0.8903055191040039,-1.325821042060852,-0.2421975880861282,-0.7843632618063188,-0.5045641964207017,-1.0981695942006011,115.0
1652969051.376025,-0.090839684009552,-0.0923477411270141,-0.1842522323131561,-0.6274983286857605,0.4881463050842285,-0.6065963506698608,-1.0179563760757446,-1.4035654067993164,-0.1013605818152427,-0.8023336582369149,-0.5099645359836863,-1.107347941187294,115.0
1652969051.3858051,-0.0668561458587646,-0.1096029281616211,-0.1548748314380645,-0.6359789371490479,0.4945355355739593,-0.5924234390258789,-1.0984458923339844,-1.443202018737793,0.080500453710556,-0.8208403295894469,-0.5173003485459785,-1.116423656882796,115.0
1652969051.3958058,-0.0866024494171142,-0.127767264842987,-0.1434753537178039,-0.6438510417938232,0.5006684064865112,-0.5786078572273254,-0.6418525576591492,-1.5063804388046265,0.2116225063800811,-0.838718038001006,-0.5243707729652728,-1.122817719590994,115.0
1652969051.405736,-0.1272343397140503,-0.1653288006782531,0.0090371370315551,-0.6513606309890747,0.5039634108543396,-0.5672304034233093,0.0833520293235778,-1.5519596338272097,0.302724152803421,-0.8543277567302596,-0.528181412439198,-1.1233204295239811,115.0
1652969051.415709,-0.1661971807479858,-0.2709095478057861,0.0679931640625,-0.6580825448036194,0.5039520859718323,-0.5594279766082764,0.7194368243217468,-1.4684631824493408,0.4038499891757965,-0.8662512856751213,-0.5281682966931401,-1.1170262493719691,115.0
1652969051.425641,-0.2135084271430969,-0.3431921601295471,-0.056691825389862,-0.6636735200881958,0.5014244914054871,-0.5550773739814758,1.2711522579193115,-1.3794254064559937,0.5067412257194519,-0.8742679299570549,-0.5252444183362547,-1.104861256565988,115.0
1652969051.435648,-0.2394832372665405,-0.318096399307251,-0.0848349630832672,-0.6685214638710022,0.4968070387840271,-0.5534092783927917,1.7178524732589722,-1.3891496658325195,0.6160405874252319,-0.8793261241275984,-0.5199157579883804,-1.0874509179950416,115.0
1652969051.44572,-0.1837637424468994,-0.185971975326538,0.0361685454845428,-0.6727578043937683,0.4915719628334045,-0.5529501438140869,1.8788450956344604,-1.4210875034332275,0.8201473355293274,-0.8828343203229164,-0.5138939564439133,-1.0661855963599958,115.0
1652969051.455563,-0.1624629497528076,-0.1019871234893798,0.0179969072341918,-0.6759464740753174,0.4876793920993805,-0.5525081157684326,1.76808762550354,-1.3657985925674438,1.028045654296875,-0.8855446438983561,-0.5094296330568079,-1.0432916881126515,115.0
1652969051.46544,-0.1817102432250976,-0.0851101875305175,-0.0971075296401977,-0.6777563095092773,0.4859930574893951,-0.5517764091491699,1.626042366027832,-1.2925148010253906,1.2310434579849243,-0.8875034327160662,-0.5074990697726426,-1.020158479083472,115.0
1652969051.475487,-0.1967384815216064,-0.0945351719856262,-0.1151100993156433,-0.6782310009002686,0.4864327907562256,-0.5508047342300415,1.4364827871322632,-1.182869553565979,1.3815274238586426,-0.8887089154194933,-0.5080022862675859,-0.9972059598126436,115.0
1652969051.485405,-0.210580825805664,-0.0588671565055847,-0.0904338955879211,-0.6774044036865234,0.4886578023433685,-0.5498517155647278,1.323156237602234,-1.074539065361023,1.504109501838684,-0.888959550026091,-0.5105507117896005,-0.9746861744769634,115.0
1652969051.495408,-0.1962526440620422,-0.0433719754219055,-0.0681394338607788,-0.6754056215286255,0.4919370412826538,-0.5493861436843872,1.3591339588165283,-1.0024811029434204,1.6261613368988037,-0.887927874460333,-0.5143132285698987,-0.951569082496891,115.0
1652969051.5053248,-0.1962676048278808,-0.0321179628372192,-0.0361524820327758,-0.6726288199424744,0.4953962564468384,-0.5496843457221985,1.4234412908554075,-0.9539700150489808,1.6824790239334106,-0.8856444422717317,-0.5182909381520253,-0.9272098794815528,115.0
1652969051.515637,-0.2060646414756775,0.0160653591156005,0.0001452267169952,-0.6692710518836975,0.4989697635173797,-0.5505501627922058,1.438661813735962,-0.9134454727172852,1.734018325805664,-0.8824190391738329,-0.5224095607771325,-0.9020550479867772,115.0
1652969051.5252109,-0.18758225440979,0.075799822807312,-0.0017051100730895,-0.6655365824699402,0.5027579069137573,-0.5516298413276672,1.3996117115020752,-0.905762493610382,1.7572826147079468,-0.8787099478851033,-0.526786304050328,-0.8765600003043519,115.0
1652969051.535221,-0.1806097626686096,0.1378513574600219,-0.0173684358596801,-0.6616906523704529,0.5068857073783875,-0.5524784326553345,1.3041446208953855,-0.8920770883560181,1.7313721179962158,-0.8751048779384104,-0.5315681271215822,-0.8516299434348108,115.0
1652969051.5451698,-0.2094647288322448,0.1851049065589904,-0.0113531351089477,-0.6579821109771729,0.5108190178871155,-0.5532841682434082,1.3389354944229126,-0.8849647641181946,1.6568307876586914,-0.8716206310957477,-0.5361372406560766,-0.827440330839669,115.0
1652969051.555166,-0.2420670986175537,0.1685953736305236,0.0333414077758789,-0.654585063457489,0.5134878158569336,-0.5548410415649414,1.5571333169937134,-0.8821862936019897,1.593436598777771,-0.8676841107648492,-0.5392444537063916,-0.802547067370443,115.0
1652969051.565106,-0.2514351606369018,0.1621518731117248,0.1299812197685241,-0.6513816118240356,0.5140770077705383,-0.5580564141273499,1.910029888153076,-0.8615826368331909,1.5421398878097534,-0.8624096740722975,-0.5399312638642174,-0.7754144866683448,115.0
1652969051.575098,-0.228667140007019,0.137988805770874,0.2016982436180114,-0.6485148668289185,0.5121995210647583,-0.563098669052124,2.2552080154418945,-0.8731692433357239,1.4636144638061523,-0.8557795899542021,-0.5377437823868638,-0.7457247450795662,115.0
1652969051.585006,-0.1961854100227356,0.1104024052619934,0.1864093542098999,-0.6463133096694946,0.5077739953994751,-0.5696004033088684,2.530655860900879,-0.9103131890296936,1.3882901668548584,-0.848405406199021,-0.5325989088466541,-0.7138722489942106,115.0
1652969051.59512,-0.1776858568191528,0.1346302032470703,0.205669105052948,-0.6446407437324524,0.5020182728767395,-0.5765551924705505,2.5587756633758545,-0.9234665632247924,1.3658175468444824,-0.8410936760360076,-0.5259308204264111,-0.6812823868467788,115.0
1652969051.604946,-0.1851782798767089,0.1206101775169372,0.184463620185852,-0.6433128714561462,0.4959258437156677,-0.5832719206809998,2.5649263858795166,-0.9431508779525756,1.3370952606201172,-0.8343088297754141,-0.5189006918864456,-0.649021322953298,115.0
1652969051.615086,-0.2422167658805847,0.0565002560615539,0.1615724861621856,-0.6422741413116455,0.4890927970409393,-0.5901458263397217,2.6404285430908203,-0.8814193606376648,1.2671657800674438,-0.8276704742005688,-0.5110493454766077,-0.6170093928784116,115.0
1652969051.624933,-0.29926598072052,-0.0019538402557373,0.2119935750961303,-0.6411484479904175,0.4810301661491394,-0.5979454517364502,2.779383659362793,-0.7654985189437866,1.2197109460830688,-0.8202506647490431,-0.5018293627304706,-0.5848144182817563,115.0
1652969051.634864,-0.2634217739105224,-0.0430487394332885,0.2250770926475525,-0.6397459506988525,0.4718071818351745,-0.6067315936088562,2.857152938842773,-0.69770747423172,1.2043596506118774,-0.8118781180004428,-0.4913392996554865,-0.5521130805902609,115.0
1652969051.644773,-0.1813299655914306,-0.0302831530570983,0.1799744367599487,-0.6383111476898193,0.4619323313236236,-0.6157739758491516,2.9075798988342285,-0.6589505672454834,1.2191916704177856,-0.8033672428163797,-0.4801726744654098,-0.5192736969314962,115.0
1652969051.654923,-0.1251583099365234,-0.0206421017646789,0.1416898965835571,-0.6365603804588318,0.4518007636070251,-0.6250335574150085,2.90641450881958,-0.5942719578742981,1.2515813112258911,-0.7945346541045645,-0.4687828212543188,-0.4862637589054939,115.0
1652969051.664727,-0.034732699394226,0.0426618456840515,0.1055015921592712,-0.6345787644386292,0.4417243897914886,-0.6341840624809265,2.87945818901062,-0.5983499884605408,1.3072741031646729,-0.78570924981725,-0.457519835132716,-0.4533474378308721,115.0
1652969051.674681,0.0606818795204162,0.1052498221397399,0.0612579882144928,-0.6327186226844788,0.4322112798690796,-0.64254230260849,2.776526927947998,-0.6493740081787109,1.3704439401626587,-0.7776950195759001,-0.4469434953669062,-0.420782911148928,115.0
1652969051.684774,0.1302311420440673,0.1607446670532226,0.0511909425258636,-0.6311160326004028,0.4228386282920837,-0.6503075957298279,2.8625402450561523,-0.6716895699501038,1.3652889728546145,-0.7704225227619953,-0.436575477439622,-0.3883709389111262,115.0
1652969051.69462,0.1574206948280334,0.1784719228744506,0.0845557749271392,-0.6294360160827637,0.4114922285079956,-0.6591542959213257,3.1180219650268555,-0.4409261047840118,1.315855622291565,-0.762339615844464,-0.424090718676736,-0.3548430442477259,115.0
1652969051.70454,0.1069482564926147,0.1956419944763183,0.2286928594112396,-0.625594437122345,0.3985501825809479,-0.6706632971763611,3.246838092803955,0.0330332107841968,1.2552694082260132,-0.7506437249229037,-0.4099355261560066,-0.3209032681099493,115.0
1652969051.71478,0.1560648083686828,0.22764652967453,0.3219675123691559,-0.6193520426750183,0.3825765252113342,-0.68559330701828,3.692000389099121,0.4028046131134033,1.1077399253845217,-0.7346800042684146,-0.3925833846446542,-0.2860700371277321,115.0
1652969051.724462,0.2717917561531067,0.256652295589447,0.4321418702602386,-0.6124594807624817,0.3614982962608337,-0.703002393245697,4.294569969177246,0.4435903429985046,0.9968647360801696,-0.7166767787230003,-0.3698743703218091,-0.2493782386581885,115.0
1652969051.734438,0.3755303621292114,0.2042516469955444,0.6558128595352173,-0.6061211824417114,0.3353828489780426,-0.7212041616439819,4.660492897033691,0.3949519693851471,0.9113764762878418,-0.6989114981916239,-0.3420115768125628,-0.2106032579490891,115.0
1652969051.74437,0.4463015794754028,0.1636081337928772,0.6437358856201172,-0.6012697815895081,0.3065509796142578,-0.7379031777381897,4.579310894012451,0.2327835410833358,0.7273179292678833,-0.6837218199481246,-0.3115674457129994,-0.1728139436163999,115.0
1652969051.754331,0.4277403950691223,0.1135072708129882,0.4586279094219208,-0.598135232925415,0.2784174084663391,-0.7514772415161133,3.942339420318604,0.112405739724636,0.5132194757461548,-0.6722640466815697,-0.2821459723710743,-0.1396673146851842,115.0
1652969051.764298,0.3757854700088501,0.1309173107147216,0.3275264501571655,-0.5967479944229126,0.2547337114810943,-0.7609221935272217,2.93616247177124,-0.0221235752105712,0.2717905938625335,-0.6650589653638048,-0.2575723219307923,-0.1144022538297296,115.0
1652969051.774281,0.3765895366668701,0.2264655232429504,0.3711123466491699,-0.5971552729606628,0.2377133965492248,-0.7660925984382629,1.736762285232544,-0.1688421815633773,-0.0284496583044528,-0.6621040645377385,-0.2400110853287312,-0.0985148099469953,115.0
1652969051.7842212,0.3929406404495239,0.2776616215705871,0.5128355026245117,-0.5997430086135864,0.2274751514196396,-0.7671788334846497,0.6271795630455017,-0.3793145418167114,-0.3961280882358551,-0.6635141750418665,-0.2294840783090354,-0.0928796956554388,115.0
1652969051.794236,0.4217050671577453,0.3090155720710754,0.6152471303939819,-0.6047341227531433,0.2227502912282943,-0.7646430134773254,-0.2132280319929123,-0.5985909700393677,-0.6938439011573792,-0.6691497688341338,-0.2246347396040375,-0.0961024947695149,115.0
1652969051.804082,0.4310066103935241,0.2998026609420776,0.7605414390563965,-0.6115180850028992,0.2212853580713272,-0.7596567869186401,-0.6603009104728699,-0.6920345425605774,-0.9463818073272704,-0.6777778087225348,-0.2231323099211221,-0.1056405628452467,115.0
1652969051.814127,0.4119348526000976,0.3005370497703552,0.934661865234375,-0.6190423369407654,0.219818115234375,-0.7539672255516052,-0.662598192691803,-0.6648330092430115,-1.23296058177948,-0.6874432160892409,-0.2216280196119643,-0.118618794446843,115.0
1652969051.8242102,0.393526554107666,0.3022264242172241,1.002806544303894,-0.6268792152404785,0.2153636664152145,-0.7487596273422241,-0.4935098886489868,-0.5915774703025818,-1.5994232892990112,-0.6970297702368652,-0.2170642139803758,-0.133496050418023,115.0
1652969051.8340678,0.3758028745651245,0.3091260194778442,0.9261486530303956,-0.634576678276062,0.2075336277484893,-0.7444745302200317,-0.4684458076953888,-0.4578308463096618,-2.003697395324707,-0.7058752954829989,-0.2090530200458635,-0.1506194011627425,115.0
1652969051.843975,0.3619914650917053,0.3394853472709656,0.7690045237541199,-0.641822338104248,0.1975940018892288,-0.7409592866897583,-0.6312283277511597,-0.3019051551818847,-2.376079559326172,-0.7138267360290451,-0.1989029155962068,-0.1711493544394926,115.0
1652969051.853955,0.3712373971939087,0.3935807943344116,0.655882716178894,-0.6483064293861389,0.1867992281913757,-0.7381089925765991,-0.8405527472496033,-0.1482628732919693,-2.678156852722168,-0.7207153343693807,-0.1879030126851132,-0.1954398545079824,115.0
1652969051.8639112,0.4009187221527099,0.4461666345596313,0.6066684722900391,-0.6540314555168152,0.1751308888196945,-0.7359157800674438,-0.9306241273880004,-0.0407054610550403,-2.9339308738708496,-0.7265543618794669,-0.1760387162719173,-0.2227237525058863,115.0
1652969051.873917,0.4480785727500915,0.4853590726852417,0.5915151834487915,-0.6592907309532166,0.1619943380355835,-0.7342299818992615,-0.9117140769958496,0.0028755720704793,-3.1655478477478027,-0.7316729923160161,-0.1627113586120925,-0.251986925241101,115.0
1652969051.8837628,0.5054090619087219,0.4573678970336914,0.5646239519119263,-0.6642835736274719,0.1467103213071823,-0.7329416275024414,-0.7935927510261536,0.0088749816641211,-3.3592464923858643,-0.7362988044009319,-0.147241783120226,-0.2822024254428593,115.0
1652969051.893913,0.5517948269844055,0.4266319274902344,0.5328195691108704,-0.6687076687812805,0.1294271647930145,-0.7321739196777344,-0.7034085392951965,0.0774465873837471,-3.483617782592773,-0.740124600980217,-0.1297912706281771,-0.3127015255758487,115.0
1652969051.903763,0.5877517461776733,0.4110506772994995,0.4575191736221313,-0.6719344258308411,0.1107791885733604,-0.7322786450386047,-0.6498803496360779,0.2007535994052887,-3.575932502746582,-0.7424508662526079,-0.1110070333460636,-0.3433954936456663,115.0
1652969051.913907,0.6203505396842957,0.3974866867065429,0.3369753956794739,-0.6737104654312134,0.0910641700029373,-0.733363151550293,-0.6154826879501343,0.3108620047569275,-3.68601655960083,-0.743028698970979,-0.0911905015390317,-0.3744566581118435,115.0
1652969051.923671,0.6339560151100159,0.406895637512207,0.2146536409854889,-0.6739492416381836,0.0707010105252265,-0.7353867888450623,-0.7179553508758545,0.4592356383800506,-3.815058946609497,-0.7418324704672865,-0.0707600472718998,-0.4065276723201444,115.0
1652969051.933642,0.6153711676597595,0.453200101852417,0.0925384759902954,-0.672179639339447,0.0507568381726741,-0.7386462688446045,-0.9083117246627808,0.661954402923584,-3.906060218811035,-0.7383211019823587,-0.0507786572038681,-0.4404356782173417,115.0
1652969051.943581,0.5898711085319519,0.495513379573822,-0.0158773064613342,-0.6683165431022644,0.0318685546517372,-0.743194043636322,-1.105457067489624,0.8151924014091492,-3.9835033416748047,-0.7324000844970822,-0.0318739523187185,-0.4763747942737326,115.0
1652969051.953566,0.5877365469932556,0.5277146100997925,-0.1073601245880127,-0.6627334356307983,0.0140831964090466,-0.7487229704856873,-1.213420033454895,0.9365938901901244,-3.991807460784912,-0.724550838829011,-0.0140836619552584,-0.5138006921861252,115.0
1652969051.963676,0.5981577038764954,0.5731677412986755,-0.1293779164552688,-0.6558511853218079,-0.0029157479293644,-0.7548846006393433,-1.182339429855347,0.9574432969093324,-3.9429564476013184,-0.7153132994181481,0.002915752077502,-0.5514594396093786,115.0
1652969051.973466,0.6122342348098755,0.5280323028564453,-0.1082985252141952,-0.6483060121536255,-0.0196768995374441,-0.7611255645751953,-1.0574963092803955,0.9209388494491576,-3.835086345672608,-0.7055223501200142,0.0196781687988378,-0.588148452162302,115.0
1652969051.983422,0.6139969825744629,0.4547551870346069,-0.1673497259616851,-0.6403794288635254,-0.0367517992854118,-0.7671788930892944,-0.7619106769561768,0.8910348415374756,-3.662539005279541,-0.6955559799752908,0.036760076083803,-0.6226460652765625,115.0
1652969051.9933949,0.5981715321540833,0.3545858263969421,-0.2666887640953064,-0.6318476796150208,-0.0546307675540447,-0.7731649279594421,-0.4731371700763702,0.924712896347046,-3.4457221031188965,-0.6851545284421628,0.0546579802506464,-0.6538558013298483,115.0
1652969052.003388,0.599271833896637,0.3210370540618896,-0.3286458253860473,-0.622282087802887,-0.0725229680538177,-0.7794263958930969,-0.2614441514015198,1.0137137174606323,-3.199746370315552,-0.6737552079622078,0.0725866924485418,-0.6819289278649454,115.0
1652969052.01352,0.6085587739944458,0.3238775730133056,-0.4373833835124969,-0.6112443208694458,-0.0901129096746444,-0.7862951755523682,-0.1292682886123657,1.1873321533203125,-3.011771440505981,-0.6607906692971772,0.0902353130522882,-0.7074717827741868,115.0
1652969052.023258,0.5999436378479004,0.2570443153381347,-0.5988205075263977,-0.5981888771057129,-0.1074172332882881,-0.7941231727600098,0.0744715929031372,1.401732325553894,-2.8246755599975586,-0.6455904172504656,0.1076248877131426,-0.730911896360668,115.0
1652969052.033393,0.6030663847923279,0.0700325965881347,-0.7160915732383728,-0.5829247832298279,-0.1246218904852867,-0.8029122352600098,0.2026559263467788,1.6365792751312256,-2.61243200302124,-0.6279719224428619,0.1249467386006437,-0.7519441211916302,115.0
1652969052.043164,0.6012856960296631,0.0321460962295532,-0.7859034538269043,-0.5659921169281006,-0.1410679519176483,-0.8122516870498657,0.326485127210617,1.7272095680236816,-2.404047727584839,-0.6085876544292084,0.1415400754097542,-0.7709871051823637,115.0
1652969052.053163,0.5642659664154053,0.0587135553359985,-0.8898189067840576,-0.5484120845794678,-0.1570255309343338,-0.821332573890686,0.4470163285732269,1.755271553993225,-2.174159288406372,-0.5887246246448872,0.1576780924715681,-0.7877602641325478,115.0
1652969052.06307,0.5037034749984741,0.0827946066856384,-0.9829719066619872,-0.5304978489875793,-0.1715079993009567,-0.8301547765731812,0.3686673045158386,1.785346508026123,-1.9209014177322388,-0.5686282064088255,0.1723601488473265,-0.802783756925711,115.0
1652969052.073062,0.4673272967338562,0.1099263429641723,-1.046566605567932,-0.5123254060745239,-0.1827881783246994,-0.8391132950782776,0.0957780107855796,1.8208049535751345,-1.629338264465332,-0.5481449000957266,0.183821670991814,-0.8167097628961317,115.0
1652969052.0830169,0.4714477956295013,0.1112831830978393,-1.1058160066604614,-0.4941986501216888,-0.1893346905708313,-0.8484810590744019,-0.3001456260681152,1.83961820602417,-1.3352535963058472,-0.5274158838699873,0.1904845305213779,-0.830165042454504,115.0
1652969052.093013,0.48525470495224,0.0813800692558288,-1.1974486112594604,-0.476068913936615,-0.1909179836511612,-0.8584339022636414,-0.6777437925338745,1.9044264554977417,-1.0449447631835938,-0.5063515115120446,0.1920972539061158,-0.8430908682004337,115.0
1652969052.103354,0.4670768976211548,0.0648026466369628,-1.2381902933120728,-0.4575706720352173,-0.1881097108125686,-0.8690476417541504,-0.9135681986808776,2.0142486095428467,-0.7353198528289795,-0.4846375650752038,0.1892371396147394,-0.8549384330104882,115.0
1652969052.112934,0.439069539308548,-0.0086107850074768,-1.1766420602798462,-0.4385049641132355,-0.1825193017721176,-0.8800000548362732,-0.9256576299667358,2.1122257709503174,-0.4179581701755523,-0.4622875410374749,0.1835481824379662,-0.8644485100069974,115.0
1652969052.122858,0.4100369811058044,-0.051965057849884,-1.0412602424621582,-0.4192227721214294,-0.1760706156492233,-0.8906466364860535,-0.776633083820343,2.146302938461304,-0.1154600754380226,-0.439929837104507,0.176993272673528,-0.8706710359275052,115.0
1652969052.1328568,0.3591257631778717,-0.0784094929695129,-0.9487737417221068,-0.3998819589614868,-0.1701226830482483,-0.9006401896476746,-0.5217669606208801,2.2095956802368164,0.1904359310865402,-0.417851037807836,0.1709541592732268,-0.8730736100542896,115.0
1652969052.142761,0.3070404529571533,-0.095484972000122,-0.915427565574646,-0.3803284168243408,-0.1653676927089691,-0.909947156906128,-0.2419305741786956,2.253323793411255,0.5060468912124634,-0.3958990873606839,0.1661308314185412,-0.871386294854454,115.0
1652969052.152714,0.2989770472049713,-0.0721309781074523,-0.8499724864959717,-0.3609429895877838,-0.162005603313446,-0.9184085726737976,0.04154958948493,2.236203908920288,0.8356122970581055,-0.3744653097750148,0.1627227716711622,-0.8654745007297212,115.0
1652969052.1626868,0.3161208629608154,-0.0444775223731994,-0.7739570140838623,-0.3423659801483154,-0.1601707190275192,-0.925813615322113,0.3207893371582031,2.150277853012085,1.1433556079864502,-0.3542040882176578,0.1608636073847336,-0.8555051783535662,115.0
1652969052.172807,0.3131144344806671,-0.0977063179016113,-0.752785325050354,-0.3250010013580322,-0.1600106507539749,-0.9320788383483888,0.5484529137611389,2.057146549224853,1.4318633079528809,-0.3355019877797379,0.1607014428088436,-0.8417272006097731,115.0
1652969052.182592,0.2747859358787536,-0.2097324728965759,-0.752035915851593,-0.3085078597068786,-0.1609889268875122,-0.9374995827674866,0.7132638692855835,2.0236141681671143,1.6710197925567627,-0.3179133590299118,0.161692568957903,-0.8248521128832128,115.0
1652969052.192618,0.2355324327945709,-0.2840882539749145,-0.7592477798461914,-0.2924171984195709,-0.1628560870885849,-0.9423216581344604,0.7991838455200195,2.025615930557251,1.879752278327942,-0.3008936579427306,0.163584702984695,-0.8054031042600995,115.0
1652969052.202548,0.2166703343391418,-0.2943924069404602,-0.7142535448074341,-0.2765763401985168,-0.1644390672445297,-0.9468185305595398,0.7036598324775696,2.0316479206085205,2.0737783908843994,-0.2842037747429294,0.165189317061758,-0.7840492165600028,115.0
1652969052.2635689,0.1971642673015594,-0.3147861361503601,-0.6857336759567261,-0.2608391940593719,-0.1644860208034515,-0.9512661695480348,0.5356303453445435,2.05519962310791,2.273291826248169,-0.2676242758642595,0.1652369099028721,-0.7612472638453637,115.0
1652969052.272284,0.0980406254529953,-0.6990512013435364,0.1123333573341369,-0.1604948341846466,-0.164930373430252,-0.9731594920158386,2.207081079483032,2.1114501953125,3.192682266235352,-0.1634501111647011,0.1656874158933376,-0.5848055607997765,115.0
1652969052.282258,0.0610065907239913,-0.7772023677825928,0.2305794060230255,-0.1463032066822052,-0.1853828430175781,-0.9717142581939696,2.9555649757385254,1.9669995307922363,3.1601529121398926,-0.1494395005083747,0.1864614482512208,-0.5489164187533027,115.0
1652969052.292262,0.0267773866653442,-0.8389194011688232,0.1782428622245788,-0.1338788121938705,-0.2106677591800689,-0.9683468341827391,3.0512211322784424,1.874051213264465,3.097620248794556,-0.137384095958243,0.2122580036262487,-0.5130352398244432,115.0
1652969052.303838,0.0434432476758956,-0.8381212949752808,0.032396525144577,-0.1234297901391983,-0.2328054308891296,-0.9646588563919068,2.2634096145629883,1.7089871168136597,3.0735533237457275,-0.1272602721334496,0.2349613911390998,-0.4781491838121085,115.0
1652969052.3122768,0.0758601501584053,-0.8876063227653503,-0.0740071237087249,-0.1151972934603691,-0.2452829927206039,-0.9625828862190248,1.084563970565796,1.5297459363937378,3.058934211730957,-0.1191087134390212,0.2478115899773262,-0.4448037082205485,115.0
1652969052.3219209,0.0881991758942604,-0.923674702644348,-0.0119979232549667,-0.1087527498602867,-0.2471268028020858,-0.962860941886902,0.0551590770483017,1.3610483407974243,2.993454694747925,-0.1124708591418707,0.2497139619623846,-0.4132129238679088,115.0
1652969052.332032,0.1161338239908218,-0.9494492411613464,0.22794109582901,-0.1036673635244369,-0.2417044788599014,-0.9647963643074036,-0.4669951796531677,1.176520824432373,2.8374342918396,-0.1070393147113579,0.2441220309562039,-0.3836114996052501,115.0
1652969052.3420691,0.1616696715354919,-0.9846845865249634,0.5323810577392578,-0.0999630987644195,-0.2341326922178268,-0.9670518636703492,-0.4904113709926605,0.9123208522796632,2.5777738094329834,-0.1030030867810024,0.2363263734221211,-0.3565086320941145,115.0
1652969052.352048,0.1810651421546936,-0.9372958540916444,0.8314008116722107,-0.098270907998085,-0.2279767096042633,-0.9686946868896484,-0.2540667355060577,0.5936803221702576,2.271599769592285,-0.1011008504478492,0.2299991671845374,-0.3322114507129371,115.0
1652969052.361536,0.1420058310031891,-0.8516238331794739,1.039233684539795,-0.0987166166305542,-0.2253298759460449,-0.9692685008049012,0.1191203445196151,0.3019540905952453,1.893771767616272,-0.101496547766842,0.2272816085629073,-0.3110166742817501,115.0
1652969052.3715549,0.0747576281428337,-0.8084502220153809,1.1059406995773315,-0.1005907207727432,-0.2259815633296966,-0.968924045562744,0.3499186635017395,0.0961407497525215,1.4523611068725586,-0.1034463472355908,0.2279505509373774,-0.2937179561255088,115.0
1652969052.381518,0.0376483500003814,-0.7485892176628113,1.058418035507202,-0.1032000705599784,-0.2283856868743896,-0.9680855870246888,0.3630390465259552,-0.0611507073044776,1.002366304397583,-0.1062011409645124,0.230419219994497,-0.2808287389473139,115.0
1652969052.3915272,0.0417790561914444,-0.6763258576393127,0.9648826122283936,-0.106384739279747,-0.2300955802202224,-0.9673357009887696,0.1362940818071365,-0.2382245510816574,0.5710597634315491,-0.1095368635882947,0.232175900674085,-0.2725635797142688,115.0
1652969052.4014192,0.0673747956752777,-0.5935927629470825,0.8763206601142883,-0.110694482922554,-0.2294089943170547,-0.9670151472091676,-0.1936994045972824,-0.4832808077335357,0.1864431202411651,-0.1139741772571924,0.2314704347330574,-0.2687754535040969,115.0
1652969052.411556,0.0697223395109176,-0.4668363928794861,0.8651357293128967,-0.1168109327554702,-0.226479098200798,-0.9669862389564514,-0.396154522895813,-0.7784423828125,-0.1572295576333999,-0.1202164654064472,0.228461328041071,-0.2689929216786624,115.0
1652969052.421384,0.0305476412177085,-0.3868443965911865,0.9504114389419556,-0.1245264932513237,-0.222704529762268,-0.966900110244751,-0.4460648894309997,-0.9475431442260742,-0.4587911367416382,-0.1280843486963915,0.2245877916859228,-0.2726973655019076,115.0
1652969052.431361,0.0022454112768173,-0.3285905122756958,1.0137869119644165,-0.1329826861619949,-0.2193990349769592,-0.9665297269821168,-0.3951053023338318,-1.0762455463409424,-0.7109493613243103,-0.1367293232563328,0.2211984542345197,-0.279224768358557,115.0
1652969052.4413838,0.0216067433357238,-0.2307855486869812,1.0334622859954834,-0.1422732174396515,-0.2169338911771774,-0.9657629132270812,-0.354555070400238,-1.226629376411438,-0.9056217670440674,-0.1462648805621658,0.2186724621180613,-0.2879539086448879,115.0
1652969052.451267,0.0570675581693649,-0.1334234476089477,1.0006351470947266,-0.1526485681533813,-0.2150516211986541,-0.9645990133285522,-0.3435381054878235,-1.3666448593139648,-1.07840895652771,-0.1569492658699669,0.216744689594787,-0.2984840847564231,115.0
1652969052.461242,0.0572350174188613,-0.0934458971023559,0.912517786026001,-0.1636040061712265,-0.2135584354400634,-0.963133692741394,-0.356724351644516,-1.4293525218963623,-1.2734942436218262,-0.168260257810486,0.2152159776809414,-0.3108734854387424,115.0
1652969052.471363,0.0397235304117202,-0.0360341072082519,0.8169817924499512,-0.1743823289871215,-0.2121386080980301,-0.961555004119873,-0.4278768301010132,-1.421784281730652,-1.4761359691619873,-0.1794046141656992,0.2137628585023388,-0.3253634642537198,115.0
1652969052.481549,0.0279010087251663,0.0532960891723632,0.7551254630088806,-0.1845324635505676,-0.2104324549436569,-0.9600343704223632,-0.5154293775558472,-1.385589361190796,-1.6775546073913574,-0.1898983507128832,0.2120172968076743,-0.3420355898832937,115.0
1652969052.491352,0.0295444130897521,0.1269116401672363,0.7287116050720215,-0.1937594711780548,-0.2087072879076004,-0.9585919380187988,-0.5342472791671753,-1.3256319761276243,-1.874295353889465,-0.1994420713232464,0.2102529502264793,-0.3608449963269624,115.0
1652969052.501275,0.0502668321132659,0.2038277983665466,0.7275567650794983,-0.2020612359046936,-0.2077813297510147,-0.9570779204368592,-0.4666371941566467,-1.270134210586548,-2.054143190383911,-0.2080675905237669,0.2093062383213427,-0.3814804140677912,115.0
1652969052.511248,0.0732397884130477,0.2578697800636291,0.7080307602882385,-0.2095007598400116,-0.2082290798425674,-0.9553795456886292,-0.3618631064891815,-1.222440242767334,-2.220782995223999,-0.2158685588004794,0.209763999713397,-0.4036585832055467,115.0
1652969052.5213718,0.0947742611169815,0.2840567827224731,0.657176673412323,-0.2160510867834091,-0.2101856768131256,-0.9534903764724731,-0.2576138079166412,-1.1617599725723269,-2.3697726726531982,-0.2228270141991848,0.2117648749663748,-0.4271846148170787,115.0
1652969052.531207,0.1205345690250396,0.2988962531089782,0.5983894467353821,-0.2216392904520034,-0.2135017216205597,-0.9514688849449158,-0.1665209233760833,-1.0965145826339722,-2.487450122833252,-0.2288629884600799,0.2151579286891009,-0.4518032234107645,115.0
1652969052.541177,0.1542057245969772,0.3041629195213318,0.5422300696372986,-0.2261509001255035,-0.2177518904209137,-0.9494418501853944,-0.1324132829904556,-1.003106713294983,-2.5697646141052246,-0.2338361858297175,0.2195104988808787,-0.4772438194329879,115.0
1652969052.551081,0.1904025077819824,0.2948439717292785,0.4845440089702606,-0.2295412719249725,-0.2224437445402145,-0.947538673877716,-0.1255148947238922,-0.9168229699134828,-2.62253737449646,-0.2376713742210931,0.2243203028571095,-0.5033235552934425,115.0
1652969052.561027,0.2221376746892929,0.2875610589981079,0.4032451510429382,-0.2318727523088455,-0.2272654920816421,-0.9458252787590028,-0.136587455868721,-0.8341018557548523,-2.665077447891236,-0.2404124599292448,0.2292687768390507,-0.5298991597966689,115.0
1652969052.571035,0.2385696470737457,0.2875809669494629,0.3091279864311218,-0.2331680208444595,-0.2319642454385757,-0.9443650245666504,-0.1812281608581543,-0.7394177317619324,-2.6864030361175537,-0.2420631806078912,0.2340965179742296,-0.5568958244471082,115.0
1652969052.581015,0.2608383893966675,0.2814057469367981,0.2297175228595733,-0.2334030568599701,-0.2362634986639022,-0.9432404637336732,-0.2336815297603607,-0.6409397125244141,-2.687937021255493,-0.2425754298328728,0.2385186716194317,-0.5841393217815574,115.0
1652969052.59113,0.2922037839889526,0.2710251212120056,0.158727154135704,-0.2327402383089065,-0.2400716990232467,-0.9424423575401306,-0.2853021025657654,-0.5830659866333008,-2.69326114654541,-0.242110129742711,0.2424397164460743,-0.6115440174568211,115.0
1652969052.600875,0.320654034614563,0.2527996897697449,0.0969049632549285,-0.231573224067688,-0.2433587908744812,-0.9418866038322448,-0.3456515967845917,-0.553398072719574,-2.704007625579834,-0.2410794019446618,0.2458272464669002,-0.639226880059632,115.0
1652969052.610836,0.3379121720790863,0.2503986358642578,0.052421435713768,-0.2301088273525238,-0.2459944039583206,-0.9415607452392578,-0.4222696721553802,-0.5379927754402161,-2.703683853149414,-0.2396925206540465,0.2485454871325334,-0.6671346825360808,115.0
1652969052.6210132,0.3554935455322265,0.256023108959198,0.0180144608020782,-0.2285099029541015,-0.2477354854345321,-0.9414936900138856,-0.5072087049484253,-0.5379552245140076,-2.6930744647979736,-0.2381057820079002,0.2503421756578847,-0.6952472789419615,115.0
1652969052.630814,0.3760774731636047,0.2512597441673279,-0.0271855890750885,-0.226983830332756,-0.2490289807319641,-0.9415215849876404,-0.5082619786262512,-0.5585273504257202,-2.6670429706573486,-0.2365677220034357,0.2516775165454039,-0.7232737322642472,115.0
1652969052.640772,0.3960599303245544,0.2711533904075622,-0.0296802520751953,-0.2257718443870544,-0.2502574622631073,-0.9414872527122498,-0.5049609541893005,-0.5940666794776917,-2.6510958671569824,-0.235359069457668,0.2529461622514704,-0.7510781462402912,115.0
1652969052.650669,0.4049175679683685,0.2999089956283569,-0.0302433371543884,-0.2250316888093948,-0.2516932785511017,-0.9412816762924194,-0.44226935505867,-0.6639102101325989,-2.633455276489258,-0.2346649203107373,0.2544294598504165,-0.7786889819964083,115.0
1652969052.66065,0.4013012647628784,0.3289706110954284,-0.0871236324310302,-0.2248333692550659,-0.2537118792533874,-0.9407870173454284,-0.3878457844257355,-0.6988398432731628,-2.608128547668457,-0.2345844194104691,0.2565157899631797,-0.8059652366001129,115.0
1652969052.67066,0.3760504126548767,0.343955397605896,-0.1437567472457885,-0.2247747629880905,-0.255901426076889,-0.940207839012146,-0.3823844194412231,-0.6816685795783997,-2.566849708557129,-0.2346647150090434,0.2587800667304855,-0.8328266719813052,115.0
1652969052.680616,0.3480882048606872,0.3277822136878967,-0.1729556918144226,-0.224339410662651,-0.2579524517059326,-0.9397512078285216,-0.3888845443725586,-0.6110491156578064,-2.51879620552063,-0.2343363624926012,0.2609023333646368,-0.8592559565011303,115.0
1652969052.690742,0.3264428079128265,0.29698646068573,-0.1920591294765472,-0.2230034917593002,-0.2597841024398803,-0.9395646452903748,-0.4118857383728027,-0.473156213760376,-2.4804701805114746,-0.233035623821038,0.2627986254665955,-0.8852822849530826,115.0
1652969052.700489,0.3283389806747436,0.3060246109962463,-0.2062376737594604,-0.2204135507345199,-0.2609253823757171,-0.9398594498634338,-0.5069406032562256,-0.3373190760612488,-2.4197640419006348,-0.2303547244405894,0.2639806585074419,-0.91096662845578,115.0
1652969052.7104778,0.3523871004581451,0.327673852443695,-0.2234705686569214,-0.2169043123722076,-0.2607975602149963,-0.9407109618186952,-0.6237258315086365,-0.2403890639543533,-2.349210500717163,-0.2266142997050818,0.2638482686287177,-0.9362709870505384,115.0
1652969052.720413,0.373647928237915,0.3207696080207824,-0.263732373714447,-0.2127745449542999,-0.2594304382801056,-0.9420312643051147,-0.7311350703239441,-0.1619363278150558,-2.2892086505889893,-0.2221402915106291,0.2624324034400033,-0.9611413265738084,115.0
1652969052.730417,0.3744420409202575,0.3357728719711303,-0.3103785514831543,-0.2081517726182937,-0.2567753493785858,-0.943789839744568,-0.8445242047309875,-0.0949759483337402,-2.235137224197388,-0.2170737615573907,0.2596841924839739,-0.9856805053434158,115.0
1652969052.740404,0.3610184788703918,0.3555836677551269,-0.337054431438446,-0.2032731175422668,-0.252774029970169,-0.9459309577941896,-0.9717056155204772,-0.05009725689888,-2.160142183303833,-0.2116730514030887,0.25554633136824,-1.0097910085807873,115.0
1652969052.75025,0.332821637392044,0.374747097492218,-0.3357343673706054,-0.1981475949287414,-0.2471818774938583,-0.9484928250312804,-1.1102114915847778,0.0184913892298936,-2.069553852081299,-0.2059459333529001,0.2497708012591341,-1.0333090549261483,115.0
1652969052.760467,0.3067335486412048,0.3704088926315307,-0.3229315280914306,-0.1926435977220535,-0.240071952342987,-0.9514483213424684,-1.2076146602630615,0.1165418997406959,-1.9389050006866453,-0.1997733185320003,0.2424399760922745,-1.0559088694703451,115.0
1652969052.770342,0.2878707945346832,0.3530313372611999,-0.3245274722576141,-0.1866592466831207,-0.2318689674139022,-0.9546701312065125,-1.266243577003479,0.2171374708414077,-1.8044406175613403,-0.1930863415210786,0.2339985710549427,-1.0772308661652337,115.0
1652969052.780209,0.275638997554779,0.3286587595939636,-0.3402283489704132,-0.1800426840782165,-0.2227141261100769,-0.9581143260002136,-1.316967487335205,0.3510217666625976,-1.6563419103622437,-0.1857474485513393,0.224597636984279,-1.097113020570212,115.0
1652969052.790207,0.251362144947052,0.3013321757316589,-0.3672051429748535,-0.1725352108478546,-0.2127050757408142,-0.9617630243301392,-1.3484479188919067,0.5040087103843689,-1.4760574102401731,-0.1775065978053641,0.2143425576375764,-1.1153165389699735,115.0
1652969052.800284,0.2328019738197326,0.3007374405860901,-0.3536059856414795,-0.1641374230384826,-0.2018596529960632,-0.9655628204345704,-1.38645339012146,0.6542742252349854,-1.2484464645385742,-0.168381838615234,0.2032562900540338,-1.131426728054285,115.0
1652969052.810112,0.2368971854448318,0.3001793026924133,-0.3121518790721893,-0.155079573392868,-0.1903810352087021,-0.9693840146064758,-1.3431508541107178,0.7697340250015259,-0.987997829914093,-0.1586332609200271,0.1915502678701265,-1.1449228008740495,115.0
1652969052.8199968,0.2512990236282348,0.3019469380378723,-0.2912976741790771,-0.1458607912063598,-0.1792986094951629,-0.9729217290878296,-1.2179200649261477,0.8063957691192627,-0.694448709487915,-0.1488120760781615,0.1802734606603418,-1.155334006065886,115.0
1652969052.8301492,0.2555327415466308,0.3242837190628052,-0.2542108297348022,-0.1370787471532821,-0.1687627583742141,-0.9760781526565552,-1.114556908607483,0.8088203072547913,-0.4033836424350738,-0.1395257865516287,0.1695742873843896,-1.1624811497857992,115.0
1652969052.839946,0.2412442117929458,0.2519451379776001,-0.274990439414978,-0.1286190897226333,-0.1587558537721634,-0.9789043664932252,-1.035529375076294,0.8468659520149231,-0.1732518523931503,-0.1306425051466742,0.1594303991689426,-1.166765570159128,115.0
1652969052.84988,0.205869048833847,0.1742101311683654,-0.4172595739364624,-0.1197637170553207,-0.1484294533729553,-0.9816442131996156,-1.1286473274230957,0.950123369693756,0.0078795859590172,-0.121403200439247,0.1489799507386771,-1.168921918845386,115.0
1652969052.85984,0.1696784198284149,0.1090100407600402,-0.5566911697387695,-0.1098029240965843,-0.1358899474143982,-0.9846203327178956,-1.4329944849014282,1.1175267696380615,0.1421250849962234,-0.1110591635062282,0.1363116908869077,-1.1696012884332103,115.0
1652969052.869813,0.1489794850349426,0.0604006648063659,-0.6224731206893921,-0.0981066823005676,-0.1199432238936424,-0.987921416759491,-1.7705365419387815,1.3078384399414062,0.2083280682563781,-0.0989816396449587,0.1202326912316866,-1.1694910329680532,115.0
1652969052.879747,0.1526723206043243,0.0650365352630615,-0.6078948378562927,-0.0848164781928062,-0.1008911430835723,-0.9912754893302916,-2.0358073711395264,1.434801697731018,0.2543643116950989,-0.08535508452893,0.1010630967631522,-1.1689307557628856,115.0
1652969052.8897629,0.1792669147253036,0.0710252523422241,-0.5345368981361389,-0.0705327838659286,-0.0799039527773857,-0.9943040013313292,-2.139064311981201,1.49615478515625,0.292276531457901,-0.0708182074812157,0.0799892217648396,-1.167827454010548,115.0
1652969052.899843,0.2085435092449188,0.0628990530967712,-0.453778475522995,-0.0557725168764591,-0.0588710121810436,-0.9967063665390016,-2.028982639312744,1.523646593093872,0.3334684669971466,-0.0558985246155551,0.0589050693660644,-1.166069991688072,115.0
1652969052.909673,0.2277590930461883,0.0344794392585754,-0.3808908462524414,-0.0408999659121036,-0.0403890274465084,-0.9983465671539308,-1.643814206123352,1.503533124923706,0.4164890646934509,-0.0409448067264286,0.0404000146857867,-1.1632229115053985,115.0
1652969052.919626,0.2303977757692337,0.0307596325874328,-0.2783844769001007,-0.0264335498213768,-0.0260435789823532,-0.9993112683296204,-1.1990760564804075,1.4344000816345217,0.5130088925361633,-0.0264456005953339,0.0260465232463534,-1.159076948136398,115.0
1652969052.929668,0.2261002957820892,0.0133055448532104,-0.2109583765268325,-0.0126145742833614,-0.0163822714239358,-0.9997861981391908,-0.7292707562446594,1.3710408210754397,0.614123523235321,-0.01261660216107,0.0163830051322619,-1.1536590899788026,115.0
1652969052.939548,0.2095122337341308,-0.0323291420936584,-0.2356158643960952,0.0009675024775788,-0.0106151718646287,-0.999943196773529,-0.4568746387958526,1.3880683183670044,0.701261579990387,0.0009675571465152,0.0106153708824641,-1.1471658504180209,115.0
1652969052.949609,0.1744000613689422,-0.0705382823944091,-0.3136429190635681,0.0150988325476646,-0.0063643641769886,-0.9998657703399658,-0.4410498738288879,1.4724953174591064,0.7960783243179321,0.0150997116856309,0.0063644072384093,-1.1396759611171157,115.0
1652969052.959434,0.148549884557724,-0.1352433562278747,-0.3912636041641235,0.0303746778517961,-0.0014365467941388,-0.9995375275611876,-0.6051347255706787,1.6052075624465942,0.8846592307090759,0.0303793809865624,0.001436547299033,-1.1311966771578248,115.0
1652969052.969579,0.1368942409753799,-0.1819363236427307,-0.4298434853553772,0.0470046773552894,0.0053592673502862,-0.9988802671432496,-0.8304892778396606,1.7235629558563232,0.9831634163856506,0.0470226812094046,-0.005359293184758,-1.121618270993195,115.0
1652969052.979396,0.1452645659446716,-0.2254980206489563,-0.4303510785102844,0.0646353363990783,0.0137403951957821,-0.9978143572807312,-0.9607716798782348,1.8017314672470093,1.099452257156372,0.0646865422419569,-0.0137408278279348,-1.110737689301875,115.0
1652969052.989378,0.1674508452415466,-0.2673676609992981,-0.3992094695568084,0.0829000920057296,0.0224852636456489,-0.9963041543960572,-0.9373249411582948,1.827215790748596,1.199812412261963,0.0830163757002903,-0.022487158907595,-1.0985827554574965,115.0
1652969052.999259,0.1985375583171844,-0.3110195398330688,-0.3729153871536255,0.1011908426880836,0.0294553618878126,-0.9944308996200562,-0.6932342648506165,1.7848190069198608,1.2857486009597778,0.1014084901251686,-0.0294596233324978,-1.0855048261127045,115.0
1652969053.009276,0.2357890307903289,-0.3019402027130127,-0.3114379346370697,0.1186726242303848,0.0334075801074504,-0.9923712611198424,-0.3854641914367676,1.657523274421692,1.3452197313308716,0.119019705280231,-0.0334137979333144,-1.0718590621937067,115.0
1652969053.019228,0.2700321078300476,-0.3037247657775879,-0.2739002704620361,0.1345699429512024,0.0338032729923725,-0.9903273582458496,-0.056906409561634,1.4629206657409668,1.4007326364517212,0.1350570951649798,-0.0338097145890017,-1.0579788437370423,115.0
1652969053.02907,0.2833282351493835,-0.2974616885185241,-0.2837636470794678,0.1485107541084289,0.0314138196408748,-0.9884117245674132,0.1143937036395073,1.276122808456421,1.4557117223739624,0.1491363116223017,-0.0314189891798884,-1.0439546213910873,115.0
1652969053.039112,0.2684678733348846,-0.3099113702774048,-0.3220540285110473,0.1607923805713653,0.027773056179285,-0.9865974187850952,0.129906341433525,1.1396305561065674,1.5321109294891355,0.1615562951092406,-0.0277766284944494,-1.0294503836371864,115.0
1652969053.048946,0.2447584420442581,-0.3557486534118652,-0.3509806096553802,0.172081172466278,0.0243510212749242,-0.9847817420959472,0.0346823632717132,1.0793777704238892,1.597869873046875,0.172993785441103,-0.0243534286908797,-1.0142029811533575,115.0
1652969053.058898,0.2357579618692398,-0.3877025842666626,-0.3635622262954712,0.1828058660030365,0.0213076267391443,-0.9829180836677552,0.0013891216367483,1.0313432216644287,1.6780883073806765,0.1838818808093048,-0.021309239732511,-0.9981501816130264,115.0
1652969053.068871,0.2451329231262207,-0.3777475953102112,-0.3563552796840668,0.1928553581237793,0.0179611463099718,-0.9810627698898317,0.0312455538660287,0.9459649324417114,1.7543210983276367,0.1941030147816081,-0.0179621116427079,-0.9813769582125274,115.0
1652969053.0788078,0.2582805752754211,-0.3118625283241272,-0.3121005296707153,0.2017108798027038,0.0135470936074852,-0.9793514013290404,0.1741302758455276,0.8072890639305115,1.820287823677063,0.2031232949674557,-0.0135475077414186,-0.9640951913988478,115.0
1652969053.089158,0.2608935236930847,-0.2722514867782593,-0.2707723081111908,0.2088940888643264,0.0065511581487953,-0.9779163002967834,0.4769987761974334,0.6304287910461426,1.8829541206359863,0.2104485479796017,-0.0065512049989426,-0.9467409696583956,115.0
1652969053.098743,0.2499570548534393,-0.2712856531143188,-0.2136362791061401,0.2144442051649093,-0.0032978907693177,-0.9767307043075562,0.6932424306869507,0.5097428560256958,1.933743596076965,0.2161239490514066,0.0032978966500647,-0.9294168667097747,115.0
1652969053.109184,0.2213108092546463,-0.263996958732605,-0.1885538697242736,0.2191188931465149,-0.0140828108415007,-0.97559654712677,0.5880749821662903,0.4804756939411163,1.9831368923187256,0.2209335947127967,0.0140832767438327,-0.9117725112039292,115.0
1652969053.1188722,0.1987079381942749,-0.2360205650329589,-0.244225338101387,0.2234722375869751,-0.0227881669998168,-0.9744438529014589,0.2480321228504181,0.4854876101016998,2.0057952404022217,0.2254349051473306,0.0227901407029512,-0.8933085727714367,115.0
1652969053.1287642,0.1936433017253875,-0.2272281646728515,-0.3217150866985321,0.2275755703449249,-0.027787422761321,-0.9733638763427734,-0.1499011218547821,0.4572485089302063,2.038213014602661,0.2296774811075099,0.0277910005340667,-0.8738232217994674,115.0
1652969053.138664,0.2250626385211944,-0.2386767268180847,-0.2893742024898529,0.2310073226690292,-0.0299922097474336,-0.9724896550178528,-0.3304131329059601,0.3641088902950287,2.088800430297852,0.233219747597784,0.0299967073308071,-0.8532126643607544,115.0
1652969053.148716,0.2669821381568908,-0.2524730563163757,-0.156376302242279,0.2332620024681091,-0.0323138386011123,-0.971876859664917,-0.1704410314559936,0.2277712672948837,2.142417430877685,0.2355562150334572,0.0323194631296497,-0.8320972907998968,115.0
1652969053.1586509,0.2874796390533447,-0.2775225639343261,-0.0113254189491271,0.2339895069599151,-0.037090677767992,-0.9715313911437988,0.1153148934245109,0.0854995623230934,2.182846546173096,0.2363448078899072,0.0370991856426524,-0.8110850843778709,115.0
1652969053.168617,0.2664628028869629,-0.2953025102615356,0.0533480606973171,0.2334608882665634,-0.0442232564091682,-0.9713600277900696,0.2674908339977264,0.0028134670574218,2.216367721557617,0.2358705405571704,0.0442376834598339,-0.7902615174774323,115.0
1652969053.178728,0.2134209275245666,-0.2889357805252075,0.0443847924470901,0.2326240092515945,-0.0516174249351024,-0.9711960554122924,0.1665083020925521,0.0621914640069007,2.248097419738769,0.2350941272760272,0.0516403721024783,-0.7691371210201304,115.0
1652969053.188566,0.1606784164905548,-0.2693316340446472,0.0038178674876689,0.2327389419078827,-0.0574372038245201,-0.970841646194458,-0.049975000321865,0.217001810669899,2.255618095397949,0.23528876601557,0.0574688335084912,-0.747423184322702,115.0
1652969053.198488,0.1395075023174286,-0.2373801469802856,0.0175839439034461,0.2342718094587326,-0.0611477494239807,-0.970246195793152,-0.2586918473243713,0.372156411409378,2.231476306915283,0.2369212661950059,0.0611859202288828,-0.7252812856480036,115.0
1652969053.208465,0.1470760703086853,-0.2177068591117859,0.079783871769905,0.2371402531862259,-0.063289076089859,-0.9694116711616516,-0.3626773655414581,0.5012784600257874,2.195194721221924,0.2399114573306879,0.063331403125302,-0.7030545196881328,115.0
1652969053.218435,0.1634106338024139,-0.1929364204406738,0.1199820786714553,0.2409625649452209,-0.0648672804236412,-0.9683642387390136,-0.3748445808887481,0.5687980651855469,2.149564027786255,0.2438815504533402,0.0649128604125481,-0.6810975592437438,115.0
1652969053.2283769,0.1762659549713134,-0.1357758045196533,0.1653767079114914,0.2449682056903839,-0.0666675567626953,-0.9672362804412842,-0.3115366995334625,0.5350046753883362,2.092183351516724,0.24805030821848,0.0667170437461798,-0.6597244815523237,115.0
1652969053.238346,0.1916380822658538,-0.0912227034568786,0.2053377330303192,0.2481354922056198,-0.0693208500742912,-0.9662418961524964,-0.1820698529481887,0.4138079285621643,2.000887632369995,0.2513727923974405,0.0693764874691618,-0.639281136765648,115.0
1652969053.24844,0.1728078722953796,-0.1162112355232238,0.2358918786048889,0.2502420842647552,-0.0728516951203346,-0.9654385447502136,-0.1024597138166427,0.3231555223464966,1.8898508548736568,0.2536189662467921,0.0729162890398471,-0.6201453624518246,115.0
1652969053.258198,0.1389108300209045,-0.1588571071624755,0.2533144950866699,0.2518210113048553,-0.0763887986540794,-0.9647543430328368,-0.1251752078533172,0.2926909923553467,1.7754055261611938,0.2553240555814102,0.0764632850033613,-0.6021760364361493,115.0
1652969053.2682428,0.1385912001132965,-0.2013878226280212,0.2385167479515075,0.253147691488266,-0.0791386663913726,-0.9641852974891664,-0.2061963081359863,0.2592789828777313,1.6812350749969482,0.2567559265669535,0.0792215040334248,-0.585071080830385,115.0
1652969053.27818,0.152444452047348,-0.2181191444396972,0.261717677116394,0.2539886832237243,-0.0809772685170173,-0.9638113975524902,-0.2681652009487152,0.1956403255462646,1.6015608310699463,0.2576672739659236,0.0810660305047866,-0.568613600941336,115.0
1652969053.288158,0.1473989486694336,-0.2183201313018798,0.3327352404594421,0.2542276382446289,-0.0822469070553779,-0.9636408686637878,-0.2891671359539032,0.1247163638472557,1.5360859632492063,0.2579427481764262,0.0823399145665407,-0.5527599832814277,115.0
1652969053.298096,0.1208302676677703,-0.1939973831176757,0.3750272989273071,0.2538493275642395,-0.0830503553152084,-0.9636716842651368,-0.3386236429214477,0.0482414551079273,1.451382398605347,0.2575677903875752,0.08314612724774,-0.5375327311016246,115.0
1652969053.308267,0.0924327373504638,-0.1853882074356079,0.3929545879364013,0.252827912569046,-0.0829417407512664,-0.9639495611190796,-0.4278424680233001,-0.0143561456352472,1.3581840991973877,0.2565056301970886,0.0830371370061829,-0.5229939645771904,115.0
1652969053.318136,0.075014978647232,-0.1945773959159851,0.3955498039722442,0.251538336277008,-0.0815696641802787,-0.9644038677215576,-0.5354938507080078,-0.0304819047451019,1.243073582649231,0.2551384343176039,0.0816603917482155,-0.5091786474711303,115.0
1652969053.328001,0.0636094808578491,-0.1888535618782043,0.3942302465438843,0.2503248453140259,-0.0789225995540618,-0.9649397134780884,-0.6280800104141235,-0.0301354266703128,1.101010799407959,0.2538248874464273,0.079004765322393,-0.4963588943878587,115.0
1652969053.338234,0.0474141836166381,-0.1589173078536987,0.4014633297920227,0.2492929846048355,-0.0752151310443878,-0.9655027985572816,-0.6621521711349487,-0.0259080342948436,0.9244649410247804,0.2526814493562658,0.07528622837502,-0.4849256750424054,115.0
1652969053.348069,0.0315648913383483,-0.1347957253456115,0.4115932583808899,0.2483423799276352,-0.0708186775445938,-0.966080129146576,-0.6798228025436401,-0.0510642528533935,0.7508111596107483,0.2516140191989626,0.0708780044144727,-0.4751814448012694,115.0
1652969053.3578548,0.0323460698127746,-0.1294089555740356,0.4168418943881988,0.2470881640911102,-0.0660880729556083,-0.9667366743087769,-0.6402398943901062,-0.1156405806541442,0.6186339855194092,0.2502328198564661,0.0661362795606586,-0.4669405574518256,115.0
1652969053.367834,0.0395324379205703,-0.1240119338035583,0.4142604172229767,0.245227113366127,-0.0617823526263237,-0.9674950242042542,-0.5399165153503418,-0.2042929530143737,0.516356348991394,0.2482381282300411,0.0618217230440762,-0.4600102493581694,115.0
1652969053.377798,0.0301651358604431,-0.1153599023818969,0.4423387348651886,0.2424331456422805,-0.0583665408194065,-0.968410849571228,-0.3998375236988067,-0.3179096281528473,0.4182679951190948,0.2452997879397356,0.0583997320247934,-0.4543300527627843,115.0
1652969053.387902,0.0122399926185607,-0.1321593523025512,0.4423098862171173,0.2386908084154129,-0.0560030899941921,-0.9694794416427612,-0.2866707742214203,-0.4123402833938598,0.3191147744655609,0.2414038525597678,0.0560324058030958,-0.4499687953781276,115.0
1652969053.397682,-0.019030287861824,-0.1266002058982849,0.4137691855430603,0.2343318313360214,-0.0539363995194435,-0.97065931558609,-0.2900404036045074,-0.4479904174804687,0.240122377872467,0.2368825982146787,0.0539625839641415,-0.446615187552061,115.0
1652969053.407651,-0.0320188403129577,-0.1091054677963256,0.3608918190002441,0.2297269999980926,-0.0512756779789924,-0.9719034433364868,-0.3733803033828735,-0.4745575785636902,0.2046352177858352,0.2321080939460813,0.0512981723733181,-0.4437303165775625,115.0
1652969053.417583,-0.0316503345966339,-0.1024079918861389,0.3293657004833221,0.2251318097114563,-0.0475205816328525,-0.9731687903404236,-0.4949753880500793,-0.4573378264904022,0.1800078004598617,0.2273396628105182,0.0475384858234521,-0.4408581920337997,115.0
1652969053.4276,-0.0447283387184143,-0.0906679630279541,0.2967969477176666,0.2206011712551117,-0.0424176417291164,-0.9744412899017334,-0.6301523447036743,-0.4689342975616455,0.1173611804842948,0.2226345280564018,0.0424303735776424,-0.4381352821415921,115.0
1652969053.437572,-0.047806903719902,-0.069516122341156,0.2589732408523559,0.2158367037773132,-0.0358286723494529,-0.9757719039916992,-0.7666922211647034,-0.5047815442085266,0.0420347414910793,0.2176906728934687,0.035836343876933,-0.4358422692504383,115.0
1652969053.447466,-0.0434702634811401,-0.0476987957954406,0.2117276638746261,0.2106913477182388,-0.0277829281985759,-0.9771577715873718,-0.8932312726974487,-0.5558341145515442,-0.0347982533276081,0.2123653674118046,0.0277865034435163,-0.4340532756910002,115.0
1652969053.4575992,-0.0333349704742431,-0.0405268669128418,0.179515540599823,0.2050879299640655,-0.0180470049381256,-0.9785771369934082,-1.0784797668457031,-0.6001444458961487,-0.1198740378022193,0.2065876795038406,0.01804798534748,-0.43275754106543,115.0
1652969053.467421,-0.0274415463209152,-0.0125980377197265,0.148308515548706,0.1988130360841751,-0.0063712229020893,-0.9800167083740234,-1.2357066869735718,-0.7068415880203247,-0.2055071890354156,0.2001507413921479,0.0063712658614446,-0.4319898906162995,115.0
1652969053.477392,-0.0073776394128799,0.0194805860519409,0.1152262985706329,0.1911850124597549,0.0065846513025462,-0.9815319180488586,-1.3173075914382937,-0.8583564162254333,-0.2687292397022247,0.1923735122200161,-0.0065846987429998,-0.4318557289811069,115.0
1652969053.487303,0.0017691701650619,0.0322965383529663,0.1140993535518646,0.1820229738950729,0.0201932806521654,-0.983086884021759,-1.3476146459579468,-1.004087209701538,-0.314615249633789,0.1830811543513009,-0.0201946532647749,-0.432231526946095,115.0
1652969053.497284,0.0066141486167907,0.0452902317047119,0.1374581456184387,0.1712881028652191,0.0343711078166961,-0.9846212267875672,-1.4323670864105225,-1.1728721857070925,-0.3858180642127991,0.172239728445231,-0.0343778796897309,-0.4332019818361566,115.0
1652969053.507242,0.0193811953067779,0.0955826640129089,0.1096547544002533,0.1582769155502319,0.0490214303135871,-0.986177146434784,-1.4144495725631714,-1.4338390827178955,-0.5020368099212646,0.1591382802240833,-0.0490410866772486,-0.4351995894429057,115.0
1652969053.517242,0.0299449265003204,0.1185192465782165,0.0210388898849487,0.1422963142395019,0.0642577782273292,-0.987736165523529,-1.541226506233215,-1.769285798072815,-0.6720111966133118,0.1430786787202781,-0.0643020842730624,-0.4387668645724304,115.0
1652969053.527352,0.0615890547633171,0.2348018288612365,-0.0478589385747909,0.1219131648540496,0.0815961584448814,-0.989181101322174,-1.7123221158981323,-2.2599985599517822,-0.9838207364082336,0.1226281588704626,-0.0816869729770951,-0.4446604849282664,115.0
1652969053.537149,0.1094562634825706,0.2193610072135925,-0.1536342203617096,0.0971630215644836,0.0979854613542556,-0.9904333353042604,-1.3943510055541992,-2.496391534805298,-1.5572019815444946,0.0977886220639075,-0.0981429390546379,-0.4555827450362926,115.0
1652969053.547106,0.1224085316061973,0.2103995680809021,0.078782632946968,0.0695012807846069,0.1120590716600418,-0.9912680387496948,-1.21004056930542,-2.748176336288452,-1.871585488319397,0.069998952301485,-0.1122949314364401,-0.4717396286112799,115.0
1652969053.557044,0.1361948698759079,0.1292530298233032,0.367101788520813,0.0405629687011241,0.1265505701303482,-0.9911304712295532,-1.586978316307068,-2.5936167240142822,-1.964310646057129,0.0409031363027618,-0.1268908154823518,-0.4903377818827314,115.0
1652969053.567019,0.0734317004680633,-0.1590356230735778,0.297923594713211,0.0144436825066804,0.1441693156957626,-0.9894475936889648,-1.855180740356445,-2.184835433959961,-1.8518003225326536,0.0145966861525647,-0.1446734723324796,-0.5090631768483918,115.0
1652969053.5769892,0.0221005380153656,-0.2983768582344055,0.3389740586280823,-0.0087338164448738,0.1632232666015625,-0.986550509929657,-1.9004106521606443,-2.01985502243042,-1.6053872108459473,-0.0088526517533693,-0.163956852880286,-0.526612865216622,115.0
1652969053.586965,-0.036466397345066,-0.2851380705833435,0.4466512799263,-0.0302297510206699,0.1796610206365585,-0.9832639694213868,-1.5088341236114502,-1.8234244585037231,-1.426674723625183,-0.0307346063742821,-0.1806418579685918,-0.5421562674726542,115.0
1652969053.597046,-0.0393535010516643,-0.3178367018699646,0.3613931238651275,-0.049528919160366,0.1915701627731323,-0.9802284240722656,-1.0419988632202148,-1.617830753326416,-1.2546368837356567,-0.0504850028342504,-0.1927616857006069,-0.5562787395575703,115.0
1652969053.606851,0.0025888606905937,-0.2965243458747864,0.2538320422172546,-0.0661722049117088,0.1999491155147552,-0.9775692224502563,-0.8663852214813232,-1.3043795824050903,-1.1068450212478638,-0.0675874508575698,-0.2013059801319766,-0.5687592337424985,115.0
1652969053.616837,-0.0202396288514137,-0.117426574230194,0.1523294597864151,-0.0795680880546569,0.2082052528858184,-0.9748433232307434,-1.022104024887085,-1.0255709886550903,-1.0927029848098757,-0.081440879313689,-0.20973964067865,-0.580530805846461,115.0
1652969053.626803,-0.04852856695652,0.0075263977050781,0.0465704649686813,-0.0908604487776756,0.2183221578598022,-0.971637725830078,-1.2751871347427368,-0.8250706195831299,-1.059912085533142,-0.0932415272321558,-0.2200948185239316,-0.5925573282500058,115.0
1652969053.636728,-0.0485890731215477,-0.004406988620758,0.1089723408222198,-0.1003366783261299,0.23140549659729,-0.9676693677902222,-1.633373737335205,-0.6736520528793335,-1.0128716230392456,-0.1033197877049788,-0.2335221412653704,-0.6044803404507352,115.0
1652969053.646714,-0.0473582446575164,0.0236674547195434,0.0768513828516006,-0.1091358810663223,0.2470164448022842,-0.9628459215164183,-1.8069461584091189,-0.6498106122016907,-1.1060916185379028,-0.1128654884801452,-0.2496000658964394,-0.6171197041418299,115.0
