1652955632.341209,-0.0263706445693969,-0.0127895176410675,0.0271756052970886,-0.2700923979282379,0.942886769771576,-0.1949741393327713,-0.1639446318149566,-0.1519304811954498,0.3333416581153869,-0.9455366013499712,-1.231192697205748,-0.4685337904313291,110.0
1652955632.351013,-0.0413428246974945,-0.0209966897964477,0.0445981621742248,-0.2669152021408081,0.94423246383667,-0.1928247213363647,-0.2219365686178207,-0.1637240201234817,0.422588974237442,-0.9451817174069508,-1.2352558243675866,-0.4664903783542165,110.0
1652955632.361083,-0.0555882453918457,-0.0246016979217529,0.0584632158279418,-0.2629847526550293,0.9459161162376404,-0.1899521499872207,-0.3053026497364044,-0.1642549037933349,0.5189612507820129,-0.9452645234571352,-1.2404069515708251,-0.4647952753021925,110.0
1652955632.3709378,-0.0670815408229827,-0.0466740280389785,0.0885236263275146,-0.2579154372215271,0.9480365514755248,-0.1862971931695938,-0.3872406482696533,-0.1474157273769378,0.6607208251953125,-0.9452477557772097,-1.2470067230407462,-0.4630876044069403,110.0
1652955632.380892,-0.0768535435199737,-0.0447384715080261,0.1182870864868164,-0.2510730922222137,0.9507436752319336,-0.1817935407161712,-0.498771995306015,-0.1120994389057159,0.8380608558654785,-0.9441005043772126,-1.2556262596246035,-0.4605118764067626,110.0
1652955632.39085,-0.0919927358627319,-0.0642616152763366,0.1510027050971985,-0.2424799054861068,0.9539930820465088,-0.1763541996479034,-0.5964658260345459,-0.036646232008934,1.0060242414474487,-0.9419860963467368,-1.2662833187880682,-0.4574806363214944,110.0
1652955632.400826,-0.0850444585084915,-0.1578555703163147,0.1826124191284179,-0.2322315424680709,0.9576005935668944,-0.1704983115196228,-0.6140110492706299,-0.0417632311582565,1.1620813608169556,-0.9375011479032268,-1.2785551136775877,-0.4524849121108245,110.0
1652955632.411132,-0.066799983382225,-0.2259881496429443,0.2274448871612548,-0.2205229997634887,0.9614284634590148,-0.1643926799297332,-0.6408282518386841,-0.0805769339203834,1.307165026664734,-0.9302024799288244,-1.2921492274730513,-0.444232800044886,110.0
1652955632.420774,-0.0718306452035904,-0.2759640216827392,0.2813101410865783,-0.2074051797389984,0.9654245376586914,-0.1579196453094482,-0.6623188853263855,-0.0935158506035804,1.4558346271514893,-0.9200349413160968,-1.307067002440737,-0.4327724551060384,110.0
1652955632.430707,-0.0858039259910583,-0.3303464651107788,0.3216014504432678,-0.1928520798683166,0.9694599509239196,-0.1515108197927475,-0.6234814524650574,-0.1338869780302047,1.5992552042007446,-0.9048778090023564,-1.3230192035237571,-0.4159453025847969,110.0
1652955632.440658,-0.1159155517816543,-0.3431129455566406,0.3453577160835266,-0.1768548488616943,0.9734748601913452,-0.1451530754566192,-0.6376911997795105,-0.1358977258205413,1.7432618141174316,-0.8835322016010491,-1.3399575613006738,-0.392551591132234,110.0
1652955632.450609,-0.1719025075435638,-0.3823705315589905,0.3493703603744507,-0.1595031321048736,0.9773508310317992,-0.1390833258628845,-0.5680401921272278,-0.0731192901730537,1.8605903387069704,-0.8536800935038616,-1.357558572408845,-0.3608587229592608,110.0
1652955632.46071,-0.2090983241796493,-0.4098806381225586,0.3482239246368408,-0.1408467143774032,0.9809539318084716,-0.133759468793869,-0.5132966637611389,0.0359856821596622,1.9650897979736328,-0.8112012483122524,-1.3753131352380603,-0.317304138232489,110.0
1652955632.470525,-0.2182007580995559,-0.4156661033630371,0.3603264093399048,-0.1210173815488815,0.98421710729599,-0.1291184723377227,-0.4508756101131439,0.1441081464290619,2.059173822402954,-0.7530226915261966,-1.3928942592235949,-0.2590458930018582,110.0
1652955632.4806771,-0.2086711376905441,-0.4117860198020935,0.3811491727828979,-0.1002125293016433,0.987030267715454,-0.1254148930311203,-0.3573292195796966,0.2509271800518036,2.1277060508728027,-0.6741602685326534,-1.4095643616087972,-0.1810330110884208,110.0
1652955632.490456,-0.1995161473751068,-0.4219952821731567,0.3956511616706848,-0.0785295069217681,0.9893739819526672,-0.1223620101809501,-0.327787309885025,0.3186875581741333,2.213545083999634,-0.5705750324252135,-1.4248861907199373,-0.0791284690247038,110.0
1652955632.500394,-0.1964375376701355,-0.4230526685714721,0.4107090830802917,-0.0559580810368061,0.9913142919540404,-0.1190158054232597,-0.4051587283611297,0.2965770065784454,2.279278516769409,-0.4395029926385149,-1.438900150167276,0.0500511575565704,110.0
1652955632.51035,-0.223770260810852,-0.4123950600624084,0.459058940410614,-0.0327757485210895,0.9929065108299256,-0.1142925694584846,-0.5889288187026978,0.2542604506015777,2.344514846801758,-0.2792759859261702,-1.4516167456966709,0.2088239408461431,110.0
1652955632.52028,-0.2700602114200592,-0.3786707520484924,0.5240334868431091,-0.0087941316887736,0.994185507297516,-0.1073216125369072,-0.836943507194519,0.2816401720046997,2.452976703643799,-0.0817591905787598,-1.4629061109060968,0.4049887330452417,110.0
1652955632.530262,-0.2978829145431518,-0.3233318328857422,0.5691303610801697,0.016449823975563,0.9950481057167052,-0.0980243310332298,-1.0158101320266724,0.2935511767864227,2.5834078788757324,0.1662644876502191,-1.4712374625365343,0.6514096520956288,110.0
1652955632.540281,-0.3098489344120025,-0.3010040521621704,0.6170344948768616,0.0429880060255527,0.9952245950698853,-0.0876372456550598,-1.0464757680892944,0.293343186378479,2.723278284072876,0.4560365607946219,-1.4730289819505156,0.9396730983882248,110.0
1652955632.550222,-0.3117530345916748,-0.307262659072876,0.7009230852127075,0.0709998831152916,0.9944047927856444,-0.0782201066613197,-0.7717268466949463,0.3659228384494781,2.876576662063598,0.7370494208612149,-1.4649621116104092,1.218849108107115,110.0
1652955632.560135,-0.2912648320198059,-0.3262434005737304,0.7972663640975952,0.1004689410328865,0.9922998547554016,-0.0724382176995277,-0.3222101330757141,0.4114671051502228,3.021080017089844,0.9461142567072224,-1.4466184673896554,1.4253317515264052,110.0
1652955632.570102,-0.2544976472854614,-0.34796804189682,0.8973499536514282,0.1311913877725601,0.9888043999671936,-0.0710993334650993,0.1340418457984924,0.3909549117088318,3.1567840576171875,1.0741535930450417,-1.4210194151641131,1.5505060435072342,110.0
1652955632.581779,-0.2296546548604965,-0.3555070757865906,0.9379752278327942,0.1634010225534439,0.9838083386421204,-0.0736310631036758,0.4711091518402099,0.3644918799400329,3.3446593284606934,1.1474304884900193,-1.3905988939445626,1.6209605397148674,110.0
1652955632.590047,-0.2312475889921188,-0.3167518377304077,0.8906331062316895,0.1971442103385925,0.9772257804870604,-0.078511819243431,0.6154106855392456,0.333522766828537,3.5048604011535645,1.1918032586155771,-1.3569685253588344,1.6626585969401844,110.0
1652955632.6006222,-0.2428046017885208,-0.2236624360084533,0.811696469783783,0.231909841299057,0.9691721200942992,-0.0832070857286453,0.4499748945236206,0.2893558442592621,3.6147403717041016,1.2263117556824126,-1.321848122062926,1.694929954560918,110.0
1652955632.610435,-0.2526130378246307,-0.1602042913436889,0.764431893825531,0.2672309577465057,0.9598569869995116,-0.0852180793881416,0.120385818183422,0.2007431387901306,3.683250188827514,1.262097877361105,-1.2864920052526512,1.72944474926418,110.0
1652955632.6204162,-0.2637881636619568,-0.1964291930198669,0.7260030508041382,0.3026064932346344,0.9493051171302797,-0.0851412490010261,0.0350036062300205,0.2140862792730331,3.7149057388305664,1.2965272970791155,-1.251017948767002,1.7631866401469545,110.0
1652955632.6298342,-0.2495835125446319,-0.191024899482727,0.690620481967926,0.3378250896930694,0.9372633695602416,-0.086089976131916,0.3339210450649261,0.1925476938486099,3.73783540725708,1.32127139707916,-1.214695666108703,1.7873397282580887,110.0
1652955632.639903,-0.2356756627559662,-0.1966152191162109,0.6916452646255493,0.3728063702583313,0.9235128164291382,-0.090219460427761,0.7332772612571716,0.2482154965400695,3.779480457305908,1.3333603251743111,-1.1771400081243066,1.798051687699166,110.0
1652955632.649948,-0.2327125668525695,-0.2217281460762024,0.6705947518348694,0.4078682363033294,0.9077591896057128,-0.0980655774474144,1.2766966819763184,0.395526111125946,3.8393030166625977,1.3348406028450164,-1.1379110061227469,1.7962264847704783,110.0
1652955632.659704,-0.2368463277816772,-0.2205183357000351,0.6036019325256348,0.4428857266902923,0.8898060917854309,-0.1099869534373283,1.8322499990463257,0.5602181553840637,3.862887144088745,1.3273791218765527,-1.096920129792263,1.7826285572518918,110.0
1652955632.669534,-0.2408756017684936,-0.1539974212646484,0.5139349102973938,0.4774326086044311,0.8696863651275635,-0.1253146678209304,2.32629919052124,0.7411682605743408,3.849790811538696,1.3141103119633395,-1.0545665176707435,1.760235113178024,110.0
1652955632.679513,-0.234618067741394,-0.0846002101898193,0.4187133312225342,0.511443018913269,0.8474457859992981,-0.1423437148332595,2.6008780002593994,0.9542760848999025,3.8414244651794434,1.2993481815065655,-1.011155339313757,1.733210226732279,110.0
1652955632.689415,-0.2249692678451538,0.0209121853113174,0.3204516172409057,0.544793426990509,0.823392927646637,-0.1588211059570312,2.617729425430298,1.0506569147109983,3.792588710784912,1.2871324611261747,-0.9673644130595356,1.7064998589969245,110.0
1652955632.699435,-0.2232425212860107,0.065181016921997,0.2171097993850708,0.5764987468719482,0.7984083890914917,-0.1737625449895858,2.530869007110596,1.0484741926193235,3.616175413131714,1.278046354910196,-0.9246472001797886,1.6824391203617215,110.0
1652955632.709341,-0.2311761379241943,0.0769209861755371,0.1116843819618225,0.6059472560882568,0.773188054561615,-0.187104731798172,2.4946205615997314,1.0858972072601318,3.421187400817871,1.271303574942198,-0.8838529378697924,1.660355571491516,110.0
1652955632.719441,-0.2475278973579406,0.0868012309074401,0.0212513804435729,0.6332243084907532,0.747883141040802,-0.1992431879043579,2.5344045162200928,1.1528040170669556,3.2094829082489014,1.2659551536453306,-0.8448674647295425,1.638720069378198,110.0
1652955632.729317,-0.2712506055831909,0.1148056387901306,-0.0415669679641723,0.6584119200706482,0.7226735353469849,-0.2103256285190582,2.6333913803100586,1.2818882465362549,2.9877912998199463,1.261597961894959,-0.8076625777810861,1.6163512878744422,110.0
1652955632.739282,-0.286563515663147,0.1507776975631714,-0.0762264132499694,0.6816288828849792,0.6976559162139893,-0.2205866426229477,2.7994906902313232,1.4005800485610962,2.7637779712677,1.2578158774002173,-0.7721203453322469,1.5922266302037833,110.0
1652955632.749172,-0.2962629795074463,0.1270102262496948,-0.0929958820343017,0.7029860615730286,0.6729214191436768,-0.230190172791481,3.0040104389190674,1.5488686561584473,2.519522428512573,1.2543534452039038,-0.7381511155737238,1.5657356457590343,110.0
1652955632.7594008,-0.2957800030708313,0.1009281575679779,-0.1146621704101562,0.7224615812301636,0.648658812046051,-0.2393558770418167,3.258472681045532,1.660556674003601,2.2551944255828857,1.2508714613227192,-0.7058208774648487,1.536228553581909,110.0
1652955632.769329,-0.2916117906570434,0.1204828023910522,-0.1455355286598205,0.7400829195976257,0.6250277757644653,-0.248229369521141,3.427946090698242,1.7442339658737185,1.999557375907898,1.2471801856705451,-0.6751670796883341,1.503769320124917,110.0
1652955632.779257,-0.2999714612960815,0.1750131547451019,-0.1645368933677673,0.7558737397193909,0.6026167273521423,-0.2559457719326019,3.3927481174468994,1.796993613243103,1.7061957120895386,1.2443050702574938,-0.6467760648255195,1.4703593501740138,110.0
1652955632.789363,-0.3175908923149109,0.2205359935760498,-0.1948080658912658,0.7698004245758057,0.5822287797927856,-0.2615668773651123,3.247527599334717,1.8871893882751465,1.4159369468688965,1.2432502750521663,-0.6214673195579501,1.437628735204476,110.0
1652955632.799142,-0.3172232508659363,0.2590649425983429,-0.2412765622138977,0.782295823097229,0.5639846324920654,-0.264451265335083,2.9993786811828613,1.9923386573791504,1.1784498691558838,1.2448111745948918,-0.599203130059555,1.4065705818701055,110.0
1652955632.809087,-0.3009849786758423,0.2626997828483581,-0.2929646968841553,0.7935234904289246,0.5483968257904053,-0.2637831270694732,2.497968435287476,2.057356119155884,0.9475847482681274,1.2498679451162182,-0.5804458645123616,1.379264744975491,110.0
1652955632.819065,-0.2715975046157837,0.2853209674358368,-0.3423182368278503,0.8033053874969482,0.5360438823699951,-0.2595336437225342,1.9123121500015257,1.991184115409851,0.7170999646186829,1.2583000258463888,-0.5657438124625068,1.3575599709558293,110.0
1652955632.829025,-0.2514846324920654,0.2797646820545196,-0.3803287744522095,0.8113753795623779,0.5269351601600647,-0.2530007660388946,1.488200545310974,1.8422406911849976,0.4689836204051971,1.2685336569897867,-0.5549904513684791,1.3407281938337183,110.0
1652955632.839282,-0.2727267146110534,0.2358496934175491,-0.3701578974723816,0.817511260509491,0.5208536386489868,-0.2457373738288879,1.1691721677780151,1.665375828742981,0.2215524762868881,1.2787964754742498,-0.5478506720943286,1.3270903018061626,110.0
1652955632.84893,-0.3380857706069946,0.1921182870864868,-0.3035374879837036,0.8221556544303894,0.5172978043556213,-0.2376199960708618,1.021315336227417,1.7065911293029783,0.0205661114305257,1.2894424816886445,-0.5436904712376519,1.315479716672501,110.0
1652955632.859181,-0.4031182527542114,0.1301367580890655,-0.2233229279518127,0.8260459899902344,0.515254020690918,-0.2283880710601806,1.095032811164856,1.8670846223831177,-0.1137348189949989,1.3010514657095398,-0.5413040471408267,1.303566940223575,110.0
1652955632.868876,-0.4326370358467102,0.1012660264968872,-0.1645252704620361,0.8295029401779175,0.5141041278839111,-0.2182245850563049,1.2648711204528809,2.057004690170288,-0.231839895248413,1.3135466349243403,-0.5399628434039704,1.2899162017586474,110.0
1652955632.878866,-0.4277395606040954,0.099808469414711,-0.1552939414978027,0.8325552344322205,0.513478696346283,-0.2078253626823425,1.601993203163147,2.22748064994812,-0.3513686656951904,1.326172042079082,-0.5392338234821642,1.272992162857425,110.0
1652955632.888808,-0.3978176712989807,0.0824280977249145,-0.1815212368965149,0.835058331489563,0.5133388638496399,-0.197891280055046,1.854014992713928,2.2823708057403564,-0.4643647372722626,1.3381097722693789,-0.5390709025690897,1.2522641616027763,110.0
1652955632.898774,-0.3779478669166565,0.0925405919551849,-0.2169954180717468,0.8367798328399658,0.5139619708061218,-0.1887930482625961,2.0108327865600586,2.277670860290528,-0.5748201012611389,1.3488932201981256,-0.5397971490742112,1.2290593168925776,110.0
1652955632.908747,-0.3972816467285156,0.0858452320098877,-0.2604649066925049,0.8376503586769104,0.5154849886894226,-0.1806023269891739,2.226858615875244,2.301458835601806,-0.7372140884399414,1.3584411485132022,-0.5415735541658543,1.203389894146499,110.0
1652955632.918695,-0.4399040341377258,0.036876305937767,-0.2689898014068603,0.8374719619750977,0.5184405446052551,-0.1728016436100006,2.277561664581299,2.3688771724700928,-0.9283424019813538,1.3673147689460614,-0.5450262599248574,1.1755546559583143,110.0
1652955632.92878,-0.4791672229766845,0.0212303549051284,-0.2465031147003173,0.8362838625907898,0.5230686068534851,-0.1644035279750824,2.203747034072876,2.4432027339935303,-1.0714678764343262,1.3766834993667716,-0.5504474084490955,1.1475917464930132,110.0
1652955632.938578,-0.4928972721099853,0.0235143154859542,-0.2534725069999695,0.8343738317489624,0.528939425945282,-0.1550603359937667,2.195535182952881,2.561563491821289,-1.186339020729065,1.3870521402306015,-0.5573503863452952,1.119866410624936,110.0
1652955632.948555,-0.4864233732223511,-0.0075697153806686,-0.2986472249031067,0.8315771222114563,0.5360891819000244,-0.1452165246009826,2.152000188827514,2.582679510116577,-1.3296815156936646,1.397911769477573,-0.5657974664472482,1.091988766574144,110.0
1652955632.958632,-0.4939013719558716,-0.0284571647644042,-0.3394935727119446,0.8274432420730591,0.5449226498603821,-0.1356358081102371,2.112109661102295,2.5042059421539307,-1.537464618682861,1.4083197259312843,-0.5762968663753145,1.0643687691932524,110.0
1652955632.9684849,-0.5437629222869873,-0.0183862596750259,-0.3322808742523193,0.8217477202415466,0.5555475354194641,-0.126877412199974,2.172609567642212,2.506218433380127,-1.7360347509384155,1.4176065258782486,-0.589021317343852,1.036114436966191,110.0
1652955632.9784498,-0.6146405339241028,-0.010642722249031,-0.2744965553283691,0.8147901892662048,0.5675721764564514,-0.1182329952716827,2.235559463500977,2.676198720932007,-1.860142469406128,1.4266936287433365,-0.6035540368549859,1.0065263153299275,110.0
1652955632.98844,-0.6573125720024109,0.0399466007947921,-0.236713171005249,0.8071540594100952,0.5802953839302063,-0.1084433048963546,2.218940258026123,2.8948371410369877,-1.9115641117095947,1.437243392072563,-0.619091366877735,0.97657719914207,110.0
1652955632.998486,-0.6650894284248352,0.1182192042469978,-0.2799718976020813,0.7987869381904602,0.5936009883880615,-0.0978639274835586,2.251966714859009,3.000091314315796,-1.996472954750061,1.4488881767922572,-0.6355260938681283,0.9462119406556728,110.0
1652955633.0083451,-0.6537526249885559,0.1707995533943176,-0.3325905799865722,0.7892811894416809,0.6077828407287598,-0.0873797163367271,2.1846730709075928,3.012408494949341,-2.108006238937378,1.4605373538314237,-0.653265600492596,0.9157176856630818,110.0
1652955633.018301,-0.6460261344909668,0.2087127566337585,-0.3301659822463989,0.7783808708190918,0.6230279207229614,-0.0771972313523292,2.0684690475463867,2.923234462738037,-2.2438278198242188,1.47194290976331,-0.6726077975639045,0.8861503514292371,110.0
1652955633.028277,-0.6596987247467041,0.2011080980300903,-0.2898321747779846,0.7660831212997437,0.6391516923904419,-0.0678377747535705,1.9576176404953003,2.8019232749938965,-2.323053359985352,1.4824752447156029,-0.6933947127136315,0.8576579336806075,110.0
1652955633.038515,-0.6731567978858948,0.1616318821907043,-0.2348009347915649,0.752853512763977,0.6555315256118774,-0.0590775199234485,1.8911672830581665,2.7889320850372314,-2.3190064430236816,1.4924853363535475,-0.7148862528249537,0.8301934328550413,110.0
1652955633.048176,-0.6587300896644592,0.130171000957489,-0.1995682716369629,0.7392049431800842,0.6715530753135681,-0.0509168393909931,1.9556753635406492,2.8231935501098637,-2.273892641067505,1.5020244088211003,-0.7363028748659,0.8024582349758108,110.0
1652955633.05829,-0.6105736494064331,0.1304250955581665,-0.1530665159225464,0.7253655791282654,0.6869562864303589,-0.0439992696046829,2.1225953102111816,2.8322556018829346,-2.222627639770508,1.5102124975588818,-0.7572922872482613,0.7729908678451057,110.0
1652955633.068256,-0.551880955696106,0.2000670433044433,-0.1016028523445129,0.711213231086731,0.7018682956695557,-0.0394529998302459,2.321964740753174,2.7390289306640625,-2.20645809173584,1.5153803063735232,-0.7780170206153816,0.7404592574628679,110.0
1652955633.078012,-0.512546181678772,0.3029058575630188,-0.0671477317810058,0.6968265771865845,0.7162413597106934,-0.0378301367163658,2.5772743225097656,2.6671862602233887,-2.156774044036865,1.5165603993796084,-0.7984012974560972,0.7042540225070377,110.0
1652955633.087987,-0.4869401454925537,0.3931160569190979,-0.0770338773727417,0.6825730204582214,0.7297895550727844,-0.038745928555727,2.717975854873657,2.690560102462769,-2.077761650085449,1.514092664267524,-0.8180140842121801,0.6640738581081901,110.0
1652955633.097932,-0.4477023482322693,0.4112728238105774,-0.1000006794929504,0.6688327193260193,0.7423346042633057,-0.0400264374911785,2.5292861461639404,2.721440553665161,-1.9628491401672363,1.5110224031645472,-0.8365479814532336,0.623370411560969,110.0
1652955633.1079102,-0.3822567462921142,0.4472153186798095,-0.135115385055542,0.655694305896759,0.753981351852417,-0.0397140383720397,2.0779242515563965,2.632209062576294,-1.8518246412277224,1.510302314426038,-0.8541020316229158,0.5867257661811995,110.0
1652955633.117854,-0.2930341958999634,0.5167882442474365,-0.1458132863044738,0.6430862545967102,0.7649235725402832,-0.0365025550127029,1.3732229471206665,2.4227452278137207,-1.7374900579452517,1.5140956466985895,-0.8709226693346707,0.5585356161044559,110.0
1652955633.1278272,-0.2125710248947143,0.5646828413009644,-0.1216728687286377,0.6310127973556519,0.7752068042755127,-0.02961809001863,0.666365385055542,2.177475690841675,-1.612627387046814,1.523893365765745,-0.8870424113731395,0.5414768493658968,110.0
1652955633.137948,-0.1506761312484741,0.6145292520523071,-0.0706121325492858,0.6194871664047241,0.7847539186477661,-0.0199247021228075,0.1163819581270217,1.9096933603286743,-1.4814677238464355,1.5386441908465849,-0.9022990265036632,0.5343126493912465,110.0
1652955633.147766,-0.1054869890213012,0.6772171258926392,0.0203972458839416,0.6087828874588013,0.7932929396629333,-0.0083480533212423,-0.3299129903316498,1.5918525457382202,-1.304581880569458,1.5570844924069218,-0.9161986691080376,0.5356379362391192,110.0
1652955633.157838,-0.0787299871444702,0.6822835206985474,0.1374261379241943,0.5993751883506775,0.8004554510116577,0.0045604184269905,-0.7096509337425232,1.3290183544158936,-1.0670897960662842,1.5784048002206883,-0.9280546710697868,0.5441941481504801,110.0
1652955633.167663,-0.0433613657951355,0.6602259874343872,0.2107463479042053,0.5917317867279053,0.8059468865394592,0.0174168664962053,-0.5869828462600708,1.131414771080017,-0.8182072639465332,1.6002215468367225,-0.9372732532217076,0.5560419069913657,110.0
1652955633.177637,0.0155584216117858,0.5934876203536987,0.2297682166099548,0.5854852199554443,0.8102555871009827,0.0263244118541479,-0.2239724397659301,0.8076729774475098,-0.7013465762138367,1.6157277658930178,-0.9445880581665675,0.5632432142304215,110.0
1652955633.187583,0.0494747757911682,0.5012415647506714,0.2993955016136169,0.579919695854187,0.814114511013031,0.0301763284951448,0.2945245206356048,0.5920083522796631,-0.6190945506095886,1.6227847950761534,-0.9512027560038008,0.5635008991962273,110.0
1652955633.197593,0.0598523020744323,0.4809021949768066,0.3634380102157593,0.5752185583114624,0.8175159692764282,0.0281310770660638,0.8772874474525452,0.4147250056266784,-0.505071222782135,1.619662420146572,-0.957084496753177,0.5535125329584332,110.0
1652955633.2075992,0.0480206608772277,0.518168568611145,0.3951565027236938,0.5711658596992493,0.8205417990684509,0.0219315495342016,1.0317070484161377,0.2100091427564621,-0.4859055280685425,1.6091753381293683,-0.9623582872175204,0.5369841841548605,110.0
1652955633.2175,0.0085482597351074,0.4786254167556762,0.3565443754196167,0.5672727227210999,0.8234027028083801,0.0144928963854908,1.0147852897644043,0.1671955734491348,-0.4492873549461365,1.596339144320006,-0.9673815834198036,0.5192078613728458,110.0
1652955633.227374,-0.0305324792861938,0.5034706592559814,0.2658878564834595,0.5637051463127136,0.8259395360946655,0.0077751418575644,0.8561967015266418,0.2321066707372665,-0.4124193489551544,1.5845883763026034,-0.9718667604532094,0.5026789473639004,110.0
1652955633.237387,-0.0329416394233703,0.5814323425292969,0.2062121033668518,0.5602701902389526,0.8283033967018127,0.0033150452654808,0.572239339351654,0.2738546431064605,-0.4168299436569214,1.5767131263024017,-0.9760727114350852,0.4899820880279326,110.0
1652955633.247339,0.010319173336029,0.6284294128417969,0.2084393501281738,0.556697428226471,0.8307147026062012,0.0010719498386606,0.2890779674053192,0.1598623096942901,-0.43927001953125,1.5727218763541722,-0.9803903007704132,0.4824369736532833,110.0
1652955633.257444,0.0532647371292114,0.6094670295715332,0.2448403239250183,0.5529822111129761,0.8331931233406067,9.104330092668532e-05,0.0510279163718223,0.0033884288277477,-0.4386713206768036,1.5709609673461344,-0.9848571612884806,0.4793324478550264,110.0
1652955633.267263,0.0711090564727783,0.5163151025772095,0.3098539113998413,0.5495116710662842,0.835486114025116,0.0001339149312116,-0.1459179073572158,-0.1393628567457199,-0.385028064250946,1.5710400248452732,-0.98901681781512,0.4802547230264806,110.0
1652955633.2773762,0.067172110080719,0.4917705059051513,0.378413438796997,0.546719491481781,0.8373152017593384,0.0009205866372212,-0.2575013637542724,-0.210714966058731,-0.2757941782474518,1.5724801623751112,-0.9923538558565298,0.4840537970614128,110.0
1652955633.28717,0.0628114938735961,0.527668833732605,0.4284522533416748,0.5449918508529663,0.8384391069412231,0.0018875346286222,-0.265374481678009,-0.2768564224243164,-0.1416161358356475,1.5742597312619255,-0.99441287762298,0.4890228081744156,110.0
1652955633.297014,0.0697342753410339,0.5828695297241211,0.4321370124816894,0.5441572666168213,0.8389810919761658,0.0018778127850964,-0.1669729948043823,-0.415368378162384,-0.0671598613262176,1.5742471774484603,-0.9954080714335471,0.4931040299813085,110.0
1652955633.3070989,0.0672305822372436,0.6040242910385132,0.4144782423973083,0.5437771677970886,0.8392296433448792,-3.559994729585014e-05,-0.0016221133992075,-0.5701777338981628,-0.0251327808946371,1.570730858899411,-0.9958650318032908,0.4947762377041811,110.0
1652955633.317025,0.0490661263465881,0.5903260111808777,0.4072452187538147,0.5437836050987244,0.8392146825790405,-0.0042511587962508,0.1780059039592743,-0.6929634809494019,0.0323360674083232,1.5629787455217743,-0.9958375280161994,0.493076226692574,110.0
1652955633.3270369,0.0281725525856018,0.5651696920394897,0.412194550037384,0.5444439053535461,0.8387361764907837,-0.0101158935576677,0.2849951982498169,-0.7514163851737976,0.1439829766750335,1.5522182346756492,-0.994958106161602,0.4888374211306107,110.0
1652955633.3370562,0.0126786231994628,0.580554723739624,0.3989312648773193,0.5460066795349121,0.8376105427742004,-0.0168950390070676,0.2979741394519806,-0.8312934041023254,0.2548558115959167,1.5398632808434944,-0.9928942520244888,0.4835321635312149,110.0
1652955633.347077,-0.0014043450355529,0.6226779222488403,0.3461509943008423,0.5482640266418457,0.8359625339508057,-0.0239383056759834,0.2449875921010971,-0.9320541024208068,0.3255390524864197,1.5271620380428703,-0.9898843387353286,0.4787656691174384,110.0
1652955633.357006,-0.012643814086914,0.6570898294448853,0.2861313819885254,0.5507146120071411,0.8341079950332642,-0.0312657877802848,0.169398233294487,-1.1066104173660278,0.3223013877868652,1.514084078138264,-0.9865137306592068,0.4752767580208472,110.0
1652955633.366842,-0.046147346496582,0.6422265768051147,0.2518260478973388,0.5530444383621216,0.8322498798370361,-0.0387567281723022,0.0963586419820785,-1.2077256441116333,0.3392912745475769,1.5008318368395197,-0.9831536653823812,0.473299989350246,110.0
1652955633.376899,-0.0849003791809082,0.641640305519104,0.2346670627593994,0.555481493473053,0.8302438259124756,-0.0462118312716484,0.0832617506384849,-1.23898446559906,0.3648359477519989,1.4877950681901464,-0.9795449251183675,0.4722123610402396,110.0
1652955633.386774,-0.0882303714752197,0.6456102728843689,0.2448372840881347,0.557834804058075,0.8282064199447632,-0.0537980869412422,0.0217640362679958,-1.3464919328689575,0.368562787771225,1.4746527692312226,-0.9758997186379024,0.4718423634161801,110.0
1652955633.3967109,-0.0686911940574646,0.6288565397262573,0.290266215801239,0.5602225661277771,0.826036274433136,-0.0617635920643806,-0.022492840886116,-1.5096302032470703,0.4145821928977966,1.460991459438438,-0.9720383193443896,0.4724785588273291,110.0
1652955633.4066792,-0.0765844583511352,0.6293940544128418,0.3203384280204773,0.5628820061683655,0.8235671520233154,-0.0700068399310112,-0.127117782831192,-1.653733491897583,0.486392468214035,1.447059581780152,-0.9676714747861568,0.4747213056180917,110.0
1652955633.416848,-0.1190382242202758,0.6437398195266724,0.3075946569442749,0.5659224390983582,0.8207470178604126,-0.0781422331929206,-0.234972208738327,-1.745123267173767,0.5633783340454102,1.433584549673838,-0.9627174297557984,0.4789227594533154,110.0
1652955633.426629,-0.159521996974945,0.666165828704834,0.2917739152908325,0.5692967772483826,0.8176621794700623,-0.0856146812438964,-0.3937248587608337,-1.8146454095840452,0.6192301511764526,1.4215281748334387,-0.9573383747116052,0.4858678761250163,110.0
1652955633.436569,-0.1807900071144104,0.6819073557853699,0.2746517062187195,0.5728340744972229,0.8144137859344482,-0.0926891714334487,-0.446082055568695,-1.8938144445419312,0.6533281803131104,1.4103786369546656,-0.9517182890055808,0.4947039978247031,110.0
1652955633.446527,-0.1746554970741272,0.6467536687850952,0.295689046382904,0.5763126015663147,0.8110766410827637,-0.1000922545790672,-0.50227290391922,-2.051715135574341,0.6781075596809387,1.3988346102032874,-0.9459903349175072,0.5046878680019313,110.0
1652955633.456609,-0.1801055669784546,0.5659357309341431,0.3496195077896118,0.5797942876815796,0.8075154423713684,-0.1084313839673996,-0.4290818870067596,-2.160160779953003,0.7337518334388733,1.3859150126796975,-0.9399276629586908,0.5146155954104209,110.0
1652955633.466416,-0.2076007723808288,0.5518263578414917,0.4067086577415466,0.5834857821464539,0.8035269379615784,-0.1178510710597038,-0.40727299451828,-2.250134229660034,0.8064242005348206,1.3714999222438509,-0.933196654189605,0.5240104536844192,110.0
1652955633.476406,-0.2434251308441162,0.5427623391151428,0.4358536005020141,0.5873887538909912,0.7991164922714233,-0.1280131936073303,-0.3653152883052826,-2.296401023864746,0.871393084526062,1.356215527242941,-0.9258241197434112,0.5331651058554102,110.0
1652955633.486501,-0.2733581066131592,0.5388911366462708,0.4290473461151123,0.5914580225944519,0.7943412661552429,-0.1385615020990371,-0.409813791513443,-2.336586236953736,0.9270179867744446,1.3406752758018776,-0.9179224138974064,0.5426371378561844,110.0
1652955633.496325,-0.2973430156707763,0.5600295066833496,0.4032832384109497,0.5955150127410889,0.7894046306610107,-0.1490034461021423,-0.486939936876297,-2.4064245223999023,0.9580662846565248,1.3256205939055326,-0.9098385337568948,0.553369402013758,110.0
1652955633.5062718,-0.3158212900161743,0.5661889314651489,0.3938744068145752,0.5993143916130066,0.7845008373260498,-0.1593132764101028,-0.651125431060791,-2.539512157440185,0.9782986044883728,1.3109790605031253,-0.9018907625822056,0.5660192581555412,110.0
1652955633.516329,-0.3377914428710937,0.5036481022834778,0.4324088096618652,0.6029129028320312,0.7797036170959473,-0.1689923256635666,-0.8117791414260864,-2.6156277656555176,1.0389890670776367,1.2975158523979688,-0.894192365410653,0.5816937330185143,110.0
1652955633.526187,-0.3536017537117004,0.4635660648345947,0.4685420393943786,0.6068366169929504,0.7745762467384338,-0.1782724857330322,-0.8988932967185974,-2.671074867248535,1.1522096395492554,1.285061694042681,-0.8860448269799809,0.5995157584742876,110.0
1652955633.53611,-0.3570982813835144,0.4678967297077179,0.4792705774307251,0.6110655665397644,0.7689745426177979,-0.1878216117620468,-0.8986746072769165,-2.767342567443848,1.2302700281143188,1.2725942532567136,-0.8772355610223126,0.618429445374203,110.0
1652955633.546072,-0.3635221123695373,0.4625312387943268,0.4733864665031433,0.6152312159538269,0.7629570364952087,-0.1984626054763794,-0.8641349673271179,-2.926704406738281,1.2925608158111572,1.258752838129508,-0.8678751515112353,0.6373119348118625,110.0
1652955633.556192,-0.3982218503952026,0.4318732023239136,0.4610766172409057,0.6190928220748901,0.7565595507621765,-0.210574984550476,-0.8372873663902283,-3.112330913543701,1.3581676483154297,1.2429370343536543,-0.8580357105128479,0.6561124543897989,110.0
1652955633.566026,-0.4528717994689941,0.3567800521850586,0.447614312171936,0.6227632164955139,0.7496971487998962,-0.2238759398460388,-0.8040362000465393,-3.15801215171814,1.43638813495636,1.225694011761783,-0.8476042857650041,0.6747539339863093,110.0
1652955633.575972,-0.4878715872764587,0.3156368732452392,0.442227840423584,0.6265130043029785,0.7422966957092285,-0.2376491427421569,-0.7963041067123413,-3.2052581310272217,1.5342161655426023,1.2082433373193344,-0.8364914066135736,0.6937735886246206,110.0
1652955633.5860949,-0.4971140027046203,0.3097748756408691,0.4192688465118408,0.6301707029342651,0.7343871593475342,-0.2521119117736816,-0.8135560750961304,-3.2898950576782227,1.615177035331726,1.190230253701204,-0.8247632850041777,0.7131544443131643,110.0
1652955633.595893,-0.5178722739219666,0.2991160452365875,0.3856579661369324,0.6335033178329468,0.7262194156646729,-0.2669810354709625,-0.8719985485076904,-3.386110782623291,1.6718429327011108,1.1719483971393947,-0.8128065633134518,0.7337045350786626,110.0
1652955633.605862,-0.562950611114502,0.2664946913719177,0.3434984683990478,0.6364217400550842,0.7179028987884521,-0.2821044325828552,-0.912894606590271,-3.4215757846832275,1.728639841079712,1.1535560769616515,-0.8007851757675803,0.7552119017794223,110.0
1652955633.6157842,-0.6127700805664062,0.2289757430553436,0.3096833229064941,0.638954222202301,0.7095275521278381,-0.2971673011779785,-0.9318138360977172,-3.4006810188293457,1.750862956047058,1.135469679382464,-0.7888275390395266,0.7774740343809542,110.0
1652955633.62573,-0.6459088325500488,0.1866169571876526,0.2872393131256103,0.6410870552062988,0.7011335492134094,-0.3121204972267151,-0.9850538969039916,-3.4032256603240967,1.7925316095352173,1.1177148023153831,-0.7769860173436007,0.8002241069875459,110.0
1652955633.635746,-0.6667611598968506,0.1624934673309326,0.2687283754348755,0.6428048610687256,0.6928805708885193,-0.3266780376434326,-1.1070425510406494,-3.4242048263549805,1.830110788345337,1.100604575734564,-0.7654763399146882,0.824507472052578,110.0
1652955633.645771,-0.6891889572143555,0.1241562366485595,0.2331541180610656,0.6441145539283752,0.6848909258842468,-0.3406479060649872,-1.1654804944992063,-3.393125534057617,1.8444907665252688,1.08432637524913,-0.7544539693055946,0.8501109453911274,110.0
1652955633.6561809,-0.6901776194572449,0.1074619889259338,0.2035644054412841,0.6449200510978699,0.6770813465118408,-0.3544560074806213,-1.15827214717865,-3.3801748752593994,1.84710693359375,1.0682508014853749,-0.7437892958621873,0.875997318819579,110.0
1652955633.665609,-0.6689554452896118,0.0628612637519836,0.2029905319213867,0.6451060175895691,0.6692476868629456,-0.3687084019184112,-1.096619725227356,-3.4126362800598145,1.8570728302001955,1.0515609177033989,-0.733195810756098,0.9014288712978652,110.0
1652955633.675566,-0.6522151231765747,-0.0032504796981811,0.2174276709556579,0.6446009874343872,0.661234438419342,-0.3837429285049438,-1.0287604331970217,-3.468449354171753,1.878347873687744,1.0338261619285425,-0.7224631268252282,0.9262608641509676,110.0
1652955633.685556,-0.6606115102767944,-0.0247464179992675,0.2187584638595581,0.6433538794517517,0.6530982255935669,-0.39944788813591,-0.986367642879486,-3.485193490982056,1.884671330451965,1.0151625595770115,-0.7116685124217291,0.9505593838362472,110.0
1652955633.695503,-0.6932260394096375,-0.0490361750125885,0.208026111125946,0.6415902376174927,0.644940197467804,-0.4152277112007141,-0.9983519911766052,-3.4425413608551025,1.9227492809295652,0.9964024393781028,-0.700945016307664,0.974834552763958,110.0
1652955633.705471,-0.7293771505355835,-0.0834879279136657,0.1843050718307495,0.6396402716636658,0.6369230151176453,-0.4303365051746368,-1.0990619659423828,-3.377173662185669,1.9697729349136357,0.9785740767466662,-0.6905003632401243,1.0000014874227252,110.0
1652955633.715423,-0.7585813999176025,-0.0944578945636749,0.143148124217987,0.6377012729644775,0.6293737888336182,-0.4441010355949402,-1.2297723293304443,-3.2630608081817627,2.005110502243042,0.9624843493313994,-0.6807471340550599,1.026875518378611,110.0
1652955633.725527,-0.7676748633384705,-0.1094980239868164,0.089805006980896,0.635854184627533,0.6223684549331665,-0.456450492143631,-1.3130853176116943,-3.145220994949341,2.0064845085144043,0.9481880186366412,-0.6717650202758275,1.0549437111553897,110.0
1652955633.735549,-0.7492011785507202,-0.1641513109207153,0.0634850263595581,0.6337379813194275,0.6159583330154419,-0.4679439961910248,-1.3326367139816284,-3.102645874023437,1.9556105136871336,0.9347689314994008,-0.6636018936859841,1.083440330767603,110.0
1652955633.7452989,-0.7221779823303223,-0.2268435359001159,0.0683264136314392,0.630838930606842,0.6099573373794556,-0.4795773923397064,-1.2456227540969849,-3.105933904647827,1.890715479850769,0.9207854023908832,-0.6560067439590811,1.111024170545425,110.0
1652955633.755383,-0.704001784324646,-0.3079516887664795,0.0951399207115173,0.6271737813949585,0.6039567589759827,-0.4918224513530731,-1.1133525371551514,-3.092427015304565,1.851340174674988,0.9057712090290394,-0.6484562673226334,1.1371555395198385,110.0
1652955633.765204,-0.7020488977432251,-0.3702554702758789,0.0964195132255554,0.6229626536369324,0.5976722836494446,-0.5046834349632263,-0.9307161569595336,-3.0181703567504883,1.8082399368286133,0.8899063539187537,-0.6405946086077093,1.1613789463132786,110.0
1652955633.7751598,-0.6965564489364624,-0.4079838395118713,0.0660138726234436,0.6184619665145874,0.5908922553062439,-0.5180262327194214,-0.7359840273857117,-2.9065911769866943,1.7620257139205933,0.8735429300239493,-0.6321643551182956,1.1834363159789878,110.0
1652955633.785142,-0.6969287395477295,-0.4292681813240051,0.0110440850257873,0.613783597946167,0.5837740302085876,-0.5314862132072449,-0.6240556240081787,-2.77234148979187,1.7093523740768433,0.8571333865217878,-0.6233692789810703,1.203633759427987,110.0
1652955633.795222,-0.6927803754806519,-0.4526427388191223,-0.0453020334243774,0.6091622114181519,0.5769335031509399,-0.5441223978996277,-0.6296602487564087,-2.5725302696228027,1.6383196115493774,0.8417338039296496,-0.6149693447434768,1.2228942906460942,110.0
1652955633.805026,-0.6697927713394165,-0.4702296853065491,-0.0905817747116088,0.6048972010612488,0.5710657835006714,-0.5549625754356384,-0.7564592361450195,-2.353475570678711,1.568015694618225,0.8284238919925248,-0.6078035763534625,1.2422799497558776,110.0
1652955633.814994,-0.6184982657432556,-0.4836877584457397,-0.1315023899078369,0.6011795401573181,0.5664541125297546,-0.5636602640151978,-0.8692474961280823,-2.133252620697021,1.5015559196472168,0.8175968114196385,-0.602196713873785,1.2622671970237,110.0
1652955633.824973,-0.5487229824066162,-0.5275981426239014,-0.1592546701431274,0.5979325771331787,0.5630326867103577,-0.5705005526542664,-0.9501346349716188,-1.9783931970596316,1.4107378721237185,0.808871447998253,-0.598050868138114,1.2825132855968384,110.0
1652955633.834899,-0.4846996068954468,-0.5698855519294739,-0.1682935357093811,0.5943950414657593,0.5607647895812988,-0.5764003992080688,-1.0050932168960571,-1.9363611936569212,1.28155255317688,0.8007665048694911,-0.5953091824054881,1.3024183375895488,110.0
1652955633.845022,-0.4547497034072876,-0.6094732284545898,-0.1642946600914001,0.5901409387588501,0.5595582723617554,-0.5819177031517029,-1.013988018035889,-1.92265260219574,1.1442253589630127,0.7924141077590043,-0.5938527515182624,1.3214789729363567,110.0
1652955633.854961,-0.4671669602394104,-0.6280025243759155,-0.1563735008239746,0.5851631760597229,0.5590834617614746,-0.587375283241272,-0.9557204842567444,-1.867619276046753,1.015075445175171,0.783511593835128,-0.5932799466953437,1.3391082036648974,110.0
1652955633.864799,-0.4955223202705383,-0.6652206778526306,-0.1326683163642883,0.5800255537033081,0.5590294599533081,-0.5925002694129944,-0.8973080515861511,-1.7439076900482178,0.9339207410812378,0.7747593498708341,-0.5932148057355887,1.3554032753602314,110.0
1652955633.874562,-0.4947696328163147,-0.7139633297920227,-0.1363856196403503,0.5753207802772522,0.5587336421012878,-0.5973464846611023,-0.7343199253082275,-1.58323335647583,0.894603967666626,0.7666178029580004,-0.5928580519455149,1.370252579806643,110.0
1652955633.884556,-0.4560712575912475,-0.779415488243103,-0.163612961769104,0.5712751150131226,0.5577322244644165,-0.6021457314491272,-0.5705336928367615,-1.410193920135498,0.8445357084274292,0.7590960185782261,-0.5916511194109517,1.3833222583650957,110.0
1652955633.894492,-0.4103986024856567,-0.8018668293952942,-0.2047263383865356,0.5678998231887817,0.5559226274490356,-0.6069924235343933,-0.3284932971000671,-1.235041260719299,0.7848820090293884,0.752137087841442,-0.5894725070399984,1.3942551741041496,110.0
1652955633.904472,-0.3823148012161255,-0.7968103289604187,-0.2427707314491272,0.565069317817688,0.5532565712928772,-0.6120489239692688,-0.2048872113227844,-1.080615520477295,0.7184443473815918,0.7455086724829456,-0.5862685924517606,1.4029654117380668,110.0
1652955633.9144092,-0.3873371481895447,-0.7945284843444824,-0.2684030532836914,0.5627827048301697,0.5508126616477966,-0.6163449287414551,-0.2437110543251037,-0.8892387747764587,0.6325744390487671,0.7400040641084931,-0.5833376119893264,1.4106915588715627,110.0
1652955633.924397,-0.4023838639259338,-0.7763184309005737,-0.3111379146575928,0.5611057877540588,0.5494344234466553,-0.6190978288650513,-0.3868783116340637,-0.7076109647750854,0.5402098894119263,0.7363003283162879,-0.5816871581188843,1.418392483814278,110.0
1652955633.934504,-0.4125066995620727,-0.7355395555496216,-0.366969347000122,0.5600286722183228,0.5496475696563721,-0.6198833584785461,-0.5737723112106323,-0.5131980776786804,0.4313085079193115,0.7347135187367995,-0.5819422978328138,1.4265160217148785,110.0
1652955633.9448829,-0.4005482196807861,-0.7010115385055542,-0.4212955832481384,0.5593616366386414,0.5518039464950562,-0.618568480014801,-0.7755743265151978,-0.3677592873573303,0.3041175901889801,0.7351769699204906,-0.584525774083465,1.4352375939249906,110.0
1652955633.954592,-0.3793616890907287,-0.6947694420814514,-0.4879276752471924,0.5586220026016235,0.5556614995002747,-0.6157774925231934,-0.8797942399978638,-0.2846478819847107,0.1483415067195892,0.7367686947195057,-0.5891583745726577,1.4439443522655009,110.0
1652955633.964464,-0.3738873600959778,-0.6606534123420715,-0.535457193851471,0.557511568069458,0.5608020424842834,-0.6121126413345337,-0.9175403118133544,-0.202745571732521,-0.0105229839682579,0.7387494439162198,-0.5953541688036434,1.4518649943043,110.0
1652955633.974326,-0.3966467380523681,-0.6171320676803589,-0.5367302894592285,0.5560095310211182,0.566805362701416,-0.6079350709915161,-0.8992763161659241,-0.1291536390781402,-0.1514557152986526,0.7408160131923115,-0.6026229805672197,1.4585198537157775,110.0
1652955633.984316,-0.4274448752403259,-0.5678985714912415,-0.5178841352462769,0.5542911887168884,0.5730598568916321,-0.6036254167556763,-0.7747599482536316,-0.0370881594717502,-0.2673304080963135,0.7428178655152291,-0.6102347264413581,1.463507753239685,110.0
1652955633.994254,-0.4460077285766601,-0.5177093744277954,-0.4998626708984375,0.5526209473609924,0.5789642333984375,-0.5995086431503296,-0.6204512119293213,0.0801537781953811,-0.3496281504631042,0.744724034595685,-0.6174577627849308,1.4664824244147612,110.0
1652955634.00438,-0.4328683614730835,-0.4719067215919494,-0.4975871443748474,0.5511087775230408,0.5840892195701599,-0.595918595790863,-0.3681924045085907,0.1749370098114013,-0.4447072446346283,0.7463519436477345,-0.623757513241525,1.4669980702921397,110.0
1652955634.014166,-0.3916451930999756,-0.4911473393440246,-0.4940566420555115,0.5490854382514954,0.5883864760398865,-0.5935541987419128,-0.1576419323682785,0.1243809983134269,-0.5688008069992065,0.7465002235649364,-0.6290618884960576,1.4646175750506771,110.0
1652955634.0241718,-0.369666576385498,-0.4695905447006225,-0.4774418473243713,0.545966625213623,0.5922336578369141,-0.5926042199134827,-0.0067642787471413,0.0707167088985443,-0.6730073690414429,0.7444595324136047,-0.6338281462697364,1.459588245048116,110.0
1652955634.034113,-0.392065942287445,-0.4343517422676086,-0.4706555008888244,0.5422734022140503,0.5958385467529297,-0.5923815965652466,0.0531991906464099,0.0849056020379066,-0.7182371020317078,0.7412652208443127,-0.6383093640165937,1.4529606290313075,110.0
1652955634.044119,-0.4107956290245056,-0.3889384269714355,-0.4975944757461548,0.5385270118713379,0.5996757745742798,-0.5919270515441895,-0.0483090579509735,0.1255126893520355,-0.7557440400123596,0.7381955723648636,-0.6430959005147346,1.446114440363356,110.0
1652955634.0541449,-0.4103248119354248,-0.3986759781837463,-0.5362094044685364,0.5346839427947998,0.6046755909919739,-0.5903224349021912,-0.1994933784008026,0.18340565264225,-0.8313092589378357,0.7359822775647296,-0.6493585272873191,1.4398634853723964,110.0
1652955634.063988,-0.4034423232078552,-0.3730575442314148,-0.5657196044921875,0.5306090116500854,0.6107329726219177,-0.5877578258514404,-0.2731947600841522,0.2318067401647567,-0.9099484086036682,0.7343422960512074,-0.6569859188331449,1.4338206909876052,110.0
1652955634.074078,-0.4237272143363952,-0.2851282358169555,-0.5728082060813904,0.5264951586723328,0.6171807646751404,-0.5847142338752747,-0.2237752228975296,0.3527698814868927,-0.988977074623108,0.7330534529979961,-0.6651545637789277,1.427026730588289,110.0
1652955634.146696,-0.4486034512519836,-0.2910433411598205,-0.5426419377326965,0.5222729444503784,0.6237271428108215,-0.5815457701683044,-0.1446311324834823,0.3968116343021393,-1.0948095321655271,0.7317516944912779,-0.6735020321707106,1.4188129735194972,110.0
1652955634.14704,-0.4562000036239624,-0.282089352607727,-0.507858157157898,0.5174487829208374,0.6300047636032104,-0.579086184501648,0.0263635143637657,0.4018565416336059,-1.1827126741409302,0.7292461958697329,-0.6815593519137669,1.4085014118703345,110.0
1652955634.15371,-0.6169144511222839,-0.0698941349983215,-0.4239588975906372,0.4749009311199188,0.6570063233375549,-0.5855013728141785,0.0126757994294166,0.3203098177909851,-1.5734487771987915,0.681473463130473,-0.7168408815795196,1.3058586998889743,110.0
1652955634.1636949,-0.6523085832595825,-0.0048518776893615,-0.4265081286430359,0.46644127368927,0.6650182008743286,-0.5832523107528687,-0.150224968791008,0.4229221940040588,-1.646035075187683,0.6745730334158806,-0.7275181904512531,1.2898854981968753,110.0
1652955634.176207,-0.6745672225952148,0.0327215790748596,-0.398486316204071,0.4579686820507049,0.6736479997634888,-0.5800542831420898,-0.1252986490726471,0.528082013130188,-1.7234209775924685,0.668322430793052,-0.7391338296093262,1.273472945806572,110.0
1652955634.184576,-0.6638961434364319,0.0277265310287475,-0.3445076942443847,0.4492813050746918,0.6818642616271973,-0.5772413015365601,0.0603087656199932,0.5927795171737671,-1.8234422206878664,0.6613840162115949,-0.7503082445166873,1.2548985803438577,110.0
1652955634.193409,-0.6296155452728271,-0.0060166120529174,-0.2799227833747864,0.439750462770462,0.6891787648200989,-0.5758925676345825,0.2866244614124298,0.5542700290679932,-1.9364557266235352,0.6521472092142867,-0.7603550398270241,1.233089833696403,110.0
1652955634.203306,-0.6012589931488037,0.017745018005371,-0.2446206212043762,0.4292314052581787,0.6955483555793762,-0.5761709213256836,0.477623701095581,0.5590450763702393,-2.033884048461914,0.6402756242305766,-0.7691828210171517,1.2080197584728307,110.0
1652955634.2132711,-0.6054831743240356,0.0473277568817138,-0.2325702309608459,0.4179221391677856,0.7014271020889282,-0.5773570537567139,0.5106255412101746,0.5825021266937256,-2.1577107906341557,0.6265565326072186,-0.7773977656949471,1.1802995792101556,110.0
1652955634.223219,-0.6196929216384888,0.0992782711982727,-0.2173488140106201,0.4058715403079986,0.7082240581512451,-0.5776565670967102,0.2677084803581238,0.6534867882728577,-2.28027868270874,0.6124804254126874,-0.7869794616117218,1.1516456447724936,110.0
1652955634.233159,-0.6258602142333984,0.1953725814819336,-0.2302618622779846,0.3935909271240234,0.7167730927467346,-0.5756063461303711,-0.0406577289104461,0.8221180438995361,-2.3667337894439697,0.599760257931103,-0.7991635406100617,1.1235680044345555,110.0
1652955634.2431169,-0.6134719848632812,0.2883992195129394,-0.2530005574226379,0.3813400566577911,0.7273963093757629,-0.5705037117004395,-0.3785228729248047,1.0216529369354248,-2.5047495365142822,0.5892202666844637,-0.8145200010472992,1.0963195907657173,110.0
1652955634.253207,-0.5795109868049622,0.2967965602874756,-0.2357833385467529,0.3687565922737121,0.7394759058952332,-0.5631997585296631,-0.4665362536907196,1.1623538732528689,-2.6298277378082275,0.5797090998548586,-0.8322915329650663,1.06839927371877,110.0
1652955634.262897,-0.5162436962127686,0.2886040806770324,-0.1443643569946289,0.3553703129291534,0.7517557740211487,-0.55549556016922,-0.4868918657302856,1.1275362968444824,-2.7107484340667725,0.5691256308078134,-0.8507206085046387,1.0387962646243565,110.0
1652955634.273315,-0.4877588450908661,0.3052087426185608,-0.0368432998657226,0.3403742015361786,0.7640466094017029,-0.548067569732666,-0.484435498714447,1.018041729927063,-2.8300044536590576,0.5557496592122378,-0.8695622683298488,1.0070156547869211,110.0
1652955634.282901,-0.5041015148162842,0.3226621150970459,0.03537118434906,0.3235595524311065,0.7759081125259399,-0.5415494441986084,-0.3611324727535248,0.9465544819831848,-2.913907766342163,0.5385571316376329,-0.8881532937514233,0.9721464981368032,110.0
1652955634.292889,-0.5141592025756836,0.3268505930900574,0.076579213142395,0.3061056435108185,0.7864121198654175,-0.5365216135978699,-0.1293405294418335,1.035843849182129,-2.92139220237732,0.5184740571093914,-0.9049788866552262,0.9339386048451952,110.0
1652955634.302812,-0.4577540159225464,0.2790887951850891,0.0953395962715148,0.2888239920139313,0.7950717806816101,-0.5333307385444641,0.1319813579320907,1.1356916427612305,-2.9505906105041504,0.4963306867652971,-0.9191259280970188,0.8921646634301101,110.0
1652955634.312794,-0.3175375163555145,0.2401062250137329,0.0880935192108154,0.2711202800273895,0.8023331165313721,-0.5317474603652954,0.2633348107337951,1.1404736042022705,-3.026161432266236,0.4715097279041073,-0.931193899141,0.8468343534772657,110.0
1652955634.323046,-0.1926807761192321,0.219714879989624,0.0364244580268859,0.2520679831504822,0.8088056445121765,-0.5313146114349365,0.3152831792831421,1.034337878227234,-3.1728334426879883,0.4429776082240725,-0.9421183540121634,0.7979319378637848,110.0
1652955634.332725,-0.1729549914598465,0.2287975549697876,-0.0082377791404724,0.2307247668504715,0.8155955672264099,-0.5306316614151001,0.0569515191018581,0.9380059242248536,-3.3956453800201416,0.4101516695362204,-0.953757706732092,0.7454669162110306,110.0
1652955634.342706,-0.2516428530216217,0.2601662278175354,-0.0180637240409851,0.2070414125919342,0.8241549730300903,-0.5271644592285156,-0.4206984043121338,0.9535249471664428,-3.616546154022217,0.3742368001719896,-0.9687086071304846,0.6902100889999686,110.0
1652955634.353133,-0.3418770432472229,0.2539219856262207,-0.028635025024414,0.1816139817237854,0.8350315093994141,-0.5193639397621155,-0.9900338649749756,1.0516756772994995,-3.7921602725982666,0.3363945265643503,-0.9881900247229678,0.632576240182433,110.0
1652955634.362805,-0.3835791945457458,0.2082930207252502,-0.0410547852516174,0.1548499315977096,0.8473749756813049,-0.5079145431518555,-1.2618008852005005,1.156923532485962,-3.933398485183716,0.2959223344343,-1.0110220001257275,0.5714287969454418,110.0
1652955634.372776,-0.3790930509567261,0.1784330904483795,0.0181162357330322,0.127139925956726,0.859264075756073,-0.4954801797866821,-1.2227641344070437,1.2605609893798828,-4.000692844390869,0.251180172644563,-1.0338293170316473,0.5049009301215708,110.0
1652955634.38267,-0.3584573864936828,0.1607614457607269,0.1317120194435119,0.098813846707344,0.8691120743751526,-0.48464435338974,-0.935234010219574,1.3246201276779177,-4.03584098815918,0.2011325589736937,-1.0534043419289356,0.4321660792384366,110.0
1652955634.392628,-0.3347747325897217,0.1623309850692749,0.2199254035949707,0.0700957849621772,0.8760218620300293,-0.4771503210067749,-0.534682035446167,1.3521971702575684,-4.04517936706543,0.1458617323202361,-1.0675506236352317,0.353558997551064,110.0
1652955634.402886,-0.346353679895401,0.1642148494720459,0.2460175156593322,0.0409185215830802,0.8800506591796875,-0.4731137454509735,-0.2395478636026382,1.3622876405715942,-4.108636379241943,0.0862730176561264,-1.0759688175694535,0.2702591900351467,110.0
1652955634.412609,-0.3859205842018127,0.1863401234149933,0.1932125687599182,0.0106611885130405,0.8818606734275818,-0.471389502286911,-0.0905062481760978,1.3200088739395142,-4.22793436050415,0.0226126614949165,-1.0797939493419366,0.1828802838113279,110.0
1652955634.422699,-0.4388059973716736,0.1850807666778564,0.1018528938293457,-0.0210481118410825,0.8821101784706116,-0.4705727100372314,-0.1421902179718017,1.293797254562378,-4.390511512756348,-0.0446989190460903,-1.0803233378857129,0.0918288563171045,110.0
1652955634.432427,-0.4798125624656677,0.2183102667331695,0.0603075623512268,-0.054550215601921,0.8814648985862732,-0.4690884351730346,-0.3148669302463531,1.2367757558822632,-4.593215465545654,-0.1157698321734307,-1.0789551869563403,-0.0030627832482833,110.0
1652955634.442487,-0.5040137767791748,0.2652745246887207,0.0903106927871704,-0.0900718793272972,0.8801940679550171,-0.4659886360168457,-0.6081227660179138,1.1915781497955322,-4.793112277984619,-0.1909373243653941,-1.0762709483441195,-0.1021470077076779,110.0
1652955634.452912,-0.5442122220993042,0.2616671025753021,0.1425405144691467,-0.1271592527627945,0.8783182501792908,-0.4608552753925323,-0.818584680557251,1.1760828495025637,-4.917760372161865,-0.2692214452179229,-1.0723329619952242,-0.204531395590797,110.0
1652955634.462396,-0.5838334560394287,0.2300323247909546,0.1514490246772766,-0.165022075176239,0.8746740818023682,-0.4557555913925171,-0.7220314741134644,1.2236453294754028,-5.015901565551758,-0.3473997898858724,-1.0647629548046371,-0.3073380361305957,110.0
1652955634.472306,-0.6333411931991577,0.2083207368850708,0.1687682271003723,-0.2034660577774047,0.8681275844573975,-0.4527207314968109,-0.4942379295825958,1.2793726921081543,-5.147552013397217,-0.4223794023366309,-1.0514172967240178,-0.4076266361738821,110.0
1652955634.482198,-0.7030254006385803,0.1652047634124755,0.2182403802871704,-0.2425770014524459,0.8579620718955994,-0.4528328776359558,-0.1194893568754196,1.2907086610794067,-5.293694972991943,-0.4917885016183504,-1.0312893912079086,-0.5028845546976847,110.0
1652955634.492227,-0.7616221904754639,0.1568359136581421,0.248902678489685,-0.2821704745292663,0.8434281945228577,-0.4571745991706848,0.3280765414237976,1.297734260559082,-5.443812370300293,-0.5529743064478129,-1.003632689242469,-0.5899710698412498,110.0
1652955634.502068,-0.8460875153541565,0.1790388226509094,0.2646321058273315,-0.322323739528656,0.824616551399231,-0.4648816883563995,0.5723795294761658,1.2334355115890503,-5.632668495178223,-0.6062460416691264,-0.9695240715312046,-0.6689469658200061,110.0
1652955634.512178,-0.9282153248786926,0.2199839949607849,0.2913943529129028,-0.3633801341056824,0.8023098707199097,-0.4735545217990875,0.5381753444671631,1.1131832599639893,-5.852733612060547,-0.6545103909878619,-0.9311549431553972,-0.7426451471073824,110.0
1652955634.5221848,-0.9463000297546388,0.3053359985351562,0.3388967514038086,-0.405033677816391,0.7775737047195435,-0.480964720249176,0.3038949370384216,1.021973967552185,-6.010856628417969,-0.6999059510503066,-0.8907978935119529,-0.8134660766456056,110.0
1652955634.532295,-0.9394911527633668,0.2874719500541687,0.4248239994049072,-0.4465867877006531,0.7509726285934448,-0.4864160716533661,0.0663950890302658,0.874865710735321,-6.097257137298584,-0.7427347177619749,-0.8495337747410737,-0.8819167605481619,110.0
1652955634.54216,-0.9435100555419922,0.1699412763118744,0.6182740926742554,-0.4872150123119354,0.7232633829116821,-0.4893992245197296,-0.2393898665904998,0.6603614091873169,-5.93189001083374,-0.7831616540660121,-0.8085163294695469,-0.9470748877924942,110.0
1652955634.552075,-0.8887192606925964,0.2051934897899627,0.9678143858909608,-0.5242597460746765,0.6973467469215393,-0.4887323081493377,-0.8865436315536499,0.5854889750480652,-5.32165002822876,-0.8204555981820899,-0.7716889049766446,-1.0081635151860842,110.0
1652955634.562176,-0.7881265878677368,0.4662228226661682,1.496679186820984,-0.553975522518158,0.6799260377883911,-0.4804287850856781,-2.749098300933838,0.7809479236602783,-4.225433826446533,-0.856379274565157,-0.7476617868545932,-1.069650843357424,110.0
1652955634.571796,-0.6477379202842712,0.8375892043113708,1.834911227226257,-0.5736060738563538,0.6754648089408875,-0.4633826315402984,-3.8396127223968506,1.4339433908462524,-3.144618511199951,-0.8912924274265347,-0.7415948453136505,-1.1377566378084008,110.0
1652955634.5820088,-0.4725030064582824,0.380845695734024,1.4966269731521606,-0.5841680765151978,0.6757362484931946,-0.4495865106582641,-2.7060625553131104,1.5813080072402954,-2.133479595184326,-0.914857222414502,-0.7419630415845478,-1.1953220382626446,110.0
1652955634.591865,-0.1011615395545959,0.2048053443431854,1.3111804723739624,-0.5906871557235718,0.6725383996963501,-0.4458484053611755,-0.8311030864715576,1.1455453634262085,-1.7609031200408936,-0.9242327366917932,-0.7376334273445944,-1.2300414633247638,110.0
1652955634.6016688,0.0629429817199707,0.0012319982051849,1.4603116512298584,-0.5992283225059509,0.661331295967102,-0.4511831402778625,1.0357807874679563,0.3395234048366546,-1.8134987354278564,-0.9254160675359524,-0.7225922532152085,-1.243073723811279,110.0
1652955634.611793,0.0917415618896484,-0.0692335069179534,1.3079349994659424,-0.6108912825584412,0.6433740854263306,-0.4613908231258392,2.060780763626098,-0.4032582640647888,-1.6985417604446411,-0.9239278439878555,-0.6988975499228154,-1.2399010656821037,110.0
1652955634.62173,0.0727272033691406,0.03409144282341,0.8953255414962769,-0.6241797804832458,0.6233359575271606,-0.4710115790367126,2.00793194770813,-0.734685480594635,-1.64140522480011,-0.924352104385432,-0.6730016308790532,-1.231325673422518,110.0
1652955634.631992,0.0413804054260253,0.0984206199645996,0.6782000064849854,-0.6376022696495056,0.6054608821868896,-0.4763197302818298,1.2620441913604736,-0.7656019926071167,-1.5595568418502808,-0.9291869634246904,-0.6503448040033413,-1.226688616085419,110.0
1652955634.641695,-0.0195155143737792,0.1196508705615997,0.7059385180473328,-0.6498265266418457,0.5920350551605225,-0.4766759872436523,0.2050438523292541,-0.4701266586780548,-1.5236262083053589,-0.9379108704115948,-0.633581677735105,-1.23068692438839,110.0
1652955634.651744,-0.0686044692993164,0.1467790305614471,0.8127526640892029,-0.6597280502319336,0.5832128524780273,-0.4739426970481872,-0.523353099822998,-0.0169310104101896,-1.445663332939148,-0.9478337407161548,-0.6226782784739708,-1.2434223557363404,110.0
1652955634.661613,-0.0758991241455078,0.0915020704269409,0.8338032960891724,-0.6668224334716797,0.5770244002342224,-0.4715831875801086,-0.6653592586517334,0.3982765674591064,-1.3143281936645508,-0.9552481096456068,-0.6150806778515387,-1.2595306646875266,110.0
1652955634.6716142,-0.0269325375556945,0.0104352831840515,0.8379888534545898,-0.6714164614677429,0.5714808106422424,-0.4718152582645416,-0.4703779518604278,0.5994254350662231,-1.136712908744812,-0.9582496928710248,-0.6083092185874113,-1.2738150144728448,110.0
1652955634.681484,0.086758553981781,-0.0514625310897827,0.9311726093292236,-0.6748322248458862,0.5660502910614014,-0.47348552942276,-0.2329866886138916,0.4522498548030853,-0.967454433441162,-0.9589742795826488,-0.6017067173596354,-1.28463433585983,110.0
1652955634.691475,0.1703554391860962,-0.0508500039577484,0.9782518744468688,-0.6781221032142639,0.5609174370765686,-0.4748915731906891,-0.0525223761796951,0.2001499086618423,-0.7403855323791504,-0.9598664341045302,-0.5954935385584244,-1.2919730061304262,110.0
1652955634.701578,0.1554646492004394,-0.0116595029830932,0.9356307983398438,-0.681084156036377,0.5565566420555115,-0.4757824242115021,0.1222965717315673,0.0142335668206214,-0.4977675080299377,-0.9610332423969008,-0.5902354586984337,-1.2958803462442046,110.0
1652955634.711347,0.1191735863685607,0.0376837253570556,0.9145885705947876,-0.6834130883216858,0.5530017018318176,-0.4765874743461609,0.283807635307312,-0.0979744121432304,-0.268174797296524,-0.9618418970511752,-0.5859626396759852,-1.2965093953394853,110.0
1652955634.721541,0.0999167561531066,0.0452522933483123,0.9204844832420348,-0.6848471164703369,0.5501270294189453,-0.4778541922569275,0.464210957288742,-0.1279421597719192,-0.0520654059946537,-0.9615799533889148,-0.5825163548284511,-1.2939057568849406,110.0
1652955634.731269,0.0894719362258911,0.0025455355644226,0.8304667472839355,-0.6852055191993713,0.5478139519691467,-0.4799930155277252,0.6268385648727417,-0.1308719515800476,0.1398762166500091,-0.9597284811908814,-0.5797489904419206,-1.2882404854812954,110.0
1652955634.741329,0.0823062658309936,-0.0184534192085266,0.6823299527168274,-0.6846165060997009,0.5458806157112122,-0.4830267131328583,0.7480347752571106,-0.0806860253214836,0.2532802820205688,-0.9563595940258754,-0.5774397469254532,-1.2801281013228478,110.0
1652955634.751371,0.0523765683174133,-0.0015651583671569,0.5795104503631592,-0.6833122372627258,0.5442078113555908,-0.4867465496063232,0.7341483235359192,-0.0188572220504283,0.3192194402217865,-0.9518403751701446,-0.5754445847395858,-1.2708873849278268,110.0
1652955634.761195,0.0364114642143249,0.0139235854148864,0.507612407207489,-0.6814004778862,0.543260395526886,-0.4904707968235016,0.610495388507843,0.0366899259388446,0.3667571246623993,-0.946906214783104,-0.5743156646270344,-1.2619851914544609,110.0
1652955634.771426,0.0397721529006958,0.02997887134552,0.4237954616546631,-0.6790544390678406,0.5433066487312317,-0.4936629831790924,0.434648334980011,0.0603637807071208,0.4016703963279724,-0.9421876678729852,-0.574370806879182,-1.2542368587668282,110.0
1652955634.781079,0.043042242527008,0.0444150865077972,0.3598068952560425,-0.676602303981781,0.5443068742752075,-0.4959226250648498,0.2775591313838959,0.0525942742824554,0.4063112139701843,-0.938290123064584,-0.5755626383843497,-1.2480883939817429,110.0
1652955634.791301,0.0403019189834594,0.0473758578300476,0.3270905017852783,-0.6741214990615845,0.5460174679756165,-0.4974185526371002,0.1888640075922012,0.0177161823958158,0.4372386038303375,-0.9350993939648402,-0.5776031002113224,-1.242901955453947,110.0
1652955634.8008451,0.0343138575553894,0.0620211064815521,0.3085718750953674,-0.6717039346694946,0.5482854247093201,-0.4981935620307922,0.1063917651772499,-0.0279016364365816,0.4607149064540863,-0.9326373064846464,-0.5803126440296584,-1.238302797757034,110.0
1652955634.810885,0.0259450674057006,0.0754347145557403,0.2725417017936706,-0.6692402958869934,0.5510819554328918,-0.4984236061573028,0.0828124731779098,-0.0473660416901111,0.5149363875389099,-0.9306570509714792,-0.5836603070386532,-1.2340184857690937,110.0
1652955634.820874,0.0158920884132385,0.0751207172870636,0.2171809673309326,-0.6664962768554688,0.5542270541191101,-0.4986131191253662,0.1049718409776687,-0.0487306453287601,0.5628929734230042,-0.9285053154828912,-0.5874340564260817,-1.2292591393102077,110.0
1652955634.830788,0.0037108659744262,0.0808753073215484,0.1704519391059875,-0.6635618805885315,0.5574074983596802,-0.4989813566207886,0.1462362557649612,-0.0520852692425251,0.5868135690689087,-0.9260330025304756,-0.5912599143625079,-1.2238813747390087,110.0
1652955634.840955,-0.0015488862991333,0.0870279371738433,0.1391381621360778,-0.6605146527290344,0.5605230927467346,-0.499534010887146,0.1775252074003219,-0.0581833757460117,0.5989160537719727,-0.9232881314366708,-0.595017297992967,-1.2180214338883208,110.0
1652955634.850821,-0.0011445879936218,0.0904269218444824,0.0989295840263366,-0.6574705243110657,0.5636070370674133,-0.5000796914100647,0.1820946633815765,-0.0854836478829383,0.6109345555305481,-0.9205383298871866,-0.5987459871840384,-1.211853884357553,110.0
1652955634.860742,-0.0099417567253112,0.0912127494812011,0.0456675291061401,-0.654502272605896,0.5666677355766296,-0.5005144476890564,0.1876955479383468,-0.0965834408998489,0.610115110874176,-0.9179374274426224,-0.6024559248311415,-1.2056368883839086,110.0
1652955634.870645,-0.030470073223114,0.0913653373718261,0.0098041296005249,-0.6515215039253235,0.5697704553604126,-0.5008807182312012,0.1609767079353332,-0.0969164967536926,0.6180533766746521,-0.9153800896431836,-0.6062265131216436,-1.1994209591927545,110.0
1652955634.880641,-0.0452069640159606,0.0963038802146911,-0.0132413506507873,-0.6484575867652893,0.5730863213539124,-0.5010737776756287,0.1454169303178787,-0.0966381952166557,0.6243743896484375,-0.912914581351615,-0.6102670755029536,-1.1934320209488447,110.0
1652955634.890576,-0.049669861793518,0.0963308215141296,-0.0383701920509338,-0.6453527212142944,0.5762119889259338,-0.5014974474906921,0.2039205878973007,-0.0834853798151016,0.6143274307250977,-0.910181558871768,-0.6140863137583299,-1.187144365036168,110.0
1652955634.9005132,-0.0562651753425598,0.1028991937637329,-0.0418711304664611,-0.6423127055168152,0.579011082649231,-0.5021758675575256,0.2173024415969848,-0.0905776470899581,0.5896322131156921,-0.907236612976678,-0.6175152375988936,-1.180559945284686,110.0
1652955634.910637,-0.0565215349197387,0.1282610893249511,-0.0424073934555053,-0.639492928981781,0.5817140340805054,-0.5026506781578064,0.1416203379631042,-0.10743959993124,0.5519859790802002,-0.9046415084060064,-0.6208343727220585,-1.1744301087637832,110.0
1652955634.920496,-0.0448579788208007,0.1488900184631347,-0.0692025423049926,-0.6370725631713867,0.5847054719924927,-0.502252995967865,0.0053032366558909,-0.1544566601514816,0.5023677945137024,-0.903183186514149,-0.6245169389274469,-1.169694449397863,110.0
1652955634.930696,-0.0391807556152343,0.1385802626609802,-0.1108353734016418,-0.6351966857910156,0.5880540013313293,-0.5007171034812927,-0.1491580456495285,-0.2003809362649917,0.4470013678073883,-0.9032385794744516,-0.6286507991069483,-1.1667737781681693,110.0
1652955634.940364,-0.0316700339317321,0.1142874360084533,-0.130656361579895,-0.6337658166885376,0.591776967048645,-0.4981375634670257,-0.2511866688728332,-0.231591060757637,0.4119986295700073,-0.9046527452722316,-0.6332614777032356,-1.165508243236049,110.0
1652955634.95041,-0.0271205306053161,0.0889810919761657,-0.1273654103279113,-0.6325474977493286,0.5957491993904114,-0.4949411451816559,-0.3278601169586181,-0.2413356751203537,0.3926545083522796,-0.9068443283450992,-0.6381981534602671,-1.165219312033806,110.0
1652955634.960427,-0.0357197523117065,0.0766522288322448,-0.1074519157409668,-0.6314555406570435,0.5998988747596741,-0.4913098216056824,-0.3882481157779693,-0.2296294867992401,0.3699550330638885,-0.9095777872853312,-0.643374680461831,-1.165819423425244,110.0
1652955634.970218,-0.0445219874382019,0.0832234621047973,-0.0958825349807739,-0.6303589940071106,0.6040917634963989,-0.4875660538673401,-0.4091386795043945,-0.1951954513788223,0.3482563197612762,-0.9124405945016584,-0.6486257091665755,-1.1670609592131858,110.0
1652955634.9803262,-0.050878882408142,0.0809272527694702,-0.1072050929069519,-0.6292206048965454,0.6081664562225342,-0.4839576482772827,-0.408913105726242,-0.1721708178520202,0.3142096698284149,-0.9151588379758284,-0.6537487152169178,-1.1685602216486135,110.0
1652955634.9901562,-0.0485461354255676,0.0721820890903472,-0.1178017854690551,-0.6282573938369751,0.6118507981300354,-0.4805530309677124,-0.3515441119670868,-0.1791896373033523,0.2743006944656372,-0.9178282687390076,-0.6583984138052522,-1.1701121199941342,110.0
1652955635.000106,-0.0330946445465087,0.0606919527053833,-0.1028293967247009,-0.6276261806488037,0.6149754524230957,-0.4773789644241333,-0.270426332950592,-0.223666563630104,0.242357388138771,-0.9205391048693886,-0.6623548205884907,-1.1712825292645233,110.0
1652955635.009989,-0.025492787361145,0.0479357838630676,-0.0759408473968505,-0.6273850202560425,0.6174600720405579,-0.4744799733161926,-0.1580940783023834,-0.2743001580238342,0.2229709923267364,-0.923286850981214,-0.6655095781438111,-1.171702718443313,110.0
1652955635.020057,-0.0202476382255554,0.0308491885662078,-0.053600788116455,-0.6274421215057373,0.6191983222961426,-0.4721333682537079,0.0023115752264857,-0.3186375498771667,0.2166145592927932,-0.9257142857749128,-0.6677213171624583,-1.1708610657240894,110.0
