1652967133.5823522,-0.0031699240207672,-0.0092725753784179,0.0486383438110351,-0.3937416076660156,0.4754399955272674,-0.786717414855957,-0.3185143172740936,-0.06193682923913,0.0299817472696304,-0.4640368722604076,-0.4954640905613967,-0.5266355151407397,102.0
1652967133.592446,-0.0243452489376068,-0.0045675039291381,0.1017012298107147,-0.3939895927906036,0.4781937301158905,-0.7849222421646118,-0.3414382040500641,-0.0179077982902526,0.0309716463088989,-0.4652042466559559,-0.4985968956902605,-0.5280817437573208,102.0
1652967133.602571,-0.0255244076251983,0.0111352801322937,0.1644918918609619,-0.3936496675014496,0.4816109240055084,-0.7830011248588562,-0.5389930605888367,0.0526534542441368,0.0716732665896415,-0.4658409431008043,-0.5024919421737112,-0.5297063886665911,102.0
1652967133.612342,0.0037568807601928,0.0159318447113037,0.1562733650207519,-0.3927795886993408,0.4861063063144684,-0.780656635761261,-0.4391918778419494,0.0170776154845953,0.1311230510473251,-0.4661564857811147,-0.5076286785714743,-0.5312780925731633,102.0
1652967133.622366,0.0463389456272125,-0.0468801856040954,0.2506777942180633,-0.3919961750507355,0.489358127117157,-0.7790170311927795,-0.1934148520231247,-0.0136669818311929,0.1935874968767166,-0.4661989890148917,-0.5113535824870582,-0.531370779555454,102.0
1652967133.632278,0.0403704941272735,-0.0835977792739868,0.3625337481498718,-0.3910326063632965,0.4901120364665985,-0.7790273427963257,0.2190956771373748,-0.0113217486068606,0.2515588998794555,-0.4652062150527976,-0.5122182796661857,-0.529040165370193,102.0
1652967133.6422582,0.0107366144657135,-0.0823417901992797,0.4052029848098755,-0.3896427750587463,0.4887331128120422,-0.7805885076522827,0.378236323595047,0.011714594438672,0.3222248256206512,-0.4629796961734629,-0.5106370258318496,-0.524497991354575,102.0
1652967133.652175,-0.0011747479438781,-0.0704150199890136,0.380048394203186,-0.3877716660499573,0.4875205159187317,-0.7822766900062561,0.2597216069698334,0.0165988318622112,0.3920724391937256,-0.4601987359393859,-0.509247668146285,-0.5191650611133736,102.0
1652967133.6630049,-0.0139250457286834,-0.090140700340271,0.3266684114933014,-0.385549932718277,0.4877083599567413,-0.7832571864128113,0.1175346300005912,0.0281247273087501,0.4481620788574219,-0.4574197742249214,-0.5094628196089781,-0.5138947299107345,102.0
1652967133.672284,-0.0299528837203979,-0.0846025347709655,0.3628553748130798,-0.38299560546875,0.4888138473033905,-0.7838209867477417,0.0860787630081176,0.0420928485691547,0.4813518524169922,-0.4545073922246727,-0.5107295853055482,-0.5087001663744091,102.0
1652967133.682333,-0.0350533127784729,-0.0755804181098938,0.4441018402576446,-0.3801382482051849,0.489568144083023,-0.784740686416626,0.2714906930923462,0.0524602681398391,0.5172722935676575,-0.4511000790928027,-0.5115944095659775,-0.5027779629810014,102.0
1652967133.692033,-0.0239736437797546,-0.0812564492225647,0.5333298444747925,-0.3770424723625183,0.4887037873268127,-0.7867703437805176,0.5793748497962952,0.051282349973917,0.5607073307037354,-0.4468924663626486,-0.5106034334357016,-0.495391358857109,102.0
1652967133.702002,-0.0047678053379058,-0.170223593711853,0.5699297785758972,-0.374184101819992,0.4839946925640106,-0.7910343408584595,1.1061829328536987,0.0130153885111212,0.5480991005897522,-0.4418409154103985,-0.5052139652477317,-0.4854277368691171,102.0
1652967133.711945,-0.0116530954837799,-0.1978209614753723,0.6147520542144775,-0.3712661266326904,0.4761292338371277,-0.7971588969230652,1.3644219636917114,0.0426947213709354,0.5708752870559692,-0.4358631845203708,-0.4962477054877595,-0.4736063387459545,102.0
1652967133.7219172,-0.0306191742420196,-0.2054947614669799,0.5161206722259521,-0.3681691288948059,0.4673692584037781,-0.803752064704895,1.3217546939849854,0.0654780641198158,0.5814120769500732,-0.4295389086609187,-0.4863126758081262,-0.4612533740399722,102.0
1652967133.731861,-0.0593351125717163,-0.1821901202201843,0.4129695892333984,-0.3646149933338165,0.4596804976463318,-0.8097837567329407,1.1389039754867554,0.1535900235176086,0.5759767889976501,-0.4230719174622868,-0.4776353901100287,-0.4496215062213869,102.0
1652967133.741982,-0.0605330169200897,-0.1699951291084289,0.3931665122509002,-0.3605179190635681,0.4526280760765075,-0.8155701160430908,1.1558300256729126,0.2026241421699524,0.5588864684104919,-0.4162180919531205,-0.4697104232636095,-0.4386957658880794,102.0
1652967133.752017,-0.0236107409000396,-0.1954105496406555,0.4599410891532898,-0.3564703464508056,0.4442641735076904,-0.8219234943389893,1.4105842113494873,0.1715146005153656,0.5567055344581604,-0.4092186780127678,-0.4603527617416443,-0.4273450702155093,102.0
1652967133.761784,-0.0324375033378601,-0.2486203908920288,0.5264053344726562,-0.3528468310832977,0.4334181845188141,-0.8292452692985535,1.713455319404602,0.1116632372140884,0.582512378692627,-0.4022971248504129,-0.4482823009653087,-0.4147341178047348,102.0
1652967133.771694,-0.1243870556354522,-0.2904849052429199,0.5544297695159912,-0.3491846323013305,0.420454204082489,-0.8374295830726624,1.8889080286026,0.1828037202358245,0.6020527482032776,-0.3950511870862696,-0.433945873285317,-0.4009799294670613,102.0
1652967133.781699,-0.1912349462509155,-0.309672474861145,0.5455166697502136,-0.3444552421569824,0.4064791202545166,-0.84624183177948,1.9316216707229612,0.3351386785507202,0.6449349522590637,-0.3865615556381386,-0.4185971464005504,-0.386714351501693,102.0
1652967133.79164,-0.1388490796089172,-0.3415184020996094,0.4973039329051971,-0.3385983407497406,0.3925122916698456,-0.8551521897315979,1.9275373220443728,0.3764749765396118,0.7596862316131592,-0.3770109678355361,-0.4033615021544635,-0.3718734574304257,102.0
1652967133.8016028,-0.0928629636764526,-0.3851102590560913,0.4812064170837402,-0.3320789635181427,0.3793129324913025,-0.863623321056366,1.7701812982559204,0.4160452783107757,0.8896213173866272,-0.3670892521278287,-0.3890536181516508,-0.3562413573894826,102.0
1652967133.811703,-0.1351953744888305,-0.3494251370429992,0.4436382353305816,-0.3244602978229522,0.368022471666336,-0.8713696002960205,1.5750685930252075,0.530639111995697,1.0128792524337769,-0.3564512463463767,-0.3768813346246406,-0.3403570825568352,102.0
1652967133.8214889,-0.1863161921501159,-0.2641209959983825,0.4205504357814789,-0.3154384791851043,0.3579681813716888,-0.8788386583328247,1.527816891670227,0.660878598690033,1.109847903251648,-0.344604921484223,-0.3660909734550288,-0.3240069692349133,102.0
1652967133.831472,-0.2075201272964477,-0.2079207897186279,0.4454445540904999,-0.3048546314239502,0.3482260406017303,-0.8864548802375793,1.510633111000061,0.8107280731201172,1.207821011543274,-0.3312330542437748,-0.3556780357787959,-0.3070319035081418,102.0
1652967133.8414369,-0.2418367564678192,-0.2128992080688476,0.4156229794025421,-0.2929837107658386,0.3389545977115631,-0.8940191864967346,1.4216320514678955,0.9077643156051636,1.3067386150360107,-0.3166857808031546,-0.3458055090519532,-0.2894677166694545,102.0
1652967133.8513808,-0.2719827592372894,-0.2816429138183594,0.3905287981033325,-0.2798512279987335,0.3298080563545227,-0.9016151428222656,1.5101964473724363,1.0214169025421145,1.4108392000198364,-0.3009603329805625,-0.3361002346976229,-0.2710976344468354,102.0
1652967133.861373,-0.2807711958885193,-0.3243908882141113,0.4457888901233673,-0.2652491927146911,0.3197903037071228,-0.909602701663971,1.6713411808013916,1.1642345190048218,1.4779322147369385,-0.2837418527990864,-0.3255081544939869,-0.2517977186600946,102.0
1652967133.871293,-0.2682559788227081,-0.3865024447441101,0.4039337635040283,-0.249581441283226,0.307690292596817,-0.9181697964668274,1.8447633981704712,1.2213748693466189,1.579590916633606,-0.2654119918423109,-0.3127646089053191,-0.2313478716950812,102.0
1652967133.8814468,-0.2814777791500091,-0.3729411363601684,0.3655238151550293,-0.2330332547426223,0.2936863303184509,-0.927061915397644,2.0687689781188965,1.3227195739746094,1.654581069946289,-0.2462653247624451,-0.2980809530874664,-0.2098083385942679,102.0
1652967133.891196,-0.352910965681076,-0.2662217020988464,0.3314833343029022,-0.2154025435447693,0.2785934805870056,-0.935941994190216,1.990843653678894,1.4431066513061523,1.7253150939941406,-0.2262062707688168,-0.2823293059803294,-0.1877814950282822,102.0
1652967133.901185,-0.4006632566452026,-0.1497817039489746,0.2250729203224182,-0.1964893788099289,0.2646273374557495,-0.9441208839416504,1.734566569328308,1.572789192199707,1.828969359397888,-0.2051898424013762,-0.2678174556394168,-0.1656542916015016,102.0
1652967133.91117,-0.4029498994350433,-0.0742905735969543,0.1178644299507141,-0.1762584000825882,0.2538853883743286,-0.9510390162467957,1.2693310976028442,1.678662657737732,1.9352372884750368,-0.1832532017638295,-0.2566951524333893,-0.1435898989537402,102.0
1652967133.921119,-0.3825951814651489,-0.0813475251197815,0.0397090166807174,-0.1550176590681076,0.2472782284021377,-0.9564638137817384,0.8226639032363892,1.757416844367981,2.031507968902588,-0.1606765810616746,-0.2498702419427423,-0.1216245551467811,102.0
1652967133.931024,-0.3574058413505554,-0.1282917857170105,0.0036724805831909,-0.1328742653131485,0.2435503751039505,-0.960743248462677,0.6257914304733276,1.8087037801742556,2.0851471424102783,-0.1374317769865821,-0.2460247824020514,-0.0996425304937587,102.0
1652967133.941043,-0.3174638748168945,-0.1406281590461731,0.0378609895706176,-0.1105603575706482,0.23943692445755,-0.9645964503288268,0.7660747766494751,1.79145610332489,2.130006790161133,-0.1141202443127301,-0.2417858720326843,-0.0772769684658678,102.0
1652967133.9510942,-0.319133311510086,-0.0531440377235412,0.1129650324583053,-0.0882610231637954,0.2332567721605301,-0.9684013724327089,0.9631775617599488,1.81233012676239,2.1098856925964355,-0.090889840344932,-0.2354255063890768,-0.0547190847110682,102.0
1652967133.960978,-0.3760919272899627,0.0620182752609252,0.0776847004890441,-0.0656652078032493,0.2246681451797485,-0.9722203016281128,1.1113557815551758,1.8767127990722656,2.0777316093444824,-0.0674390666217262,-0.226602468999837,-0.0325335078977017,102.0
1652967133.970883,-0.3954331874847412,0.181359589099884,0.0137619078159332,-0.0427686721086502,0.2151656448841095,-0.975640594959259,1.0576835870742798,1.9027221202850344,2.085076093673706,-0.0438084553761726,-0.2168614461051555,-0.010717846349819,102.0
1652967133.980784,-0.3821936547756195,0.2641648054122925,-0.0442134737968444,-0.0197685714811086,0.2065058946609497,-0.9782456159591676,0.8502548933029175,1.922370433807373,2.116384506225586,-0.0202054383332442,-0.2080025229380962,0.0109978294279729,102.0
1652967133.9908252,-0.3739576935768127,0.2968682050704956,-0.097800925374031,0.0032454712782055,0.1997753679752349,-0.9798363447189332,0.5698639750480652,1.9268351793289185,2.112736225128174,0.0033122464956433,-0.2011286558309271,0.0325884050923844,102.0
1652967134.000783,-0.3522011637687683,0.3345676064491272,-0.1328660398721695,0.0261819381266832,0.1950608044862747,-0.9804416298866272,0.3343122005462646,1.915132761001587,2.116142988204956,0.0266978852973497,-0.1963194490820524,0.0539866464756777,102.0
1652967134.010726,-0.3035109937191009,0.3647836446762085,-0.1187479048967361,0.0487197712063789,0.1917611509561538,-0.9802316427230836,0.187869444489479,1.856711983680725,2.1274943351745605,0.049661436830192,-0.1929562843026613,0.0754155345759629,102.0
1652967134.020866,-0.260528564453125,0.3735643625259399,-0.0800688415765762,0.0702667757868766,0.1886808425188064,-0.97952139377594,0.2047288566827774,1.718920111656189,2.123466730117798,0.0716131502260399,-0.1898186839477457,0.0968316455553469,102.0
1652967134.030659,-0.24179308116436,0.3791398406028747,-0.0336243212223053,0.0898766219615936,0.184396356344223,-0.9787339568138124,0.3457481563091278,1.500504970550537,2.107854127883911,0.0915726430476017,-0.1854576501772021,0.1179995770934312,102.0
1652967134.040631,-0.2639534473419189,0.4156756401062011,0.0056152641773223,0.1076119244098663,0.1778258234262466,-0.978160321712494,0.57142573595047,1.4033989906311035,2.04777193069458,0.1095739598674464,-0.1787766129062694,0.1385308266601296,102.0
1652967134.050575,-0.2719584107398987,0.4838567972183227,-0.0059198886156082,0.1249095052480697,0.1687768846750259,-0.9777075052261353,0.8284202814102173,1.44109845161438,1.9173405170440676,0.1270691805838706,-0.1695886197403419,0.1576272546049771,102.0
1652967134.060569,-0.2295838296413421,0.51955646276474,-0.0533629655838012,0.1415406465530395,0.157137930393219,-0.97738116979599,1.0393303632736206,1.3482452630996704,1.7913968563079834,0.1438164303104269,-0.1577919007691821,0.1748505265983167,102.0
1652967134.070517,-0.19013012945652,0.541496217250824,-0.0945291966199874,0.1567896902561187,0.1440286338329315,-0.9770735502243042,1.0805113315582275,1.2271449565887451,1.741571068763733,0.1591122027058449,-0.1445313088981399,0.1908041239129585,102.0
1652967134.080436,-0.1782107502222061,0.5296627879142761,-0.1182725876569747,0.170474573969841,0.13139508664608,-0.976562201976776,0.931627631187439,1.1079713106155396,1.718256950378418,0.1728245435230514,-0.1317761379051676,0.2062580403541761,102.0
1652967134.090585,-0.1635961383581161,0.4782748222351074,-0.1021306812763214,0.1829900741577148,0.1205479800701141,-0.9756960868835448,0.6466537117958069,1.018704891204834,1.7626314163208008,0.1853945456901607,-0.1208418682455857,0.2219906893270436,102.0
1652967134.100459,-0.133779764175415,0.483967125415802,-0.0636846348643302,0.1945250034332275,0.1128483861684799,-0.9743845462799072,0.2118202447891235,0.9321732521057128,1.80206298828125,0.1970482646879133,-0.113089284097272,0.2387147534989577,102.0
1652967134.110353,-0.0981678515672683,0.5655013918876648,-0.1133878231048584,0.204964131116867,0.108718566596508,-0.9727126955986024,-0.0722501501441001,0.8007097244262695,1.818996548652649,0.2076758920798109,-0.1089338847687083,0.2564288312132617,102.0
1652967134.120262,-0.0541108399629592,0.6334275603294373,-0.1491589248180389,0.2140229791402816,0.1065715923905372,-0.9709977507591248,-0.2558258473873138,0.6680586934089661,1.8116294145584104,0.2169466062154172,-0.1067743602734243,0.2746157112302677,102.0
1652967134.1302671,-0.0362399965524673,0.6300206780433655,-0.1280417740345001,0.221680074930191,0.1053976714611053,-0.9694066643714904,-0.2642080187797546,0.5299012064933777,1.732149362564087,0.2248105871029408,-0.1055937913473672,0.2925672417736292,102.0
1652967134.1402469,-0.069024920463562,0.5852758288383484,-0.1480148136615753,0.228052020072937,0.1029097661375999,-0.968195140361786,0.0121402284130454,0.4358557164669037,1.627170205116272,0.2313269060726115,-0.103092278786695,0.3092472473374,102.0
1652967134.150179,-0.1308330595493316,0.5816327929496765,-0.1483608484268188,0.2337230890989303,0.098372995853424,-0.9673139452934264,0.1446555256843567,0.43453049659729,1.5270917415618896,0.2370768720833963,-0.0985323549732676,0.3243742991227079,102.0
1652967134.160322,-0.1793522983789444,0.5357343554496765,-0.1994387507438659,0.2394414246082306,0.0930238962173461,-0.966444194316864,0.2102316170930862,0.4560424387454986,1.4161840677261353,0.2428646569270895,-0.0931585876211057,0.3381792600108197,102.0
1652967134.170106,-0.1694009900093078,0.4884576201438904,-0.293403685092926,0.2450998425483703,0.089027389883995,-0.9654015898704528,-0.0787357538938522,0.4551530182361603,1.3279380798339844,0.2486306822679876,-0.0891454125417111,0.3513315104180579,102.0
1652967134.180062,-0.1252366006374359,0.4746246933937073,-0.3640954196453094,0.2502060830593109,0.0878044515848159,-0.9642029404640198,-0.2954275608062744,0.3595117032527923,1.2145709991455078,0.2538952253065125,-0.0879176706576512,0.3641151265560923,102.0
1652967134.190022,-0.0730491280555725,0.437275230884552,-0.3632081747055053,0.2535300850868225,0.0877717137336731,-0.963337242603302,-0.2813712656497955,0.1104729697108268,1.111029863357544,0.2573434150333361,-0.0878848067940647,0.3761222693172519,102.0
1652967134.200245,-0.1001873612403869,0.3211349844932556,-0.3244298100471496,0.2544842660427093,0.087247148156166,-0.9631332755088806,-0.1843901425600052,-0.090073712170124,1.0437549352645874,0.2583218062169313,-0.0873582180548594,0.3871133289889994,102.0
1652967134.210005,-0.2049198150634765,0.132125437259674,-0.3058176636695862,0.254159927368164,0.0861520916223526,-0.9633174538612366,-0.128161683678627,-0.133363127708435,0.9663500785827636,0.2579598421699455,-0.0862590206811782,0.3972033349185085,107.0
1652967134.2198849,-0.2752071321010589,-0.0571779012680053,-0.3341394960880279,0.2540279328823089,0.0848566070199012,-0.9634672403335572,-0.0821489244699478,-0.0663374885916709,0.9272069334983826,0.2577933886858747,-0.0849587719361757,0.4066161629069549,107.0
1652967134.2299628,-0.2460032403469085,-0.2194064259529113,-0.4017083048820495,0.2545328736305237,0.0831199884414672,-0.9634853601455688,-0.0461564324796199,0.0168929509818553,0.8834750652313232,0.2582787029783129,-0.0832160007043131,0.4155336407189259,107.0
1652967134.2398329,-0.1968833208084106,-0.3179571628570556,-0.4995886087417602,0.2557822465896606,0.0816808268427848,-0.9632775783538818,-0.1115572750568389,0.1047647446393966,0.8013871312141418,0.2595439513424188,-0.0817719251333526,0.423869050802466,107.0
1652967134.249783,-0.1660839617252349,-0.2722885608673095,-0.6055792570114136,0.25791135430336,0.0816534087061882,-0.9627120494842528,-0.2837894856929779,0.2191935926675796,0.6649420857429504,0.2617542586896038,-0.0817444128231432,0.4315098739008281,107.0
1652967134.259727,-0.1624706387519836,-0.2293850779533386,-0.640849769115448,0.2610118985176086,0.0829883962869644,-0.9617617726325988,-0.2595491111278534,0.3244625031948089,0.479493647813797,0.2650063249047461,-0.0830839493009015,0.4377784710158384,107.0
1652967134.269702,-0.1878087818622589,-0.2888849377632141,-0.6067720055580139,0.2649419605731964,0.0835022926330566,-0.9606420397758484,-0.0613080263137817,0.43064746260643,0.357930988073349,0.2691068060883356,-0.0835996405758438,0.4421935113755681,107.0
1652967134.279683,-0.2229737639427185,-0.4283578991889953,-0.5729576945304871,0.2697876989841461,0.0820976421236991,-0.9594136476516724,0.1612755209207534,0.519683837890625,0.2948481440544128,0.2741216797441642,-0.0821901435108869,0.4451904436303696,107.0
1652967134.28959,-0.2320150434970855,-0.5430186986923218,-0.5809426307678223,0.2751974463462829,0.0780128464102745,-0.9582172632217408,0.4977917671203613,0.5623926520347595,0.2071850597858429,0.2796702415096257,-0.0780921976621447,0.4466814279765572,107.0
1652967134.299752,-0.2208160161972046,-0.5009638667106628,-0.5947794914245605,0.2809813916683197,0.0729440972208976,-0.9569370746612548,0.5060999989509583,0.6291400194168091,0.0743148997426033,0.2855986677738682,-0.0730089400201187,0.446722906373436,107.0
1652967134.309556,-0.1992624998092651,-0.419305682182312,-0.7870925664901733,0.2872904539108276,0.0685255751013755,-0.955389142036438,0.4084699749946594,0.6793795228004456,-0.0888460651040077,0.2921036198442242,-0.0685793172821328,0.4453572325076679,107.0
1652967134.31977,-0.1600060760974884,-0.3279971480369568,-0.8819184899330139,0.2935204803943634,0.0658783987164497,-0.9536800980567932,0.2624909579753876,0.6585668921470642,-0.3080529868602752,0.2985759924614125,-0.0659261438791962,0.4425152046570281,107.0
1652967134.3778028,-0.1715909242630005,-0.2711583375930786,-0.910897970199585,0.299505352973938,0.0654236897826194,-0.9518488645553588,0.1155899912118911,0.6664946675300598,-0.558388352394104,0.3048482209422087,-0.0654704552586094,0.43787602557298,107.0
1652967134.37965,-0.201453685760498,-0.0662429928779602,-0.5628613233566284,0.333777904510498,0.0748241394758224,-0.9396774172782898,0.4812162518501282,0.853399932384491,-1.4567009210586548,0.3413040514997832,-0.0748941374583973,0.3848309844474813,107.0
1652967134.389196,-0.1879974603652954,-0.0658944249153137,-0.520315408706665,0.3402343988418579,0.0748655423521995,-0.9373556971549988,0.5880899429321289,0.7711201310157776,-1.5517157316207886,0.3481846111011366,-0.074935652365799,0.3688297151190206,107.0
1652967134.3992229,-0.2100076079368591,-0.0425517559051513,-0.5397819876670837,0.3459786772727966,0.0747245401144027,-0.9352619647979736,0.5830893516540527,0.7261768579483032,-1.628673076629639,0.3543157225561372,-0.0747942597315217,0.3518473631722032,107.0
1652967134.409114,-0.2485799193382263,0.024147629737854,-0.5558361411094666,0.3515461981296539,0.0757793188095092,-0.9330984354019164,0.4442552924156189,0.7505330443382263,-1.7534871101379397,0.3603053133865046,-0.0758520372955156,0.3342471011340212,107.0
1652967134.4250832,-0.2715191841125488,0.0615965723991394,-0.5531366467475891,0.3573040664196014,0.0793054029345512,-0.9306150674819946,0.1657208651304245,0.7914953827857971,-1.8803454637527464,0.3665888303734906,-0.0793887662715382,0.3161303351437057,107.0
1652967134.429123,-0.2681652009487152,0.1148637533187866,-0.5689892768859863,0.3631816804409027,0.0864452645182609,-0.9276994466781616,-0.2324103862047195,0.8201485276222229,-1.963792085647583,0.3731455426511974,-0.0865532930384364,0.2982779951176717,107.0
1652967134.4391751,-0.2524282038211822,0.1991665363311767,-0.5505473613739014,0.3689443171024322,0.0974833667278289,-0.9243252277374268,-0.5541288256645203,0.8247603178024292,-2.0276615619659424,0.3797733246385291,-0.0976384314679723,0.2812239121893042,107.0
1652967134.4508018,-0.2500634789466858,0.3038930892944336,-0.4438216090202331,0.3743157684803009,0.1105848476290702,-0.9206838011741638,-0.5902015566825867,0.8108453154563904,-2.0905137062072754,0.3861511264852756,-0.1108114847176598,0.2643115739622391,107.0
1652967134.458688,-0.2524080276489258,0.3986175060272217,-0.2966169118881225,0.3792543411254883,0.1227734610438346,-0.9171111583709716,-0.3102982640266418,0.8052803874015808,-2.141787052154541,0.3921167672683264,-0.123084007843723,0.2464207986135086,107.0
1652967134.468862,-0.2411068677902221,0.3902084827423095,-0.1646424531936645,0.3835171461105346,0.1318512558937072,-0.9140732288360596,0.1639320850372314,0.7295452952384949,-2.1994667053222656,0.3972619091744364,-0.1322363041636735,0.2265967631861164,107.0
1652967134.4787478,-0.2303131818771362,0.3517350554466247,-0.0821515917778015,0.3867310285568237,0.136579617857933,-0.9120225310325624,0.6107167601585388,0.632327139377594,-2.21612286567688,0.4010544460140914,-0.1370078499769643,0.2046051425506928,107.0
1652967134.488731,-0.221162736415863,0.3961873650550842,-0.0417311787605285,0.3890246748924255,0.1383802890777588,-0.9107747673988342,0.8788109421730042,0.5498319864273071,-2.253526449203491,0.403678456762176,-0.1388257851423503,0.1809057015192817,107.0
1652967134.498677,-0.1786980032920837,0.4478883147239685,-0.1001581400632858,0.3902764022350311,0.139342650771141,-0.910092294216156,0.773097038269043,0.4053349792957306,-2.2420008182525635,0.4051116372170703,-0.1397975553750926,0.156714753053502,107.0
1652967134.5086331,-0.1339148581027984,0.5428904891014099,-0.1683033555746078,0.3900183141231537,0.1428058445453643,-0.9096659421920776,0.3449910283088684,0.2311509102582931,-2.233985662460327,0.4050417498389195,-0.1432957402352674,0.1337244007103867,107.0
1652967134.51875,-0.1102592945098877,0.6263306140899658,-0.1672122776508331,0.3879539966583252,0.1503359824419021,-0.9093353748321532,-0.1139976009726524,0.0340634174644947,-2.2314820289611816,0.403254432252528,-0.1509081121928184,0.1125630832300905,107.0
1652967134.528418,-0.1245091557502746,0.6747215986251831,-0.0780218988656997,0.3841069340705871,0.1622045785188675,-0.9089287519454956,-0.5933302640914917,-0.1120067089796066,-2.214786529541016,0.3998301235996642,-0.1629244117175318,0.0933852368512467,107.0
1652967134.538537,-0.1649413406848907,0.686957061290741,-0.0298511236906051,0.3788848221302032,0.1771441549062729,-0.908331573009491,-0.8190038204193115,-0.2145898044109344,-2.1824779510498047,0.3951787971889617,-0.1780839528175189,0.0757405810779872,107.0
1652967134.548921,-0.1845852136611938,0.696821391582489,0.0762832164764404,0.3726192712783813,0.1922561526298523,-0.907850444316864,-0.7090768814086914,-0.2701255083084106,-2.1955971717834477,0.3894749404773169,-0.1934606779314703,0.0582747042676272,107.0
1652967134.558667,-0.1568835973739624,0.7205983400344849,0.2354127466678619,0.3654407560825348,0.2054899036884308,-0.9078694581985474,-0.444526731967926,-0.3622793853282928,-2.168069362640381,0.3826817757907821,-0.2069642655469538,0.0399590835574252,107.0
1652967134.569007,-0.0932071805000305,0.749614953994751,0.377104252576828,0.3568180203437805,0.2158217132091522,-0.9089014530181884,-0.1206219419836998,-0.5453991889953613,-2.178319215774536,0.3740949375861686,-0.2175333030376991,0.0204634897643094,107.0
1652967134.5785918,-0.0131550431251525,0.7816675901412964,0.4804962873458862,0.3456288278102875,0.222872793674469,-0.9115198254585266,0.2672506868839264,-0.8835570216178894,-2.2120583057403564,0.362429052004166,-0.2247603981592731,-0.0007290327767262,107.0
1652967134.588437,0.0079443752765655,0.7906501889228821,0.5350888967514038,0.3310906887054443,0.2262940853834152,-0.9160621762275696,0.6068717241287231,-1.209559440612793,-2.1897480487823486,0.3468193245520695,-0.228271384799229,-0.0234076788149075,107.0
1652967134.598434,-0.0544434785842895,0.7869053483009338,0.5146900415420532,0.3142701387405395,0.2271922081708908,-0.9217472076416016,0.6483254432678223,-1.385366678237915,-2.1210830211639404,0.3285902334314947,-0.2291935287613963,-0.0464351665473422,107.0
1652967134.60832,-0.1111072897911071,0.7937288880348206,0.4529895782470703,0.2962574362754822,0.2285899221897125,-0.9273501038551332,0.4112297594547272,-1.485639572143555,-2.079253435134888,0.3092190662497895,-0.230629004549461,-0.0685890165500911,107.0
1652967134.618742,-0.0926700234413147,0.7961477041244507,0.4429708123207092,0.2775455415248871,0.2322152853012085,-0.9322255849838256,0.0685629546642303,-1.541574239730835,-1.9918309450149536,0.2893670344970331,-0.2343546021634913,-0.0892611863372084,107.0
1652967134.628204,-0.0291520357131958,0.7351663708686829,0.4926169514656067,0.2584306299686432,0.2383247464895248,-0.9361703395843506,-0.2937722206115722,-1.6109273433685305,-1.8503401279449463,0.26934291056111,-0.2406405268273538,-0.1079386069670061,107.0
1652967134.638216,0.0256311297416687,0.6572257876396179,0.5383180379867554,0.2385748475790023,0.2476163804531097,-0.939025104045868,-0.6927214860916138,-1.7511744499206543,-1.656808376312256,0.248802298421767,-0.2502192480032089,-0.1239228851115958,107.0
1652967134.648332,0.0282141119241714,0.5626537799835205,0.6237778067588806,0.2174676656723022,0.2585768699645996,-0.9411938190460204,-0.856574296951294,-1.9110935926437376,-1.4788192510604858,0.2270702844022924,-0.2615486918516731,-0.1376657849245638,107.0
1652967134.658174,-0.037885308265686,0.5381313562393188,0.8207420706748962,0.1953560411930084,0.269498348236084,-0.9429775476455688,-0.841395914554596,-1.988852858543396,-1.3858392238616943,0.2042795688475285,-0.272872064495238,-0.150143978462431,107.0
1652967134.66812,-0.136492520570755,0.5223273634910583,0.9743846654891968,0.1726711541414261,0.279033213853836,-0.9446296095848083,-0.6394919753074646,-2.040684461593628,-1.3523101806640625,0.1807964185917568,-0.2827871763515361,-0.1625811616291078,107.0
1652967134.6780272,-0.1850562542676925,0.547432005405426,1.0762313604354858,0.1498695164918899,0.2863631844520569,-0.946327269077301,-0.4821423292160034,-2.0003905296325684,-1.279577136039734,0.1570652118687898,-0.290428889642012,-0.1750578388912754,107.0
1652967134.688019,-0.1607373207807541,0.5376956462860107,1.1101031303405762,0.1277478486299514,0.2916912138462066,-0.947943389415741,-0.2790115773677826,-1.9516547918319704,-1.1262232065200806,0.1339561127762749,-0.295994458391578,-0.18701208395224,107.0
1652967134.698359,-0.0086551308631896,0.4001057744026184,1.1233307123184204,0.1061283200979232,0.2943938076496124,-0.9497731924057008,-0.0767959058284759,-2.045210361480713,-0.7914809584617615,0.1112790900909122,-0.2988211451091998,-0.1968268370530261,107.0
1652967134.7079458,0.1259332150220871,0.243276298046112,1.1645370721817017,0.0842108726501464,0.295316994190216,-0.9516808390617372,-0.0066911168396472,-2.205503463745117,-0.4132986068725586,0.0882566005341488,-0.2997873093701658,-0.2030260849721059,107.0
1652967134.718065,0.0856925249099731,0.1579077839851379,1.1836774349212646,0.062378816306591,0.2953568398952484,-0.9533483982086182,0.0308687761425972,-2.228207588195801,-0.1002046018838882,0.065338153805938,-0.2998289988559,-0.205670895163988,107.0
1652967134.727809,-0.0402155518531799,0.1495075225830078,1.21669602394104,0.0416041575372219,0.2953431308269501,-0.9544849395751952,-0.0692935138940811,-2.159316062927246,0.187506154179573,0.043560495661643,-0.2998146409603018,-0.2052270015768687,107.0
1652967134.7378569,-0.1359211504459381,0.1812660098075866,1.1535470485687256,0.0223805513232946,0.2973043620586395,-0.9545204043388368,-0.3939259350299835,-2.0996789932250977,0.4664453864097595,0.0234426111737998,-0.3018681181449815,-0.2017487846215682,107.0
1652967134.748213,-0.186289981007576,0.2460143566131591,1.06756329536438,0.0043442514725029,0.3031795024871826,-0.9529235363006592,-0.8595191240310669,-2.0694468021392822,0.7087613344192505,0.0045588349234105,-0.3080274317329993,-0.1954899840483381,107.0
1652967134.757836,-0.1999662369489669,0.2710866332054138,1.0084428787231443,-0.0127869993448257,0.3124646544456482,-0.9498432874679564,-1.035037398338318,-2.090088129043579,0.9312785863876344,-0.0134614064958889,-0.3177864794516707,-0.1869583811802014,107.0
1652967134.767921,-0.1598422080278396,0.2296646237373352,1.0550161600112915,-0.0296413749456405,0.3216774761676788,-0.9463852047920228,-0.8363505601882935,-2.1767051219940186,1.1256242990493774,-0.0313103887956328,-0.3275006034708331,-0.1763044579829337,107.0
1652967134.777664,-0.1517821252346038,0.1397898197174072,1.08766508102417,-0.0465973280370235,0.3284724950790405,-0.9433633685112,-0.5139895677566528,-2.2555723190307617,1.3106249570846558,-0.0493547744103015,-0.3346858938693757,-0.1637519089623271,107.0
1652967134.7877889,-0.19975346326828,0.083543062210083,0.9959819316864014,-0.0632469654083252,0.3328449428081512,-0.9408581256866456,-0.2712755799293518,-2.2695226669311523,1.468021035194397,-0.0671216531966359,-0.3393189500604978,-0.1493476329792986,107.0
1652967134.797801,-0.2327676117420196,0.0534421205520629,0.87930828332901,-0.0793050825595855,0.3362677991390228,-0.938421368598938,-0.2600740492343902,-2.266819715499878,1.626517653465271,-0.0843087109220525,-0.3429511150887224,-0.1332586521579329,107.0
1652967134.8077378,-0.2504903078079223,0.0415314435958862,0.7410125136375427,-0.0946939438581466,0.3412017822265625,-0.9352082014083862,-0.5103598237037659,-2.25382137298584,1.7694793939590454,-0.1009104713676366,-0.3481951075822366,-0.1157364455346581,107.0
1652967134.817801,-0.2793590426445007,0.0418759584426879,0.6175612807273865,-0.1091296896338462,0.3493270874023437,-0.9306241273880004,-0.8354042172431946,-2.1952621936798096,1.8744133710861208,-0.1167319348522845,-0.3568528428015684,-0.097301791253794,107.0
1652967134.827403,-0.275650292634964,-0.0080031156539917,0.5230342745780945,-0.1224056705832481,0.3603884875774383,-0.9247361421585084,-1.0586645603179932,-2.1619701385498047,1.9667294025421145,-0.1316031451698453,-0.3686843353394373,-0.0782676964037434,107.0
1652967134.837628,-0.2530239820480346,-0.0410182476043701,0.4657248854637146,-0.1350985318422317,0.3723792731761932,-0.9181950092315674,-0.9404873251914978,-2.2002110481262207,2.0102322101593018,-0.1460867207052917,-0.3815713613955738,-0.0586110282826326,107.0
1652967134.8473392,-0.2923006415367126,-0.0276403427124023,0.479441374540329,-0.1479153484106063,0.3817645907402038,-0.9123468399047852,-0.4812665581703186,-2.2579264640808105,1.9791337251663208,-0.1607277208486839,-0.3917047529100241,-0.038567568726443,107.0
1652967134.857929,-0.410365879535675,-0.0640291571617126,0.4845471084117889,-0.1611214429140091,0.3858141005039215,-0.90839821100235,0.2320049405097961,-2.2820241451263428,1.946247935295105,-0.1755430919578906,-0.3960900868972923,-0.0179160830460269,107.0
1652967134.867586,-0.562176525592804,-0.1123225092887878,0.4310291707515716,-0.17341910302639,0.3854685425758362,-0.9062780141830444,0.5457653999328613,-2.074908971786499,1.929207801818848,-0.1890675679998203,-0.3957155589610609,0.0034034037581195,107.0
1652967134.877225,-0.6084203124046326,-0.1925100088119506,0.211800992488861,-0.1836786270141601,0.3847717940807342,-0.9045511484146118,0.3142592012882232,-1.8815155029296875,2.025834560394287,-0.2003366194329035,-0.3949605727119195,0.0252194063778894,107.0
1652967134.8873549,-0.5045769810676575,-0.2479026317596435,-0.0331757962703704,-0.1922613531351089,0.3869202136993408,-0.9018471240997314,0.1071885824203491,-1.816061854362488,2.1078672409057617,-0.2100418425726278,-0.3972893345161189,0.0475573160658945,107.0
1652967134.897139,-0.3604028820991516,-0.384907603263855,-0.077217698097229,-0.2005711793899536,0.3905568420886993,-0.8984634280204773,0.0196997448801994,-1.8672837018966677,2.0908522605896,-0.2196367043379849,-0.4012363989382466,0.069864642193499,107.0
1652967134.907175,-0.3378841280937195,-0.5581516623497009,-0.0812420547008514,-0.209402784705162,0.3944743871688843,-0.8947292566299438,0.034716710448265,-1.906283617019653,2.0642921924591064,-0.2299023829239663,-0.4054957952282789,0.0918720291636001,107.0
1652967134.91735,-0.4938803315162658,-0.6116019487380981,-0.1786547303199768,-0.2179726362228393,0.3985795676708221,-0.8908547759056091,0.0215255413204431,-1.7759881019592283,1.9502739906311035,-0.2399635678017276,-0.4099675632702011,0.1131327724402242,107.0
1652967134.927181,-0.6541688442230225,-0.6007235050201416,-0.2757927477359772,-0.2248746752738952,0.4037986397743225,-0.8867796063423157,-0.2602285742759704,-1.490606427192688,1.8608590364456177,-0.2483506325925177,-0.4156652777654841,0.132979579285113,107.0
1652967134.937255,-0.6781164407730103,-0.656169056892395,-0.4200781285762787,-0.2294152677059173,0.4112584590911865,-0.8821763396263123,-0.4629891514778137,-1.23806631565094,1.7928242683410645,-0.2544205238957724,-0.4238342643728845,0.1512068221191025,107.0
1652967134.946934,-0.545883297920227,-0.8228076696395874,-0.5290184020996094,-0.232513278722763,0.4182700216770172,-0.8780590295791626,-0.1684274822473526,-1.1468958854675293,1.71510648727417,-0.258862291971056,-0.4315399070258108,0.1689130375223208,107.0
1652967134.957282,-0.3959987163543701,-0.9781120419502258,-0.4304140508174896,-0.2358982115983963,0.4208467006683349,-0.875922441482544,0.4769310057163238,-1.164164900779724,1.5110247135162354,-0.2630723831322978,-0.4343784856044113,0.186468754688245,107.0
1652967134.9671,-0.4092894494533539,-1.0707859992980957,-0.4391519725322723,-0.2398498952388763,0.4167977571487427,-0.8767848014831543,1.2055487632751465,-1.046941161155701,1.2867162227630615,-0.2670233904550158,-0.4299196342232029,0.2036717417939956,107.0
1652967134.976874,-0.4716431498527527,-1.102137565612793,-0.5522451400756836,-0.2429258525371551,0.4070424139499664,-0.8805131912231445,1.6454521417617798,-0.7604716420173645,1.0811710357666016,-0.2691945707907178,-0.4192137496820499,0.2203552978027901,107.0
1652967134.987053,-0.4702922701835632,-1.1014853715896606,-0.708687961101532,-0.2443988472223281,0.3948298096656799,-0.8856514692306519,1.61551034450531,-0.4582520127296448,0.8692060112953186,-0.2692526859648129,-0.4058826131192387,0.2353489931797527,107.0
1652967134.99704,-0.4387269020080566,-1.0378201007843018,-0.9131239652633668,-0.2442259043455124,0.3838575482368469,-0.8905094265937805,1.256058692932129,-0.1908099055290222,0.698300838470459,-0.2676726627581441,-0.3939702840970862,0.2476607235457019,107.0
1652967135.006907,-0.4268886148929596,-0.9523128867149352,-1.03314471244812,-0.2423618137836456,0.3762079775333404,-0.8942752480506897,0.8446139097213745,0.0808250606060028,0.5341931581497192,-0.264657424088892,-0.3857002011365622,0.2569829215510215,107.0
1652967135.017102,-0.3994168639183044,-0.9011057615280152,-0.9884636998176576,-0.2389803081750869,0.3709251582622528,-0.8973867297172546,0.6087377667427063,0.2882238030433655,0.377596378326416,-0.2602665129115474,-0.3800050579473677,0.2636553919644974,107.0
1652967135.026573,-0.3343502879142761,-0.9459139704704284,-0.8945456743240356,-0.2348024696111679,0.3662253022193908,-0.900414764881134,0.6401252150535583,0.3788306415081024,0.2563513815402984,-0.2550905263306958,-0.3749492348809585,0.2685861568777439,107.0
1652967135.037487,-0.2951353192329407,-1.0066694021224976,-0.821487307548523,-0.2305146604776382,0.3611600697040558,-0.9035631418228148,0.5847463607788086,0.4179069399833679,0.1520026177167892,-0.2497891893669708,-0.3695116210032159,0.2723206755482171,107.0
1652967135.046994,-0.3286221623420715,-0.9621500372886658,-0.8697981834411621,-0.2258821725845337,0.3569654524326324,-0.9063955545425416,0.3871797621250152,0.5231078863143921,0.0850680619478225,-0.2442343065558263,-0.3650173019764402,0.2748387575835879,107.0
1652967135.056494,-0.3802827596664428,-0.8180120587348938,-0.9123180508613586,-0.220196321606636,0.355112761259079,-0.9085199236869812,0.0256782732903957,0.7238431572914124,-0.0502234548330307,-0.2377829734762832,-0.3630346886341417,0.2755867834497222,107.0
1652967135.066538,-0.409628689289093,-0.6468705534934998,-0.9461575150489808,-0.2130519300699234,0.3566188514232635,-0.9096328020095824,-0.4069207310676574,0.9432740807533264,-0.1869962215423584,-0.2300702991542077,-0.3646462741664788,0.2739231975324028,107.0
1652967135.076374,-0.4091527462005615,-0.5193540453910828,-0.938758134841919,-0.20447938144207,0.3611060678958893,-0.9098299741744996,-0.6762624382972717,1.148327112197876,-0.3360948860645294,-0.2210713538029718,-0.3694537304028753,0.2698928870812997,107.0
1652967135.0863152,-0.383657306432724,-0.4326884746551513,-0.8480745553970337,-0.1949864327907562,0.366064578294754,-0.9099323749542236,-0.5519692301750183,1.274884581565857,-0.4905202388763428,-0.2110943016461544,-0.3747765448197027,0.2640697856463828,107.0
1652967135.096266,-0.3439705967903137,-0.3871660232543945,-0.6982994079589844,-0.1852956861257553,0.3684958219528198,-0.910975456237793,-0.2185925841331482,1.3208073377609253,-0.6616557836532593,-0.2006661030633262,-0.377390474327975,0.2572229937544678,107.0
1652967135.106255,-0.3455614745616913,-0.3654374480247497,-0.596829891204834,-0.1758770793676376,0.3674444556236267,-0.9132643938064576,0.1586845219135284,1.3572536706924438,-0.8337347507476807,-0.190251525152591,-0.3762597538550122,0.2492720398091301,107.0
1652967135.116205,-0.3609731793403625,-0.3075348138809204,-0.5616811513900757,-0.1665078401565551,0.3632862567901611,-0.9166778326034546,0.3719595372676849,1.4166359901428225,-0.9521828293800354,-0.1796836395020914,-0.3717927202249252,0.2404159825182434,107.0
1652967135.12616,-0.3505679965019226,-0.2261369228363037,-0.5769484043121338,-0.1570918709039688,0.3582440316677093,-0.9203169345855712,0.3329778909683227,1.431104302406311,-1.0711889266967771,-0.169063839814395,-0.3663864254503111,0.2304651318733631,107.0
1652967135.13626,-0.3290333449840545,-0.1226328611373901,-0.645415186882019,-0.1479563415050506,0.3547656238079071,-0.9231740236282348,0.042501863092184,1.4256770610809326,-1.192216873168945,-0.1589177030404723,-0.3626633745131662,0.2189304787211851,107.0
1652967135.1461082,-0.3222958445549011,-0.049305260181427,-0.6849887371063232,-0.1393282562494278,0.3535830378532409,-0.9249684810638428,-0.1362222135066986,1.4069007635116575,-1.3102750778198242,-0.1495063065018437,-0.3613988084670323,0.2056773509963516,107.0
1652967135.156097,-0.3209092617034912,-0.0016558170318603,-0.6009325385093689,-0.1311628073453903,0.3534806966781616,-0.9262006878852844,-0.2171780467033386,1.413888931274414,-1.440946340560913,-0.1406783863219644,-0.3612894192593062,0.1908805191934672,107.0
1652967135.166,-0.3099428117275238,0.015626847743988,-0.5266754627227783,-0.1235593035817146,0.3532744944095611,-0.9273242354393004,-0.1391643434762954,1.373485803604126,-1.5623254776000977,-0.1324626082961222,-0.3610689969560031,0.1747662248650059,107.0
1652967135.1759748,-0.2917181253433227,0.0002187490463256,-0.4587964117527008,-0.1167443543672561,0.3518932461738586,-0.9287313222885132,0.0288070887327194,1.3373831510543823,-1.679150104522705,-0.1250471608897086,-0.3595929541770434,0.157599983537423,107.0
1652967135.185917,-0.3060778677463531,0.0280055403709411,-0.3793042600154876,-0.1103649362921714,0.3489392101764679,-0.9306240081787108,0.1693050116300583,1.3640819787979126,-1.8115884065628047,-0.1180410854289995,-0.3564389332455044,0.1393042245182713,107.0
1652967135.195938,-0.3085627555847168,0.0964436531066894,-0.33732870221138,-0.1038670092821121,0.3454920649528503,-0.9326558113098145,0.1147176697850227,1.415055751800537,-1.889230728149414,-0.1109099070739935,-0.3527630811358741,0.119940242449009,107.0
1652967135.205996,-0.2854601144790649,0.1596361398696899,-0.3668156862258911,-0.0972455292940139,0.3431492149829864,-0.93423330783844,-0.0404498130083084,1.416801691055298,-1.9195486307144165,-0.1037177469023559,-0.3502676472543151,0.0998816642736074,107.0
1652967135.2158098,-0.2585285305976867,0.2397315502166748,-0.3459237813949585,-0.0906687974929809,0.3426583409309387,-0.9350745677947998,-0.2513255774974823,1.4114532470703125,-1.9446896314620967,-0.0966620552797356,-0.3497450787809901,0.0793682347758991,107.0
1652967135.225772,-0.2438295781612396,0.3009350299835205,-0.2895596325397491,-0.0842801108956337,0.3444912135601043,-0.9349987506866456,-0.5091319680213928,1.3926782608032229,-1.9537829160690308,-0.0898963318834983,-0.3516967702221025,0.0583592230934804,107.0
1652967135.23576,-0.2226936817169189,0.3634966015815735,-0.2925333678722381,-0.0783163905143737,0.348563551902771,-0.934007465839386,-0.6963202357292175,1.3219199180603027,-1.942325234413147,-0.0836541643579109,-0.356038109962992,0.0372237020016069,107.0
1652967135.245651,-0.2066595256328582,0.4244449734687805,-0.2396169304847717,-0.0733697116374969,0.3539967536926269,-0.932364284992218,-0.7625442743301392,1.2109860181808472,-1.975334405899048,-0.0785302808599206,-0.3618411311422477,0.0158779860149858,107.0
1652967135.255677,-0.2318457663059234,0.4540473222732544,-0.1629082262516021,-0.0696525871753692,0.3589683175086975,-0.9307471513748168,-0.5890246629714966,1.137099266052246,-2.055659294128418,-0.0746959050798008,-0.3671622894546866,-0.0060731692607762,107.0
1652967135.2655869,-0.2541989386081695,0.4838359951972961,-0.073181539773941,-0.0668459385633468,0.3613436818122864,-0.9300335049629213,-0.2210560739040374,1.0948967933654783,-2.1620235443115234,-0.071751378152076,-0.369708539010898,-0.028835267254477,107.0
1652967135.275721,-0.2242312431335449,0.5261042714118958,-0.0058675408363342,-0.0650448352098465,0.3602528572082519,-0.9305842518806458,0.1269373148679733,0.9991484880447388,-2.249064683914185,-0.0697832736994363,-0.3685389208137214,-0.0523755963029442,107.0
1652967135.285496,-0.1688228249549865,0.5832071304321289,0.0311965346336364,-0.064636580646038,0.3559493720531463,-0.9322671890258788,0.4562355279922485,0.8559772372245789,-2.355894088745117,-0.069221898953033,-0.3639297713957485,-0.0766564467966473,107.0
1652967135.295517,-0.1176811531186103,0.6320018172264099,0.0823444724082946,-0.0658515095710754,0.349921703338623,-0.9344615340232848,0.4468742311000824,0.6877722144126892,-2.3878867626190186,-0.070353696109107,-0.3574875328097237,-0.1015497898533703,107.0
1652967135.3054771,-0.0890965089201927,0.6641200184822083,0.0569283962249755,-0.0684809461236,0.3450643420219421,-0.9360774159431458,0.2370421141386032,0.5005977153778076,-2.366037607192993,-0.073027256564587,-0.3523073322123077,-0.1264804392678681,107.0
1652967135.3153892,-0.0759106054902076,0.6906456351280212,0.0440729856491088,-0.0725878700613975,0.3432103097438812,-0.9364495277404784,-0.2128874957561493,0.3290826678276062,-2.2836368083953857,-0.0773592325234181,-0.3503326781361318,-0.1510622928729927,107.0
1652967135.32533,-0.093035988509655,0.7035638093948364,0.0670501291751861,-0.0778623819351196,0.3459289371967315,-0.9350243806838988,-0.727725625038147,0.1966485977172851,-2.1946678161621094,-0.0830814159901194,-0.3532286700686281,-0.1751154805731888,107.0
1652967135.335365,-0.1429077088832855,0.6835794448852539,0.0904350578784942,-0.083883598446846,0.3530005812644958,-0.9318552017211914,-1.1715272665023804,0.1434519588947296,-2.1427834033966064,-0.0897758794166374,-0.3607761974343546,-0.198951976849193,107.0
1652967135.345458,-0.1641782224178314,0.6644105315208435,0.1660426557064056,-0.0902467593550682,0.3634220063686371,-0.927243173122406,-1.452551245689392,0.1097363382577896,-2.076525449752808,-0.097022452466035,-0.3719384263075415,-0.2226873367270287,107.0
1652967135.355506,-0.1317866742610931,0.6624407172203064,0.2375977933406829,-0.0968814715743064,0.3749662339687347,-0.9219622015953064,-1.4383145570755005,0.0779472440481185,-1.9943690299987795,-0.1046975889332831,-0.384360340178389,-0.2459763928909993,107.0
1652967135.365171,-0.0588098168373107,0.6692180633544922,0.3279169201850891,-0.1040166467428207,0.3844548463821411,-0.9172649383544922,-1.0436121225357056,-0.0127154346555471,-1.911719560623169,-0.1129163344060627,-0.3946172130201795,-0.2683932400144281,107.0
1652967135.3758311,0.0203153491020202,0.6689759492874146,0.433834433555603,-0.1120358631014823,0.3893619179725647,-0.9142457246780396,-0.469754695892334,-0.1664506644010543,-1.83761203289032,-0.121936629445381,-0.3999387325069853,-0.2894644091549354,107.0
1652967135.385182,0.0432212650775909,0.6541904211044312,0.4778271615505218,-0.1214835196733474,0.3890703320503235,-0.913162648677826,0.0503098517656326,-0.3498497307300567,-1.7969530820846558,-0.1322594011616621,-0.3996222016939718,-0.3092233000910552,107.0
1652967135.395115,0.0010720193386077,0.6492753624916077,0.4678221344947815,-0.1321907043457031,0.3848084211349487,-0.9134812951087952,0.3307260572910309,-0.4724875092506408,-1.7908554077148438,-0.1437132662004092,-0.3950002457568869,-0.3280837028605646,107.0
1652967135.405052,-0.0584489405155181,0.6556633710861206,0.4305360317230224,-0.1435925811529159,0.3797971606254577,-0.9138573408126832,0.1922038793563842,-0.5416398644447327,-1.7730571031570437,-0.155853710271905,-0.3895770060373315,-0.3466535044611366,107.0
1652967135.4151468,-0.0683878660202026,0.6486355066299438,0.3403716385364532,-0.1554737389087677,0.377371221780777,-0.9129177927970886,-0.241732120513916,-0.6363347172737122,-1.6919196844100952,-0.168685806710075,-0.3869559802469667,-0.3651160023167102,107.0
1652967135.42496,-0.0372663736343383,0.6576541066169739,0.3284450769424438,-0.1679490059614181,0.3788760304450989,-0.9100802540779114,-0.6357937455177307,-0.7496497631072998,-1.5990890264511108,-0.1824899232057691,-0.3885814682002524,-0.3834199343124703,107.0
1652967135.43498,-0.0126976668834686,0.6771218776702881,0.4003626108169555,-0.1809820681810379,0.3823369443416595,-0.906125783920288,-0.711770236492157,-0.8292993307113647,-1.4959869384765625,-0.1971375906203443,-0.3923240679502296,-0.4011909470024741,107.0
1652967135.444903,0.0216961652040481,0.6722473502159119,0.4851027131080627,-0.194425567984581,0.3855179846286773,-0.901983678340912,-0.5359888076782227,-0.9573444724082948,-1.34251606464386,-0.2123049546368312,-0.3957691199748185,-0.4175860433126023,107.0
1652967135.454901,0.0577477067708969,0.6350928544998169,0.5516302585601807,-0.2086265385150909,0.3864647448062897,-0.8983985781669617,-0.2811945676803589,-1.1069395542144775,-1.2341086864471436,-0.2281762769116015,-0.3967954208187523,-0.4320567967356108,107.0
1652967135.464777,0.0539499223232269,0.5854790210723877,0.5809832215309143,-0.2241463661193847,0.3841961920261383,-0.8956292271614075,0.1427873075008392,-1.311875581741333,-1.1729085445404053,-0.2452298732056774,-0.3943370285271598,-0.4447899189365016,107.0
1652967135.474748,-0.0009736269712448,0.5786866545677185,0.5939180850982666,-0.2405881881713867,0.3800961673259735,-0.8931092619895935,0.1573199331760406,-1.4007247686386108,-1.120566487312317,-0.2631363799945388,-0.3899002692210758,-0.4562707412685235,107.0
1652967135.484879,-0.0636854767799377,0.5707092881202698,0.5094578862190247,-0.257344126701355,0.3771540224552154,-0.8896790742874146,-0.1508301794528961,-1.4396517276763916,-1.0551955699920654,-0.2815700810783506,-0.3867214401869044,-0.4675264787541321,107.0
1652967135.494957,-0.0518175959587097,0.5556365251541138,0.4430219233036041,-0.2741863131523132,0.3782670795917511,-0.8841582536697388,-0.7224990129470825,-1.5167417526245115,-0.9742956161499025,-0.3007060238700646,-0.3879235656323251,-0.4793204153301308,107.0
1652967135.507443,-0.0050128996372222,0.5435414910316467,0.4267747402191162,-0.2914652526378631,0.383131206035614,-0.8765035271644592,-0.9460424780845642,-1.6113320589065552,-0.9022270441055298,-0.3210289597403052,-0.3931837824848661,-0.4917525489063131,107.0
1652967135.514627,0.0697586834430694,0.5246095657348633,0.5820029973983765,-0.3092605471611023,0.3885169327259063,-0.8679933547973633,-0.8151795268058777,-1.7323862314224243,-0.80768883228302,-0.3422706214072473,-0.3990215290104,-0.5037406484963945,107.0
1652967135.524564,0.1060237288475036,0.4384008646011352,0.6947154998779297,-0.3275507390499115,0.3920611441135406,-0.8596502542495728,-0.4047176539897918,-1.8818914890289309,-0.6720119714736938,-0.3640449119707409,-0.4028710620593261,-0.5137543660688556,107.0
1652967135.534562,0.0805322527885437,0.3113023042678833,0.7540709972381592,-0.3464776277542114,0.3909026682376861,-0.8527299165725708,0.1613428294658661,-1.956202507019043,-0.5969481468200684,-0.3859391133728484,-0.4016120976556995,-0.5205975534308124,107.0
1652967135.54451,0.0134167671203613,0.2881699800491333,0.8269520998001099,-0.3650707304477691,0.3858926892280578,-0.8472367525100708,0.4931370913982391,-1.9123082160949707,-0.5069594979286194,-0.4068537952647493,-0.3961752626188266,-0.5246363556540155,107.0
1652967135.5550718,-0.0276453495025634,0.2767314314842224,0.7252297401428223,-0.3825718462467193,0.380376249551773,-0.8419932723045349,0.3969274461269378,-1.8699593544006348,-0.3638076484203338,-0.426477500846824,-0.3902030870477159,-0.5269244231940453,107.0
1652967135.5649629,-0.0111783742904663,0.2629991769790649,0.6447165608406067,-0.3994355499744415,0.376752495765686,-0.8357683420181274,0.227994218468666,-1.8972643613815308,-0.2432416081428527,-0.4458331057764169,-0.3862879430428835,-0.5284884415851338,107.0
1652967135.574561,-0.0009699165821075,0.277127206325531,0.7296020984649658,-0.4159916341304779,0.3732878565788269,-0.8292207717895508,0.4259935915470123,-1.8949283361434937,-0.1985468417406082,-0.4649793066882682,-0.3825505489200549,-0.529172812848755,107.0
1652967135.58444,0.0073020458221435,0.2264057993888855,0.8514531850814819,-0.4320303201675415,0.3678002953529358,-0.8234516978263855,0.7617483735084534,-1.8864682912826536,-0.0647112056612968,-0.4831786514258019,-0.3766423844668652,-0.5275309798668855,107.0
1652967135.594389,-0.0130576789379119,0.1467519402503967,0.8869026303291321,-0.4474982619285583,0.3606864511966705,-0.8183218240737915,0.971513032913208,-1.9126898050308228,0.1008639112114906,-0.5004206047527792,-0.3690037790910098,-0.5229411960469956,107.0
1652967135.604532,-0.0680137276649475,0.0845963954925537,0.8161656856536865,-0.4624121785163879,0.3538324236869812,-0.813005268573761,0.8664541244506836,-1.9224261045455933,0.2921880781650543,-0.5171388916917676,-0.3616654420202476,-0.5162007406858249,107.0
1652967135.614478,-0.1373908817768097,0.0712380409240722,0.6927681565284729,-0.4764548540115356,0.3508109152317047,-0.8061776757240295,0.3221082687377929,-1.9141902923583984,0.5390393733978271,-0.5337791080713365,-0.358436924638339,-0.5090629224676694,107.0
1652967135.624401,-0.19890958070755,0.0711709856986999,0.6004100441932678,-0.4895058572292328,0.3537982702255249,-0.7970011234283447,-0.2638553380966186,-1.910762310028076,0.712594747543335,-0.5507841579753607,-0.3616289365613827,-0.5033102654639839,107.0
1652967135.6342402,-0.2116122245788574,0.0464582443237304,0.6682373285293579,-0.502102255821228,0.3597777187824249,-0.7864179611206055,-0.3216376900672912,-1.9574741125106807,0.7803429365158081,-0.5682251640948576,-0.368029653314077,-0.4981922099291239,107.0
1652967135.6441212,-0.2102712392807006,-0.0443481802940368,0.7959277629852295,-0.5146889686584473,0.3659526407718658,-0.7753540277481079,-0.1075118035078048,-2.064974546432495,0.9140891432762146,-0.5860233895880267,-0.3746562591136433,-0.4920631655431741,107.0
1652967135.65431,-0.2795138955116272,-0.1629555225372314,0.7859944105148315,-0.5269587635993958,0.3707437813282013,-0.7647636532783508,0.1788014471530914,-2.0471413135528564,1.0295028686523438,-0.6033376723008839,-0.3798097565581632,-0.4831654045213904,107.0
1652967135.675704,-0.3266288638114929,-0.2286178469657898,0.7937967777252197,-0.538101851940155,0.3743092119693756,-0.7552078366279602,0.3595728278160095,-1.9456504583358765,1.1138653755187988,-0.6190803116232433,-0.3836517246320985,-0.4720463657541144,107.0
1652967135.6847072,-0.2330148816108703,-0.2518552541732788,0.5915027856826782,-0.5562916398048401,0.3837016224861145,-0.737097442150116,0.2066312134265899,-1.795716404914856,1.422072172164917,-0.6465059616238413,-0.3938014200872264,-0.4460687102333416,107.0
1652967135.709414,-0.2386341094970703,-0.2729300260543823,0.5374317169189453,-0.5634440779685974,0.3900585174560547,-0.7282754778862,0.331104427576065,-1.7235063314437866,1.529282808303833,-0.6584778998179986,-0.4006951282533578,-0.4316639142993726,107.0
1652967135.715671,-0.3453755974769592,-0.3510992527008056,0.5514588952064514,-0.574485182762146,0.3977903127670288,-0.7153528332710266,1.1233782768249512,-1.5319379568099976,1.667722225189209,-0.6766158375381327,-0.4091071501540099,-0.3945597034621722,107.0
1652967135.724621,-0.3862270712852478,-0.4432546496391296,0.4730143249034881,-0.5780825018882751,0.3993763029575348,-0.7115610241889954,1.2257158756256104,-1.3962405920028689,1.7489475011825562,-0.6822650319507105,-0.4108364472859905,-0.3720491627189704,107.0
1652967135.733943,-0.3819735646247864,-0.5139274597167969,0.3043160140514374,-0.5804286599159241,0.4019217193126678,-0.7082100510597229,0.9597422480583192,-1.303264856338501,1.8518375158309937,-0.6865612770887333,-0.413614590716278,-0.3492392106028469,107.0
1652967135.743772,-0.362112283706665,-0.5145395398139954,0.162257969379425,-0.5816437005996704,0.4080544710159302,-0.7036917209625244,0.4339956641197204,-1.227026343345642,1.9509214162826536,-0.690727795425124,-0.4203220351159429,-0.3283698259536181,107.0
1652967135.753829,-0.37447589635849,-0.4801566004753113,0.0774028897285461,-0.581716001033783,0.4179889261722564,-0.697776198387146,0.0430289693176746,-1.1136281490325928,1.9750839471817017,-0.6949377145377343,-0.4312304535287212,-0.310259472629828,107.0
1652967135.763602,-0.3714211583137512,-0.4438880085945129,0.0847655832767486,-0.580864429473877,0.4293181896209717,-0.6915795803070068,0.0353591293096542,-1.0348812341690063,1.946860671043396,-0.6986068778968876,-0.4437377337804569,-0.2936967166468373,107.0
1652967135.77339,-0.3277138471603393,-0.4410746693611145,0.097643494606018,-0.5793752670288086,0.4393590092658996,-0.6865041255950928,0.3433393239974975,-0.989540994167328,1.9478540420532229,-0.7009712984910709,-0.4548849930943127,-0.2759816099450319,107.0
1652967135.7832851,-0.3070030212402344,-0.4814745187759399,0.089296668767929,-0.5773810744285583,0.4468360841274261,-0.6833509206771851,0.7899925112724304,-0.9483879208564758,1.951142430305481,-0.7015410222540562,-0.4632255904165701,-0.2554665686325605,107.0
1652967135.795618,-0.3301684856414795,-0.5040878653526306,0.0614845752716064,-0.5749369859695435,0.450508713722229,-0.6830002665519714,1.2887623310089111,-0.8410255312919617,1.9047651290893557,-0.6997033992952156,-0.4673350827740018,-0.2312441933686262,107.0
1652967135.8035722,-0.3498684167861938,-0.4527618288993835,0.0122863948345184,-0.5717318058013916,0.4514891803264618,-0.6850403547286987,1.5348076820373535,-0.708155632019043,1.8723063468933103,-0.6954828618020268,-0.4684336042693542,-0.2048049737068517,107.0
1652967135.81357,-0.3438597321510315,-0.3860827684402466,-0.1461870074272155,-0.5677459836006165,0.4519272744655609,-0.6880596876144409,1.3941859006881714,-0.586281955242157,1.8756920099258425,-0.6898836903671475,-0.4689246556719502,-0.1781145513473533,107.0
1652967135.823106,-0.3441996574401855,-0.3017807602882385,-0.277434229850769,-0.5628894567489624,0.4542072117328644,-0.6905441284179688,1.022676706314087,-0.4557251334190368,1.8569130897521973,-0.6839041031605666,-0.4714821221526363,-0.1534500004457833,107.0
1652967135.8332062,-0.3419182896614074,-0.2007904052734375,-0.3539822995662689,-0.5573126077651978,0.4575283527374267,-0.6928711533546448,0.9397576451301576,-0.3199247121810913,1.7468763589859009,-0.6773892373046411,-0.4752135501363592,-0.1308336415894599,107.0
1652967135.843134,-0.2722827196121216,-0.1783396601676941,-0.3220676481723785,-0.5516307950019836,0.4599307179450989,-0.6958211660385132,1.1241148710250854,-0.3039260804653168,1.6786067485809326,-0.6703208964847507,-0.4779171774751976,-0.1087648944684371,107.0
1652967135.853148,-0.2135641574859619,-0.2182209491729736,-0.3375918269157409,-0.5461708307266235,0.4602571129798889,-0.6999005079269409,1.381180763244629,-0.2891817688941955,1.5946160554885864,-0.6626469632157893,-0.4782848007762945,-0.0856391246979982,107.0
1652967135.863158,-0.2140995860099792,-0.2605862617492676,-0.3632902801036834,-0.5411187410354614,0.4580777883529663,-0.7052341103553772,1.613234043121338,-0.2713463008403778,1.4788976907730105,-0.6544749094621201,-0.4758315559518656,-0.0617188515770295,107.0
1652967135.873036,-0.2195085287094116,-0.260333776473999,-0.4140507578849792,-0.5363813042640686,0.4539676606655121,-0.7114832997322083,1.6928460597991943,-0.2241513580083847,1.3740636110305786,-0.6459870773950593,-0.4712132617364435,-0.0376950446198615,107.0
1652967135.8829231,-0.2204089164733886,-0.2066891193389892,-0.4836598932743072,-0.5318493247032166,0.4493885934352875,-0.717764675617218,1.5209687948226929,-0.1648396700620651,1.2504775524139404,-0.6377033142729472,-0.4660807984964913,-0.0151279857620406,107.0
1652967135.892939,-0.2198216915130615,-0.1635493040084839,-0.5609735250473022,-0.5274164080619812,0.4463798701763153,-0.7228948473930359,1.0543320178985596,-0.0948589891195297,1.1659237146377563,-0.6303098653669285,-0.4627157001896511,0.0043194288811908,107.0
1652967135.902897,-0.2238473296165466,-0.1111516952514648,-0.6227341890335083,-0.5227345824241638,0.4470596611499786,-0.7258692383766174,0.3969244658946991,-0.0047882692888379,1.1056625843048096,-0.6241217080848506,-0.463475528471145,0.0193171257764127,107.0
1652967135.912864,-0.2223684191703796,-0.0585861206054687,-0.621271014213562,-0.5177132487297058,0.4525239169597626,-0.7260819673538208,-0.3750577569007873,0.0701424330472946,1.0246788263320925,-0.6194129980669557,-0.4695936131776553,0.0290418012914906,107.0
1652967135.9228358,-0.1908297538757324,-0.043513536453247,-0.6198851466178894,-0.512569785118103,0.4620481133460998,-0.7237290143966675,-0.8111056089401245,0.0931144878268241,0.9545724391937256,-0.6162310777946787,-0.4803032395386259,0.0340840096849737,107.0
1652967135.932891,-0.1292101740837097,-0.0459083914756774,-0.5355706810951233,-0.5077373385429382,0.4732536971569061,-0.71988445520401,-0.939357340335846,0.0569801814854145,0.8656066060066223,-0.6142767686466039,-0.4929806087166339,0.0365403349335704,107.0
1652967135.942733,-0.1109598278999328,-0.0749145746231079,-0.4658969342708587,-0.5035114884376526,0.4834901988506317,-0.7160400152206421,-0.7323426604270935,0.0297470726072788,0.7846490144729614,-0.6128630445055139,-0.504637559589201,0.0386089866438966,107.0
1652967135.952732,-0.1350879669189453,-0.1088745594024658,-0.4095939397811889,-0.4997080862522125,0.4905569851398468,-0.7138947248458862,-0.2301586270332336,0.0644131749868393,0.6366145014762878,-0.6107088422558716,-0.5127288208346776,0.042097004799332,107.0
1652967135.9626908,-0.1525142192840576,-0.1017789840698242,-0.3765755295753479,-0.4964267313480377,0.4934577643871307,-0.7141848206520081,0.1669308096170425,0.0913382098078727,0.4829490482807159,-0.6074268445628208,-0.5160607996352047,0.0471578471776111,107.0
1652967135.9726129,-0.1217703819274902,-0.0284125804901123,-0.4226871132850647,-0.4936927855014801,0.493167370557785,-0.7162774205207825,0.4733732938766479,0.0948804840445518,0.348940908908844,-0.6034733415781298,-0.5157269499193262,0.0532626589662345,107.0
1652967135.982586,-0.0730848312377929,0.0603908896446228,-0.472772866487503,-0.4918259680271148,0.4902746081352234,-0.7195401191711426,0.6876320838928223,0.0548753291368484,0.1894195824861526,-0.5995853125377625,-0.512404794533767,0.059581226118683,107.0
1652967135.992538,-0.0300021767616271,0.1171001195907592,-0.4792250990867615,-0.4910396337509155,0.4856641888618469,-0.7231945395469666,0.7660459280014038,-0.0020723773632198,0.0602719746530056,-0.5964835739141359,-0.5071228351175721,0.0654216479143962,107.0
1652967136.00247,-0.0166055560111999,0.1065691709518432,-0.4843742847442627,-0.4911153018474579,0.4803001284599304,-0.726716935634613,0.7040297389030457,-0.0280450154095888,-0.0246686749160289,-0.5942990605315774,-0.5009968557463073,0.0703223093728779,107.0
1652967136.012422,-0.0116280317306518,0.058549165725708,-0.4768446981906891,-0.491698294878006,0.4758680462837219,-0.7292340993881226,0.4267659187316894,-0.0655207559466362,-0.0867765173316001,-0.5932457495171253,-0.4959507356525479,0.073500134912398,107.0
1652967136.022431,-0.0239397585391998,0.0051321387290954,-0.4757600128650665,-0.492875337600708,0.473562628030777,-0.7299399375915527,0.0193643197417259,-0.0845427513122558,-0.1783157140016555,-0.5939057752277013,-0.4933313320884537,0.0737099629957929,107.0
1652967136.032384,-0.0349352955818176,-0.0379866361618042,-0.4531737267971039,-0.4946208894252777,0.4743223190307617,-0.7282639741897583,-0.5463874936103821,-0.1103099063038826,-0.2580457031726837,-0.5966143498860367,-0.4941940764202331,0.0700253555956076,107.0
1652967136.042561,-0.0307310223579406,-0.0363650321960449,-0.4470117092132568,-0.496963620185852,0.4785057306289673,-0.7239194512367249,-0.9970542192459106,-0.1456593722105026,-0.3291845917701721,-0.6016013267396744,-0.4989521819310037,0.0623367737600088,107.0
1652967136.052548,-0.0199285149574279,-0.0035198926925659,-0.3597220480442047,-0.4998925924301147,0.485072910785675,-0.7175037264823914,-1.2887214422225952,-0.1857825517654419,-0.3984904289245605,-0.6085150065961592,-0.5064465586293185,0.0514009015600247,107.0
1652967136.0624452,-0.024107277393341,-0.0212770104408264,-0.2477239668369293,-0.5033736228942871,0.4918187260627746,-0.7104430198669434,-1.18106210231781,-0.1959098726511001,-0.4639393091201782,-0.616431104117426,-0.5141773292795365,0.0391515725762916,107.0
1652967136.072394,-0.0451216697692871,-0.0232572555541992,-0.135817289352417,-0.5071700811386108,0.4967333376407623,-0.7042971253395081,-0.9205800890922546,-0.1883038878440857,-0.5263129472732544,-0.6240942484833257,-0.5198308404756894,0.0275151872897961,107.0
1652967136.08235,-0.050150454044342,-0.0385698080062866,-0.0753712654113769,-0.5112660527229309,0.4992450773715973,-0.6995436549186707,-0.6145979166030884,-0.1887310445308685,-0.5803095102310181,-0.631136323429518,-0.5227272822214452,0.0171390964093952,107.0
1652967136.092338,-0.0308284163475036,-0.0461584329605102,-0.0830928981304168,-0.5153750777244568,0.4998255968093872,-0.6961054801940918,-0.4341354668140411,-0.1670752763748169,-0.5716166496276855,-0.6373089116881363,-0.5233973961735005,0.0083273840676732,107.0
1652967136.1022758,-0.0222590565681457,-0.0198041796684265,-0.090375006198883,-0.519260048866272,0.4996614456176758,-0.6933306455612183,-0.3862620890140533,-0.1342260539531707,-0.5634512305259705,-0.6428195683980703,-0.5232078817390946,0.000325235318506,107.0
1652967136.112409,-0.0220175981521606,0.0124584436416625,-0.1011661887168884,-0.5226905345916748,0.4998172521591186,-0.6906353831291199,-0.483193427324295,-0.0720438957214355,-0.524420440196991,-0.6478552056102375,-0.5233877677808729,-0.0077176288460296,107.0
1652967136.122065,-0.0238409638404846,0.0361272692680358,-0.1082012057304382,-0.5253685116767883,0.5010233521461487,-0.6877233982086182,-0.6269116997718811,0.0104090590029954,-0.4823597967624664,-0.6523531676993302,-0.5247808528931683,-0.0161527436512304,107.0
1652967136.132191,-0.0090165734291076,0.0466037392616272,-0.0638107061386108,-0.5274823904037476,0.5036299824714661,-0.6841923594474792,-0.8341080546379089,0.0282429177314043,-0.4293224215507507,-0.6567787696353511,-0.5277954127563216,-0.0254337058014878,107.0
