1652969361.88909,-0.0203343033790588,-0.0243579149246215,0.0501091033220291,0.7999973893165588,0.1106270030140876,-0.5897167921066284,-0.0815620869398117,0.0166740473359823,0.2914149463176727,0.9355711328332622,-0.1108539027741309,0.1835081817895414,113.0
1652969361.898874,-0.0174918174743652,-0.0235211253166198,0.0602900832891464,0.8001608848571777,0.1092045679688453,-0.5897601246833801,-0.1128127500414848,0.000770715996623,0.2647172212600708,0.9356336391662824,-0.1094227948371177,0.18592599498174,113.0
1652969361.9088511,-0.0186209082603454,-0.0267530679702758,0.0686296373605728,0.8002066612243652,0.1081892400979995,-0.5898851156234741,-0.1334626376628875,-0.0040421485900878,0.2296457588672638,0.9355597209278846,-0.1084014150246786,0.1883423682082176,113.0
1652969361.918787,-0.0173486471176147,-0.0292652249336242,0.0748405903577804,0.8001551032066345,0.1076240465044975,-0.5900585055351257,-0.1610993146896362,-0.0113707417622208,0.18975131213665,0.935388566192158,-0.1078329003712858,0.1907407808935549,113.0
1652969361.928719,-0.0157148241996765,-0.021201729774475,0.0832907035946846,0.8000166416168213,0.1076120436191558,-0.5902484655380249,-0.1976922154426574,-0.0192007031291723,0.1423409134149551,0.9351521168473076,-0.1078208315352131,0.1931394364948244,113.0
1652969361.938679,-0.0148305892944335,-0.017109215259552,0.0893650874495506,0.7997732758522034,0.1083125546574592,-0.5904500484466553,-0.2493240535259246,-0.0305327717214822,0.0940154641866684,0.9348436474436947,-0.1085254616861121,0.1956144802102976,113.0
1652969361.94864,-0.016543686389923,-0.0084744691848754,0.0869233533740043,0.7996095418930054,0.1094420328736305,-0.5904635787010193,-0.312956303358078,-0.0543499514460563,0.0396084114909172,0.934734837146166,-0.1096616911694091,0.1982545808970452,113.0
1652969361.958744,-0.0103753209114074,0.0063199996948242,0.0869494304060936,0.7992700338363647,0.1114453747868537,-0.5905485153198242,-0.3849282264709472,-0.0695757269859314,-0.0212844610214233,0.934463137601561,-0.1116773634283493,0.2011152602294203,113.0
1652969361.968594,0.0001534223556518,0.0169157981872558,0.0902207121253013,0.7987052798271179,0.1142928823828697,-0.5907683372497559,-0.449724793434143,-0.1059486493468284,-0.0744281038641929,0.9339473510300406,-0.1145431851643833,0.2042078091913725,113.0
1652969361.978499,0.0096468925476074,0.0315902829170227,0.0900382697582244,0.7979094386100769,0.1179238185286521,-0.5911301374435425,-0.5185332894325256,-0.1291746646165847,-0.1238416582345962,0.9331778542932114,-0.1181988507543871,0.2075137108257351,113.0
1652969361.988476,0.0130398869514465,0.0422504544258117,0.089890033006668,0.7969576716423035,0.1223902776837349,-0.5915058255195618,-0.5987985730171204,-0.1316697746515274,-0.1707947850227356,0.932302851267023,-0.1226979105897053,0.2111519229161854,113.0
1652969361.998452,0.0125707387924194,0.0481051206588745,0.0818860679864883,0.7959773540496826,0.1276476681232452,-0.5917147994041443,-0.6634301543235779,-0.1185210570693016,-0.2162057906389236,0.9315445601589104,-0.1279968746469889,0.2151088068182239,113.0
1652969362.008436,0.008979320526123,0.0534552335739135,0.0771314650774002,0.7950369119644165,0.133607730269432,-0.5916633009910583,-0.7078551650047302,-0.0908990204334259,-0.2638590633869171,0.9310201352217656,-0.1340084632041099,0.2192213499713124,113.0
1652969362.0184798,0.0098780989646911,0.0471449494361877,0.0815997868776321,0.7941990494728088,0.1401562243700027,-0.591273307800293,-0.7336111068725586,-0.0609312653541564,-0.3086616396903991,0.9308308773153952,-0.1406191969500831,0.2233595437397217,113.0
1652969362.028544,0.0111076235771179,0.0456812381744384,0.0903874635696411,0.7934273481369019,0.1470545977354049,-0.5906336903572083,-0.7043866515159607,-0.0453504398465156,-0.3581578135490417,0.9308836974368966,-0.1475898402739859,0.2272005895796235,113.0
1652969362.0386062,0.0176982283592224,0.0349225997924804,0.1130073517560958,0.7926504611968994,0.1540825515985489,-0.5898848176002502,-0.6843619346618652,-0.0264996271580457,-0.3976424038410187,0.9310221354240608,-0.1546988450140277,0.2304992577445991,113.0
1652969362.048325,0.0224823951721191,-0.0022937655448913,0.1333142668008804,0.7918944358825684,0.1614703088998794,-0.5889232754707336,-0.7100659608840942,-0.004141058307141,-0.4372220337390899,0.9313464594497624,-0.1621803364739409,0.2335859064382972,113.0
1652969362.058238,0.0167173743247985,-0.0090078711509704,0.1263959556818008,0.7911744713783264,0.1694719940423965,-0.5876412391662598,-0.7930618524551392,0.0180366281419992,-0.4851869940757751,0.9319542983944898,-0.1702938840421492,0.2368761435402459,113.0
1652969362.068224,0.003294825553894,0.0026390552520751,0.1123443990945816,0.7904217839241028,0.1784881651401519,-0.585982620716095,-0.8991829752922058,0.0273302625864744,-0.5588558912277222,0.93285141009061,-0.1794497324038231,0.2405937826370748,113.0
1652969362.078148,0.0007760524749755,-0.0005370378494262,0.110087364912033,0.7894003987312317,0.1887713372707367,-0.5841339826583862,-0.9944631457328796,-0.00371271581389,-0.6561000943183899,0.9337442701885076,-0.189910831736385,0.2446601974717723,113.0
1652969362.088083,0.0013930201530456,-0.0181586742401123,0.128730833530426,0.7878525853157043,0.200477585196495,-0.5823204517364502,-1.104313611984253,-0.0554118640720844,-0.7759817242622375,0.934292521679093,-0.2018453836244508,0.2489112238940418,113.0
1652969362.09821,0.0010606050491333,-0.0412489175796508,0.1572955846786499,0.7856367826461792,0.2138287276029586,-0.5805619955062866,-1.2112282514572144,-0.1083945482969284,-0.9219133853912354,0.9343918748349536,-0.2154926749749705,0.2533102016838925,113.0
1652969362.108074,0.0126329064369201,-0.0767005681991577,0.1673289686441421,0.7825788855552673,0.2289876192808151,-0.5789085030555725,-1.3327395915985107,-0.1897485256195068,-1.085682392120361,0.9338910450521664,-0.2310375341304779,0.2576310414353132,113.0
1652969362.118037,0.0250970721244812,-0.1198580265045166,0.1722850501537323,0.7784308195114136,0.2461567670106887,-0.5774534344673157,-1.4743070602416992,-0.2929619550704956,-1.2520610094070437,0.9325527678872196,-0.248713003303762,0.262044845584398,113.0
1652969362.127998,0.0353072881698608,-0.1763852834701538,0.2032671868801117,0.7730271220207214,0.2650556266307831,-0.5763460397720337,-1.505700707435608,-0.4140721261501312,-1.4017194509506226,0.9301362726436564,-0.26826161454711,0.2663085481097305,113.0
1652969362.1379251,0.0559524893760681,-0.2252964377403259,0.2630853354930877,0.7661911249160767,0.2847205102443695,-0.5760952234268188,-1.4100338220596311,-0.5682276487350464,-1.548833250999451,0.9260835800094246,-0.2887148678188224,0.2692146997399051,113.0
1652969362.147908,0.0842823386192321,-0.2626598477363586,0.3497734367847442,0.7575908303260803,0.3051948547363281,-0.5769854784011841,-1.395047903060913,-0.7538797855377197,-1.7291418313980105,0.9199088860807134,-0.3101430436210988,0.2705653518529243,113.0
1652969362.158082,0.1131410002708435,-0.3392612934112549,0.3754240572452545,0.746859610080719,0.3271059095859527,-0.5789667963981628,-1.4670944213867188,-0.9629839658737184,-1.9399582147598269,0.9113602685570674,-0.3332393787522967,0.2706562542874102,113.0
1652969362.1683002,0.1311759352684021,-0.3980961441993713,0.3444059193134308,0.7333871126174927,0.3516543209552765,-0.5817927718162537,-1.862710237503052,-1.321497678756714,-2.148812294006348,0.900156822429357,-0.3593376952093109,0.270825023369232,113.0
1652969362.177758,0.1706308126449585,-0.4188975095748901,0.2972962856292724,0.7165762782096863,0.3803160786628723,-0.5847035646438599,-2.5267512798309326,-1.6761596202850342,-2.252241373062134,0.8863941529073142,-0.3901380361265589,0.2745116287161199,113.0
1652969362.187753,0.1424999833106994,-0.52193284034729,0.2295375168323516,0.6971606612205505,0.4127965271472931,-0.5861451029777527,-2.7693684101104736,-1.7194589376449585,-2.5733721256256104,0.871690808714298,-0.4255222639910216,0.2802970108730809,113.0
1652969362.197701,0.1564968824386596,-0.5993362069129944,0.4453645348548889,0.6750766038894653,0.4476561844348907,-0.5864090323448181,-2.695249080657959,-1.8304684162139893,-2.91384220123291,0.8555709977049047,-0.4641425110717427,0.2835900888060462,113.0
1652969362.2076669,0.230070412158966,-0.6261282563209534,0.750607967376709,0.6499497890472412,0.482744812965393,-0.5869607329368591,-2.5458128452301025,-1.9869807958602903,-3.082083225250244,0.8362787055409853,-0.5037862297942961,0.2831857266869028,113.0
1652969362.217607,0.2490121126174926,-0.6720842719078064,0.7558090686798096,0.6227378249168396,0.5173691511154175,-0.5869641900062561,-2.5603597164154053,-1.9925882816314695,-3.1672568321228027,0.8149618116414178,-0.5437738059419605,0.2802358804332531,113.0
1652969362.2275891,0.2368663549423217,-0.6766862869262695,0.6129851937294006,0.593654215335846,0.5524048805236816,-0.5851697325706482,-2.746241569519043,-2.0805039405822754,-3.3037004470825195,0.7925954436312055,-0.5852465252183812,0.2763335020399665,113.0
1652969362.237682,0.2171881794929504,-0.6699119210243225,0.5695708990097046,0.5620323419570923,0.5883271098136902,-0.5813698172569275,-2.816932678222656,-2.1414952278137207,-3.523142576217652,0.7684875648678172,-0.6289884919700259,0.2708818779457223,113.0
1652969362.247505,0.2638869881629944,-0.6934260129928589,0.6386651396751404,0.5274490118026733,0.6234046816825867,-0.5772038698196411,-2.455422878265381,-2.2385857105255127,-3.754002571105957,0.7403874580131115,-0.6730895509031106,0.260529642909789,113.0
1652969362.257451,0.3529448211193084,-0.6681975722312927,0.753801167011261,0.4898133277893066,0.655225932598114,-0.5751190185546875,-1.809988021850586,-2.315368175506592,-3.943428039550781,0.7054645142058215,-0.7144816756485453,0.2414830048217536,113.0
1652969362.267688,0.4115652441978454,-0.6379570960998535,0.8846375942230225,0.4495034515857696,0.6823791265487671,-0.5764593482017517,-1.0971839427947998,-2.3984224796295166,-4.112645149230957,0.6622808396750857,-0.7510123603457972,0.2119679852815308,113.0
1652969362.277357,0.4249913692474365,-0.593178391456604,0.881033718585968,0.4064905047416687,0.7048123478889465,-0.5813820958137512,-0.526005208492279,-2.4565258026123047,-4.271239757537842,0.6101751603436972,-0.7821585706198051,0.1717982462472951,113.0
1652969362.287324,0.4283395111560821,-0.5282517075538635,0.8442403078079224,0.361424833536148,0.7234935164451599,-0.5881575345993042,-0.2452534139156341,-2.4564859867095947,-4.364990234375,0.5510155765019353,-0.8088496251973271,0.1232979637208561,113.0
1652969362.297275,0.4488681256771087,-0.4723597168922424,0.7843353748321533,0.3150020539760589,0.7396515607833862,-0.5947179198265076,-0.2492034882307052,-2.436084270477295,-4.421836853027344,0.487098070138882,-0.8325524814076477,0.0692483921163176,113.0
1652969362.307374,0.4531447887420654,-0.4312048554420471,0.6506984829902649,0.2674666941165924,0.7544377446174622,-0.5994042158126831,-0.3774085640907287,-2.40005111694336,-4.478025913238525,0.4197067811334831,-0.8547970532682334,0.0113943478611514,113.0
1652969362.317216,0.4505669474601745,-0.3906848430633545,0.4935120344161987,0.2193243354558944,0.7677795886993408,-0.602006196975708,-0.4096423387527466,-2.2618727684021,-4.540371417999268,0.3493767945221087,-0.8753684149704746,-0.0505004545022451,113.0
1652969362.327186,0.4131141602993011,-0.3806803822517395,0.3628055453300476,0.1710074543952942,0.7786587476730347,-0.603694498538971,-0.2498217970132827,-2.1560378074646,-4.545688629150391,0.2760367193110672,-0.8925252959713706,-0.1168578850819083,113.0
1652969362.337117,0.3673308193683624,-0.360032320022583,0.2728012800216675,0.1230865865945816,0.7859298586845398,-0.605940580368042,0.0467584654688835,-2.058440923690796,-4.505707740783691,0.200406328408796,-0.9041985424874716,-0.1867992957754351,113.0
1652969362.347107,0.3526105284690857,-0.2872440814971924,0.1972678303718567,0.0752610713243484,0.7889230251312256,-0.6098659038543701,0.448819637298584,-2.091726303100586,-4.487204074859619,0.1227851495959934,-0.9090544272979428,-0.2591410812695654,113.0
1652969362.357059,0.4284809827804565,-0.1330174803733825,0.0894910097122192,0.027222640812397,0.7871874570846558,-0.6161127090454102,0.8719888925552368,-2.1208159923553467,-4.481112957000732,0.0441557936096119,-0.9062350900791551,-0.3322529482561451,113.0
1652969362.367052,0.4964514970779419,-0.0277699828147888,0.0063810944557189,-0.0209114458411932,0.780270516872406,-0.6250925064086914,1.4162429571151731,-2.1201961040496826,-4.48160982131958,-0.0334408928357437,-0.8950982412125101,-0.4042485802507557,113.0
1652969362.377126,0.5109744071960449,0.1398553848266601,-0.0251027941703796,-0.0685611963272094,0.7679465413093567,-0.6368341445922852,1.845905303955078,-2.113706588745117,-4.413636684417725,-0.1072463522989955,-0.8756289771171403,-0.472314498835734,113.0
1652969362.386986,0.5058003067970276,0.3491150140762329,-0.0668105483055114,-0.114793948829174,0.7513961791992188,-0.6497893929481506,2.0478975772857666,-2.016854286193848,-4.2863850593566895,-0.1748590984828693,-0.850175474295505,-0.5340796694616282,113.0
1652969362.3968968,0.4941930770874023,0.4729238748550415,-0.1234762072563171,-0.1584540456533432,0.7320425510406494,-0.662575364112854,2.128307580947876,-1.788266658782959,-4.148283004760742,-0.2347399120918322,-0.8213153816152102,-0.5891214385221263,113.0
1652969362.40687,0.4761998355388641,0.524491012096405,-0.1812397837638855,-0.1986425817012787,0.710353672504425,-0.6752325296401978,2.195107698440552,-1.4859554767608645,-3.990113019943237,-0.2861124752092335,-0.7900005565850474,-0.6376444341394225,113.0
1652969362.416809,0.4460167288780212,0.605465829372406,-0.2032158374786377,-0.2347589284181594,0.6869194507598877,-0.687771737575531,2.228765726089477,-1.153008222579956,-3.8113818168640137,-0.3289325708325092,-0.7572416389465257,-0.6800821419481227,113.0
1652969362.426796,0.4109569787979126,0.623681902885437,-0.2038017511367797,-0.2665631771087646,0.6623284220695496,-0.700189471244812,2.1825108528137207,-0.8010692596435547,-3.640495777130127,-0.3637598580243268,-0.7239223362248767,-0.7172413880970026,113.0
1652969362.436739,0.3693940341472626,0.6190692186355591,-0.2168937921524047,-0.2939852476119995,0.6374413371086121,-0.7122088074684143,2.040154457092285,-0.4499618411064148,-3.4753267765045166,-0.3914744522367357,-0.691172863724929,-0.7503107168492136,113.0
1652969362.446825,0.3221022486686706,0.6441190242767334,-0.2296881675720214,-0.3172195553779602,0.6139197945594788,-0.7228238582611084,1.627664566040039,-0.1199506372213363,-3.3311924934387207,-0.4135526392400702,-0.6610168089451086,-0.7810641198374153,113.0
1652969362.45671,0.3056680858135223,0.6608269214630127,-0.2398815155029297,-0.3366740643978119,0.5926342010498047,-0.7317344546318054,1.3399618864059448,0.1677953898906707,-3.226791381835937,-0.4312247153386922,-0.6343253128970037,-0.8108686742530818,113.0
1652969362.466605,0.2951229512691498,0.6849422454833984,-0.2211396098136901,-0.3532743155956268,0.57236647605896,-0.7399958968162537,1.2104862928390503,0.3387101292610168,-3.1566808223724365,-0.4454050165001015,-0.6093888761661587,-0.8396567922437578,113.0
1652969362.476615,0.276847779750824,0.6822974681854248,-0.1175078153610229,-0.3678666055202484,0.5520476698875427,-0.7482764720916748,1.2699198722839355,0.4541655480861664,-3.0919189453125,-0.4569200285607989,-0.5848180188273068,-0.8671092247059279,113.0
1652969362.486547,0.2624078094959259,0.6704826354980469,0.01493901014328,-0.3806177973747253,0.5302422642707825,-0.7576102614402771,1.5281964540481567,0.5079635381698608,-2.997011661529541,-0.4655598363322941,-0.5588862691521452,-0.8920439790320565,113.0
1652969362.496482,0.2444337010383606,0.616848886013031,0.1105676889419555,-0.3921541571617126,0.5061620473861694,-0.768124520778656,1.8122615814208984,0.4757688343524933,-2.9172122478485107,-0.4720397538852102,-0.530728827318983,-0.9140097987684804,113.0
1652969362.5064502,0.2031278610229492,0.5256872177124023,0.151484340429306,-0.4026061296463012,0.4797565042972564,-0.7795781493186951,2.052422046661377,0.5052502751350403,-2.867697238922119,-0.4767137480578937,-0.5003771747891442,-0.9332917623313878,113.0
1652969362.516553,0.1493012011051178,0.5020962953567505,0.1556171476840973,-0.4115388691425323,0.4518810212612152,-0.791479229927063,2.10888671875,0.5817806720733643,-2.8112051486968994,-0.4794891364421614,-0.4688727828051651,-0.9508476489378612,113.0
1652969362.526384,0.1194708347320556,0.4477524161338806,0.1219804584980011,-0.4185432493686676,0.4239179790019989,-0.8031905889511108,2.014214038848877,0.7263820767402649,-2.7586677074432373,-0.4803853725410985,-0.4377668569169067,-0.9676255856751228,113.0
1652969362.536339,0.107772409915924,0.3944040536880493,0.086676687002182,-0.4232174754142761,0.3967522382736206,-0.8145395517349243,1.8798694610595703,0.8881875276565552,-2.7159857749938965,-0.4791876990271263,-0.4079759848195178,-0.9842807135268876,113.0
1652969362.546312,0.0996263325214386,0.3966712951660156,0.0819427967071533,-0.4257830679416656,0.3706786036491394,-0.8254127502441406,1.7091933488845823,1.0039420127868652,-2.7057933807373047,-0.4762412383276449,-0.3797395772408962,-1.001338846528463,113.0
1652969362.5561972,0.0873768329620361,0.380217969417572,0.0810889303684234,-0.4268087148666382,0.3454704880714416,-0.835753858089447,1.5987104177474976,1.0914756059646606,-2.727541446685791,-0.472160705195598,-0.3527400840050879,-1.0190586161707302,113.0
1652969362.566404,0.0681518018245697,0.3472840785980224,0.0698426663875579,-0.4265656173229217,0.3209654092788696,-0.845590353012085,1.4680229425430298,1.131414771080017,-2.765029191970825,-0.4672084057094131,-0.3267486647625706,-1.037575540828782,113.0
1652969362.576164,0.0433265268802642,0.3321118950843811,0.0479387640953063,-0.4254982769489288,0.2974896728992462,-0.8546643257141113,1.3036330938339231,1.1334717273712158,-2.7535786628723145,-0.4619295366440714,-0.3020621859119742,-1.0569831434600307,113.0
1652969362.586304,0.0230803191661834,0.3410374522209167,0.055297702550888,-0.4234405159950256,0.2753296792507171,-0.863071084022522,1.2065925598144531,1.159677028656006,-2.6404237747192383,-0.4561160378163012,-0.2789326083451975,-1.0763969438868863,113.0
1652969362.596104,0.0117113888263702,0.3418923616409302,0.1306498050689697,-0.4199298918247223,0.2547566592693329,-0.8710671663284302,1.077791690826416,1.205008625984192,-2.4584639072418213,-0.4492145539735234,-0.2575960472464558,-1.0949273229755725,113.0
1652969362.6060848,0.0120717287063598,0.3350347876548767,0.1774899065494537,-0.4149343967437744,0.2357943505048751,-0.8787664771080017,1.040789008140564,1.2595046758651731,-2.2579920291900635,-0.4411435203861777,-0.2380358878666859,-1.1121762928352883,113.0
1652969362.615995,0.0351940393447876,0.307955265045166,0.1486702412366867,-0.4086225032806396,0.217037096619606,-0.8865227699279785,1.2283358573913574,1.2847959995269775,-2.0603890419006348,-0.4319037953838505,-0.2187781876629118,-1.127331919090962,113.0
1652969362.62602,0.0639318823814392,0.2902960777282715,0.1221612095832824,-0.4012122750282287,0.197373017668724,-0.8944677710533142,1.4041119813919067,1.3062554597854614,-1.9214996099472048,-0.4216462790156768,-0.1986774982145699,-1.14018458215079,113.0
1652969362.636248,0.0989017784595489,0.257257342338562,0.1124856173992157,-0.3930302858352661,0.1763326823711395,-0.902459979057312,1.6638445854187012,1.3094432353973389,-1.82763934135437,-0.4107388875732757,-0.1772594951594286,-1.1512573797172243,113.0
1652969362.646193,0.146714448928833,0.2684218287467956,0.0780843347311019,-0.3840344846248626,0.1529794335365295,-0.9105574488639832,1.973015666007996,1.3279366493225098,-1.757359266281128,-0.3991210737062533,-0.1535824927593607,-1.1606652856083215,113.0
1652969362.656039,0.185205191373825,0.2877470850944519,0.0390214174985885,-0.3746584355831146,0.1272230148315429,-0.9183928370475768,2.246917486190796,1.248029351234436,-1.6915088891983032,-0.3873410492735375,-0.12756873068333,-1.168533945922124,113.0
1652969362.665763,0.2084391713142395,0.3026834726333618,-0.0168529599905014,-0.3656353056430816,0.0994944870471954,-0.925425112247467,2.4450082778930664,1.1307636499404907,-1.6254422664642334,-0.3762749679810764,-0.0996593769751893,-1.175203615744134,113.0
1652969362.675776,0.2142647206783294,0.2826106548309326,-0.087811030447483,-0.3568276762962341,0.0707058310508728,-0.9314906001091005,2.549764394760132,1.066866397857666,-1.5030767917633057,-0.3658283625407778,-0.0707648737255368,-1.1807319164562926,113.0
1652969362.685721,0.2239370346069336,0.2815467715263366,-0.1635377705097198,-0.3479605615139007,0.0418183170258998,-0.9365760684013368,2.573068618774414,1.010919213294983,-1.3433585166931152,-0.3557198083711829,-0.0418305139235431,-1.1849760459303211,113.0
1652969362.695648,0.253944456577301,0.286551833152771,-0.2381402999162674,-0.3391038477420807,0.0136223696172237,-0.9406503438949584,2.5408079624176025,0.9633747339248656,-1.1442229747772217,-0.345997589822709,-0.0136227910202788,-1.1878520774683774,113.0
1652969362.705658,0.294481873512268,0.2929983139038086,-0.3203802406787872,-0.3302027583122253,-0.0133143244311213,-0.9438161253929138,2.4705581665039062,0.9359697103500366,-0.8916940689086914,-0.336549386069749,0.0133147180955603,-1.1890887235832543,113.0
1652969362.7156038,0.3301374912261963,0.2927457094192505,-0.3802130818367004,-0.3212111890316009,-0.0382745862007141,-0.9462338089942932,2.3070626258850098,0.9385875463485718,-0.5858404636383057,-0.3272568916714224,0.038283938282032,-1.1882748957288236,113.0
1652969362.7257009,0.3494984805583954,0.31121426820755,-0.4403324127197265,-0.3121755719184875,-0.0601865015923976,-0.9481160640716552,2.046213150024414,0.9210479855537416,-0.2978648543357849,-0.3180790127260517,0.0602228990853877,-1.185539085638753,113.0
1652969362.735585,0.3593517541885376,0.3027744889259338,-0.565575122833252,-0.3035656809806824,-0.0789562463760376,-0.949533462524414,1.804495334625244,0.9016261100769044,-0.0430187843739986,-0.3094306157311326,0.0790385176456101,-1.1812022481589235,113.0
1652969362.745574,0.3649479746818542,0.3316859006881714,-0.7261390686035156,-0.2948338985443115,-0.0942651182413101,-0.9508875012397766,1.4714536666870115,0.9654203057289124,0.1913218051195144,-0.3006620496574599,0.0944052818753587,-1.1755272160986716,113.0
1652969362.755448,0.3752481639385223,0.3554948568344116,-0.8454935550689697,-0.2858012020587921,-0.1054953336715698,-0.9524644017219543,1.085766315460205,0.9920429587364196,0.4006355404853821,-0.2915163886942974,0.105692002915895,-1.1689970733369723,113.0
1652969362.76573,0.4005199074745178,0.3360547423362732,-0.92061847448349,-0.2769542932510376,-0.1128441616892814,-0.9542340040206908,0.7729283571243286,0.9913262724876404,0.6170070171356201,-0.282476283238376,0.1130850357707902,-1.1615227740238494,113.0
1652969362.775477,0.4198183119297027,0.2888343930244446,-0.938362181186676,-0.2681460380554199,-0.1171952039003372,-0.9562233090400696,0.5848658084869385,1.0469449758529663,0.8799489140510559,-0.2733999679533914,0.1174651513598466,-1.1524831988365014,113.0
1652969362.785396,0.4353057444095611,0.216184377670288,-0.884846568107605,-0.2588531672954559,-0.1195175796747207,-0.958493947982788,0.4804083704948425,1.162081599235535,1.1756340265274048,-0.2637699994526792,0.1198039631961382,-1.1411286220063224,113.0
1652969362.7954469,0.4644359350204468,0.1486726403236389,-0.8197871446609497,-0.2487835437059402,-0.120612122118473,-0.9610199928283693,0.4617800116539001,1.2723063230514526,1.4768623113632202,-0.2533135074580265,0.1209064799647324,-1.1270795478781328,113.0
1652969362.805334,0.5129115581512451,0.1305484175682068,-0.8008509874343872,-0.2381924092769622,-0.1213903278112411,-0.9636019468307496,0.5274626612663269,1.3490554094314575,1.765428066253662,-0.2423318569715411,0.1216904507275244,-1.1100974982961902,113.0
1652969362.8151689,0.5597254037857056,0.141450822353363,-0.7936887741088867,-0.2272059172391891,-0.1224947869777679,-0.9661120772361756,0.6190072298049927,1.4148662090301514,2.029416561126709,-0.2309782928117524,0.1228032134666107,-1.090194123067182,113.0
1652969362.825335,0.591313898563385,0.1438340544700622,-0.7852859497070312,-0.2161156088113784,-0.1242142990231514,-0.96843421459198,0.7240657210350037,1.4340567588806152,2.237378597259521,-0.2195622481405793,0.1245359549459096,-1.0677964651107392,113.0
1652969362.835126,0.6123864650726318,0.1434934139251709,-0.785954475402832,-0.2051904648542404,-0.1267958581447601,-0.9704739451408386,0.8192890286445618,1.4259556531906128,2.4045281410217285,-0.208364520361566,0.1271380931562877,-1.043340313287931,113.0
1652969362.845197,0.62237948179245,0.1666730046272277,-0.791083574295044,-0.1945536136627197,-0.1299523413181305,-0.9722455143928528,0.8466538190841675,1.426978349685669,2.55138897895813,-0.1974989276092231,0.1303209083475063,-1.0172559447241072,113.0
1652969362.855124,0.6171339154243469,0.1979843378067016,-0.7811877727508545,-0.184074267745018,-0.133180022239685,-0.9738479256629944,0.8292340636253357,1.4470233917236328,2.677305221557617,-0.1868134828339367,0.1335769061443189,-0.9898286306281956,113.0
1652969362.86516,0.6100008487701416,0.193654716014862,-0.7547488808631897,-0.1736148297786712,-0.1358914822340011,-0.9753929376602172,0.7214927077293396,1.4619346857070925,2.795508861541748,-0.1761499546248705,0.1363132391050381,-0.961369055186922,113.0
1652969362.874916,0.6079455614089966,0.1780958175659179,-0.7122668027877808,-0.1632739901542663,-0.1372664123773574,-0.9769849181175232,0.5416728258132935,1.4654769897460938,2.936302661895752,-0.1655899944072902,0.1377011662852879,-0.9319064909684084,113.0
1652969362.884859,0.60041344165802,0.1658886075019836,-0.6691173315048218,-0.1530258357524871,-0.1367909461259842,-0.978709042072296,0.3422824442386627,1.4876956939697266,3.109013080596924,-0.1550990194595677,0.137221176623553,-0.9011751756936348,113.0
1652969362.9237,0.5920329093933105,0.1593873500823974,-0.6420289278030396,-0.1427226662635803,-0.1344757080078125,-0.9805848002433776,0.1480905413627624,1.501201868057251,3.268941640853882,-0.1445336101939814,0.1348843409276302,-0.8690884939266831,113.0
1652969362.924891,0.5513911247253418,0.1556755900382995,-0.5939366817474365,-0.1123347952961921,-0.1171077340841293,-0.9867454767227172,-0.4234564304351806,1.477325677871704,3.634434700012207,-0.11335570571596,0.1173770708919769,-0.7661696793091041,113.0
1652969362.9350572,0.5327556729316711,0.1447176337242126,-0.5704473853111267,-0.1016492024064064,-0.1082789078354835,-0.9889100790023804,-0.5670620799064636,1.5453736782073977,3.7559638023376474,-0.1024293966061078,0.1084916162312265,-0.7298860623326662,113.0
1652969362.964706,0.5112228393554688,0.1015036106109619,-0.4758893549442291,-0.0901719033718109,-0.098787248134613,-0.9910146594047546,-0.6037649512290955,1.5658632516860962,3.8737752437591553,-0.0907396075182512,0.0989486359679161,-0.6923855861235402,113.0
1652969362.965094,0.5282494425773621,0.0724963545799255,-0.3306125402450561,-0.0785119980573654,-0.0899655595421791,-0.9928454160690308,-0.5002915263175964,1.533830642700195,4.01288652420044,-0.0789135499245442,0.0900873627956588,-0.65357286746259,113.0
1652969362.9746652,0.5610817670822144,0.0335963368415832,-0.0931575149297714,-0.0568704232573509,-0.0788091123104095,-0.9952662587165833,-0.1092029064893722,1.338440179824829,4.168003082275391,-0.0570788474368303,0.0788909173013752,-0.5718737516243656,113.0
1652969362.990171,0.5421425104141235,0.0122157335281372,-0.0610433965921402,-0.047284796833992,-0.0758737847208976,-0.9959956407546996,-0.04218365624547,1.2241849899291992,4.164438724517822,-0.0474392828946096,0.0759467729489786,-0.53032595833069,113.0
1652969362.994983,0.524268627166748,0.00397789478302,-0.1488793492317199,-0.0390544794499874,-0.0745093673467636,-0.9964552521705629,0.1009987369179725,1.0592641830444336,4.083990097045898,-0.0391733578556621,0.0745784827215811,-0.4891458313718044,113.0
1652969363.004545,0.5236992835998535,-0.0697647929191589,-0.1755987107753753,-0.0321222096681594,-0.0743097886443138,-0.9967177510261536,0.1209367588162422,0.9400675296783448,4.03989839553833,-0.032216841842227,0.0743783468407702,-0.4486017032392096,113.0
1652969363.01433,0.5742063522338867,-0.0991712808609008,-0.0406077280640602,-0.0269194468855857,-0.074367307126522,-0.996867537498474,0.1551931202411651,0.6720254421234131,4.070964336395264,-0.0269974756869942,0.0744360270808309,-0.4081458158621207,113.0
1652969363.024342,0.6606642007827759,-0.1174449324607849,0.1214328706264495,-0.0254561640322208,-0.0762058794498443,-0.9967671036720276,0.4226935505867004,0.2314546853303909,4.102719783782959,-0.0255331786183552,0.0762798302132487,-0.3672318671019619,113.0
1652969363.03414,0.6836077570915222,-0.1571359038352966,0.2515040040016174,-0.0277240946888923,-0.0799494981765747,-0.9964132905006408,0.5209454894065857,0.0038829923141747,4.088411808013916,-0.0278167140825529,0.0800349154279145,-0.3261807139105547,113.0
1652969363.044045,0.6089315414428711,-0.3246989250183105,0.3224765658378601,-0.0301810074597597,-0.0837986469268798,-0.996025562286377,0.4804262816905975,0.2189225852489471,4.090397834777832,-0.0302921708222336,0.0838970332794684,-0.2851962942779657,113.0
1652969363.053872,0.4979040324687958,-0.4487772583961487,0.3577092885971069,-0.0296881962567567,-0.0865759178996086,-0.9958028197288512,0.314804345369339,0.5617842674255371,4.088556289672852,-0.0298044997394002,0.0866844359570646,-0.2441720586597375,113.0
1652969363.063921,0.4208126068115234,-0.3615421652793884,0.3949805200099945,-0.0262662004679441,-0.0876685306429863,-0.9958033561706544,0.1300954967737198,0.8414776921272278,4.036741256713867,-0.0263707805836917,0.0877812240355735,-0.2034459221975832,113.0
1652969363.074014,0.3699934780597687,-0.2786059379577636,0.4979666471481323,-0.0198348853737115,-0.087398461997509,-0.9959759712219238,0.0123949665576219,1.1408556699752808,3.8996877670288086,-0.0199123925085614,0.0875101127052644,-0.1637324840312534,113.0
1652969363.083795,0.3308616578578949,-0.2202124595642089,0.6481937766075134,-0.0107476422563195,-0.0867466852068901,-0.9961724281311036,-0.0180167332291603,1.339074730873108,3.677361726760864,-0.0107885192120817,0.0868558516471393,-0.1258383648222475,113.0
1652969363.093804,0.2955019474029541,-0.1935129165649414,0.7686190605163574,-0.0001071552105713,-0.0863986313343048,-0.9962606430053712,-0.0218269191682338,1.4126968383789062,3.409676074981689,-0.000107557405662,0.0865064830695973,-0.0903982446634222,113.0
1652969363.103775,0.2435769140720367,-0.2489265203475952,0.8483676910400391,0.0114126102998852,-0.0860996469855308,-0.9962211847305298,-0.092125579714775,1.4654511213302612,3.1144909858703613,0.01145539932063,0.0862063828391563,-0.0577728617107704,113.0
1652969363.113775,0.2152561247348785,-0.3637005090713501,0.952796459197998,0.0231776107102632,-0.0847544744610786,-0.9961322546005248,-0.2907225787639618,1.3929766416549685,2.793025255203247,0.0232634055611193,0.0848562771100489,-0.0282110421326077,113.0
1652969363.123742,0.2177817225456237,-0.4027202725410461,1.0906480550765991,0.0338203571736812,-0.0815080180764198,-0.9960986971855164,-0.5140842795372009,1.1727914810180664,2.489943742752075,0.0339397778689557,0.0815985360114556,-0.0016909753236734,113.0
1652969363.1336489,0.1961043626070022,-0.4404784440994262,1.223034381866455,0.0421004928648471,-0.0762753188610076,-0.9961975812911988,-0.7149995565414429,0.8560969829559326,2.1515026092529297,0.0422360567047288,0.0763494752383053,0.0217616643135753,113.0
1652969363.143779,0.1359070241451263,-0.572901725769043,1.3071238994598389,0.0476255901157856,-0.0692088678479194,-0.996464729309082,-0.8801658749580383,0.5396497845649719,1.764061450958252,0.0477582133968856,0.0692642378024243,0.0416440144896497,113.0
1652969363.1535668,0.0835444182157516,-0.6085349917411804,1.3643851280212402,0.0503208339214324,-0.0604300759732723,-0.9969032406806946,-1.019639492034912,0.2128952294588089,1.3538986444473269,0.0504343462664834,0.0604669150291143,0.0576575458734185,113.0
1652969363.1636372,0.0543914064764976,-0.6348940134048462,1.4111485481262207,0.0502380058169364,-0.0507816970348358,-0.9974454045295716,-1.026941418647766,-0.1040776669979095,0.912358820438385,0.0503241462563506,0.0508035466371219,0.0694892303594426,113.0
1652969363.173527,0.014028999954462,-0.6694570779800415,1.4445592164993286,0.0476316660642623,-0.0409948118031024,-0.9980233907699584,-1.0075877904891968,-0.3514963686466217,0.4524204432964325,0.0476898147788887,0.0410063022821598,0.0767846570508573,113.0
1652969363.18365,-0.0415914878249168,-0.7010985612869263,1.425158143043518,0.0430562309920787,-0.0314356610178947,-0.9985779523849488,-0.9399594068527222,-0.5476989150047302,0.0208679735660552,0.0430908557848282,0.03144084015805,0.0795607227992633,113.0
1652969363.193605,-0.0941387116909027,-0.7110429406166077,1.3507864475250244,0.0369639247655868,-0.0221731401979923,-0.9990705847740172,-0.9144845008850098,-0.6862621307373047,-0.376077264547348,0.0369814417958652,0.0221749565859112,0.0781295320554365,113.0
1652969363.2035642,-0.1345427185297012,-0.7284782528877258,1.2446260452270508,0.0296994764357805,-0.0131197003647685,-0.9994727969169616,-0.8499009609222412,-0.7854433059692383,-0.7445003390312195,0.0297064012535964,0.0131200766339442,0.0728041952994461,113.0
1652969363.2137132,-0.1474297642707824,-0.705120861530304,1.1344540119171145,0.0214225836098194,-0.0048153032548725,-0.9997588992118835,-0.778153657913208,-0.8906633257865906,-1.0472705364227295,0.0214244704501654,0.0048153216871318,0.0640490327375321,113.0
1652969363.223531,-0.1414018273353576,-0.7498658895492554,1.063544511795044,0.0122665958479046,0.0029228003695607,-0.9999204874038696,-0.7327587604522705,-0.949277400970459,-1.2937458753585815,0.0122669561632722,-0.0029228044497074,0.0524697994332431,113.0
1652969363.2335138,-0.1087193936109542,-0.7712780237197876,0.9626842737197876,0.0022587131243199,0.0100482562556862,-0.99994695186615,-0.6696000099182129,-1.053882122039795,-1.4244341850280762,0.0022588290503702,-0.0100484255382637,0.0389010246151941,113.0
1652969363.24343,-0.0565594621002674,-0.6961158514022827,0.8658266067504883,-0.0092365453019738,0.0164365638047456,-0.9998222589492798,-0.6306381821632385,-1.2117782831192017,-1.4838091135025024,-0.0092379248388765,-0.0164373040901792,0.0243820502020196,113.0
1652969363.253368,-0.0209938529878854,-0.7211994528770447,0.7616487145423889,-0.0220970772206783,0.0224546827375888,-0.9995036125183104,-0.6215819120407104,-1.3039170503616333,-1.566606044769287,-0.0221044508584629,-0.022456570679104,0.0091072122190641,113.0
1652969363.263396,0.0221192575991153,-0.7950318455696106,0.6178745627403259,-0.0358522795140743,0.0281978324055671,-0.998959183692932,-0.6339235305786133,-1.3889774084091189,-1.6168807744979858,-0.0358742338633512,-0.028201570801942,-0.0069645705047889,113.0
1652969363.273322,0.0887708291411399,-0.7903761863708496,0.4974773526191711,-0.0509291514754295,0.0340473167598247,-0.998121738433838,-0.6851884126663208,-1.5482313632965088,-1.6314704418182373,-0.0509807752595712,-0.0340538974694153,-0.0234207038492331,113.0
1652969363.283431,0.1383571326732635,-0.7616828680038452,0.3946596384048462,-0.0678158551454544,0.0400785282254219,-0.996892511844635,-0.72395259141922,-1.7233678102493286,-1.6527267694473269,-0.0679225994339893,-0.0400892655412555,-0.0401700843299115,113.0
1652969363.293205,0.1648988425731659,-0.6750106811523438,0.3204971551895141,-0.0865298211574554,0.0460189469158649,-0.9951858520507812,-0.7299314141273499,-1.9048388004302976,-1.686201810836792,-0.0867302792328274,-0.0460352037147805,-0.0573058442100654,113.0
1652969363.3031611,0.1787430047988891,-0.6257660388946533,0.2557497918605804,-0.1069352701306343,0.0514859221875667,-0.9929320216178894,-0.7008726000785828,-2.0364010334014893,-1.725957274436951,-0.1072829626719923,-0.0515086966312101,-0.0749095895804581,113.0
1652969363.313166,0.200015902519226,-0.6121622920036316,0.1891785711050033,-0.1283912807703018,0.0561522282660007,-0.9901326298713684,-0.6611225008964539,-2.1072652339935303,-1.768331527709961,-0.1289512488339382,-0.0561817801902065,-0.0930043653207702,113.0
1652969363.3229852,0.2375436276197433,-0.6023780703544617,0.1290383487939834,-0.1502940058708191,0.0601553693413734,-0.9868095517158508,-0.665591299533844,-2.1326234340667725,-1.831634879112244,-0.1511414654631785,-0.0601917090229852,-0.1116983640060139,113.0
1652969363.3330998,0.279485821723938,-0.5704779028892517,0.0621409490704536,-0.17244553565979,0.0636830106377601,-0.9829583168029784,-0.6681528687477112,-2.150513172149658,-1.9071117639541624,-0.1736679474197449,-0.0637261312233037,-0.1311694008558034,113.0
1652969363.343009,0.3042492866516113,-0.5251829624176025,-0.0147503912448883,-0.1946149915456771,0.0670422464609146,-0.9785858988761902,-0.7595269680023193,-2.127708196640014,-1.982912540435791,-0.1963123390788288,-0.0670925668691145,-0.151554736292776,113.0
1652969363.3530998,0.3239361345767975,-0.4626739621162414,-0.0808970108628273,-0.216544896364212,0.070871964097023,-0.9736968278884888,-0.8456369638442993,-2.108415126800537,-1.956027626991272,-0.2188331877215711,-0.0709314290902667,-0.1725589018488112,113.0
1652969363.363195,0.377753883600235,-0.342507541179657,-0.0449719429016113,-0.2384412884712219,0.0750470012426376,-0.9682528972625732,-0.9003675580024719,-2.157339572906494,-1.7966848611831665,-0.2414549199256337,-0.0751176265176547,-0.1928740444139948,113.0
1652969363.3729892,0.4445594847202301,-0.2119359374046325,0.0491788908839225,-0.2612710297107696,0.0795289799571037,-0.9619836807250975,-0.9036084413528442,-2.3363375663757324,-1.5957366228103638,-0.2651988862516554,-0.0796130527774964,-0.2115237417826909,113.0
1652969363.382886,0.4765730798244476,-0.1399411559104919,0.0411919653415679,-0.286036729812622,0.0838690474629402,-0.954541265964508,-0.8848272562026978,-2.585812568664551,-1.4511911869049072,-0.2911437852718203,-0.0839676860707538,-0.2285484774323221,113.0
1652969363.392797,0.4486409425735473,-0.119510531425476,-0.0807285159826278,-0.3123343288898468,0.0884799659252166,-0.9458428025245668,-0.9884163737297058,-2.6934611797332764,-1.3452554941177368,-0.3189441528293788,-0.0885958183471322,-0.2446712558945194,113.0
1652969363.40339,0.4063813686370849,-0.0937127470970153,-0.2254561334848404,-0.3386477530002594,0.0948713943362236,-0.9361181259155272,-1.3074145317077637,-2.654452323913574,-1.258977293968201,-0.3471105771303628,-0.0950142936556015,-0.2606487827966845,113.0
1652969363.4127722,0.4062011241912842,-0.0287264585494995,-0.3116853833198547,-0.3642548620700836,0.1046083271503448,-0.9254055619239808,-1.710764765739441,-2.6114790439605717,-1.200844168663025,-0.3749912367214739,-0.104800060928614,-0.2774868270693562,113.0
1652969363.4228969,0.4261673092842102,0.0276062488555908,-0.3402960300445556,-0.3893937766551971,0.11773132532835,-0.9135162234306335,-2.163126230239868,-2.5846059322357178,-1.1926316022872925,-0.4029358779942643,-0.1180050066896343,-0.2958583427746443,113.0
1652969363.432682,0.4251973330974579,0.1039060354232788,-0.310261607170105,-0.4139212369918823,0.1349991410970688,-0.9002469182014465,-2.707409143447876,-2.5040037631988525,-1.1991868019104004,-0.4309623771321117,-0.1354125983907204,-0.3167889442667591,113.0
1652969363.4426398,0.4279159307479858,0.1815245151519775,-0.3349094986915588,-0.4374680817127228,0.1561069637537002,-0.8855802416801453,-3.181666135787964,-2.4059746265411377,-1.2037341594696045,-0.4588283313366268,-0.1567480607043417,-0.3404915772155695,113.0
1652969363.452555,0.4436673521995544,0.2843384742736816,-0.3761834502220154,-0.4601775109767914,0.1805047392845153,-0.8692840337753296,-3.635767698287964,-2.3280458450317383,-1.2244977951049805,-0.4868707619094828,-0.1814995900318296,-0.3670933477338769,113.0
1652969363.462543,0.4607623219490051,0.4229576587677002,-0.4099739789962768,-0.4823536574840545,0.2072609364986419,-0.8511039614677429,-3.959717750549317,-2.2934892177581787,-1.28351628780365,-0.5156036421991317,-0.2087742632490553,-0.3968547092032145,113.0
1652969363.4725409,0.4629688858985901,0.5239311456680298,-0.4276983439922333,-0.5046255588531494,0.2345678508281707,-0.8308616280555725,-4.109265327453613,-2.3188798427581787,-1.3829631805419922,-0.5458079325966495,-0.2367739873210044,-0.4295046279931828,113.0
1652969363.482492,0.4364945888519287,0.5796786546707153,-0.4012321531772613,-0.5269945859909058,0.2611716985702514,-0.8087434768676758,-4.190038204193115,-2.285578966140747,-1.458176851272583,-0.5775142248841111,-0.2642358379982112,-0.4646211584663297,113.0
1652969363.492563,0.3998805284500122,0.6325727105140686,-0.3738428950309753,-0.5487301349639893,0.2861658930778503,-0.7854962348937988,-4.080011367797852,-2.1667776107788086,-1.5080498456954956,-0.6097707825078883,-0.290222980829305,-0.5014104061847819,113.0
1652969363.502435,0.370845079421997,0.6311439871788025,-0.3852339684963226,-0.5694689750671387,0.3080855309963226,-0.7620948553085327,-3.797395944595337,-2.049348831176758,-1.5231385231018066,-0.6417333733678727,-0.3131800160797325,-0.538310491904155,113.0
1652969363.5123749,0.346310555934906,0.6337711215019226,-0.3858680129051208,-0.5890933871269226,0.3266791701316833,-0.7390872240066528,-3.51904845237732,-1.9013134241104128,-1.5200737714767456,-0.6729428039900205,-0.3327878259813913,-0.5744772653196508,113.0
1652969363.5223498,0.318051278591156,0.619841456413269,-0.4067798852920532,-0.6071596741676331,0.3419452607631683,-0.717238187789917,-3.1555001735687256,-1.6921942234039309,-1.4898260831832886,-0.7024728970856116,-0.3489861629641372,-0.6091775573582658,113.0
1652969363.532292,0.2973315715789795,0.6023401618003845,-0.4492497146129608,-0.6232747435569763,0.3539280295372009,-0.6973260045051575,-2.7879204750061035,-1.448258876800537,-1.4241150617599487,-0.72938290003211,-0.3617676758118469,-0.6415862488937448,113.0
1652969363.54223,0.2911361455917358,0.6051756739616394,-0.4855945706367492,-0.6373429298400879,0.3634174466133117,-0.6795011758804321,-2.538237810134888,-1.210448980331421,-1.3525992631912231,-0.7533945013993288,-0.3719335336473486,-0.6716540184380071,113.0
1652969363.552153,0.2961671948432922,0.6232065558433533,-0.5387605428695679,-0.649499773979187,0.371173232793808,-0.6636117100715637,-2.2891945838928223,-0.9939480423927308,-1.272175908088684,-0.7746516609293006,-0.3802721875539192,-0.6997259982990769,113.0
1652969363.562762,0.299780786037445,0.6231663227081299,-0.6161727905273438,-0.6599799394607544,0.3772201240062713,-0.6497164964675903,-2.026824951171875,-0.8058409690856934,-1.191503643989563,-0.7932344764959564,-0.3867928156218401,-0.7254433282993761,113.0
1652969363.5721111,0.2957873940467834,0.6188573837280273,-0.6736575961112976,-0.668864905834198,0.3819400668144226,-0.6377629041671753,-1.8082867860794067,-0.6204476952552795,-1.0904839038848877,-0.80919693683279,-0.3918945995196889,-0.7487918555710624,113.0
1652969363.582114,0.2803791761398315,0.6171350479125977,-0.6984652280807495,-0.6761465072631836,0.3859041333198547,-0.6276177763938904,-1.6837363243103027,-0.4256227612495422,-0.992358148097992,-0.8226030239212192,-0.3961876759941767,-0.7701514662161109,113.0
1652969363.592013,0.271209180355072,0.5992872714996338,-0.7185912132263184,-0.6818081140518188,0.3897184729576111,-0.6190778017044067,-1.5578680038452148,-0.2496113330125808,-0.8597497344017029,-0.8335820670709373,-0.400325870379677,-0.7898602312653985,113.0
1652969363.6019769,0.2755008339881897,0.5978800058364868,-0.729698896408081,-0.6860082149505615,0.3935171961784363,-0.6119942665100098,-1.430166482925415,-0.131695881485939,-0.7107184529304504,-0.8423579214071863,-0.4044543467161809,-0.8075381303383543,113.0
1652969363.61197,0.2718937397003174,0.6136131882667542,-0.7351771593093872,-0.6889927983283997,0.3976069092750549,-0.6059684157371521,-1.3678531646728516,-0.0158517770469188,-0.5724815130233765,-0.849423971210033,-0.4089072636367244,-0.823443491188799,113.0
1652969363.621944,0.2520753145217895,0.6068987846374512,-0.7386366724967957,-0.6907199025154114,0.4023634493350982,-0.6008409857749939,-1.3710931539535522,0.1236568465828895,-0.4406592845916748,-0.8548755511445914,-0.4140970317963778,-0.8383441978450697,113.0
1652969363.632098,0.23747318983078,0.5836007595062256,-0.7615232467651367,-0.6910865902900696,0.4078245162963867,-0.596723198890686,-1.3484275341033936,0.2696640789508819,-0.3240553140640259,-0.8585417702369206,-0.4200701497146509,-0.8521908638255691,113.0
1652969363.641956,0.2385439872741699,0.5543374419212341,-0.751205325126648,-0.690066933631897,0.4142607152462005,-0.5934608578681946,-1.4043970108032229,0.4311059713363647,-0.183699294924736,-0.8605226131845244,-0.4271304080804489,-0.8654399349070863,113.0
1652969363.651784,0.2524831891059875,0.5316169261932373,-0.7103732228279114,-0.6874808669090271,0.4218294620513916,-0.591126024723053,-1.4367754459381104,0.6141771674156189,-0.0623962506651878,-0.8606152411633341,-0.4354621479322629,-0.8780909892122245,113.0
1652969363.6618152,0.2736061811447143,0.5256520509719849,-0.6579128503799438,-0.683350682258606,0.4305416047573089,-0.5896320939064026,-1.4919124841690063,0.8049047589302063,0.0434936992824077,-0.8588868461703708,-0.4450927526698097,-0.8904558167450956,113.0
1652969363.671753,0.3109753727912903,0.5091516971588135,-0.6305593252182007,-0.6777205467224121,0.4399923086166382,-0.5891534090042114,-1.5119543075561523,0.9722080826759338,0.1394342184066772,-0.8551945561438695,-0.4555900918831947,-0.9023437409053195,113.0
1652969363.68183,0.3596916794776916,0.5087876915931702,-0.6222081780433655,-0.6708948612213135,0.4500890076160431,-0.5893387794494629,-1.539710283279419,1.0932061672210691,0.2021695077419281,-0.8500231046585623,-0.4668650256868346,-0.9138659350786896,113.0
1652969363.691664,0.4082558155059814,0.5292062759399414,-0.6035453081130981,-0.6631540656089783,0.4608298242092132,-0.5897988677024841,-1.5817439556121826,1.1799192428588867,0.2722227275371551,-0.8438772866551857,-0.4789300119618738,-0.9252049216377042,113.0
1652969363.701737,0.4567562341690063,0.5214877724647522,-0.5463920831680298,-0.6545103192329407,0.4722801446914673,-0.5903963446617126,-1.6336575746536257,1.279937744140625,0.3320788741111755,-0.8368537188620306,-0.4918758051385641,-0.9363981361018632,113.0
1652969363.711575,0.5113749504089355,0.526604175567627,-0.4864287376403808,-0.6450573801994324,0.4843993186950683,-0.5909809470176697,-1.6993545293807983,1.3409178256988523,0.3756046295166015,-0.8291200505377806,-0.5056764145542316,-0.9476622659344728,113.0
1652969363.721565,0.5823994278907776,0.5522827506065369,-0.4588422179222107,-0.6351950168609619,0.4972638487815857,-0.5909789800643921,-1.8185240030288696,1.3360377550125122,0.4179965853691101,-0.8214427167215539,-0.5204422048451199,-0.9592850848900564,113.0
1652969363.731562,0.6405003666877747,0.5641074776649475,-0.4327513575553894,-0.6252416968345642,0.5117155313491821,-0.589253842830658,-2.1772866249084477,1.2997021675109863,0.4743782877922058,-0.8150214469399248,-0.5371803819735682,-0.9725498265334016,113.0
1652969363.741445,0.6686750054359436,0.5511518716812134,-0.4690064191818237,-0.6151015162467957,0.5284088253974915,-0.5851788520812988,-2.461043119430542,1.276513695716858,0.5187231302261353,-0.810322759218245,-0.5567253038300742,-0.988217051441958,113.0
1652969363.751361,0.6371955871582031,0.5098904371261597,-0.5606092214584351,-0.604892909526825,0.5465252995491028,-0.5791500210762024,-2.6541028022766118,1.2686355113983154,0.5441852807998657,-0.8071362473760232,-0.5782094207386411,-1.0057942619474318,113.0
1652969363.76175,0.5319832563400269,0.422152042388916,-0.5792438387870789,-0.5942696928977966,0.565190315246582,-0.5721918344497681,-2.6965808868408203,1.397844910621643,0.5518283247947693,-0.8043231153649745,-0.6006639434641572,-1.0244335539996965,113.0
1652969363.77147,0.4088380932807922,0.3700082898139953,-0.5182690024375916,-0.5824832916259766,0.5834240317344666,-0.5659768581390381,-2.588832378387451,1.660703420639038,0.5557515621185303,-0.7997697901396591,-0.6229382636597893,-1.0429329268217131,113.0
1652969363.781426,0.3734250068664551,0.3105772137641907,-0.4251297116279602,-0.5690276026725769,0.6008347272872925,-0.5614316463470459,-2.456699848175049,1.9245785474777224,0.6035419702529907,-0.7921174262219336,-0.6445449012430391,-1.060192101469064,113.0
1652969363.791261,0.4456824064254761,0.2856336832046509,-0.3418705463409424,-0.5537453293800354,0.6181157231330872,-0.5579419732093811,-2.419903516769409,2.0982120037078857,0.7247104644775391,-0.781623151408661,-0.6663433798590896,-1.076005168322852,113.0
1652969363.801182,0.5400893688201904,0.2766757607460022,-0.3167762756347656,-0.5369919538497925,0.6357765197753906,-0.5544619560241699,-2.418606996536255,2.1672048568725586,0.848665177822113,-0.7693933501631743,-0.6890141302660883,-1.090451533119443,113.0
1652969363.811187,0.5867960453033447,0.2878038883209228,-0.3163639307022095,-0.5190929174423218,0.653842568397522,-0.5504838824272156,-2.3685288429260254,2.179663896560669,0.9977846145629884,-0.7560576717380285,-0.7126519133856699,-1.103368008240521,113.0
1652969363.821142,0.5877848863601685,0.2900563478469848,-0.2900179028511047,-0.500138521194458,0.6718538999557495,-0.5463276505470276,-2.2144651412963867,2.16431736946106,1.1601970195770264,-0.7412886149711997,-0.7367089018575332,-1.113654621229298,113.0
1652969363.831089,0.5638269186019897,0.3040153384208679,-0.2430579662322998,-0.4800105392932892,0.6894842982292175,-0.5424032807350159,-2.039440393447876,2.144214868545532,1.3269751071929932,-0.7244488087442077,-0.7607768274769258,-1.120436010731099,113.0
1652969363.841198,0.5375118851661682,0.3139247894287109,-0.2435563802719116,-0.4587308764457702,0.7065538167953491,-0.5388392806053162,-1.851601004600525,2.1139461994171143,1.5011528730392456,-0.7052666025963452,-0.7846164851105152,-1.1232938257378644,113.0
1652969363.851047,0.5171886682510376,0.2880127429962158,-0.261457085609436,-0.4360884428024292,0.7232033610343933,-0.5355408191680908,-1.718726634979248,2.0986032485961914,1.6932528018951416,-0.6833970981407571,-0.8084294341787599,-1.12209917208342,113.0
1652969363.861144,0.4876713156700134,0.2391244173049926,-0.2287824153900146,-0.4119878709316253,0.7395704388618469,-0.5322610139846802,-1.5904922485351562,2.0572702884674072,1.8959417343139648,-0.6587059734376257,-0.8324318955034088,-1.1166466583591634,113.0
1652969363.8709478,0.4218172430992126,0.1782567501068115,-0.1574223637580871,-0.3862338960170746,0.7554448246955872,-0.5292698740959167,-1.3991323709487915,2.051971912384033,2.117947578430176,-0.6304137004903004,-0.8563327739103057,-1.1061007605153286,113.0
1652969363.8809428,0.3523728847503662,0.1386231184005737,-0.0702871680259704,-0.3583391904830932,0.77072674036026,-0.5268524289131165,-1.2650986909866333,2.075593948364258,2.3681116104125977,-0.5972799209482047,-0.8799809052423075,-1.0896667664740307,113.0
1652969363.8908238,0.3369647860527038,0.1301326155662536,-0.0095021724700927,-0.3280385136604309,0.785793125629425,-0.5243281126022339,-1.2325608730316162,2.06911039352417,2.654027938842773,-0.5590564743953266,-0.9039774186043462,-1.067098773456308,113.0
1652969363.900854,0.3625002205371856,0.1395882964134216,0.0214296579360961,-0.2952090501785278,0.8011411428451538,-0.5206001996994019,-1.330030083656311,2.0121209621429443,2.9570529460906982,-0.5158430737638655,-0.9291995116108202,-1.0383084440176618,113.0
1652969363.910887,0.3823804855346679,0.105390191078186,0.0529722571372985,-0.259989857673645,0.8170534372329712,-0.5146155953407288,-1.5282201766967771,1.9781137704849243,3.235276460647583,-0.4678083567716469,-0.9562817689167226,-1.0034185637276474,113.0
1652969363.921316,0.3971542119979858,0.031471312046051,0.0797313451766967,-0.2223649024963379,0.8334767818450928,-0.505836546421051,-1.7613437175750732,1.9663407802581787,3.466676950454712,-0.4141703254254292,-0.985370328665012,-0.9623059319256224,113.0
1652969363.930723,0.4091342091560364,-0.0190497040748596,0.0975210070610046,-0.1828465014696121,0.8499584197998047,-0.494103342294693,-1.966914653778076,1.888340950012207,3.661602973937988,-0.3544302380598084,-1.0159063673563318,-0.914160090275312,113.0
1652969363.940775,0.3955299854278564,-0.0618562400341033,0.1470683217048645,-0.1417001038789749,0.865977942943573,-0.4795866012573242,-2.128098487854004,1.881691575050354,3.8304176330566406,-0.287289249201508,-1.0471026780707848,-0.8577193516481815,113.0
1652969363.950557,0.4165682792663574,-0.0850351452827453,0.1997625231742859,-0.0988040789961814,0.8808345198631287,-0.4629994928836822,-2.188819408416748,1.8757034540176392,3.988061666488648,-0.2102463178890086,-1.077622065049775,-0.7910299312705629,113.0
1652969363.9605951,0.4945900738239288,-0.082387238740921,0.2418237328529358,-0.0547097846865654,0.893674373626709,-0.4453684091567993,-2.093231439590454,1.7508031129837036,4.126205921173096,-0.1222292746356327,-1.105468174556263,-0.7122933436457202,113.0
1652969363.970654,0.5397963523864746,-0.0510709285736084,0.3202875852584839,-0.010102866217494,0.9035589694976808,-0.4283449351787567,-1.8073526620864868,1.5445986986160278,4.234638690948486,-0.0235814481526081,-1.1280044191478624,-0.6208349380774635,113.0
1652969363.9806728,0.5075962543487549,-0.0966465473175048,0.4545058012008667,0.0346705056726932,0.9097673296928406,-0.4136683940887451,-1.3903266191482544,1.4025055170059204,4.311804294586182,0.0836168894091317,-1.1427232857831795,-0.5187551726200142,113.0
1652969363.990819,0.4487994015216827,-0.2224826216697693,0.6023885607719421,0.0797497332096099,0.9120464324951172,-0.4022579789161682,-0.9571093320846558,1.3849161863327026,4.375464916229248,0.1957172919855526,-1.148246987490608,-0.4108856608210246,113.0
1652969364.003577,0.4149166047573089,-0.3421468138694763,0.7092190980911255,0.1251529306173324,0.910669445991516,-0.393723577260971,-0.6232693195343018,1.4116729497909546,4.399260997772217,0.3077696524291795,-1.144901553847521,-0.3032460940110005,113.0
1652969364.010402,0.4240654110908508,-0.4094426035881042,0.7451729774475098,0.1704779714345932,0.9061943292617798,-0.3869746327400207,-0.4287132024765014,1.42994225025177,4.39063835144043,0.4149595588688212,-1.1341956930942088,-0.200893296141753,113.0
1652969364.020489,0.4631059169769287,-0.4369933605194092,0.7415558099746704,0.2152082175016403,0.8994965553283691,-0.3802520632743835,-0.4899927973747253,1.4315584897994995,4.332932949066162,0.5150154757417985,-1.1186159196393837,-0.1058726372166544,113.0
1652969364.03034,0.4899699985980987,-0.470382422208786,0.758544385433197,0.2587024569511413,0.8916786909103394,-0.3714599907398224,-0.7269637584686279,1.4477711915969849,4.204050540924072,0.6083379131094437,-1.1010401396700622,-0.0176847402687006,113.0
1652969364.040303,0.4947036802768707,-0.5203231573104858,0.7845609188079834,0.3003708124160766,0.8833317756652832,-0.3598648309707641,-0.9883833527565002,1.453078031539917,4.022644519805908,0.6955305733918502,-1.0829231032088114,0.0642558360246253,113.0
1652969364.050638,0.4858693480491638,-0.5359154939651489,0.8252803087234497,0.3396310806274414,0.8748540878295898,-0.3453711271286011,-1.2638514041900637,1.420872688293457,3.784523963928223,0.7770187913394675,-1.0651344819972124,0.1405998212189359,113.0
1652969364.060318,0.4535054862499237,-0.5547652244567871,0.8985341787338257,0.375946968793869,0.8663126826286316,-0.3288863897323608,-1.3716589212417605,1.3556406497955322,3.50347638130188,0.852067609381641,-1.0477724488296258,0.2109293304510897,113.0
1652969364.0704432,0.3937095105648041,-0.568822979927063,1.0045015811920166,0.4089179933071136,0.8574826717376709,-0.3122651875019073,-1.2925251722335815,1.2812905311584473,3.193929672241211,0.9186240534059668,-1.0303569522824545,0.2729033974961063,113.0
1652969364.080178,0.3397570252418518,-0.6174070835113525,1.1258046627044678,0.4384411573410034,0.848347008228302,-0.2967774569988251,-1.09426748752594,1.2126150131225586,2.864171028137207,0.9757477894610492,-1.012855249963677,0.3253101738591614,113.0
1652969364.089995,0.2887103259563446,-0.6561324596405029,1.1830146312713623,0.4644787311553955,0.8389580845832825,-0.2835647761821747,-0.7890484929084778,1.139692306518555,2.522721290588379,1.0226912016495069,-0.9953657484150824,0.3670646986320645,113.0
1652969364.100212,0.2438087165355682,-0.6166744232177734,1.1749507188796997,0.4870109856128692,0.8296118378639221,-0.2730655074119568,-0.4912178218364715,1.0423353910446167,2.166714906692505,1.0597777078397743,-0.9784121014176776,0.3984373418989437,113.0
1652969364.124923,0.2217174172401428,-0.5127956867218018,1.1344997882843018,0.5059741735458374,0.8207463026046753,-0.2652652263641357,-0.2618426978588104,0.8965215086936951,1.81673002243042,1.0879246101154998,-0.9627160857110144,0.4208500623553978,113.0
1652969364.129898,0.2523295283317566,-0.2882431447505951,1.000443935394287,0.5340932011604309,0.8059067726135254,-0.2554579377174377,-0.0846977606415748,0.4772001206874847,1.2112892866134644,1.124657136014381,-0.9372055187939362,0.4488096914299577,113.0
1652969364.140211,0.2270077466964721,-0.2444702088832855,0.898007869720459,0.5436068177223206,0.8003412485122681,-0.2528747320175171,-0.0408352315425872,0.2839241325855255,0.9279484748840332,1.135391092603327,-0.927864137385852,0.4574618595415474,113.0
1652969364.164178,0.1611310243606567,-0.2444109916687011,0.8039871454238892,0.5505236983299255,0.7960496544837952,-0.2514538466930389,0.0087328543886542,0.1905494332313537,0.6659698486328125,1.1423400713336245,-0.9207399210151348,0.4632656610807836,113.0
1652969364.171663,0.0229188203811645,-0.2095411717891693,0.6558509469032288,0.5582883954048157,0.7909416556358337,-0.2504502236843109,0.1187408491969108,0.2090080678462982,0.2310820519924163,1.14910421999234,-0.9123464324294154,0.4670416927311664,113.0
1652969364.1798391,-0.0038608312606811,-0.2215303480625152,0.5861542820930481,0.5600438117980957,0.7897615432739258,-0.2502561509609222,0.1297226548194885,0.2310710400342941,0.0825486108660698,1.150564158092495,-0.9104201408998152,0.4661150019331226,113.0
1652969364.189822,-0.0418417453765869,-0.2494414746761322,0.5236368775367737,0.5607779622077942,0.7893669009208679,-0.2498566061258316,0.1364629864692688,0.2776245772838592,-0.0567802488803863,1.1516462428870846,-0.9097770842039716,0.4642490912095706,113.0
1652969364.199661,-0.0979027152061462,-0.2351596802473068,0.4515048265457153,0.5605491399765015,0.7897367477416992,-0.2492000013589859,0.1236438602209091,0.3218796551227569,-0.1916166245937347,1.1524721324973322,-0.9103797058307967,0.4615177282899839,113.0
1652969364.209628,-0.1337335109710693,-0.2066601514816284,0.3747007250785827,0.5594384670257568,0.7908420562744141,-0.2481890022754669,0.0876332595944404,0.3490094840526581,-0.2977906167507171,1.1532443558160217,-0.9121836785134946,0.4582521618109519,113.0
1652969364.219564,-0.1302680969238281,-0.1603022217750549,0.3139904141426086,0.5576667785644531,0.7925161123275757,-0.2468327432870865,0.0618898160755634,0.3341328203678131,-0.3639813363552093,1.1540991274713677,-0.9149238004364416,0.4550258622468493,113.0
1652969364.229547,-0.1045837998390197,-0.1008341312408447,0.2695338726043701,0.5553284883499146,0.7945379614830017,-0.2456013560295105,0.0549681261181831,0.2694173455238342,-0.4204946160316467,1.1543949029681853,-0.91824626171314,0.4515594231049279,113.0
1652969364.239541,-0.0928598046302795,-0.0497087240219116,0.2331337928771972,0.5523019433021545,0.7968956232070923,-0.2447858899831771,0.0516266599297523,0.1804520636796951,-0.4805712699890136,1.1536030801039447,-0.922138989019222,0.4477577628666068,113.0
1652969364.25032,-0.0952727198600769,-0.014688953757286,0.1709946990013122,0.5485960245132446,0.7995864152908325,-0.2443442046642303,0.0335587747395038,0.0988194644451141,-0.5355362892150879,1.1517750652870593,-0.9266062746265524,0.4437348167565161,113.0
1652969364.259666,-0.0996814370155334,0.0013644844293594,0.0974996089935302,0.5442615151405334,0.802570641040802,-0.2442537993192672,0.0269703827798366,0.017448442056775,-0.583109974861145,1.1489572128815098,-0.931591943267043,0.439515035126057,113.0
1652969364.2691998,-0.1047671437263488,0.0134794861078262,0.0421177744865417,0.5394594669342041,0.8057368993759155,-0.2444822937250137,0.0148410806432366,-0.0320078432559967,-0.6079949140548706,1.1452856139613372,-0.9369186471643276,0.4350576451944816,113.0
1652969364.279145,-0.1048205494880676,0.0238782167434692,0.0096588134765625,0.5344317555427551,0.8089905977249146,-0.2447796612977981,-0.0069374525919556,-0.062792919576168,-0.6098982691764832,1.1412942142456084,-0.942432939474142,0.4307048035596675,113.0
1652969364.289114,-0.1018672585487365,0.0307855904102325,-0.0267057418823242,0.5293269157409668,0.8123045563697815,-0.2448968440294265,-0.0753420740365982,-0.0790403261780738,-0.6071580052375793,1.1374667598462491,-0.9480926173717042,0.4268754219674034,113.0
1652969364.299073,-0.1015776395797729,0.0231057405471801,-0.0575494766235351,0.5243223905563354,0.8157283663749695,-0.2442818880081176,-0.1689383387565612,-0.0609103329479694,-0.5834260582923889,1.1347987807918036,-0.953987257478766,0.4244986581800716,113.0
1652969364.3090491,-0.100205659866333,0.0132933259010314,-0.0973041653633117,0.5195782780647278,0.8191671371459961,-0.2429075390100479,-0.2514328956604004,-0.0435678772628307,-0.546967089176178,1.1334776635809258,-0.959957370622226,0.4235263824229195,113.0
1652969364.319015,-0.0950441360473632,0.0350670218467712,-0.1175628304481506,0.5152254104614258,0.8226563334465027,-0.2403739988803863,-0.4029169678688049,-0.0161692779511213,-0.496143102645874,1.1342720066197236,-0.9660675845088632,0.4248698470396149,113.0
1652969364.3291,-0.0821569561958313,0.0547082424163818,-0.1511414051055908,0.5114324688911438,0.8260988593101501,-0.2366387397050857,-0.5119075179100037,0.0059353839606046,-0.4256238341331482,1.1374331235385529,-0.9721493686720218,0.4287569546484945,113.0
1652969364.338853,-0.068108320236206,0.0787304043769836,-0.1716230511665344,0.508232831954956,0.829368531703949,-0.2320506572723388,-0.5773110389709473,0.0261663533747196,-0.3595430850982666,1.1424811914530553,-0.9779765097019094,0.4346674290452077,113.0
1652969364.348855,-0.0518956184387207,0.1081337034702301,-0.1624001264572143,0.5056310296058655,0.832368016242981,-0.2269386351108551,-0.6129201650619507,0.0408180020749568,-0.2891318798065185,1.14892196248713,-0.983366753635232,0.442017172553201,113.0
1652969364.358822,-0.0344756841659545,0.1322000324726104,-0.1356176137924194,0.5036072134971619,0.8350045084953308,-0.2216928303241729,-0.596756100654602,0.0524011552333831,-0.2192593365907669,1.1561136836909696,-0.9881409524153312,0.450118210077692,113.0
1652969364.368727,-0.0222941637039184,0.1440726816654205,-0.1139345169067382,0.5021373629570007,0.8372318744659424,-0.2165671736001968,-0.5478963851928711,0.0834122225642204,-0.1695936173200607,1.163609483806453,-0.9922014930282562,0.4582883732838342,113.0
1652969364.378905,-0.0148897171020507,0.150177851319313,-0.1017005443572998,0.501187264919281,0.8390358686447144,-0.2117317765951156,-0.4922858476638794,0.1152282133698463,-0.1071286424994468,1.171078714372189,-0.995508734260866,0.466029167706268,113.0
1652969364.3888988,-0.0052905678749084,0.1475399136543274,-0.0976626873016357,0.500789225101471,0.8403996825218201,-0.2072169929742813,-0.4288684427738189,0.15129055082798,-0.0530469194054603,1.1784666591407738,-0.9980202336900702,0.4732478105623374,113.0
1652969364.398862,0.0032219290733337,0.1404102593660354,-0.0960134863853454,0.500974178314209,0.841313898563385,-0.2030169814825058,-0.3737857639789581,0.1829595416784286,0.0122537910938262,1.1857770901436018,-0.9997093464570368,0.4799340915525268,113.0
1652969364.4087648,0.0116939544677734,0.1361484676599502,-0.0887897014617919,0.5017337203025818,0.841795802116394,-0.1991061270236969,-0.3190343677997589,0.2097433805465698,0.0757967010140419,1.1930203219934217,-1.000601442445359,0.4861951491501241,113.0
1652969364.418748,0.0187095403671264,0.1284896284341812,-0.072934091091156,0.5030952095985413,0.8418093323707581,-0.1955824494361877,-0.262122094631195,0.2219323962926864,0.152178019285202,1.2000184293530871,-1.000626495389058,0.4919481872198142,113.0
1652969364.428815,0.0259495377540588,0.1100510656833648,-0.04975026845932,0.5050715208053589,0.8413305282592773,-0.1925247311592102,-0.1973271071910858,0.2181854248046875,0.2232448905706405,1.2066159009479416,-0.9997400880763428,0.4971678911102661,113.0
1652969364.4386702,0.0217078924179077,0.106793612241745,-0.0406475663185119,0.5075737833976746,0.8403914570808411,-0.1900303214788437,-0.1402536928653717,0.210055336356163,0.2721125483512878,1.212560950964665,-0.9980051199532808,0.5016714962659273,113.0
1652969364.448596,0.012190818786621,0.1054881960153579,-0.0371093153953552,0.5104226469993591,0.8391266465187073,-0.1879771053791046,-0.1063382029533386,0.2007292658090591,0.3151979446411133,1.2179324650150674,-0.995675623790117,0.5056210790288946,113.0
1652969364.458531,0.0028702616691589,0.0888738185167312,-0.0322931408882141,0.5135939121246338,0.8376215696334839,-0.1860417276620865,-0.1060921251773834,0.2105994671583175,0.3520752787590027,1.2232635172471793,-0.992914424019222,0.5095450643161521,113.0
1652969364.4685369,-0.0056455135345458,0.069581925868988,-0.0283914804458618,0.5170285701751709,0.8359630703926086,-0.1839769780635833,-0.1246049031615257,0.2181697189807891,0.3764443099498749,1.2289325554611965,-0.9898853233813708,0.5137673669846684,113.0
