1652955604.445476,0.0034111142158508,-0.0382468700408935,0.053351879119873,0.545722246170044,-0.4856944382190704,-0.6828529834747314,0.1378104835748672,0.0307967774569988,0.1703439652919769,0.6742405558047931,0.5071574429400072,-0.1213973534770461,99.0
1652955604.455409,0.0109522342681884,-0.0461605191230773,0.058825135231018,0.5450018048286438,-0.487841248512268,-0.6818973422050476,0.2026882022619247,0.0309374462813138,0.2030896544456482,0.6742792886587313,0.5096150444916219,-0.1209219266795998,99.0
1652955604.465472,0.021928071975708,-0.0499559640884399,0.0569164752960205,0.544050931930542,-0.4904034435749054,-0.6808179616928101,0.2530866861343384,0.0090582454577088,0.2218353748321533,0.6742002466118903,0.5125526281973775,-0.1205615224951785,99.0
1652955604.475591,0.0189037322998046,-0.0576117038726806,0.047817975282669,0.5429401397705078,-0.4934814274311065,-0.6794793009757996,0.3413290679454803,-0.0043581207282841,0.2515352964401245,0.6741633691942238,0.5160879750061222,-0.1205251609205654,99.0
1652955604.485282,0.0095306634902954,-0.0812231302261352,0.0360187292098999,0.5417999625205994,-0.4974749982357025,-0.677474319934845,0.4590354561805725,0.0375989153981208,0.2938057780265808,0.6745793430955977,0.5206856116508763,-0.12098407977648,99.0
1652955604.495234,0.001551330089569,-0.1101572513580322,0.0197457671165466,0.5407612919807434,-0.5025033354759216,-0.6745870113372803,0.5658397078514099,0.1014238074421882,0.3461728692054748,0.6757269515410842,0.5264918095862701,-0.1218266439268459,99.0
1652955604.5052218,0.0114516019821167,-0.1467055082321167,-0.0104107856750488,0.5398485064506531,-0.5084185600280762,-0.6708756685256958,0.6424356698989868,0.1498379558324813,0.3727264404296875,0.6775955561791536,0.5333473093092442,-0.1229549343317189,99.0
1652955604.515171,0.0255133509635925,-0.1690715551376342,-0.0534424781799316,0.5389702320098877,-0.5148252844810486,-0.666682779788971,0.6691886186599731,0.1533302068710327,0.3743041753768921,0.6798636301688216,0.5408038461343799,-0.1244088210799504,99.0
1652955604.52514,0.0240710973739624,-0.1939719319343567,-0.1076484322547912,0.5380322337150574,-0.5211815237998962,-0.662488579750061,0.6732523441314697,0.1334204077720642,0.3464296758174896,0.6820985227335418,0.5482348040482806,-0.1260440300925919,99.0
1652955604.535239,-0.0127339363098144,-0.2234836816787719,-0.1859674453735351,0.537254810333252,-0.5273046493530273,-0.658260703086853,0.6658664345741272,0.1320716738700866,0.2799250483512878,0.68452522148666,0.5554252391834288,-0.1281797068298082,99.0
1652955604.545085,-0.0781867504119873,-0.2323380708694458,-0.2501202821731567,0.5371559262275696,-0.5327929258346558,-0.6539076566696167,0.6191191673278809,0.2336310595273971,0.2004033327102661,0.687687198041239,0.5618975303133574,-0.1307889103900809,99.0
1652955604.555037,-0.1359897851943969,-0.2461099624633789,-0.2897806763648987,0.5380741953849792,-0.5376576781272888,-0.6491536498069763,0.5656760931015015,0.3653326332569122,0.1766149848699569,0.6921076790701787,0.567656642483586,-0.1335122710259343,99.0
1652955604.5651112,-0.1543645858764648,-0.2544902563095093,-0.3188658952713012,0.5399084091186523,-0.5419892072677612,-0.644008219242096,0.492996335029602,0.4844715297222137,0.1547669470310211,0.6976954072011251,0.5728023531008674,-0.1360222028243936,99.0
1652955604.575069,-0.1369135975837707,-0.241399347782135,-0.3560460805892944,0.5425837635993958,-0.5456262826919556,-0.6386664509773254,0.4279125928878784,0.5606796145439148,0.0969184041023254,0.7042369832828653,0.5771362424054233,-0.1383965486535449,99.0
1652955604.5849,-0.1154652833938598,-0.2206670641899109,-0.3938617706298828,0.5457935929298401,-0.5485057830810547,-0.6334435343742371,0.3813349604606628,0.5625933408737183,0.0269925855100154,0.7112069327844548,0.5805761472324686,-0.1409157016351087,99.0
1652955604.594898,-0.1183197498321533,-0.2053911685943603,-0.4131177067756653,0.5494263768196106,-0.5507342219352722,-0.6283490657806396,0.3493459522724151,0.5820801258087158,-0.0502713471651077,0.7184882004801804,0.583243617643872,-0.1438598075495293,99.0
1652955604.604854,-0.1427739858627319,-0.1952218413352966,-0.4230741858482361,0.5536931753158569,-0.5524659156799316,-0.6230611801147461,0.3688541352748871,0.6340354681015015,-0.1309129297733307,0.7265176863194631,0.5853197275329403,-0.1474924487154721,99.0
1652955604.614805,-0.1602367162704467,-0.1611629724502563,-0.4455874562263489,0.5587047934532166,-0.5539090037345886,-0.6172793507575989,0.4022539258003235,0.6821954250335693,-0.202446773648262,0.7356302947185032,0.5870520193111314,-0.1520204615703239,99.0
1652955604.6247702,-0.1666567921638488,-0.1209327578544616,-0.4795307517051697,0.5642550587654114,-0.555091381072998,-0.611138105392456,0.4469271302223205,0.666230320930481,-0.2962235808372497,0.7455321533795863,0.5884728080717065,-0.1576260193460681,99.0
1652955604.634858,-0.1751192212104797,-0.0791426301002502,-0.5199450850486755,0.5703981518745422,-0.556150496006012,-0.6044358015060425,0.5596467852592468,0.7008454203605652,-0.4037152528762817,0.7564339613645105,0.5897466814121821,-0.1648338752316915,99.0
1652955604.64468,-0.1868603825569152,-0.0470733046531677,-0.5406987071037292,0.5770428776741028,-0.5570643544197083,-0.5972443222999573,0.5902619957923889,0.6989865303039551,-0.4871427416801452,0.7681967496382812,0.5908466813639167,-0.1734691595009607,99.0
1652955604.6549249,-0.2001314759254455,-0.0118792653083801,-0.5519773960113525,0.5840578079223633,-0.5575501918792725,-0.5899272561073303,0.6445270776748657,0.6507906913757324,-0.6028162240982056,0.7803986207859775,0.5914317655467006,-0.1833062020062127,99.0
1652955604.6645951,-0.2245768904685974,0.0203552842140197,-0.5571300983428955,0.5913829803466797,-0.5575855374336243,-0.582550048828125,0.6754668951034546,0.6035507917404175,-0.7072859406471252,0.7929222213447433,0.5914743718045465,-0.1945116479634125,99.0
1652955604.674667,-0.2579885125160217,0.050410509109497,-0.5498608350753784,0.5989614129066467,-0.5570574402809143,-0.5752670764923096,0.7011464834213257,0.5722982883453369,-0.8137369751930237,0.8055740925964927,0.5908383734440471,-0.206745397339676,99.0
1652955604.6844912,-0.2899762988090515,0.0741028785705566,-0.5611438751220703,0.6069318652153015,-0.5560741424560547,-0.5678162574768066,0.7937120795249939,0.546514630317688,-0.9244096875190736,0.8186829137709215,0.5896547692834223,-0.2203624123932111,99.0
1652955604.6944342,-0.3119919300079345,0.095746099948883,-0.5631868243217468,0.6153824329376221,-0.5548704266548157,-0.5598421692848206,0.8549842238426208,0.5757241249084473,-1.0131250619888306,0.8326223293138862,0.5882072264342322,-0.2355388706257264,99.0
1652955604.704528,-0.3291851878166199,0.1509202718734741,-0.5442513227462769,0.6244885325431824,-0.5529471635818481,-0.5516007542610168,0.824122428894043,0.5828638076782227,-1.129728078842163,0.8472937081035298,0.5858972287413714,-0.2516037838146594,99.0
1652955604.714342,-0.3399203419685364,0.221186876296997,-0.5197755098342896,0.6341860890388489,-0.5498045682907104,-0.5436203479766846,0.739898145198822,0.5955848097801208,-1.2340967655181885,0.8621407106188002,0.5821302305684528,-0.2679253921212124,99.0
1652955604.724321,-0.3386815190315246,0.2948532104492187,-0.5191695690155029,0.6442845463752747,-0.5454056859016418,-0.5361251831054688,0.6004241704940796,0.5831012725830078,-1.2944450378417969,0.8767717045890269,0.5768730501163412,-0.2838533928462576,99.0
1652955604.7342691,-0.3353447914123535,0.3744056820869446,-0.5370233654975891,0.6544365286827087,-0.5393010377883911,-0.5299689769744873,0.3459425866603851,0.5211185812950134,-1.3813763856887815,0.8901025258534504,0.5696068899866837,-0.2982801231648774,99.0
1652955604.7442598,-0.3437259793281555,0.4396753907203674,-0.5540769100189209,0.6644962430000305,-0.5309908390045166,-0.5258264541625977,0.0472046136856079,0.4217102527618408,-1.4660444259643557,0.9013730296069148,0.5597694054091084,-0.3105983122854754,99.0
1652955604.754218,-0.368348479270935,0.4669627547264099,-0.5298213362693787,0.6743329763412476,-0.5204411149024963,-0.5238474607467651,-0.2409492880105972,0.3357997536659241,-1.5405359268188477,0.9103389815229924,0.5473674922853229,-0.3205333406036816,99.0
1652955604.764178,-0.4012976884841919,0.4615374803543091,-0.4796611070632934,0.6840431094169617,-0.507902979850769,-0.5235644578933716,-0.4491879940032959,0.2792368829250335,-1.6293957233428955,0.9175138293389734,0.5327486748253696,-0.3285551232573281,99.0
1652955604.774389,-0.4310498237609863,0.4794066548347473,-0.4105919301509857,0.6937451958656311,-0.4936286509037018,-0.5244506001472473,-0.6227733492851257,0.2535769045352936,-1.7110072374343872,0.9234853081372624,0.516257263367046,-0.3352360315112807,99.0
1652955604.784089,-0.4551941752433777,0.5077099800109863,-0.3499916195869446,0.7035614848136902,-0.4781638979911804,-0.525700032711029,-0.6435057520866394,0.2848573327064514,-1.7631323337554932,0.9290906478019552,0.4985629467255393,-0.3413300939294102,99.0
1652955604.79405,-0.4566314816474914,0.5319870710372925,-0.3037267327308655,0.7132843732833862,-0.4621119499206543,-0.5269516110420227,-0.6699639558792114,0.2265729457139969,-1.8351588249206543,0.9345225521287848,0.4803751916296603,-0.3474921666232294,99.0
1652955604.8044071,-0.4611121416091919,0.5140132308006287,-0.2793799638748169,0.7229377627372742,-0.4447258710861206,-0.5287532210350037,-0.7965801954269409,0.1855842322111129,-1.9475252628326416,0.9393090039989844,0.4608681909934852,-0.3534688800438203,99.0
1652955604.814107,-0.4706064462661743,0.5353854298591614,-0.2852981388568878,0.7322337031364441,-0.425868272781372,-0.5314791798591614,-0.9381275177001952,0.09882802516222,-1.9935601949691768,0.9429425305869944,0.4399213077230433,-0.3584961818232177,99.0
1652955604.823938,-0.4894986748695373,0.5439887642860413,-0.2933590114116668,0.7410092353820801,-0.4055850505828857,-0.5351690649986267,-1.052340388298035,0.0254315733909606,-2.100302219390869,0.9453150738131644,0.4176187859014397,-0.3627634816116515,99.0
1652955604.83383,-0.5124196410179138,0.5524508357048035,-0.2732365727424621,0.7495259642601013,-0.3838221430778503,-0.5393434762954712,-1.1159271001815796,0.0086152022704482,-2.1955575942993164,0.9470503259355022,0.3939319367000343,-0.3668575783439939,99.0
1652955604.844215,-0.5271496176719666,0.6099992394447327,-0.2206392586231231,0.7577708959579468,-0.3609799742698669,-0.5435776114463806,-1.2014098167419434,0.0119872959330677,-2.228243350982666,0.9485288713211968,0.3693185193487385,-0.37060369660172,99.0
1652955604.853835,-0.5431004166603088,0.6536862254142761,-0.1857443749904632,0.7658481597900391,-0.3371742963790893,-0.5475307703018188,-1.2347216606140137,0.0537900850176811,-2.309485673904419,0.9501178181341352,0.3439138238921801,-0.3741328254738041,99.0
1652955604.863758,-0.5421342253684998,0.6980053782463074,-0.1724338233470916,0.7736253142356873,-0.3120022416114807,-0.5515056848526001,-1.4008251428604126,-0.0010406742803752,-2.4094812870025635,0.9514751593425284,0.3172997359339751,-0.3773477292184958,99.0
1652955604.873826,-0.5432593822479248,0.7131351828575134,-0.1651947200298309,0.7806861996650696,-0.2848479747772217,-0.5562289953231812,-1.6037802696228027,-0.0702477097511291,-2.4968864917755127,0.9517386938276476,0.2888478426534002,-0.3794060292193161,99.0
1652955604.884431,-0.5441608428955078,0.6781997680664062,-0.1671227812767028,0.7867451310157776,-0.2557134926319122,-0.561820924282074,-1.7045482397079468,-0.2221690714359283,-2.6199471950531006,0.9506645784891852,0.2585856723387656,-0.3807775217229487,99.0
1652955604.893834,-0.5674796104431152,0.6469998359680176,-0.149942934513092,0.7915244102478027,-0.2249044775962829,-0.5682491660118103,-1.6993050575256348,-0.3581251204013824,-2.7769346237182617,0.9481461866976938,0.2268449963032699,-0.3826217202044238,99.0
1652955604.903651,-0.6110762357711792,0.6408126354217529,-0.0953551232814788,0.7951124906539917,-0.1931122839450836,-0.5748946666717529,-1.557120442390442,-0.4543198347091675,-2.913243055343628,0.944776902579224,0.1943331514144178,-0.3860621793891159,99.0
1652955604.91358,-0.6537966132164001,0.6596449613571167,-0.0092061311006546,0.7975038886070251,-0.1611887663602829,-0.5813825130462646,-1.3738218545913696,-0.5259435772895813,-2.996774911880493,0.9408694564184262,0.1618950561715674,-0.3916438218177777,99.0
1652955604.923526,-0.6898834705352783,0.6726592779159546,0.0692777335643768,0.7986938953399658,-0.1299161911010742,-0.5875457525253296,-1.1795791387557983,-0.5546585917472839,-3.001807689666748,0.9365535359327968,0.1302844511967757,-0.3990883095580161,99.0
1652955604.933486,-0.6981841325759888,0.6488639712333679,0.0969359949231147,0.7986937761306763,-0.0996520519256591,-0.5934287309646606,-0.9772711396217346,-0.6203378438949585,-3.0141398906707764,0.9317909054017082,0.0998177286085269,-0.4083330986136294,99.0
1652955604.943459,-0.6876052618026733,0.6431745886802673,0.0758972242474556,0.7973616719245911,-0.0702667310833931,-0.5993970632553101,-0.888396143913269,-0.6804164052009583,-3.000369071960449,0.9261918365118804,0.0703246822459717,-0.4189251364340173,99.0
1652955604.953871,-0.6842756867408752,0.6607728600502014,0.0531370677053928,0.794611930847168,-0.0409605428576469,-0.6057343482971191,-0.9355206489562988,-0.7955823540687561,-3.0287253856658936,0.9194682321757294,0.0409720043767104,-0.4298417742064045,99.0
1652955604.963369,-0.6820454001426697,0.6658215522766113,0.0615059435367584,0.790153980255127,-0.0108467517420649,-0.6128125190734863,-1.0566836595535278,-0.9527690410614014,-3.0753016471862797,0.911135925666226,0.0108469644968889,-0.4405812013143872,99.0
1652955604.973485,-0.6960728168487549,0.6951224207878113,0.0799880027770996,0.7835209369659424,0.0200791154056787,-0.621040940284729,-1.0680243968963623,-1.1445578336715698,-3.134204626083374,0.9005664304165838,-0.0200804654531981,-0.451219461782361,99.0
1652955604.9832978,-0.7314921617507935,0.7003908157348633,0.0761268138885498,0.7749949097633362,0.0509483553469181,-0.629910409450531,-1.0149224996566772,-1.2330752611160278,-3.146862745285034,0.8883033277204525,-0.05097042419431,-0.462728552767061,99.0
1652955604.993292,-0.7795344591140747,0.6869907975196838,0.086474597454071,0.7647181749343872,0.081539936363697,-0.6391850113868713,-0.994233012199402,-1.362302541732788,-3.1951663494110107,0.8745782483433351,-0.0816305614259931,-0.475121204561159,99.0
1652955605.003216,-0.8386145234107971,0.6534706354141235,0.1047009229660034,0.7524481415748596,0.1124316751956939,-0.6489845514297485,-1.000481128692627,-1.4781029224395752,-3.298039197921753,0.8590915025587401,-0.1126699048051111,-0.4885537466143102,99.0
1652955605.013156,-0.9053999781608582,0.640238344669342,0.1257265955209732,0.7381788492202759,0.1438809335231781,-0.6590828895568848,-0.99577534198761,-1.5879452228546145,-3.398629903793335,0.8419456533492704,-0.1443820479536841,-0.503161531764323,99.0
1652955605.023303,-0.9401708245277404,0.6795422434806824,0.1391708999872207,0.7219701409339905,0.174366682767868,-0.6695934534072876,-0.7159413695335388,-1.679621338844299,-3.400253772735596,0.8230191394031937,-0.1752625572518618,-0.5197959208306321,99.0
1652955605.033123,-0.9034189581871032,0.6875448226928711,0.1757735162973404,0.7038645148277283,0.2026444673538208,-0.6808156371116638,-0.53736412525177,-1.821348786354065,-3.411900043487549,0.802042274389914,-0.2040576638674994,-0.5390086950501051,99.0
1652955605.043071,-0.8694429993629456,0.6789278984069824,0.2054336816072464,0.6832247376441956,0.2298080325126648,-0.6931033730506897,-0.4133454859256744,-2.032228946685791,-3.5074567794799805,0.7782207834464274,-0.231880432780279,-0.5603339129169113,99.0
1652955605.053237,-0.9148778915405272,0.6509538888931274,0.191805362701416,0.6597662568092346,0.256070613861084,-0.7064958810806274,-0.3014464378356933,-2.215840578079224,-3.6022346019744877,0.7512089524638151,-0.2589550922965017,-0.5841696864354713,99.0
1652955605.063025,-0.9994199872016908,0.6464004516601562,0.1933304071426391,0.633834719657898,0.2817825078964233,-0.7203139662742615,-0.3956336677074432,-2.3432345390319824,-3.6506946086883545,0.721622314312487,-0.2856514000599544,-0.6096849355755707,99.0
1652955605.073055,-1.0462884902954102,0.6274582743644714,0.2241507470607757,0.6053857207298279,0.3084115087985992,-0.7337509393692017,-0.6948521137237549,-2.539747476577759,-3.72682523727417,0.6898334485069036,-0.3135226965512432,-0.6352369115704086,99.0
1652955605.082912,-1.0528016090393066,0.5842151045799255,0.2512803077697754,0.5734620094299316,0.337037593126297,-0.7466906905174255,-0.985186755657196,-2.7953085899353027,-3.907611131668091,0.654924957824949,-0.3437686104075725,-0.6610869863474117,99.0
1652955605.092814,-1.085218071937561,0.5313745737075806,0.2793010771274566,0.5378700494766235,0.3670459985733032,-0.7589288949966431,-1.056188464164734,-2.926621913909912,-4.1035871505737305,0.6165560879176674,-0.3758313630105855,-0.6888079849026334,99.0
1652955605.102824,-1.1804358959197998,0.466852068901062,0.2983682751655578,0.5000159740447998,0.3960744738578796,-0.7701357007026672,-0.8795443177223206,-2.852293968200684,-4.202176570892334,0.5758527309712138,-0.407237726646573,-0.7199114684101968,99.0
1652955605.112731,-1.2570751905441284,0.4971199631690979,0.3223707675933838,0.461268275976181,0.4217240512371063,-0.7806282043457031,-0.5770986080169678,-2.7530808448791504,-4.193458080291748,0.5336967587210817,-0.4353458813481182,-0.7547659142145434,99.0
1652955605.122872,-1.2387040853500366,0.5319457054138184,0.3929416537284851,0.421260267496109,0.4445675015449524,-0.7905058264732361,-0.5493327379226685,-2.8456661701202397,-4.267064571380615,0.489619603479515,-0.4606913746761479,-0.792417569489222,99.0
1652955605.132664,-1.2257249355316162,0.497215986251831,0.446528285741806,0.378343403339386,0.4666797220706939,-0.7994162440299988,-0.6751919388771057,-3.01440954208374,-4.444490909576416,0.4420396165530036,-0.4855328942263892,-0.8328952999899453,99.0
1652955605.14262,-1.2808759212493896,0.4357119798660278,0.4659301042556762,0.3315199315547943,0.4888123571872711,-0.8069430589675903,-0.8362668752670288,-3.286846399307251,-4.619294166564941,0.3898113091643709,-0.5107278653225577,-0.8764137246256387,99.0
1652955605.152709,-1.3396745920181274,0.3675873279571533,0.4497931599617004,0.2808519899845123,0.5097252726554871,-0.8132050037384033,-0.7898113131523132,-3.4983444213867188,-4.730068683624268,0.3325390729404831,-0.5348654234853246,-0.9233783210973036,99.0
1652955605.162694,-1.3491182327270508,0.3255108594894409,0.4562656879425049,0.2270632088184356,0.5279567241668701,-0.8183544278144836,-0.7249641418457031,-3.670323371887207,-4.797011852264404,0.270654737466664,-0.5561928685178184,-0.973722362368502,99.0
1652955605.172634,-1.3440430164337158,0.3602941632270813,0.4893053770065307,0.1708558052778244,0.5427533984184265,-0.8223302960395813,-0.5471431612968445,-3.791910171508789,-4.8165812492370605,0.204855702348273,-0.5737119188285549,-1.027077265433183,99.0
1652955605.182497,-1.2787761688232422,0.3488154411315918,0.5656715631484985,0.1128368750214576,0.5537132024765015,-0.8250269889831543,-0.4956994354724884,-3.9013595581054688,-4.874733924865723,0.1359241803012659,-0.5868168685189035,-1.082876720702768,99.0
1652955605.1924071,-1.2621175050735474,0.2291355729103088,0.6666175723075867,0.0529652535915374,0.5621879696846008,-0.8253116607666016,-0.5643564462661743,-4.0009355545043945,-4.976416110992432,0.0640881757582204,-0.5970290712139409,-1.1410277405412166,99.0
1652955605.202378,-1.348684787750244,0.1591416001319885,0.7089771032333374,-0.0083709154278039,0.5675732493400574,-0.823280394077301,-0.4554001092910766,-4.063077926635742,-5.015568256378174,-0.0101674069629288,-0.6035553142484591,-1.201227936221898,99.0
1652955605.212329,-1.4601739645004272,0.1292565464973449,0.7421597242355347,-0.0699316412210464,0.5686160326004028,-0.8196251392364502,-0.2885524928569793,-4.108328342437744,-4.885911464691162,-0.0851153582765156,-0.6048224234351562,-1.2614000570549124,99.0
1652955605.222295,-1.5431753396987915,0.1176351308822631,0.800136148929596,-0.1302713453769683,0.5655407309532166,-0.8143666386604309,-0.1372266113758087,-4.038386344909668,-4.74588680267334,-0.1586225550230041,-0.6010887744126538,-1.3194939002501676,99.0
1652955605.232403,-1.6151968240737915,0.1278209090232849,0.8277872204780579,-0.1891549825668335,0.5585500597953796,-0.8076151013374329,0.0359439700841903,-4.091792583465576,-4.62098503112793,-0.2300672152998735,-0.592636757448525,-1.374949301012756,99.0
1652955605.242214,-1.718590497970581,0.0958360433578491,0.8491391539573669,-0.2476570457220077,0.5470858216285706,-0.7996018528938293,0.3673125505447387,-4.241619110107422,-4.507781982421875,-0.3003551790747706,-0.5788788493300171,-1.4270100716174752,99.0
1652955605.2522058,-1.6043126583099363,-0.0218473672866821,0.8764867186546326,-0.3055536448955536,0.5303888916969299,-0.7907747030258179,0.7615280747413635,-4.366005897521973,-4.329360008239746,-0.3687256763970272,-0.5590592627760326,-1.4741579793555384,99.0
1652955605.2620869,-1.2911616563796997,-0.038431704044342,0.9070703983306884,-0.362051784992218,0.509540319442749,-0.7805684804916382,0.9234405159950256,-4.449751377105713,-4.175903797149658,-0.4342959996947441,-0.5346504409219109,-1.5158427045146312,99.0
1652955605.2722158,-1.2065186500549316,-0.0580117106437683,0.8985324501991272,-0.4172148406505584,0.4863552451133728,-0.7677175998687744,0.9516913294792176,-4.577899932861328,-4.018593311309815,-0.4977991950636116,-0.5079135302869731,-1.5530675163494865,99.0
1652955605.282021,-1.2338683605194092,-0.1212115287780761,0.8705386519432068,-0.4706756174564361,0.4616451859474182,-0.7518963813781738,1.0333534479141235,-4.67738151550293,-3.7544972896575928,-0.5593071097837697,-0.4798489597170178,-1.5854681652182718,99.0
1652955605.292015,-1.1711831092834473,-0.1503498554229736,0.9387577176094056,-0.5213369727134705,0.4364101886749267,-0.7333170771598816,0.9624246954917908,-4.671362400054932,-3.4150898456573486,-0.6180238097704197,-0.4516049838750992,-1.6124341841053471,99.0
1652955605.301971,-1.152052640914917,-0.1435471773147583,1.0368363857269287,-0.568894624710083,0.4116041362285614,-0.7119978070259094,1.0615792274475098,-4.685216903686523,-3.130295753479004,-0.6741380320832591,-0.4242135165750571,-1.6347139267627682,99.0
1652955605.311926,-1.1375200748443604,-0.2926957607269287,1.0356656312942505,-0.6129987835884094,0.3858889937400818,-0.6894361972808838,1.3851830959320068,-4.604766845703125,-2.679812431335449,-0.7267773364816855,-0.396171274277793,-1.650387967917525,99.0
1652955605.321887,-0.9916573762893676,-0.3655523061752319,1.0142027139663696,-0.6524007320404053,0.3598207235336303,-0.6670098900794983,1.8376827239990237,-4.390431880950928,-2.19809365272522,-0.7743261407811084,-0.368075729460623,-1.6578402125110665,99.0
1652955605.331986,-0.884120523929596,-0.3895575404167175,0.9467898607254028,-0.6873363852500916,0.332674890756607,-0.6456749439239502,2.4229061603546143,-4.225096225738525,-1.7512952089309692,-0.8166416177312981,-0.3391386136861687,-1.6562003616575922,99.0
1652955605.34181,-0.7904584407806396,-0.4266705513000488,0.9694263935089112,-0.7187273502349854,0.3047435581684112,-0.6249499917030334,2.869546413421631,-4.100815296173096,-1.4459925889968872,-0.8550767840608812,-0.3096691652968034,-1.6467398570805216,99.0
1652955605.351779,-0.7029218673706055,-0.4173154234886169,0.955880045890808,-0.7474565505981445,0.2767707109451294,-0.6039095520973206,3.067932367324829,-4.036434173583984,-1.216752529144287,-0.891224928764762,-0.2804319160929462,-1.6318287365855002,99.0
1652955605.36176,-0.6935968399047852,-0.3641161918640136,0.8622533082962036,-0.7741918563842773,0.2502498030662536,-0.5813793540000916,3.028141736984253,-4.033003807067871,-1.0003544092178345,-0.9266874884685236,-0.2529382707117281,-1.6139964893078322,99.0
1652955605.37183,-0.7380360960960388,-0.3064510226249695,0.7911937236785889,-0.7992258667945862,0.2271625846624374,-0.5564486980438232,2.7174580097198486,-4.083279609680176,-0.7130467295646667,-0.9626019596509312,-0.2291630947136588,-1.5951556093042576,99.0
1652955605.381647,-0.8146540522575378,-0.2647536993026733,0.7905763983726501,-0.8227055668830872,0.2088743299245834,-0.5287033319473267,2.346971273422241,-4.149107933044434,-0.4350263476371765,-0.9996126635055762,-0.2104237523590953,-1.576994141219055,99.0
1652955605.391541,-0.9031679034233092,-0.2621960043907165,0.8348750472068787,-0.8446654677391052,0.1946812868118286,-0.4986377954483032,2.254204511642456,-4.181931018829346,-0.1760515719652176,-1.0375118216352337,-0.1959325105630853,-1.558969015526261,99.0
1652955605.401722,-0.948572278022766,-0.3827119171619415,0.8946378231048584,-0.8648431897163391,0.1834108829498291,-0.4673399031162262,2.4506590366363525,-4.198039531707764,0.1844562888145446,-1.0753725421665656,-0.1844550733171774,-1.5382507843927529,99.0
1652955605.411502,-0.9208202362060548,-0.4751794636249542,0.9554478526115416,-0.8829669952392578,0.1752131581306457,-0.4355107843875885,2.5817134380340576,-4.1389265060424805,0.5156487822532654,-1.1125748302918193,-0.1761222770389817,-1.513987717926475,99.0
1652955605.421479,-0.8804978728294373,-0.5406219959259033,0.8908424377441406,-0.8989363312721252,0.1701927483081817,-0.4036681652069092,2.620411872863769,-4.045923233032227,0.8343900442123413,-1.1487319523317314,-0.171025275124227,-1.487023946473638,99.0
1652955605.431425,-0.8539480566978455,-0.5380268096923828,0.8470107316970825,-0.9126993417739868,0.1692551374435424,-0.3719310462474823,2.3656904697418213,-3.913642644882202,1.069360852241516,-1.1838355137367595,-0.1700738483688223,-1.4600619744723655,99.0
1652955605.441389,-0.8537510633468628,-0.5765380859375,0.8050634860992432,-0.9243251085281372,0.1718041598796844,-0.3407439887523651,2.2624073028564453,-3.761604070663452,1.2814868688583374,-1.2176124125209915,-0.1726607737842761,-1.4340560776767883,99.0
1652955605.451365,-0.834507942199707,-0.6267777681350708,0.7895840406417847,-0.9339247345924376,0.1773806810379028,-0.3103560507297516,2.331262826919556,-3.6671011447906494,1.5140540599822998,-1.2499636696016485,-0.1783242827878316,-1.4076689765258683,99.0
1652955605.461327,-0.8053638339042664,-0.6551666855812073,0.8274987936019897,-0.941630244255066,0.1854101717472076,-0.2809905111789703,2.664285182952881,-3.584315299987793,1.7701339721679688,-1.2808002049164298,-0.1864892585179772,-1.378685668881428,99.0
1652955605.471556,-0.7974060773849487,-0.6577218174934387,0.9012638330459596,-0.947497546672821,0.1956295073032379,-0.2529379427433014,3.197101831436157,-3.556732177734375,2.040015697479248,-1.3099259997588717,-0.1968993239328454,-1.3449819710351258,99.0
1652955605.481256,-0.7874746918678284,-0.6542748212814331,0.9349462985992432,-0.9516000151634216,0.2080285996198654,-0.2262336462736129,3.95030689239502,-3.567275285720825,2.357022762298584,-1.337389096606435,-0.2095590311141832,-1.3043833349508631,99.0
1652955605.491201,-0.7854870557785034,-0.6665884256362915,0.9079526662826538,-0.953664004802704,0.2227999120950698,-0.2022012323141098,4.873506546020508,-3.460602283477783,2.7339468002319336,-1.36186483335257,-0.2246856378249529,-1.255095457988708,99.0
1652955605.501189,-0.7682332396507263,-0.715416669845581,0.7964991927146912,-0.9532175660133362,0.2410221844911575,-0.1824409514665603,5.711879253387451,-3.2748544216156006,3.25078558921814,-1.3816884657181043,-0.2434189545059742,-1.1955092861442456,99.0
1652955605.511096,-0.7789440155029297,-0.649824321269989,0.7319473028182983,-0.950105845928192,0.2632004022598266,-0.167405903339386,6.097463130950928,-3.014503240585327,3.5566372871398926,-1.396389361978285,-0.2663380815209087,-1.1293241301302748,99.0
1652955605.5210729,-0.8463411927223206,-0.58134925365448,0.5806130766868591,-0.9446591138839722,0.2878409028053283,-0.1573744416236877,6.084006786346436,-2.664889097213745,3.759291648864746,-1.4057184661494493,-0.2919715575300625,-1.060277353035689,99.0
1652955605.530999,-0.9165485501289368,-0.4650043845176697,0.3850212693214416,-0.9370128512382508,0.3145178854465484,-0.1519390046596527,5.594474315643311,-2.236053705215454,3.8295159339904794,-1.4100429737501146,-0.3199487304420364,-0.993641103638201,99.0
1652955605.541191,-0.9472782015800476,-0.4938621520996094,0.1226527988910675,-0.9274929165840148,0.3422214686870575,-0.1504707038402557,5.236643314361572,-1.908574342727661,3.8996658325195312,-1.409963778523721,-0.3492801144969581,-0.9308214295466316,99.0
1652955605.550926,-0.9003657698631287,-0.4848235845565796,-0.0018609762191772,-0.9162541031837464,0.3705896437168121,-0.1521240621805191,4.94733190536499,-1.65340256690979,3.918723106384277,-1.4062688678342516,-0.3796437725483045,-0.8706611341881423,99.0
1652955605.560899,-0.9030182361602784,-0.5560871362686157,0.0150495171546936,-0.9036835432052612,0.398295909166336,-0.1572155058383941,5.085874557495117,-1.452107548713684,3.8991658687591553,-1.3985484287064405,-0.4096582672701058,-0.8105950450599818,99.0
1652955605.570997,-0.8681520223617554,-0.6607906818389893,0.091309517621994,-0.8897063732147217,0.4253531396389007,-0.1658237278461456,5.08330774307251,-1.316724419593811,3.977792263031006,-1.3865302717738288,-0.4393520501482175,-0.7479546604484131,99.0
1652955605.580828,-0.8562336564064026,-0.7152529358863831,0.0525954067707061,-0.8746013641357422,0.4515092372894287,-0.1766690164804458,4.91035795211792,-1.194302678108215,3.9195539951324463,-1.3714789272211865,-0.4684560673658028,-0.685032031218805,99.0
1652955605.59077,-0.8980998396873474,-0.5971378087997437,-0.0378715991973876,-0.8587666153907776,0.4763329029083252,-0.1887508183717727,4.379120349884033,-0.95248681306839,3.77743411064148,-1.3544435501513696,-0.496479329028462,-0.6248925872100535,99.0
1652955605.600759,-1.0803375244140625,-0.4232631623744964,-0.0604708194732666,-0.8422240018844604,0.4994355738162994,-0.2030337750911712,3.89786958694458,-0.389230340719223,3.585531949996948,-1.334241166738489,-0.5229471669202481,-0.5695924257355303,99.0
1652955605.610816,-1.2656121253967283,-0.3675223588943481,-0.022576630115509,-0.8243690133094788,0.521111786365509,-0.2210396081209182,3.560999870300293,0.1298168450593948,3.5549533367156982,-1.308826502267852,-0.5481531026926599,-0.5175352362449785,99.0
1652955605.62073,-1.2337877750396729,-0.3620854616165161,0.0775777101516723,-0.8047712445259094,0.5422953367233276,-0.2413690835237503,3.2034473419189453,0.4637199938297272,3.5755672454833984,-1.2794105593324283,-0.5731666392618248,-0.4679483201742466,99.0
1652955605.6306171,-1.0904169082641602,-0.4374567568302154,0.118845522403717,-0.7834081053733826,0.563069760799408,-0.2631047368049621,3.064558982849121,0.6720896363258362,3.671107769012451,-1.2467857848169537,-0.5980956671356519,-0.4193118700158419,99.0
1652955605.6405811,-0.99811053276062,-0.5042287111282349,0.135775625705719,-0.7599155902862549,0.5835390090942383,-0.2863749563694,3.010711908340454,0.8800537586212158,3.804375410079956,-1.2104038205840364,-0.623079820974447,-0.3692940760546671,99.0
1652955605.650512,-0.9935950636863708,-0.5256388187408447,0.1244909167289733,-0.7344170808792114,0.6031396985054016,-0.3112141788005829,2.975453615188598,1.0201224088668823,3.8449203968048096,-1.1699792068475574,-0.6474315360312035,-0.3172297253177859,99.0
1652955605.6604671,-1.0335159301757812,-0.3634999096393585,0.1137944459915161,-0.7076951265335083,0.6211146712303162,-0.3367259502410888,2.776613235473633,1.222180962562561,3.7243127822875977,-1.126690155026595,-0.6701641637534205,-0.2645437315819323,99.0
1652955605.6705298,-1.1357579231262207,-0.2970380485057831,0.0739095211029052,-0.6801906824111938,0.636951744556427,-0.3628130555152893,2.639662981033325,1.4022037982940674,3.587998628616333,-1.0807878454861315,-0.6905376642224589,-0.2126493792905356,99.0
1652955605.68052,-1.127108812332153,-0.4029610455036163,-0.028135061264038,-0.6519743204116821,0.6506783366203308,-0.3892905116081238,2.704481363296509,1.421751618385315,3.5748534202575684,-1.0325157105637652,-0.7084774227514419,-0.1595384357272353,99.0
1652955605.690318,-1.1013312339782717,-0.4407351911067962,-0.0569503307342529,-0.6229424476623535,0.6622359752655029,-0.4163967370986938,2.794903039932251,1.4731987714767456,3.519223690032959,-0.981570252446788,-0.7237989308515232,-0.1038778275986417,99.0
1652955605.700307,-1.1774890422821045,-0.5357157588005066,0.0121470689773559,-0.5932934284210205,0.670805811882019,-0.4449970424175262,3.040295362472534,1.588618278503418,3.4405956268310547,-0.9272661539104594,-0.7352947647472561,-0.0453040090772389,99.0
1652955605.710252,-1.1992764472961426,-0.6277899742126465,0.0420485734939575,-0.5627017617225647,0.676045298576355,-0.475740909576416,3.2293777465820312,1.769592523574829,3.381803274154663,-0.8689448425523056,-0.7423823963215069,0.0164875197147807,99.0
1652955605.720234,-1.246893286705017,-0.5719220638275146,-0.0263713002204895,-0.5309081673622131,0.6781352162361145,-0.5082017779350281,3.266684055328369,2.094102144241333,3.2546188831329346,-0.8072464466421042,-0.7452223307040774,0.0794088509077465,99.0
1652955605.730208,-1.361159086227417,-0.4233115315437317,-0.1268784403800964,-0.4972393214702606,0.6779953241348267,-0.5413643717765808,3.003466844558716,2.57504940032959,3.1173079013824463,-0.7429387589137199,-0.7450319946895629,0.1401030569751419,99.0
1652955605.7401772,-1.4128137826919556,-0.3045552968978882,-0.2314755916595459,-0.4605840742588043,0.6773527264595032,-0.5736337900161743,2.4921979904174805,3.122981071472168,3.0377120971679688,-0.6765210374121305,-0.744158130958963,0.1960609400824574,99.0
1652955605.750236,-1.384843349456787,-0.361459732055664,-0.3395249843597412,-0.4212021827697754,0.6776139140129089,-0.6028499007225037,1.957842230796814,3.3296210765838623,2.99599552154541,-0.6098428667304238,-0.7445132702461088,0.2467920493689118,99.0
1652955605.7600842,-1.3105754852294922,-0.3986241817474365,-0.4102295041084289,-0.3804187476634979,0.678906261920929,-0.6279871463775635,1.5122296810150146,3.3910248279571533,2.9755003452301025,-0.5446547975514798,-0.7462719686684156,0.2935251785161696,99.0
1652955605.770163,-1.2969558238983154,-0.3694655895233154,-0.4024815559387207,-0.3385728001594543,0.6808934807777405,-0.6494248509407043,1.2168464660644531,3.490780830383301,2.9163811206817627,-0.4805754921055963,-0.7489818943980934,0.3374157082341297,99.0
1652955605.780009,-1.3225085735321045,-0.3582408428192138,-0.3648284673690796,-0.2958690822124481,0.6823486089706421,-0.6684772968292236,1.126215934753418,3.546039342880249,2.859311103820801,-0.4166843616443132,-0.7509705806578684,0.3797181319855545,99.0
1652955605.7899551,-1.314213752746582,-0.2852586507797241,-0.3370031714439392,-0.2525586783885956,0.6828283071517944,-0.6855360269546509,1.0237293243408203,3.603612184524536,2.779893636703491,-0.3529810909598884,-0.7516270273150257,0.4208571234551533,99.0
1652955605.79993,-1.3061355352401731,-0.2181017398834228,-0.3712931275367737,-0.2089859694242477,0.6823588013648987,-0.7005078792572021,0.9214863777160645,3.651338577270508,2.6810619831085205,-0.2899285125535847,-0.7509845433260237,0.4603576284584203,99.0
1652955605.8098722,-1.290658950805664,-0.1699997782707214,-0.4231217503547668,-0.1651210337877273,0.6812089085578918,-0.7132247090339661,0.8085517883300781,3.700481414794922,2.6067862510681152,-0.2275052167808736,-0.7494127090053946,0.4981380840234526,99.0
1652955605.819885,-1.2698721885681152,-0.1665825247764587,-0.4572915434837341,-0.1211800128221511,0.6791085600852966,-0.7239661812782288,0.8267467617988586,3.6960082054138175,2.549474000930786,-0.1658460837960516,-0.7465474923585239,0.534665879430037,99.0
1652955605.82962,-1.257295846939087,-0.1226497292518615,-0.459291934967041,-0.0771310776472091,0.675325870513916,-0.7334751486778259,0.8971628546714783,3.7742180824279785,2.4915757179260254,-0.1047733300352255,-0.7414064482306562,0.5700045412367362,99.0
1652955605.839608,-1.2699793577194214,-0.1208459138870239,-0.439599871635437,-0.0325260832905769,0.669854998588562,-0.7417791485786438,0.9637067317962646,3.865872383117676,2.4373345375061035,-0.0438206726172976,-0.7340134765585358,0.6039989552560903,99.0
1652955605.8495312,-1.2748448848724363,-0.0693122744560241,-0.4408502578735351,0.0123021453619003,0.6627130508422852,-0.748772382736206,1.0004596710205078,3.911581039428711,2.3683736324310303,0.0164282750149276,-0.7244357900584937,0.6362897552270673,99.0
1652955605.8594952,-1.2756896018981934,0.0271192789077758,-0.4643851518630981,0.0571532472968101,0.6550132036209106,-0.7534528374671936,0.8253046274185181,4.012852668762207,2.251875400543213,0.0757101172584387,-0.7142001063495231,0.6663343943327716,99.0
1652955605.869567,-1.2658758163452148,0.0696054100990295,-0.5231326222419739,0.1016759499907493,0.6478121280670166,-0.754984438419342,0.6357262134552002,4.038547515869141,2.135205030441284,0.1338674802106575,-0.7047089784763935,0.6939637980591558,99.0
1652955605.8794122,-1.2169281244277954,0.11194509267807,-0.5838001370429993,0.1452118158340454,0.6410663723945618,-0.7536228895187378,0.48985156416893,3.987018585205078,2.0376100540161133,0.190352087477397,-0.6958868756550265,0.7196179782294773,99.0
1652955605.889514,-1.1779882907867432,0.0774076581001281,-0.6085845828056335,0.1874639987945556,0.634082019329071,-0.7501981854438782,0.5309484004974365,3.916460514068604,1.942543029785156,0.2448713289953192,-0.6868207579232908,0.7433414236721717,99.0
1652955605.89958,-1.1314184665679932,0.0360790491104126,-0.5823862552642822,0.2281897664070129,0.6254007816314697,-0.7461925745010376,0.7573632597923279,3.823288917541504,1.860525608062744,0.2967743680917568,-0.6756450187162444,0.764626767365185,99.0
1652955605.909474,-1.079485297203064,0.0607276558876037,-0.5148561000823975,0.2675956189632416,0.6143434047698975,-0.7422767281532288,1.011183500289917,3.801714658737183,1.741907000541687,0.3460039405499738,-0.6615535328040465,0.7827719877336317,99.0
1652955605.919405,-1.0545804500579834,0.1201491355895996,-0.4638620615005493,0.3054806888103485,0.6018167734146118,-0.7379011511802673,1.070340275764465,3.7395503520965576,1.594174861907959,0.3925047649068502,-0.645774046693791,0.7975567763816778,99.0
1652955605.929356,-1.057660460472107,0.2177333831787109,-0.4987303018569946,0.3420537710189819,0.5892912149429321,-0.7319393157958984,0.9821734428405762,3.800733804702759,1.445696473121643,0.4371678843906126,-0.6301812877482196,0.8096230377573057,99.0
1652955605.9393191,-1.0773645639419556,0.3090198636054992,-0.585802435874939,0.3779321610927582,0.5782798528671265,-0.7230212688446045,0.687058687210083,3.888529539108277,1.321307897567749,0.4816519973577341,-0.6166186474581444,0.8202844767576826,99.0
1652955605.949273,-1.0626325607299805,0.3568785190582275,-0.6582615375518799,0.4134015142917633,0.5691959857940674,-0.7107145190238953,0.4832587540149688,4.001931667327881,1.1975440979003906,0.5268327368080999,-0.6055276230712565,0.8303330382761193,99.0
1652955605.95938,-1.0110903978347778,0.3309857249259949,-0.6588389873504639,0.4475069940090179,0.5611674189567566,-0.6962963342666626,0.4577427208423614,3.9166100025177,1.0536284446716309,0.5712235538170354,-0.5957955677539286,0.8390493107540087,99.0
1652955605.9692922,-0.9291810989379884,0.2998725771903991,-0.5775812268257141,0.4795351326465606,0.5528772473335266,-0.6814491152763367,0.654626727104187,3.8128066062927246,0.934857189655304,0.6132042713781916,-0.585813292454744,0.8452894388077266,99.0
1652955605.979164,-0.8593159317970276,0.2468671202659607,-0.475172221660614,0.5094929337501526,0.542890727519989,-0.6675977110862732,1.0305122137069702,3.6392147541046143,0.8421543836593628,0.6518789942659511,-0.573875423208736,0.8478987909191391,99.0
1652955605.989128,-0.8131264448165894,0.2954915165901184,-0.411579966545105,0.5369881391525269,0.5308426022529602,-0.6556293964385986,1.3323838710784912,3.4097800254821777,0.7622622847557068,0.686244654287379,-0.5595945042664341,0.8465945515546153,99.0
1652955605.999121,-0.8114776015281677,0.4073168635368347,-0.4147277474403381,0.5625151991844177,0.5179533958435059,-0.6444383859634399,1.454098343849182,3.3834824562072754,0.6142512559890747,0.7176261319685974,-0.5444566922453773,0.8421771145269663,99.0
1652955606.0091429,-0.8320724964141846,0.4810593724250793,-0.4759215116500854,0.5868179798126221,0.505782961845398,-0.6323197484016418,1.3905320167541504,3.4041121006011963,0.4567302763462066,0.7480925794364611,-0.5302893456050424,0.8356345234398004,99.0
1652955606.019028,-0.8289947509765625,0.5454978942871094,-0.544663667678833,0.6099700331687927,0.4955303072929382,-0.6183738112449646,1.1527923345565796,3.421860218048096,0.3043255507946014,0.7785567191842878,-0.5184452561302836,0.8286373201106576,99.0
1652955606.029279,-0.8000402450561523,0.6082072854042053,-0.6081810593605042,0.6319648027420044,0.4880028665065765,-0.6020579934120178,0.857141375541687,3.444732904434204,0.1507629305124282,0.8096286197460233,-0.5098002173602846,0.8222713322871928,99.0
1652955606.0390038,-0.7515383362770081,0.6273440718650818,-0.6368569135665894,0.6526003479957581,0.4832466244697571,-0.5835970640182495,0.6176281571388245,3.4145848751068115,-0.0149794407188892,0.8411593054836004,-0.5043593012475097,0.816728876072819,99.0
1652955606.049931,-0.6932214498519897,0.6408493518829346,-0.6205122470855713,0.6713404059410095,0.4806348979473114,-0.5641739964485168,0.58649080991745,3.3464746475219727,-0.2115343958139419,0.8719199239048218,-0.5013785766104054,0.8108242932800759,99.0
1652955606.058844,-0.6300276517868042,0.6321297883987427,-0.5584440231323242,0.6881331205368042,0.4790220260620117,-0.5449868440628052,0.7595195770263672,3.2380332946777344,-0.388440191745758,0.9009655002681728,-0.4995402736070244,0.8028558689159768,99.0
1652955606.069025,-0.5720173716545105,0.6361157298088074,-0.4748680889606476,0.7026783227920532,0.4774925708770752,-0.5274883508682251,1.0775669813156128,3.071593761444092,-0.5666833519935608,0.926858523460652,-0.4977987027636754,0.7913268072898474,99.0
1652955606.0787349,-0.5157800316810608,0.6806310415267944,-0.4124760031700134,0.7151055932044983,0.4754489958286285,-0.5124180316925049,1.4591741561889648,2.905252695083618,-0.7089387774467468,0.9490406579590538,-0.4954743284259136,0.7754303714865681,99.0
1652955606.088749,-0.4739843606948852,0.7413790822029114,-0.373149573802948,0.7256170511245728,0.473155677318573,-0.4996035397052765,1.6591503620147705,2.7336554527282715,-0.8712146878242493,0.9678151222169692,-0.4928693690671167,0.7557386573372087,99.0
1652955606.09901,-0.4455878734588623,0.8037023544311523,-0.3458914458751678,0.7340095043182373,0.4719747602939605,-0.4883337318897247,1.6517044305801392,2.528092861175537,-1.061690330505371,0.9837431144841452,-0.4915293835492557,0.7339851835896467,99.0
1652955606.10854,-0.426934003829956,0.8673730492591858,-0.3357353210449219,0.740349531173706,0.4727440178394317,-0.477907657623291,1.4911322593688965,2.3403007984161377,-1.2072110176086426,0.9975795831794472,-0.4924021347417292,0.7120233997344384,99.0
1652955606.118437,-0.4105214476585388,0.8668981790542603,-0.3213493227958679,0.7451314926147461,0.4755546450614929,-0.4675756692886352,1.287511706352234,2.2430405616760254,-1.3239445686340332,1.0103958234896198,-0.4955944315312074,0.6910993559667445,99.0
1652955606.128566,-0.3762045502662658,0.8262100219726562,-0.2838594317436218,0.7489004731178284,0.4801484644412994,-0.4567337036132812,1.1444344520568848,2.2267396450042725,-1.4128286838531494,1.0231493401724867,-0.5008239660675784,0.6712319201820959,99.0
1652955606.138575,-0.3073965907096863,0.8007463216781616,-0.1929426491260528,0.7516714334487915,0.4862012863159179,-0.4456437230110168,0.9966670870780944,2.105730533599853,-1.4964500665664673,1.0356357180805842,-0.5077373567206609,0.6522348703833307,99.0
1652955606.148796,-0.2300192713737487,0.8391193151473999,-0.0648018717765808,0.7528311014175415,0.4938179552555084,-0.4351885914802551,0.736603856086731,1.8147861957550049,-1.556052803993225,1.046658397999941,-0.5164749388802475,0.6346842249438354,99.0
1652955606.158466,-0.1945183873176574,0.9709787368774414,0.0635632872581482,0.7522881031036377,0.5032548904418945,-0.4252023696899414,0.1431114971637725,1.4897719621658323,-1.4753539562225342,1.05634899724702,-0.5273612828252349,0.6213421208432495,99.0
1652955606.168706,-0.1946878433227539,1.0492985248565674,0.1345618367195129,0.7511606216430664,0.5142112970352173,-0.4139377474784851,-0.4004452526569366,1.3581880331039429,-1.2807285785675049,1.067136415691553,-0.5400878030904054,0.6150940882547169,99.0
1652955606.178378,-0.1823059320449829,0.9286260604858398,0.1572925448417663,0.7505890130996704,0.5254313349723816,-0.4006719589233398,-0.7334056496620178,1.3835607767105105,-1.1022077798843384,1.0804679171853957,-0.5532220167989681,0.6143911948023003,99.0
1652955606.188297,-0.1143128275871276,0.8217983245849609,0.2294322848320007,0.7504366040229797,0.536070704460144,-0.3866176605224609,-0.7729502320289612,1.2714736461639404,-0.9296011328697203,1.095070465300834,-0.5657756111991709,0.6169072727394981,99.0
1652955606.198288,-0.0217483043670654,0.7755983471870422,0.3437256813049316,0.7505081295967102,0.5445341467857361,-0.3744599819183349,-0.4941262900829315,1.0408461093902588,-0.6768853068351746,1.107995514497699,-0.5758336072238242,0.6194223069221575,99.0
1652955606.208241,0.0377476215362548,0.8074352145195007,0.4186270236968994,0.7508113980293274,0.5497415065765381,-0.3661510348320007,-0.0973646789789199,0.7563056945800781,-0.4356308281421661,1.1170582131414104,-0.5820547509601208,0.6197593074693459,99.0
1652955606.218225,0.057441771030426,0.7947615385055542,0.3875698447227478,0.7512435913085938,0.5517612099647522,-0.3622053861618042,0.4106303453445434,0.5404863357543945,-0.2786486744880676,1.1215376867720792,-0.5844745160061967,0.6162456557887854,99.0
1652955606.228166,0.0879993438720703,0.6745185256004333,0.3062165975570678,0.7516460418701172,0.5512052774429321,-0.3622168302536011,0.8292832374572754,0.3944044411182403,-0.2000842690467834,1.1217347973050935,-0.583808074247183,0.6082399747909581,99.0
1652955606.238287,0.1501193046569824,0.5573437213897705,0.251218318939209,0.7517819404602051,0.548952579498291,-0.3653423190116882,1.1044902801513672,0.2133723497390747,-0.1520365923643112,1.1184368380535132,-0.5811105810495406,0.5967811395834096,99.0
1652955606.2481198,0.2144349217414856,0.4554158747196197,0.2252406477928161,0.7514311671257019,0.5457706451416016,-0.3707906007766723,1.1411949396133425,-0.0082440990954637,-0.133647084236145,1.1124057674779608,-0.577308522293656,0.5838750321107015,99.0
1652955606.258085,0.209046721458435,0.4601439237594604,0.1886290907859802,0.7501817941665649,0.5429230332374573,-0.377441257238388,0.9150441884994508,-0.2373204231262207,-0.1465783268213272,1.1046454032008004,-0.5739139202348388,0.5720578988013838,99.0
1652955606.268132,0.1339158415794372,0.4900650978088379,0.1291126608848571,0.7484084367752075,0.5411449670791626,-0.3834672570228576,0.5523011684417725,-0.2747810781002044,-0.1285732984542846,1.0972962242353634,-0.5717980299840505,0.5634772688368693,99.0
1652955606.2779589,0.0596924424171447,0.4976725280284881,0.0545297861099243,0.746841311454773,0.5406087040901184,-0.3872599005699157,0.1807433664798736,-0.2084169834852218,-0.1068512350320816,1.092434585947311,-0.5711605253174096,0.5590204175718997,99.0
1652955606.2879438,0.0475355386734008,0.4347096681594848,-0.0003376007080078,0.7456468939781189,0.5411548614501953,-0.3887959420681,-0.0117800096049904,-0.0929726734757423,-0.137710228562355,1.090159141095178,-0.5718098608805218,0.5575983095557085,99.0
1652955606.297855,0.1105740070343017,0.2853361368179321,0.0314030647277832,0.7443912625312805,0.5425562858581543,-0.3892484605312347,-0.0932338535785675,-0.1350692510604858,-0.183608740568161,1.088990378959107,-0.5734772564063467,0.5573006653953069,99.0
1652955606.307981,0.1775115728378296,0.187942624092102,0.1277217864990234,0.7426849603652954,0.5441226959228516,-0.3903199136257171,-0.0482207760214805,-0.2599398195743561,-0.1633341759443283,1.0869163155151806,-0.5753430824130155,0.557113155951326,99.0
1652955606.317823,0.1629956364631652,0.1933097243309021,0.1766987442970276,0.740645170211792,0.5452250838279724,-0.3926505446434021,-0.0177576728165149,-0.3793826103210449,-0.1210205405950546,1.0833232787404776,-0.5766575772627067,0.5565563202661608,99.0
1652955606.32776,0.0881754755973815,0.2174059450626373,0.1651672720909118,0.7386067509651184,0.5462126731872559,-0.3951097130775451,-0.1521546989679336,-0.3876569867134094,-0.0684963464736938,1.0795895632005583,-0.5778361562649773,0.5568268627422792,99.0
1652955606.337739,0.0326377153396606,0.2202077507972717,0.0964446067810058,0.7369087934494019,0.5474915504455566,-0.3965077996253967,-0.3928269743919372,-0.3950786590576172,-0.0001292750239372,1.077159313101112,-0.5793636753526378,0.5594837213454267,99.0
1652955606.34769,0.034739077091217,0.1842065155506134,0.0279765129089355,0.735341489315033,0.5494007468223572,-0.3967766761779785,-0.5827234387397766,-0.4070902466773987,-0.0096875121816992,1.0759870976774637,-0.5816468514623744,0.5646822700763712,99.0
1652955606.357656,0.0731644034385681,0.1129922568798065,0.0159216523170471,0.7334609627723694,0.5519646406173706,-0.3966988623142242,-0.6147252917289734,-0.4969117343425751,-0.0310878753662109,1.0749983452423613,-0.5847184453347588,0.5709733746996242,99.0
1652955606.367724,0.0961393117904663,0.0685672760009765,0.0735306739807128,0.7312380075454712,0.5542006492614746,-0.397684097290039,-0.45871102809906,-0.5851032733917236,0.00880928337574,1.0726867493704015,-0.5874023171894021,0.5766052951623942,99.0
1652955606.377718,0.0685173869132995,0.0570527017116546,0.1320105195045471,0.7291358113288879,0.5552300214767456,-0.4001007676124573,-0.2475005090236663,-0.6060926914215088,0.0907446295022964,1.0689264867739363,-0.58863954479417,0.5805882752491911,99.0
1652955606.3875089,0.0250869989395141,0.0459360480308532,0.1417348980903625,0.7275986075401306,0.5548899173736572,-0.4033579230308532,-0.0934275314211845,-0.5404461026191711,0.1762584745883941,1.0646051842580289,-0.5882306422721207,0.583075714811656,99.0
1652955606.397498,0.01602303981781,0.0162323117256164,0.1151340007781982,0.7266222238540649,0.5536129474639893,-0.4068573117256164,-0.0170174483209848,-0.5105236172676086,0.2265922129154205,1.060361579169055,-0.5866964893480814,0.5848081002811603,99.0
1652955606.407521,0.037692368030548,-0.0198093354701995,0.0757445693016052,0.7258116602897644,0.5518798828125,-0.410641074180603,-0.0026364456862211,-0.5466607809066772,0.2572611272335052,1.0559277393637454,-0.5846168299531377,0.5862846297487443,99.0
1652955606.417414,0.0540228486061096,-0.04302778840065,0.0471872687339782,0.7248924970626831,0.5500112175941467,-0.4147510826587677,-0.0251524075865745,-0.601674497127533,0.2684559822082519,1.051102547865018,-0.582377658026712,0.5879952403827712,99.0
1652955606.4273438,0.0370444655418396,-0.0755436420440673,0.0172654390335083,0.7238808274269104,0.5481947660446167,-0.4189021289348602,-0.032893817871809,-0.5941171050071716,0.2618295848369598,1.0461938330619225,-0.5802042522727495,0.5899123084812611,99.0
1652955606.437344,0.0120831727981567,-0.1038103401660919,-0.0156982541084289,0.7228716015815735,0.546459972858429,-0.4228925108909607,0.0104073183611035,-0.519517719745636,0.2265765368938446,1.0414662732636015,-0.5781313884946347,0.5914900461245105,99.0
1652955606.447279,0.0047253966331481,-0.1035010814666748,-0.0282488465309143,0.7218523621559143,0.5448961853981018,-0.4266349971294403,0.0480592921376228,-0.480331152677536,0.1735477745532989,1.0369999681846047,-0.5762653072015987,0.5923876590068177,99.0
1652955606.457242,0.0224318504333496,-0.1142370104789733,-0.0130622386932373,0.7207627892494202,0.5434883236885071,-0.4302576184272766,0.0525104999542236,-0.4521820843219757,0.1520382314920425,1.032624246319999,-0.5745872014478596,0.5928447859275678,99.0
1652955606.467325,0.0272608995437622,-0.1219903230667114,-0.0056081414222717,0.7196720838546753,0.5422292351722717,-0.4336584806442261,0.0185302924364805,-0.4388881921768188,0.1538400948047638,1.028483464628601,-0.5730879615764737,0.5933751629190571,99.0
1652955606.47718,0.0164040327072143,-0.1304044127464294,-0.0195167064666748,0.7186576128005981,0.5410926342010498,-0.436749517917633,-0.0140207251533865,-0.4183991849422455,0.1580303013324737,1.0247126701721625,-0.5717358298623975,0.5943445726952818,99.0
1652955606.487098,-0.0088956952095031,-0.1321653127670288,-0.0332838296890258,0.717788577079773,0.5401503443717957,-0.4393373131752014,-0.0757124498486518,-0.3556520938873291,0.1529039144515991,1.0215485953148231,-0.570615738624198,0.5957269352103223,99.0
1652955606.4970698,-0.0264557003974914,-0.1318772733211517,-0.0269640088081359,0.717297375202179,0.5394608974456787,-0.4409834146499634,-0.1387494802474975,-0.264659583568573,0.1721335351467132,1.0195766286036023,-0.5697967171121537,0.5978302942286944,99.0
1652955606.507016,-0.0155933499336242,-0.1449345350265503,-0.0166075825691223,0.7172383069992065,0.5389617085456848,-0.4416895806789398,-0.2393591701984405,-0.2198015600442886,0.1859047412872314,1.0188257148299755,-0.5692039916584307,0.6008710755228347,99.0
1652955606.517102,0.0085659027099609,-0.1367022395133972,-0.0176903009414672,0.7172337174415588,0.5388237833976746,-0.4418652355670929,-0.2822637557983398,-0.2291460633277893,0.1740664541721344,1.0186453092526242,-0.5690402199762172,0.6046454760376976,99.0
1652955606.526931,0.0099776983261108,-0.1226289868354797,-0.0213820934295654,0.7170883417129517,0.5388381481170654,-0.4420835077762604,-0.2704536914825439,-0.2481338679790496,0.1626233756542205,1.0183341847445906,-0.5690573191436626,0.6085168031729461,99.0
1652955606.536886,-0.0085088610649108,-0.1340910494327545,-0.0178140401840209,0.7168523669242859,0.5387032628059387,-0.4426300823688507,-0.184050902724266,-0.2381246536970138,0.1518591493368148,1.0176349643178022,-0.568897192758644,0.6118059948407861,99.0
1652955606.5468268,-0.0344986915588378,-0.1528999209403991,-0.0130191445350646,0.7166581153869629,0.5382418632507324,-0.443505048751831,-0.070944458246231,-0.1901875287294387,0.1312699913978576,1.0166305157508186,-0.5683496427485862,0.6139260419670282,99.0
1652955606.5568662,-0.0435972809791564,-0.1433801352977752,-0.0140780806541442,0.7165709137916565,0.5375155210494995,-0.4445257484912872,-0.0084685673937201,-0.1464488357305526,0.1161669343709945,1.0155468429748828,-0.5674880374177349,0.6150298005414491,99.0
1652955606.566924,-0.0354112386703491,-0.1305221319198608,-0.0224734544754028,0.7165789008140564,0.5368014574050903,-0.4453750848770141,-0.0367555320262908,-0.1273783147335052,0.1071430444717407,1.0146963801191218,-0.5666414810397171,0.6158969042376504,99.0
1652955606.576756,-0.0288319587707519,-0.1169178783893585,-0.0518522262573242,0.7165912985801697,0.5363339781761169,-0.4459177553653717,-0.0904469937086105,-0.1226213797926902,0.1032140851020813,1.0141580617986692,-0.5660874985156181,0.6171746605267071,99.0
1652955606.586698,-0.0309401154518127,-0.1114200055599212,-0.0792146921157836,0.7165632247924805,0.5362153649330139,-0.4461055994033813,-0.1407246738672256,-0.1036191955208778,0.0731584802269935,1.0139515275917992,-0.5659469659069348,0.6188762222172587,99.0
1652955606.596653,-0.0382807850837707,-0.1054563522338867,-0.0797286033630371,0.7165492177009583,0.5363631844520569,-0.4459504783153534,-0.1495016515254974,-0.0703304782509803,0.0630089119076728,1.0140988043052832,-0.5661220606566245,0.6207722223154927,99.0
1652955606.606604,-0.0421119332313537,-0.1050928235054016,-0.051090121269226,0.7166114449501038,0.5365484952926636,-0.445627361536026,-0.126759260892868,-0.0523344315588474,0.0568672828376293,1.014462852265652,-0.5663416878805365,0.62256933727357,99.0
1652955606.6166182,-0.0435160398483276,-0.0915315747261047,-0.032341718673706,0.7166575193405151,0.5366294384002686,-0.4454557299613952,-0.0779405906796455,-0.0405523404479026,0.0452076941728591,1.0146644234818372,-0.566437601794259,0.623851993294448,99.0
1652955606.6265268,-0.0428099632263183,-0.0727556943893432,-0.0319998264312744,0.7166991233825684,0.5366690158843994,-0.4453411996364593,-0.0814973711967468,-0.0407969281077384,0.0394122004508972,1.014805693797225,-0.5664845242705951,0.6248938080131006,99.0
1652955606.6365008,-0.0359624624252319,-0.0547561943531036,-0.054488182067871,0.7163670659065247,0.5367116332054138,-0.445823609828949,-0.1163147389888763,-0.0451179072260856,0.0424090549349784,1.0141124047185843,-0.5665350055944652,0.62561226940703,99.0
1652955606.646449,-0.0207801461219787,-0.0520403385162353,-0.0763147473335266,0.7159400582313538,0.5369012951850891,-0.4462811946868896,-0.1642849892377853,-0.0763306841254234,0.0287582240998744,1.013384469057483,-0.5667597994402187,0.6266866721995178,99.0
1652955606.656417,-0.0094541907310485,-0.0695747137069702,-0.0717749595642089,0.7154479026794434,0.537229061126709,-0.4466758966445923,-0.1861532777547836,-0.101704217493534,0.0142767531797289,1.0126786334744282,-0.5671483716401745,0.6281323116280715,99.0
1652955606.666408,-0.0113975405693054,-0.07574063539505,-0.047122836112976,0.7149192690849304,0.5375403165817261,-0.4471475183963775,-0.2007256299257278,-0.1058431416749954,0.0160344019532203,1.0118722360123815,-0.5675174464564142,0.6297192829182827,99.0
1652955606.676371,-0.0230138301849365,-0.0828248262405395,-0.0344465970993042,0.7144506573677063,0.5378493070602417,-0.4475249052047729,-0.1909361183643341,-0.0715663954615593,0.0151465032249689,1.0111979380860168,-0.567883908013546,0.63133190679319,99.0
1652955606.68651,-0.0332498550415039,-0.0817261934280395,-0.0506679415702819,0.7140512466430664,0.538277804851532,-0.4476469755172729,-0.1760456413030624,-0.031110905110836,0.0059509491547942,1.0108236118316831,-0.5683922827249146,0.6327303027446425,99.0
1652955606.696259,-0.0320208668708801,-0.0708160996437072,-0.0720709562301635,0.7136766910552979,0.5389135479927063,-0.4474791288375854,-0.1674905121326446,0.0003761807456612,-0.0221067834645509,1.0107562378472308,-0.5691468239918861,0.6339231058730473,99.0
1652955606.706272,-0.0280703902244567,-0.0510289669036865,-0.0839864611625671,0.7132968902587891,0.5396596789360046,-0.4471857845783233,-0.1417476534843444,0.0285254195332527,-0.0411450751125812,1.010811792746465,-0.5700328501470745,0.6348472312878168,99.0
1652955606.716176,-0.0212098360061645,-0.0426662862300872,-0.0831444859504699,0.7130738496780396,0.5402061939239502,-0.4468814432621002,-0.1209995076060295,0.035400103777647,-0.0586782619357109,1.010977431127959,-0.5706821293038715,0.6354476961351909,99.0
1652955606.726121,-0.0152612924575805,-0.0383744835853576,-0.0717129707336425,0.7129084467887878,0.5405851006507874,-0.4466871321201324,-0.104493498802185,0.0345858670771122,-0.0765407308936119,1.0110687167150303,-0.5711324088392546,0.6358148709772291,99.0
