1655119805.768378,-0.0144234895706176,0.0219137668609619,0.0022817254066467,0.7080729007720947,-0.0134664149954915,-0.7060109972953796,-1.645189881324768,-2.011009454727173,-1.2037124633789062,0.7868562616420438,0.0134668223469561,0.2096881469995649,74.0
1655119805.778504,-0.0654529333114624,0.0603243708610534,0.0267996490001678,0.6938556432723999,0.0080972388386726,-0.7200685739517212,-1.8769110441207888,-2.001596450805664,-1.362288475036621,0.7668611462359056,-0.008097327657122,0.2129058094670184,74.0
1655119805.78833,-0.0910490751266479,0.0106841921806335,0.0647256076335907,0.6790923476219177,0.0316336825489997,-0.7333709001541138,-1.9419100284576416,-1.998546838760376,-1.4366508722305298,0.7469887518233227,-0.0316389607845893,0.2158882608077067,74.0
1655119805.798355,-0.0499297380447387,-0.1252073049545288,0.122510015964508,0.6636534929275513,0.0553006455302238,-0.7459932565689087,-1.850978136062622,-2.0222833156585693,-1.4545021057128906,0.7270528272523867,-0.055328869606512,0.2179714936286196,74.0
1655119805.808223,-0.0010998249053955,-0.2402666807174682,0.1684860587120056,0.6474927067756653,0.0781417563557624,-0.7580548524856567,-1.6812982559204102,-2.04143500328064,-1.4816285371780396,0.7068985382930917,-0.0782215024238649,0.2185171226155078,74.0
1655119805.8182,0.0297564268112182,-0.292107880115509,0.1956295520067215,0.6306287050247192,0.1000095009803772,-0.7696139216423035,-1.601257562637329,-2.0405538082122803,-1.488860249519348,0.6864642823629371,-0.1001769684004439,0.217641367130691,74.0
1655119805.828134,0.0793458223342895,-0.2794899344444275,0.19320148229599,0.6133727431297302,0.1215415745973587,-0.7803855538368225,-1.547591209411621,-1.9940835237503047,-1.546539068222046,0.666137732738409,-0.1218428220372897,0.2156679282691748,74.0
1655119805.83807,0.1070406436920166,-0.261528730392456,0.160693734884262,0.5959776043891907,0.1429867148399353,-0.7901679873466492,-1.4835140705108645,-1.9133286476135252,-1.6292014122009275,0.6462102165144686,-0.1434784860550197,0.2123444235602191,74.0
1655119805.848196,0.0876280069351196,-0.3107066750526428,0.1225911974906921,0.5785096883773804,0.1644418835639953,-0.7989276647567749,-1.4930033683776855,-1.85051691532135,-1.7025251388549805,0.6267230805255167,-0.1651921714417937,0.2076647038083598,74.0
1655119805.8580132,0.0914995074272155,-0.336540162563324,0.0776851177215576,0.5610273480415344,0.1867802292108535,-0.8064498901367188,-1.6536002159118652,-1.7657434940338137,-1.7347275018692017,0.607817646776862,-0.1878836705069829,0.2026926409892472,74.0
1655119805.8679872,0.13303142786026,-0.3421452641487121,0.0443114638328552,0.54372638463974,0.2099457681179046,-0.8125788569450378,-1.7042940855026243,-1.6757752895355225,-1.7411530017852783,0.5897107522700002,-0.2115194892687214,0.1977608803648272,74.0
1655119805.877932,0.1981061100959777,-0.3948238492012024,0.0548710972070694,0.5267322063446045,0.232848659157753,-0.8175174593925476,-1.636415719985962,-1.563565969467163,-1.7405281066894531,0.5723626803399802,-0.2350058381934297,0.192304481062192,74.0
1655119805.887893,0.2026242613792419,-0.4355130195617676,0.1121411323547363,0.5102359056472778,0.2542376816272735,-0.8215975761413574,-1.407628059387207,-1.4637922048568726,-1.6981582641601562,0.5557386480853438,-0.2570593962541924,0.1857722584868612,74.0
1655119805.897917,0.190439373254776,-0.4921866655349731,0.1874407529830932,0.4942835569381714,0.2730085253715515,-0.8253182172775269,-1.1478265523910522,-1.3595058917999268,-1.6206878423690796,0.5396107309402306,-0.2765189721569039,0.1779881371757172,74.0
1655119805.907718,0.1878815293312072,-0.5372326374053955,0.2649090588092804,0.4790343940258026,0.2890918254852295,-0.8288256525993347,-0.902868390083313,-1.2709999084472656,-1.530969738960266,0.5240616649121602,-0.2932780100156929,0.1692740014541498,74.0
1655119805.917776,0.1794093251228332,-0.5543810129165649,0.2793389856815338,0.4645268619060516,0.3025397062301636,-0.8322767019271851,-0.6684614419937134,-1.1813770532608032,-1.4367682933807373,0.5090711887958526,-0.3073561082282248,0.159843978215757,74.0
1655119805.9277148,0.1931567788124084,-0.563607931137085,0.2385237514972686,0.4508099257946014,0.3138138949871063,-0.8356382250785828,-0.5491209030151367,-1.0911900997161863,-1.3283385038375854,0.4947304058785242,-0.3192072007346133,0.1501489559962051,74.0
1655119805.9376369,0.2200776934623718,-0.540307343006134,0.1879118978977203,0.438079684972763,0.324142575263977,-0.8384615778923035,-0.5768807530403137,-0.9823961853981018,-1.2469831705093384,0.4814697166097725,-0.3301052197710737,0.1409593011421454,74.0
1655119805.947671,0.2369690537452697,-0.5167649984359741,0.1485338509082794,0.4264068305492401,0.3346052169799804,-0.8403669595718384,-0.6808931827545166,-0.8628737926483154,-1.1806985139846802,0.4695544524821969,-0.3411862791673474,0.1326226412017699,74.0
1655119805.957555,0.2433748245239257,-0.489056646823883,0.1286080181598663,0.4157896339893341,0.3456046283245086,-0.8412351012229919,-0.8010392785072327,-0.750011682510376,-1.1083261966705322,0.4590458323188402,-0.3528830556730761,0.125309106354559,74.0
1655119805.967518,0.2504938840866089,-0.4581900835037231,0.1299387812614441,0.4063054323196411,0.3571065366268158,-0.8410652875900269,-0.8921194076538086,-0.6464176774024963,-1.0342698097229004,0.4500237214801483,-0.3651683387983679,0.1190828575588545,74.0
1655119805.9774718,0.2528876960277557,-0.4363642930984497,0.1419981718063354,0.3977165520191192,0.368484616279602,-0.840262234210968,-0.8634793758392334,-0.5448287725448608,-0.9438210129737854,0.4420802539032286,-0.377378422349493,0.1136116281061126,74.0
1655119805.9876971,0.2492943704128265,-0.4277124404907226,0.1687947213649749,0.3901252150535583,0.3787517249584198,-0.8392552733421326,-0.7494217753410339,-0.4798314273357391,-0.8351302146911621,0.4351317887732526,-0.388447158910031,0.1086326331151193,74.0
1655119805.9974551,0.2569127082824707,-0.4118614792823791,0.1797983050346374,0.3833918869495392,0.3874929547309875,-0.8383673429489136,-0.6262608766555786,-0.4288668930530548,-0.7137793302536011,0.4289144006712797,-0.3979105308543901,0.1041450336710438,74.0
1655119806.007339,0.2753723263740539,-0.392450213432312,0.1610918045043945,0.3774750232696533,0.3946180641651153,-0.8377285599708557,-0.4809033870697021,-0.3671598434448242,-0.6137704253196716,0.4233473315760709,-0.405652149985088,0.1000792007687157,74.0
1655119806.0175009,0.2736960351467132,-0.3650866746902466,0.1318135559558868,0.3724221587181091,0.400275707244873,-0.8373059034347534,-0.3735634088516235,-0.3049181997776031,-0.5265104174613953,0.4185097396324071,-0.4118176795393194,0.0963161095118258,74.0
1655119806.02738,0.2517973780632019,-0.3368354439735412,0.1064128577709198,0.3682130575180053,0.4048939347267151,-0.8369469046592712,-0.3101133406162262,-0.2382946908473968,-0.4437345862388611,0.414463250276337,-0.4168628244995307,0.0929954956724501,74.0
1655119806.037282,0.2268680930137634,-0.3154703378677368,0.0875909626483917,0.3648372590541839,0.408808022737503,-0.8365224599838257,-0.2743022739887237,-0.1773833632469177,-0.3720910251140594,0.4112647128668472,-0.4211475624203671,0.0901944546250449,74.0
1655119806.047248,0.2004672884941101,-0.2869329452514648,0.0801052451133728,0.3621700704097748,0.4122196137905121,-0.8360070586204529,-0.2559347152709961,-0.1333187073469162,-0.3062409162521362,0.408807460805486,-0.4248889502932149,0.087952590764885,74.0
1655119806.057191,0.1825979351997375,-0.2556402683258056,0.0680321455001831,0.3601419627666473,0.4151984751224518,-0.8354088664054871,-0.2191947549581527,-0.0829077735543251,-0.2488202601671219,0.4070232129801984,-0.4281609473220586,0.0861927970126429,74.0
1655119806.067222,0.1639249622821808,-0.2273025512695312,0.0571266412734985,0.358749657869339,0.4176506102085113,-0.8347854018211365,-0.1728096753358841,-0.0351072289049625,-0.1935617923736572,0.4058876655260192,-0.4308580770900493,0.08482029514722,74.0
1655119806.077142,0.1533361375331878,-0.209929347038269,0.0506778061389923,0.3578943312168121,0.4194607436656952,-0.8342447876930237,-0.1236993819475174,-0.004093331284821,-0.1400093585252761,0.4052571636173098,-0.4328511966984288,0.0837532322730944,74.0
1655119806.0872211,0.1534292101860046,-0.1933398842811584,0.0431796312332153,0.3574961125850677,0.4206418097019195,-0.8338207006454468,-0.0660304874181747,0.0296427942812442,-0.0948626548051834,0.4050380736083543,-0.4341526579105768,0.0829687401783014,74.0
1655119806.097443,0.1461701393127441,-0.1740903854370117,0.0373893976211547,0.3575682938098907,0.4212593138217926,-0.8334779739379883,-0.0125335101038217,0.0668717101216316,-0.0651242807507515,0.4052601092326517,-0.4348333886267103,0.0823494829233651,74.0
1655119806.10737,0.1289089024066925,-0.152742862701416,0.0383935272693634,0.3580601215362549,0.421353816986084,-0.833219051361084,0.0284911543130874,0.0987012758851051,-0.0352603904902935,0.4058711020324609,-0.434937602375708,0.0818193098819229,74.0
1655119806.117089,0.1106979846954345,-0.1271761059761047,0.0355362594127655,0.3588913083076477,0.4210525155067444,-0.833013653755188,0.0598383583128452,0.1278470754623413,-0.0121793039143085,0.4068023938736252,-0.4346053945225448,0.0813725395953713,74.0
1655119806.1272469,0.0935213267803192,-0.1069284677505493,0.0311063528060913,0.3600614964962005,0.4204470217227936,-0.8328145146369934,0.0821668356657028,0.1533561646938324,0.0086127929389476,0.4080737110936918,-0.4339379572656601,0.0810481741709784,74.0
1655119806.137253,0.0761424303054809,-0.0859547853469848,0.0264858901500701,0.3614796698093414,0.4197574555873871,-0.8325479626655579,0.0689817890524864,0.167323812842369,0.0218429565429687,0.409624451441592,-0.4331780613705444,0.080900387843174,74.0
1655119806.147442,0.0624034106731414,-0.0657871961593627,0.0235231816768646,0.3630879521369934,0.4191343188285827,-0.8321619629859924,0.0576481744647026,0.1926712393760681,0.0358493216335773,0.4114186209959382,-0.4324916480870041,0.080905779037995,74.0
1655119806.157175,0.0523849129676818,-0.0472719073295593,0.0293570756912231,0.364897221326828,0.4185494482517242,-0.8316648602485657,0.0497362539172172,0.2021973133087158,0.0459881275892257,0.4134634450636742,-0.4318475566065675,0.0810890648541528,74.0
1655119806.166562,0.0447375476360321,-0.0309323072433471,0.0336975753307342,0.3668225109577179,0.4179320633411407,-0.8311281800270081,0.051701933145523,0.2065955251455307,0.058504182845354,0.4156414717768358,-0.4311678646897449,0.0813892707269722,74.0
