1655119903.926314,0.0099101662635803,-0.01370769739151,-0.0096318125724792,0.753288745880127,-0.0312617532908916,-0.6569465398788452,-1.197125792503357,-1.4760171175003052,-0.635441243648529,0.8536085906416575,0.0312668482612326,-0.0575553893661023,78.0
1655119903.93631,-0.0642207860946655,-0.032361090183258,0.0137721598148345,0.7439388036727905,-0.0181209295988082,-0.6680020093917847,-1.2162632942199707,-1.4175658226013184,-0.7401487827301025,0.8391282599607843,0.018121920709566,-0.0530329259576812,78.0
1655119903.946454,-0.1157054305076599,-0.1310531497001648,0.0431094765663147,0.734586775302887,-0.0041995644569396,-0.6785019040107727,-1.2251051664352417,-1.3997434377670288,-0.8381701707839966,0.825066908549425,0.0041995769322795,-0.0493959525754325,78.0
1655119903.956192,-0.1217669248580932,-0.1564903259277343,0.0570939183235168,0.7249926924705505,0.0113264694809913,-0.6886634230613708,-1.4422849416732788,-1.4117352962493896,-0.9596719741821288,0.8110913206416158,-0.0113267113710313,-0.0459416055970744,78.0
1655119903.966249,-0.072421908378601,-0.1056975126266479,0.0331642627716064,0.7151069045066833,0.029442535713315,-0.6983948349952698,-1.6892409324645996,-1.3870861530303955,-1.045366644859314,0.797220777097731,-0.0294467908070579,-0.0415774814162692,78.0
1655119903.9761748,0.0474741458892822,-0.1100598573684692,0.0098551511764526,0.7050588130950928,0.0493489578366279,-0.7074297070503235,-1.770422339439392,-1.3580329418182373,-1.15298330783844,0.7837196604917176,-0.0493690087569626,-0.0369271215887036,78.0
1655119903.986269,0.1000283360481262,-0.1114425659179687,0.0197200700640678,0.6947409510612488,0.0703373029828071,-0.715812623500824,-1.7517671585083008,-1.3483667373657229,-1.2728705406188965,0.7704607004693674,-0.0703954278514361,-0.0332370524162756,78.0
1655119903.996089,0.062204360961914,-0.098669409751892,0.038212776184082,0.6839962601661682,0.0915479734539985,-0.7237182259559631,-1.6614843606948853,-1.356521725654602,-1.3293391466140747,0.7571882703141453,-0.0916763364839371,-0.0308264536169379,78.0
1655119904.006094,0.0283612608909606,-0.0924293398857116,0.0691770613193512,0.6727954149246216,0.11240254342556,-0.7312400937080383,-1.5688023567199707,-1.3593616485595703,-1.3699449300765991,0.7437959752963748,-0.1126405907708857,-0.029684678164361,78.0
1655119904.016005,0.0027263760566711,-0.1119705438613891,0.1119996905326843,0.6611835956573486,0.1324918717145919,-0.7384322285652161,-1.3681819438934326,-1.342159390449524,-1.4141770601272583,0.7302613374956483,-0.1328825945342273,-0.0300965645917692,78.0
1655119904.026328,-0.0340578556060791,-0.1809986233711242,0.1591425687074661,0.6492617726325989,0.1509312987327575,-0.7454387545585632,-1.1189502477645874,-1.3490450382232666,-1.4163187742233276,0.7165482994517317,-0.1515103037721861,-0.0325220764712735,78.0
1655119904.0359058,-0.0201009511947631,-0.2442734241485595,0.1952999532222747,0.637013852596283,0.1674472540616989,-0.7524458765983582,-0.916969358921051,-1.3417620658874512,-1.3899447917938232,0.7025115974296448,-0.1682397852294255,-0.0365305659958903,78.0
1655119904.045835,0.0490185022354126,-0.275506317615509,0.1933625042438507,0.6245959997177124,0.1824156939983368,-0.7593446969985962,-0.7418023347854614,-1.3024293184280396,-1.402281403541565,0.6883381597696275,-0.1834428108555069,-0.0419844558832997,78.0
1655119904.0559149,0.1011561155319213,-0.2921571731567383,0.1740460842847824,0.6123449206352234,0.1961473971605301,-0.7658719420433044,-0.5672163963317871,-1.2219691276550293,-1.4456815719604492,0.6744601238825121,-0.1974274438427606,-0.0489975706336288,78.0
1655119904.065822,0.1236324310302734,-0.2719677686691284,0.170341283082962,0.6002445220947266,0.2089006453752517,-0.7720537185668945,-0.4510516822338104,-1.1607239246368408,-1.5053761005401611,0.6608480799639552,-0.2104506615973837,-0.0575993025597508,78.0
1655119904.075874,0.1193866729736328,-0.2336431145668029,0.162371277809143,0.5881938934326172,0.2210515886545181,-0.7779229879379272,-0.3508422672748565,-1.1184531450271606,-1.5490800142288208,0.6473988578118683,-0.2228925995371422,-0.0674848225600365,78.0
1655119904.085753,0.1314242482185363,-0.218258798122406,0.1450337171554565,0.5760800838470459,0.2325907945632934,-0.783602774143219,-0.2836893200874328,-1.0883599519729614,-1.5841567516326904,0.6339412173906976,-0.2347406911842486,-0.0784133751301541,78.0
1655119904.095731,0.1484556794166565,-0.2041879296302795,0.1143224388360977,0.5638704299926758,0.2438166141510009,-0.7890523672103882,-0.2740796506404876,-1.0625892877578735,-1.597301721572876,0.6204689392821877,-0.2462992972911738,-0.0899861136966255,78.0
1655119904.105599,0.1634480357170105,-0.2039155960083007,0.1015785038471221,0.5517162084579468,0.2548820674419403,-0.7941312789916992,-0.3088456094264984,-1.0397052764892578,-1.5547406673431396,0.6071882516067598,-0.2577257513236754,-0.1015583953502445,78.0
1655119904.115664,0.2116925120353698,-0.2524651885032654,0.1009929180145263,0.5396503210067749,0.2656910717487335,-0.7988653779029846,-0.3487081229686737,-1.0114189386367798,-1.473931908607483,0.5941075025034326,-0.2689206895525907,-0.1125402477789635,78.0
1655119904.125743,0.2416468858718872,-0.285289466381073,0.1116212308406829,0.5278691649436951,0.2763640284538269,-0.8031046986579895,-0.4042550027370453,-0.9647339582443236,-1.405266284942627,0.5814798543645376,-0.28000871612758,-0.1227631938476963,78.0
1655119904.135741,0.2311525344848632,-0.3302700519561767,0.1280384063720703,0.5165281891822815,0.2868328094482422,-0.806799590587616,-0.4424148499965668,-0.9127448797225952,-1.3150676488876345,0.569468323152345,-0.2909190775698113,-0.1322400089066296,78.0
1655119904.146245,0.2209466695785522,-0.3698578476905823,0.1472475528717041,0.5056005716323853,0.2969815731048584,-0.810043215751648,-0.4780548512935638,-0.8874525427818298,-1.2146648168563845,0.557998608601695,-0.3015300647108361,-0.1407874695304636,78.0
1655119904.158539,0.2088809311389923,-0.3871275782585144,0.1368002891540527,0.4951596558094024,0.3068947792053222,-0.8127930760383606,-0.5368165969848633,-0.830920934677124,-1.1331523656845093,0.5471622490588908,-0.3119286573415683,-0.1484306995401146,78.0
1655119904.165248,0.1921460926532745,-0.3849364519119262,0.1047120094299316,0.4853289127349853,0.3167510032653808,-0.8149384260177612,-0.5776796340942383,-0.7497594952583313,-1.065268635749817,0.5371340749082975,-0.3223021609078995,-0.1552944316188352,78.0
1655119904.175147,0.1774183213710785,-0.3608216047286987,0.079934537410736,0.4763292968273163,0.3267427384853363,-0.8163024187088013,-0.6488334536552429,-0.6495189070701599,-1.021833419799805,0.5282141925176189,-0.3328551020938827,-0.1614617425475572,78.0
1655119904.18513,0.181649774312973,-0.3388025760650635,0.0545763969421386,0.4682526290416717,0.3368115723133087,-0.8168827891349792,-0.6715113520622253,-0.5457866787910461,-0.98460191488266,0.5204946671321452,-0.3435285567025612,-0.1670848747798704,78.0
1655119904.195363,0.1918390393257141,-0.3161057829856872,0.0422537922859191,0.4610998630523681,0.3467385470867157,-0.8167982697486877,-0.6752420663833618,-0.4379462599754333,-0.9418168663978576,0.5139234640078864,-0.3540916814830727,-0.172362410575589,78.0
1655119904.2049909,0.1971891820430755,-0.3033781051635742,0.0407487154006958,0.4547578990459442,0.3561324179172516,-0.8163118362426758,-0.6048283576965332,-0.3432173430919647,-0.8915507197380066,0.508269124004882,-0.3641256530438472,-0.1775303680592251,78.0
1655119904.2153,0.1976688504219055,-0.3018755316734314,0.0580695569515228,0.4491665363311767,0.364614188671112,-0.8156628608703613,-0.5197144746780396,-0.2704772055149078,-0.8403066992759705,0.5033626020521551,-0.3732184400045937,-0.1826956747724742,78.0
1655119904.22509,0.1902948319911956,-0.2850596904754638,0.0739891529083252,0.4442419707775116,0.3720710873603821,-0.8149921894073486,-0.429677277803421,-0.215811550617218,-0.7856221199035645,0.499063732733132,-0.3812393052208413,-0.1878725326355367,78.0
1655119904.2349548,0.1835984885692596,-0.2696731686592102,0.0710708498954773,0.4398299157619476,0.3785141706466675,-0.8144180178642273,-0.3491592705249786,-0.1797200143337249,-0.7249346375465393,0.4951752565312504,-0.3881904869925801,-0.1930255907942727,78.0
1655119904.2448502,0.1673111915588379,-0.2482681274414062,0.0615347325801849,0.4358687996864319,0.3841440081596374,-0.8139114379882812,-0.2979376316070556,-0.1459415555000305,-0.6723718643188477,0.4916610120696074,-0.3942805134547154,-0.1980188005542345,78.0
1655119904.2548208,0.1562468111515045,-0.2253099679946899,0.0405043959617614,0.4322236776351928,0.3892441689968109,-0.8134320378303528,-0.2767506539821625,-0.1358067840337753,-0.6210970282554626,0.4884182287618516,-0.3998109205053601,-0.2027388683728659,78.0
1655119904.265255,0.1514641940593719,-0.2068445086479187,0.015363335609436,0.4288886189460754,0.3940147459506988,-0.8129003047943115,-0.2794393897056579,-0.1226153448224067,-0.5651024580001831,0.4854853645815934,-0.4049956391557545,-0.207022170576762,78.0
1655119904.274895,0.153864711523056,-0.1809160113334655,0.0017842054367065,0.4257709383964538,0.3987132906913757,-0.8122479915618896,-0.3103829622268677,-0.1191081181168556,-0.5179969072341919,0.482810512440362,-0.4101133462005149,-0.2107203093685581,78.0
1655119904.284902,0.1542630493640899,-0.1558823585510254,0.0011707842350006,0.4228701293468475,0.4034007489681244,-0.8114485144615173,-0.3278365433216095,-0.1142875328660011,-0.4723678827285766,0.480408330520679,-0.4152303742346865,-0.2138888116216601,78.0
1655119904.294644,0.1533369421958923,-0.1382639408111572,0.0021790862083435,0.4201646745204925,0.4079008996486664,-0.8106037974357605,-0.3090917468070984,-0.1030819118022918,-0.4354782104492187,0.4782081316758036,-0.4201538256759994,-0.2166907495830214,78.0
1655119904.3046842,0.1505829393863678,-0.1291458010673523,0.0166622996330261,0.4176849126815796,0.4118960797786712,-0.8098647594451904,-0.2566106915473938,-0.0989585369825363,-0.3862835168838501,0.47616528723815,-0.4245338851909996,-0.2192358374855323,78.0
1655119904.314561,0.1379137337207794,-0.1220914125442504,0.0297888815402984,0.4153547585010528,0.4152489900588989,-0.8093507885932922,-0.1970365047454834,-0.1088131889700889,-0.337256371974945,0.4741477694325891,-0.4282164742365189,-0.2215979189872008,78.0
1655119904.360734,0.1229225695133209,-0.1101341247558593,0.0391615033149719,0.4132103025913238,0.4177782237529754,-0.8091468214988708,-0.1173427477478981,-0.1107690185308456,-0.2832730412483215,0.4721503312051431,-0.4309985168927359,-0.223834727579345,78.0
1655119904.364983,0.0575787127017974,-0.1029860377311706,0.0485199689865112,0.4071582555770874,0.4220000505447387,-0.8100235462188721,-0.0075618550181388,-0.0211791079491376,-0.1666862368583679,0.4657652844314734,-0.4356503034027904,-0.2317471853218893,78.0
1655119904.374407,0.0490970313549041,-0.0937251448631286,0.0441700220108032,0.4065151810646057,0.4228557348251343,-0.8099002838134766,-0.0515363030135631,0.0222112946212291,-0.1494412124156952,0.465192321209505,-0.436594362044275,-0.2331217618112045,78.0
1655119904.3843632,0.0419793128967285,-0.0795201659202575,0.043599396944046,0.4062476754188537,0.4239604473114013,-0.8094568848609924,-0.0788089334964752,0.0590481385588645,-0.1348351091146469,0.4651479707022447,-0.4378137751685806,-0.2341968861140156,78.0
1655119904.3942251,0.0374123752117157,-0.0677433013916015,0.0519083440303802,0.4062674939632416,0.4250814020633697,-0.8088588118553162,-0.0766593664884567,0.0747328773140907,-0.1142385974526405,0.4654639095221434,-0.4390518306680069,-0.2350294352746035,78.0
1655119904.404356,0.0332462191581726,-0.0502749681472778,0.0607907772064209,0.4065578877925873,0.4260561764240265,-0.8081997632980347,-0.0607318021357059,0.0997522100806236,-0.0922038704156875,0.4660777291778175,-0.4401290081448379,-0.2357034322974886,78.0
1655119904.414079,0.0255143940448761,-0.0415133237838745,0.0652469396591186,0.4070875942707062,0.4267880022525787,-0.8075467348098755,-0.0376263484358787,0.1201930940151214,-0.075271688401699,0.4669254613691283,-0.4409380881717438,-0.2362953272291511,78.0
1655119904.424046,0.0222286880016326,-0.030501365661621,0.0634463727474212,0.4078250527381897,0.4272762835025787,-0.8069161772727966,-0.0248216018080711,0.1255028992891311,-0.0491796284914016,0.4679677649425669,-0.4414780593640444,-0.2367609814062191,78.0
