1652967190.80085,0.0086291432380676,-0.0436578392982482,0.0166733562946319,-0.6301044225692749,0.326283186674118,-0.7046330571174622,0.2493045628070831,-0.0101981610059738,-0.0294173583388328,-0.72961838157159,-0.3323689025446171,0.032120643642237,110.0
1652967190.810859,0.041739284992218,-0.0591378808021545,0.0750276446342468,-0.6304692625999451,0.323272556066513,-0.7056936025619507,0.5530213117599487,-0.0725427567958831,-0.051523994654417,-0.7291587569320904,-0.3291856882266094,0.034601807915453,110.0
1652967190.820815,0.0230965614318847,-0.1665261387825012,0.0585581958293914,-0.6312203407287598,0.3187001347541809,-0.707100510597229,0.6133621335029602,-0.092441901564598,-0.0557044707238674,-0.7287608030573058,-0.3243578068633841,0.0384370372749844,110.0
1652967190.83096,-0.0158972144126892,-0.2445961236953735,-0.004827082157135,-0.6320063471794128,0.3146568536758423,-0.7082083821296692,0.3812900483608246,-0.0681948810815811,-0.0749484673142433,-0.7286012145021585,-0.3200951091799819,0.041523404158995,110.0
1652967190.840606,-0.040681779384613,-0.2772106528282165,-0.0505459606647491,-0.632520854473114,0.3126004338264465,-0.7086596488952637,0.0693097040057182,-0.0129259312525391,-0.0890585035085678,-0.7286890336229512,-0.3179294268650842,0.0424488457639062,110.0
1652967190.850707,-0.0348628759384155,-0.3050575256347656,-0.0668866038322448,-0.6327244639396667,0.3121869266033172,-0.7086600661277771,-0.1050019040703773,0.0365023389458656,-0.1094332858920097,-0.7288486516753053,-0.3174941531136414,0.0415079676749202,110.0
1652967190.860681,-0.0318613052368164,-0.3571966290473938,-0.0228464007377624,-0.6326590180397034,0.3120768070220947,-0.7087670564651489,-0.1160606890916824,0.0955664590001106,-0.1497679203748703,-0.7287222795156797,-0.3173782340350941,0.0398409252970699,110.0
1652967190.870595,-0.039710521697998,-0.4253489971160888,0.0765872001647949,-0.632179856300354,0.3130612671375274,-0.7087604403495789,-0.255906194448471,0.1549911797046661,-0.1668505072593689,-0.7283505090885939,-0.3184146339074936,0.036732028518672,110.0
1652967190.880566,-0.0960599184036254,-0.670763373374939,0.0422596931457519,-0.6312960982322693,0.3137889206409454,-0.709226131439209,-0.2539572119712829,0.268707126379013,-0.1729774475097656,-0.7273294216359828,-0.3191808898583707,0.0335455132869522,110.0
1652967190.890544,-0.1332825422286987,-0.7268713712692261,0.1453456580638885,-0.6295196413993835,0.3140812814235687,-0.7106743454933167,-0.1480816751718521,0.3950735926628113,-0.2040887773036956,-0.7249175999233511,-0.3194888006545357,0.0306422731754706,110.0
1652967190.900638,-0.1113335490226745,-0.7446054816246033,0.1931563913822174,-0.6269630789756775,0.3132523596286773,-0.7132954597473145,0.0227572526782751,0.5046052932739258,-0.2015978842973709,-0.7210722846369251,-0.318615833864324,0.028536075315635,110.0
1652967190.9103909,-0.1098302006721496,-0.7590265274047852,0.2388668954372406,-0.6236445903778076,0.3113040626049042,-0.7170475721359253,0.1937194168567657,0.6077651977539062,-0.184218093752861,-0.7158428316196083,-0.3165649589372107,0.0277600346546934,110.0
1652967190.9204168,-0.1812561154365539,-0.7833439111709595,0.3040562570095062,-0.6192810535430908,0.308385819196701,-0.7220728397369385,0.2899420261383056,0.7879540324211121,-0.1847778856754303,-0.7089147828055056,-0.313495670372931,0.0279376403988213,110.0
1652967190.9304051,-0.2615038156509399,-0.8119596838951111,0.3220404386520386,-0.6133742332458496,0.3051873743534088,-0.7284455299377441,0.2808190882205963,0.9947420954704284,-0.1502502709627151,-0.6998498332825391,-0.3101351943457511,0.0285877398447228,110.0
1652967190.9402618,-0.2842833995819092,-0.7695325613021851,0.3208850622177124,-0.6057466268539429,0.303046852350235,-0.7356858253479004,0.1201693639159202,1.1884738206863403,-0.0545355305075645,-0.6888334101738582,-0.307888229746718,0.0291282659883838,110.0
1652967190.950424,-0.2976218461990356,-0.6779268383979797,0.3198294341564178,-0.5962839126586914,0.3031412065029144,-0.7433377504348755,-0.1186181828379631,1.3788403272628784,0.0657844841480255,-0.6760632552422807,-0.3079872474414516,0.0291291268370956,110.0
1652967190.960287,-0.2949065566062927,-0.546908974647522,0.3376030027866363,-0.5848695039749146,0.3058296144008636,-0.751262903213501,-0.3156479597091675,1.5644268989562988,0.1879978626966476,-0.6615023850528132,-0.3108096869001882,0.0285236814997803,110.0
1652967190.970371,-0.2795268297195434,-0.513032853603363,0.3519065976142883,-0.5719899535179138,0.3098824024200439,-0.7594738006591797,-0.3681098520755768,1.6543914079666138,0.3498885035514831,-0.6455075698077296,-0.3150693409046365,0.0285789975440885,110.0
1652967190.98016,-0.3161109685897827,-0.4706135392189026,0.3864530920982361,-0.5576531291007996,0.3153596818447113,-0.7678354382514954,-0.4362065494060516,1.7644351720809937,0.4917817115783691,-0.6281377871906139,-0.3208356407613023,0.0296692830891383,110.0
1652967190.99018,-0.3710836768150329,-0.3986093997955322,0.3866620659828186,-0.5419260859489441,0.3220171630382538,-0.776286780834198,-0.5247915387153625,1.8738458156585691,0.6113361120223999,-0.609449891813304,-0.3278593649386997,0.0314748823997345,110.0
1652967191.000104,-0.3961622714996338,-0.2801916599273681,0.374790757894516,-0.524705708026886,0.3298906981945038,-0.7847650051116943,-0.56043940782547,1.9946037530899048,0.7331470251083374,-0.5893502896961046,-0.3361877752100424,0.034069269191894,110.0
1652967191.010015,-0.3695590496063232,-0.188210129737854,0.3420523107051849,-0.5061429142951965,0.3380929827690124,-0.793418288230896,-0.4898611009120941,2.0484299659729004,0.8529756665229797,-0.5678411646201698,-0.3448898274994307,0.0379937763396342,110.0
1652967191.0200129,-0.3321436941623688,-0.1228223443031311,0.3385743200778961,-0.4867192804813385,0.3457061052322387,-0.8022416234016418,-0.2826619744300842,2.06534743309021,0.948175609111786,-0.5453307670715944,-0.3529911884360488,0.0439423408911048,110.0
1652967191.030026,-0.3077252805233001,-0.1024340391159057,0.339324027299881,-0.466810941696167,0.3512430489063263,-0.811613142490387,0.0681248009204864,2.0373120307922363,0.9929720759391784,-0.5219577712721978,-0.3588984125418666,0.0522127243986535,110.0
1652967191.0400882,-0.2675442695617676,-0.1240042448043823,0.3349636495113373,-0.4469486176967621,0.35413858294487,-0.8214760422706604,0.3427358567714691,1.9588664770126345,1.054004192352295,-0.4982867054023874,-0.3619927991317985,0.0628123729253378,110.0
1652967191.049892,-0.2610554695129394,-0.1459001302719116,0.2723866105079651,-0.4272075593471527,0.3558177649974823,-0.8311964273452759,0.3558985292911529,1.921839952468872,1.1129097938537598,-0.4747587152623017,-0.3637889598406028,0.0748885589881203,110.0
1652967191.059855,-0.2931652665138244,-0.1235778331756591,0.198623925447464,-0.4070301055908203,0.3584287464618683,-0.8401520252227783,0.1300434917211532,1.965394377708435,1.1610171794891355,-0.4511481936056881,-0.3665842662915834,0.0869316220921649,110.0
1652967191.0697532,-0.2949760854244232,-0.0630260705947876,0.1336507201194763,-0.385947436094284,0.3635569810867309,-0.8478626012802124,-0.2387103140354156,2.0330677032470703,1.2025156021118164,-0.4271702111735221,-0.3720833214574685,0.0981569137702618,110.0
1652967191.079776,-0.2684981226921081,0.0197814106941223,0.0787117183208465,-0.3639634847640991,0.3707664906978607,-0.8544371128082275,-0.3491514027118683,2.1020255088806152,1.2129145860671997,-0.4026908856184724,-0.3798342132201015,0.1086499756182194,110.0
1652967191.089678,-0.1916543543338775,0.0936479568481445,0.1410040855407714,-0.3416251242160797,0.3774590790271759,-0.8607072234153748,-0.1611660420894622,2.05635404586792,1.206766128540039,-0.3778415851106848,-0.3870508669802842,0.1194950756531505,110.0
1652967191.099663,-0.1641629040241241,0.0956249237060546,0.2013328969478607,-0.3195865452289581,0.3818733394145965,-0.8672007918357849,0.1261963546276092,2.008378505706787,1.2368611097335815,-0.3530833149230906,-0.3918224137014726,0.1316202779486289,110.0
1652967191.109808,-0.2384310364723205,0.0877700448036193,0.2064655721187591,-0.2974729537963867,0.3822948634624481,-0.8748488426208496,0.6072508692741394,2.04082465171814,1.1801632642745972,-0.3277634534148773,-0.3922785361315458,0.1452856838005477,110.0
1652967191.119606,-0.2849220335483551,0.1452583074569702,0.2709148526191711,-0.2747704088687897,0.3793232440948486,-0.8835242986679077,0.814277708530426,2.123929262161255,1.167176365852356,-0.3015119230198085,-0.3890647663274498,0.1597233264610837,110.0
1652967191.129588,-0.2572812438011169,0.171791672706604,0.1566000580787658,-0.2516299486160278,0.3750009536743164,-0.8922200798988342,0.7991088628768921,2.1189217567443848,1.1630724668502808,-0.2748871433302194,-0.3843978087956209,0.1742426945274518,110.0
1652967191.139539,-0.2236483097076416,0.2480888962745666,0.0892018377780914,-0.2285459637641906,0.3714152872562408,-0.8998985886573792,0.6205084919929504,2.0767438411712646,1.181716799736023,-0.2487102909275086,-0.3805328994605674,0.1884056713190092,110.0
1652967191.149512,-0.2562437653541565,0.3257113099098205,0.080847144126892,-0.2055177688598632,0.3693177103996277,-0.9062929749488832,0.4053269326686859,2.079461574554444,1.168498992919922,-0.222996122074697,-0.3782747135304729,0.2019609279204677,110.0
1652967191.159414,-0.2804681658744812,0.380606472492218,0.0893252491950988,-0.1823462098836898,0.3690335750579834,-0.9113528728485109,0.168067380785942,2.083197593688965,1.1899299621582031,-0.1974753595003825,-0.377968994827304,0.2149274969818038,110.0
1652967191.169424,-0.2601749897003174,0.4175314903259277,0.1031147539615631,-0.1590450406074524,0.3702587187290191,-0.915212094783783,0.0483263283967971,2.053741693496704,1.249041199684143,-0.1720611231621648,-0.3792875228963674,0.2279679637835913,110.0
1652967191.179513,-0.2220268249511718,0.4755264520645141,0.1473346352577209,-0.1358681172132492,0.3713726997375488,-0.9184890985488892,0.1262277215719223,1.9896466732025144,1.2809938192367554,-0.1468606469401343,-0.3804870262928071,0.2414620523233211,110.0
1652967191.1893392,-0.1586053669452667,0.5000523328781128,0.1647084057331085,-0.1132605150341987,0.3708904087543487,-0.921744167804718,0.3321015238761902,1.8670767545700075,1.387019395828247,-0.1222634219178534,-0.3799676326541241,0.2559302270517485,110.0
1652967191.199374,-0.1182104721665382,0.4942279458045959,0.1422878503799438,-0.0915216207504272,0.3685917258262634,-0.925075113773346,0.4816163182258606,1.703721284866333,1.505118489265442,-0.0986133563629951,-0.3774936322587977,0.2717902564780103,110.0
1652967191.2091851,-0.1462527513504028,0.5033617615699768,0.111360877752304,-0.0707120150327682,0.3653084933757782,-0.928196907043457,0.4871703386306762,1.5799474716186523,1.5963640213012695,-0.0760352538059552,-0.3739641736980557,0.2888303359538984,110.0
1652967191.219126,-0.2132879048585891,0.5604077577590942,0.0750246942043304,-0.0506128892302513,0.3623227477073669,-0.9306774735450744,0.3398081660270691,1.4993679523468018,1.6505502462387085,-0.0543293288115153,-0.3707587737755725,0.3064611525940258,110.0
1652967191.229512,-0.2596471309661865,0.616240918636322,0.0249676704406738,-0.0308192186057567,0.3612475991249084,-0.9319604635238647,0.0243266522884368,1.467739462852478,1.6920148134231567,-0.0330571870827808,-0.3696055023403596,0.3243934850992594,110.0
1652967191.239122,-0.2681201696395874,0.6408330202102661,-0.0248219370841979,-0.0110699394717812,0.3631093502044678,-0.9316807985305786,-0.3587831854820251,1.4551284313201904,1.7429124116897583,-0.0118811278709408,-0.3716028682845197,0.3426604067292795,110.0
1652967191.249206,-0.2198133319616317,0.65068519115448,-0.0582509040832519,0.0086316522210836,0.3679280877113342,-0.9298141598701476,-0.6346597671508789,1.3768141269683838,1.8334119319915767,0.0092829344029933,-0.376779829506528,0.3617953738391255,110.0
1652967191.259027,-0.1559265851974487,0.6747071146965027,-0.062069147825241,0.0277069564908742,0.3735926449298858,-0.9271789789199828,-0.6453455090522766,1.243574619293213,1.9117393493652344,0.0298741823516119,-0.3828791051444071,0.3820178260240081,110.0
1652967191.268971,-0.1222695857286453,0.6859169602394104,-0.0229414701461792,0.0457467325031757,0.3781203627586365,-0.9246254563331604,-0.4785373210906982,1.0878803730010986,1.9862077236175537,0.0494356477939944,-0.3877650802247792,0.4031709691265637,110.0
1652967191.278946,-0.1125604212284088,0.6598213315010071,-0.0426000952720642,0.0626488998532295,0.3805060386657715,-0.9226539134979248,-0.2701581716537475,0.9370797276496888,2.024887561798096,0.0677966944193368,-0.390343421109503,0.4249619801852919,110.0
1652967191.2889252,-0.1085686534643173,0.6251471042633057,-0.1026265025138855,0.0781731382012367,0.3804585933685303,-0.9214880466461182,-0.0321112535893917,0.7566763758659363,2.050316095352173,0.0846309508327993,-0.3902921331459471,0.4469577480132157,110.0
1652967191.29885,-0.1200365722179412,0.6070641279220581,-0.1568933725357055,0.0920977145433425,0.3783747851848602,-0.9210594892501832,0.0914062187075614,0.5863038897514343,2.0653531551361084,0.0996598059660947,-0.3880399304445153,0.4690167976858929,110.0
1652967191.308842,-0.1671780049800872,0.5632931590080261,-0.2399499118328094,0.1046169474720954,0.3747155666351318,-0.9212185144424438,0.2736721634864807,0.4815108478069305,2.0065174102783203,0.1130792067839116,-0.3840899721717332,0.490627757486967,110.0
1652967191.318933,-0.2076490819454193,0.4729788899421692,-0.2987565994262695,0.1162641793489456,0.3702746033668518,-0.9216178059577942,0.1962988823652267,0.4612757563591003,1.9530692100524905,0.1254893793494381,-0.3793046285891238,0.511412330700965,110.0
1652967191.32893,-0.2101949751377105,0.3935297727584839,-0.3781602382659912,0.1275533735752105,0.3670671582221985,-0.9214075207710266,-0.0127787021920084,0.474526584148407,1.850951075553894,0.1375589037861784,-0.3758541315309612,0.5315323077253283,110.0
1652967191.338712,-0.1682385951280594,0.3927158117294311,-0.457679271697998,0.1384991854429245,0.3657909035682678,-0.9203341603279114,-0.2261791974306106,0.475074827671051,1.709205985069275,0.1493671122772339,-0.374482474317266,0.5506248148016204,110.0
1652967191.348681,-0.0924487560987472,0.4333412647247314,-0.5343599915504456,0.1483416855335235,0.3655978739261627,-0.9188759326934814,-0.1938015520572662,0.373198002576828,1.5546156167984009,0.160057266877607,-0.3742750579608742,0.5682244440743559,110.0
1652967191.358624,-0.0149091780185699,0.3382261395454407,-0.6280309557914734,0.1565259993076324,0.3638861179351806,-0.9181974530220032,0.0904109328985214,0.2197733670473098,1.429655909538269,0.1688478530450299,-0.3724366581981495,0.5840618176198058,110.0
1652967191.368598,0.0188529789447784,0.1669033169746399,-0.6121839880943298,0.162650316953659,0.359315425157547,-0.9189327359199524,0.4267197251319885,0.0404661893844604,1.30367910861969,0.1751847633582162,-0.3675342155878354,0.5980021324635298,110.0
1652967191.378572,-0.0346453785896301,0.0134880542755126,-0.5924548506736755,0.1668017506599426,0.3512744903564453,-0.9212944507598876,0.8859222531318665,-0.0480814687907695,1.0748553276062012,0.1791112667317952,-0.3589319876087293,0.6092844869375977,110.0
1652967191.388698,-0.1168939024209976,-0.060994803905487,-0.5952472686767578,0.1696587800979614,0.3405323624610901,-0.9247992038726808,1.088084101676941,-0.0355243980884552,0.8356970548629761,0.1814372123291452,-0.3474830540013088,0.617382161917084,110.0
1652967191.398457,-0.1499470174312591,-0.082817256450653,-0.6566838026046753,0.1720722466707229,0.3294744491577148,-0.9283521771430968,0.9969650506973268,0.0459362678229808,0.5901854038238525,0.1832724289803848,-0.3357468803794326,0.622736268164099,110.0
1652967191.408452,-0.1348546147346496,-0.0712771415710449,-0.7117091417312622,0.1744359135627746,0.320962131023407,-0.93088960647583,0.6428852677345276,0.1113669425249099,0.390649676322937,0.1852380595323268,-0.3267451922300928,0.6261796233649722,110.0
1652967191.4184608,-0.0847788751125335,-0.045565128326416,-0.7568944692611694,0.1765604764223098,0.3161749541759491,-0.932126522064209,0.278970330953598,0.1206112504005432,0.2606171369552612,0.1871990684177175,-0.3216948715561333,0.6285858374875786,110.0
1652967191.428463,-0.0383482724428176,-0.094135046005249,-0.7464425563812256,0.1782713532447815,0.3142679631710052,-0.9324457049369812,0.0563795939087867,0.0941863059997558,0.1914383322000503,0.1889071869965478,-0.3196854419152666,0.6305842227735072,110.0
1652967191.4382849,-0.0372005701065063,-0.1806530356407165,-0.7042018175125122,0.1796108335256576,0.3140956163406372,-0.9322466850280762,-0.0620562396943569,0.091531291604042,0.1111092865467071,0.1903323410961626,-0.3195039130098445,0.6322045770130835,110.0
1652967191.448284,-0.0577768683433532,-0.2626661658287048,-0.6475553512573242,0.1806711703538894,0.3147459924221039,-0.9318223595619202,-0.0772948414087295,0.113592118024826,-0.0320603922009468,0.19151384770963,-0.3201890367802484,0.6328170975609828,110.0
1652967191.45846,-0.0918070673942565,-0.2896421551704407,-0.6118878126144409,0.1816050559282302,0.3152875304222107,-0.9314576387405396,0.0225732289254665,0.1721570640802383,-0.2187184989452362,0.1925530815718443,-0.3207596275555812,0.6316101993754552,110.0
1652967191.4681869,-0.10884490609169,-0.2493732571601867,-0.6016534566879272,0.1824838072061538,0.3150476813316345,-0.9313670992851256,0.1597763448953628,0.2409158796072006,-0.4457905292510986,0.1934801381412931,-0.3205068852051418,0.6280227846146428,110.0
1652967191.4781818,-0.0834029614925384,-0.1770234704017639,-0.5692464113235474,0.1829818040132522,0.3139668703079223,-0.9316343069076538,0.2980963289737701,0.2395393997430801,-0.6861575245857239,0.1939407597222742,-0.3193683140809693,0.6217121156044807,110.0
1652967191.488117,-0.0648576021194458,-0.1319143772125244,-0.5327761173248291,0.1826249063014984,0.3120730817317962,-0.9323403835296632,0.4022134244441986,0.209400400519371,-0.8755820393562317,0.1934289200237161,-0.3173743102328147,0.6129488156115565,110.0
1652967191.498054,-0.0690639317035675,-0.0938052535057067,-0.4857518374919891,0.1814601719379425,0.3102147877216339,-0.9331875443458556,0.3591867387294769,0.1740428954362869,-1.0400925874710083,0.1920552916781825,-0.315418972415394,0.6022868582648708,110.0
1652967191.508034,-0.0662963837385177,-0.1239731907844543,-0.4384967088699341,0.1792724579572677,0.3092853426933288,-0.933918595314026,0.2758484482765198,0.080789640545845,-1.1330933570861816,0.1896503309060028,-0.314441442765768,0.5904601287933668,110.0
1652967191.517977,-0.0715241432189941,-0.1163633465766906,-0.3674454689025879,0.1760468333959579,0.3079209923744201,-0.934982419013977,0.5305346250534058,0.0077010509558022,-1.2499406337738037,0.1861099728559918,-0.3130070907513642,0.5775604330795056,110.0
1652967191.528109,-0.0857533067464828,-0.1228659152984619,-0.2104606628417968,0.1713551133871078,0.3025475442409515,-0.9376046061515808,1.133695363998413,-0.1457316577434539,-1.3938794136047363,0.1807634782768516,-0.3073643319019375,0.5623234111184269,110.0
1652967191.537828,-0.1392375528812408,-0.2736421823501587,-0.0723193287849426,0.1652537882328033,0.2912372350692749,-0.9422696232795716,1.7753511667251587,-0.23174449801445,-1.459153652191162,0.1736128515434153,-0.2955198917382732,0.5449965119694902,110.0
1652967191.547875,-0.2418431937694549,-0.3694397807121277,-0.0193571746349334,0.1591252833604812,0.2747283279895782,-0.94826340675354,2.214849710464477,-0.1392792910337448,-1.5768640041351318,0.1662580309660976,-0.2783071335766999,0.5259584724582345,110.0
1652967191.5577688,-0.2770043015480041,-0.3328909873962402,-0.0331274271011352,0.1542626023292541,0.2559210658073425,-0.9543099403381348,2.23492431640625,0.0265368446707725,-1.6849398612976074,0.1602620247248254,-0.2588003764629911,0.505456752711393,110.0
1652967191.567802,-0.2276747226715088,-0.3334819078445434,-0.1311127841472625,0.1510756015777588,0.2389314472675323,-0.9592121243476868,1.817189335823059,0.1792752593755722,-1.6818026304244995,0.1562163973867666,-0.2412652754553727,0.4850167938121425,110.0
1652967191.577733,-0.1743970513343811,-0.3455169796943664,-0.2280732542276382,0.1497235745191574,0.2271425276994705,-0.9622833132743835,1.145316481590271,0.3500207662582397,-1.6416555643081665,0.1543543543552087,-0.2291425004165965,0.4658351882479474,110.0
1652967191.587716,-0.1550447642803192,-0.3341556191444397,-0.2151674926280975,0.150253489613533,0.2213778644800186,-0.9635433554649352,0.5996627807617188,0.5187091827392578,-1.610553503036499,0.1546926431610987,-0.2232271695702055,0.448094021893887,110.0
1652967191.597808,-0.1420160382986068,-0.2755165696144104,-0.1261668354272842,0.1524225026369094,0.2198253273963928,-0.9635580778121948,0.2595700621604919,0.6494945287704468,-1.5688384771347046,0.1568871623176048,-0.2216354108873929,0.4313950410824499,110.0
1652967191.607647,-0.1269212067127227,-0.1842703819274902,-0.037624642252922,0.1556687653064727,0.2203639447689056,-0.9629158973693848,0.0900124609470367,0.7314158082008362,-1.526065468788147,0.1602772319533728,-0.2221875756381177,0.4154561902711028,110.0
1652967191.6175709,-0.0955913215875625,-0.1284694075584411,0.0611906796693801,0.1593425124883651,0.2197389304637909,-0.9624576568603516,0.5797566175460815,0.716403067111969,-1.5295590162277222,0.164069719864634,-0.2215468526101786,0.3995071498529353,110.0
1652967191.62753,-0.101771593093872,-0.1482911705970764,0.2203758507966995,0.1627914756536483,0.2139961421489715,-0.9631742238998412,1.1216342449188232,0.6996555328369141,-1.5507817268371582,0.1674332523249012,-0.2156640489494808,0.3826023100804761,110.0
1652967191.6374269,-0.1262072622776031,-0.1052411794662475,0.2413214892148971,0.1663378626108169,0.2039300203323364,-0.96475088596344,1.4721111059188845,0.7120904326438904,-1.5834088325500488,0.170736729595852,-0.2053706402445688,0.3646113436470388,110.0
1652967191.647517,-0.1016893833875656,-0.0288520455360412,0.1630419790744781,0.1699571907520294,0.1928235441446304,-0.9664024114608764,1.3288079500198364,0.6993160247802734,-1.586134910583496,0.1740856755068194,-0.1940388791753962,0.3462304163588862,110.0
1652967191.657387,-0.0699321031570434,0.0704085826873779,0.0881558805704116,0.1737376153469085,0.1851595789194107,-0.9672285914421082,0.7898839116096497,0.7075802087783813,-1.588747262954712,0.177728862186189,-0.1862342466852749,0.328453604126113,110.0
1652967191.667488,-0.0529454946517944,0.1437908411026001,0.0459215193986892,0.1777318567037582,0.1834181249141693,-0.9668346047401428,0.1598074436187744,0.7194451093673706,-1.597168207168579,0.1817988881193254,-0.1844624404567683,0.3116909338142675,110.0
1652967191.67731,-0.0133276134729385,0.2035080194473266,0.0766872614622116,0.181555762887001,0.1870609521865844,-0.9654251337051392,-0.3128122091293335,0.6674502491950989,-1.552478551864624,0.1858867788544197,-0.1881694251712431,0.2961141876048455,110.0
1652967191.687326,0.0234174132347106,0.2622394561767578,0.1512799113988876,0.1846514344215393,0.1946521401405334,-0.9633350372314452,-0.6845666170120239,0.5744966268539429,-1.4651201963424685,0.1893822818056287,-0.195902795652631,0.2820231925645358,110.0
1652967191.697423,0.0171930193901062,0.3192552328109741,0.201827585697174,0.1869543194770813,0.2047429084777832,-0.960795760154724,-0.8403825759887695,0.5016295909881592,-1.3841205835342407,0.1921813244837345,-0.2062010468825488,0.2693282618018388,110.0
1652967191.7073488,-0.0035569220781326,0.3593227863311767,0.2750813364982605,0.1886765509843826,0.215000495314598,-0.9582149982452391,-0.7607263326644897,0.4418368637561798,-1.297265648841858,0.1944170573405201,-0.2166923393184124,0.2574743242609991,110.0
1652967191.717196,-0.0055300444364547,0.3866654634475708,0.358319491147995,0.1898562163114547,0.2237728387117386,-0.9559708833694458,-0.6044578552246094,0.381004273891449,-1.1987032890319824,0.1960494401524224,-0.2256837568605228,0.2462979050607637,110.0
1652967191.727375,-0.003347098827362,0.4447051882743835,0.3771716952323913,0.1906792372465133,0.2318676710128784,-0.9538756608963012,-0.6575453281402588,0.3480591177940368,-1.1009889841079712,0.1972988824091973,-0.2339972398007014,0.2360188496611702,110.0
1652967191.737255,0.0142631828784942,0.505711019039154,0.3473018407821655,0.1913337260484695,0.2411076426506042,-0.951450765132904,-0.8958838582038879,0.3083623051643371,-0.9862515926361084,0.1984499814389035,-0.2435069988613434,0.227058490488949,110.0
1652967191.746943,0.0332300662994384,0.541887104511261,0.3327428996562958,0.1918065398931503,0.2527826726436615,-0.948320209980011,-1.2082699537277222,0.2694742977619171,-0.8362115025520325,0.1995669806398822,-0.2555552454990298,0.2199831387607807,110.0
1652967191.756826,0.0540968626737594,0.5644716024398804,0.3224700689315796,0.1920884102582931,0.2670685648918152,-0.944339156150818,-1.5179814100265503,0.1956283003091812,-0.6573147177696228,0.2006726394743168,-0.2703498147847027,0.215207934261696,110.0
1652967191.7667952,0.0631382465362548,0.6070200204849243,0.3279620409011841,0.1919429302215576,0.2836407721042633,-0.9395242929458618,-1.7764058113098145,0.103966549038887,-0.489707350730896,0.2015248116922402,-0.2875887041566046,0.212842723047914,110.0
1652967191.776752,0.0459665209054946,0.6571755409240723,0.3207770884037018,0.1912160813808441,0.3018883764743805,-0.9339699149131776,-1.9511682987213133,0.002654573880136,-0.3747996985912323,0.2019440030228145,-0.3066728381374197,0.2123688162963574,110.0
1652967191.786737,0.0256521105766296,0.714109480381012,0.3066979050636291,0.1897256970405578,0.3205909729003906,-0.9280224442481996,-1.8935761451721191,-0.0999839156866073,-0.2941860556602478,0.2016619385849059,-0.3263533233524237,0.2130553540977883,110.0
1652967191.7966928,0.0085349678993225,0.7443528175354004,0.3162969052791595,0.1873268485069275,0.3367030322551727,-0.9227890968322754,-1.4503110647201538,-0.2207321673631668,-0.2806977033615112,0.2002791884294821,-0.343413287898847,0.2136528937943956,110.0
1652967191.806786,0.0202573090791702,0.7241306900978088,0.3639230728149414,0.1837526857852935,0.3473654389381408,-0.9195500016212464,-0.79164719581604,-0.3729273080825805,-0.2265705168247223,0.1972310557575944,-0.3547601381330592,0.2132931563398675,110.0
1652967191.8165932,0.0433582067489624,0.7065443992614746,0.3821760416030884,0.1788860261440277,0.3524736762046814,-0.9185652136802672,-0.2655069530010223,-0.5370187759399414,-0.185754656791687,0.192337648693185,-0.360213122821835,0.2122848778566125,110.0
1652967191.826993,0.0396453142166137,0.7004073262214661,0.3160670399665832,0.17266546189785,0.3540685474872589,-0.9191420674324036,-0.0866990014910698,-0.6788758039474487,-0.1512597948312759,0.1856909107276119,-0.3619178961358185,0.2107770377086228,110.0
1652967191.836735,0.0392362177371978,0.7232321500778198,0.2065357267856598,0.1655672192573547,0.3557964861392975,-0.9197806119918824,-0.2889952063560486,-0.775385856628418,-0.0798701494932174,0.1781000088592159,-0.3637661860398257,0.2098486892241816,110.0
1652967191.846612,0.0612619817256927,0.7447608709335327,0.0974072515964508,0.1577168852090835,0.3600512742996216,-0.919504463672638,-0.6239079236984253,-0.9111911058425904,-0.0004315134137868,0.1698707584294601,-0.3683228426636267,0.2102491983416462,110.0
1652967191.856543,0.0779759138822555,0.7299942970275879,0.0766172111034393,0.1487239003181457,0.3667269647121429,-0.9183640480041504,-0.8226736783981323,-1.0850259065628052,0.0786320269107818,0.1605505298617683,-0.37548843272222,0.2119717189576281,110.0
1652967191.86661,0.0495498925447464,0.6976525187492371,0.1141102015972137,0.1384383589029312,0.3743236362934112,-0.9169059991836548,-0.8719109892845154,-1.2382776737213137,0.1145439594984054,0.1498523844617854,-0.3836672862150766,0.2144251154172867,110.0
1652967191.87667,0.0087969154119491,0.6506840586662292,0.1310201287269592,0.1269910186529159,0.3822245597839355,-0.9153019785881042,-0.8831273913383484,-1.3673053979873655,0.1234863176941871,0.1378621146080401,-0.3922024589867946,0.2170571560671238,110.0
1652967191.8864288,-0.0021286159753799,0.5685151815414429,0.1163367331027984,0.1144943088293075,0.3901788294315338,-0.9135926365852356,-0.9020611047744752,-1.4785174131393433,0.1076013594865799,0.1246731620705536,-0.4008258134760839,0.2195544100360384,110.0
1652967191.89641,0.0084648728370666,0.5156121253967285,0.1012465953826904,0.1009558886289596,0.3985398411750793,-0.9115777015686036,-0.9742836952209472,-1.5816364288330078,0.0911275818943977,0.1102990486649253,-0.4099242359934997,0.2217972346411707,110.0
1652967191.906368,0.0180252790451049,0.511631190776825,0.0368375182151794,0.0865584313869476,0.4080477952957153,-0.908847987651825,-1.1478456258773804,-1.6595898866653442,0.0563333816826343,0.0949533202712783,-0.4203147142574415,0.2237676556087586,110.0
1652967191.916421,0.0210062935948371,0.5371249318122864,-0.0360395908355712,0.0714619308710098,0.419401466846466,-0.9049837589263916,-1.3716236352920532,-1.7296863794326782,0.0367060378193855,0.0788013621301542,-0.432785882204503,0.2254882810402305,110.0
1652967191.926321,0.0133596658706665,0.5652925372123718,-0.0622025728225708,0.0556100346148014,0.4325945079326629,-0.8998719453811646,-1.5690418481826782,-1.8078300952911377,-0.0010464005172252,0.0617192310632213,-0.4473684899265083,0.2267940831613204,110.0
1652967191.936239,-0.0237123817205429,0.5998504757881165,-0.0606863498687744,0.0389406308531761,0.4476951062679291,-0.8933379650115967,-1.8024024963378904,-1.900868535041809,-0.0594000630080699,0.043562453945602,-0.4641860261515526,0.2274929499129216,110.0
1652967191.946207,-0.0899774879217147,0.6327982544898987,-0.0639091432094574,0.0211297962814569,0.4647423028945923,-0.8851938247680664,-2.0469717979431152,-2.00127387046814,-0.1750193238258361,0.0238657155910385,-0.4833435583760775,0.2269284009919802,110.0
1652967191.956171,-0.1485111117362976,0.6237996816635132,-0.061925321817398,0.0021487751509994,0.4834188818931579,-0.8753865361213684,-2.184177875518799,-2.07195782661438,-0.2921709716320038,0.0024546539113835,-0.504556083635313,0.2245446441619912,110.0
1652967191.966165,-0.1478382796049118,0.5212002396583557,-0.0460547804832458,-0.0177196115255355,0.5038795471191406,-0.8635922074317932,-2.513270378112793,-2.153203010559082,-0.3391944169998169,-0.0205156161473712,-0.5280843220982094,0.2207282405771819,110.0
1652967191.9762611,-0.0850798636674881,0.368490993976593,-0.0535257458686828,-0.0386689566075801,0.5257853269577026,-0.8497378826141357,-2.687499046325684,-2.306734800338745,-0.4027295112609863,-0.0454755491764846,-0.553638105647024,0.21538848568698,110.0
1652967191.986073,-0.0311711579561233,0.2698932886123657,-0.0113267302513122,-0.0609767101705074,0.5488786697387695,-0.8336750268936157,-2.8367183208465576,-2.464491605758667,-0.4616615176200866,-0.0730120479580661,-0.5810222202044858,0.2083756550570871,110.0
1652967191.996064,-0.0282812491059303,0.2482391595840454,-0.0312795042991638,-0.0846338123083114,0.5718832015991211,-0.8159575462341309,-2.8430891036987305,-2.599729299545288,-0.5484671592712402,-0.1033537145302341,-0.6087996637093874,0.1992925184507212,110.0
1652967192.005959,-0.0626137778162956,0.2942336201667785,-0.0301709771156311,-0.1092460006475448,0.5933881998062134,-0.797468364238739,-2.619137048721313,-2.68017578125,-0.6160938143730164,-0.1361435849569723,-0.6352616959757792,0.1882173100297775,110.0
1652967192.01595,-0.1175657510757446,0.3410476446151733,0.0119835138320922,-0.1344179362058639,0.6116432547569275,-0.7796309590339661,-2.202150583267212,-2.69694185256958,-0.7239523530006409,-0.1707337284646136,-0.6581360516479425,0.1753556812684897,110.0
1652967192.025975,-0.1661292314529419,0.3151699304580688,0.0769912600517273,-0.1598901003599167,0.6251572966575623,-0.7639460563659668,-1.6047613620758057,-2.67496919631958,-0.8347601294517517,-0.2063168879927999,-0.6753330306602112,0.1611129543189342,110.0
1652967192.035882,-0.1923655420541763,0.1496532559394836,0.1336323618888855,-0.1854573637247085,0.633503258228302,-0.7511851787567139,-1.0308897495269775,-2.6586172580718994,-0.9020292162895204,-0.2420460313776792,-0.6860725931250152,0.1465075722220792,110.0
1652967192.046011,-0.1873838603496551,0.0046693682670593,0.1454247236251831,-0.2108858376741409,0.6380836963653564,-0.740524411201477,-0.7116920948028564,-2.6169803142547607,-0.9270975589752196,-0.2774347891308045,-0.6920068494452359,0.1322086761238208,110.0
1652967192.055794,-0.175452172756195,-0.0246049165725708,0.1097274422645568,-0.2358637899160385,0.6408982276916504,-0.7304914593696594,-0.6694493889808655,-2.5724456310272217,-0.9434901475906372,-0.3123165968928371,-0.6956678354057377,0.1181076881841778,110.0
1652967192.065709,-0.1776862144470214,0.0552480220794677,0.0890077948570251,-0.2603326439857483,0.6438261270523071,-0.719524085521698,-0.8124816417694092,-2.493544101715088,-0.9899841547012328,-0.3471590016895264,-0.6994881521276417,0.1031011077829495,110.0
1652967192.075696,-0.1928609311580658,0.1362791657447815,0.053241491317749,-0.2842662036418915,0.6486780643463135,-0.7059812545776367,-1.2684640884399414,-2.4515151977539062,-0.9878877997398376,-0.3827922561331994,-0.7058461906070584,0.0861492114451318,110.0
1652967192.085714,-0.234767198562622,0.0880300998687744,0.0003536343574523,-0.3078811764717102,0.6553166508674622,-0.6897603869438171,-1.5165780782699585,-2.443156480789185,-1.0338398218154907,-0.4198224503400189,-0.7146017356903548,0.0667750835587602,110.0
1652967192.095688,-0.2878527343273163,-0.0659724473953247,0.0745154023170471,-0.331303209066391,0.6619653701782227,-0.6723392605781555,-1.3874869346618652,-2.423004150390625,-1.0868096351623535,-0.4578404266962214,-0.7234378346289912,0.045805961692065,110.0
1652967192.105623,-0.3030636012554168,-0.2686938643455505,0.1962030529975891,-0.3548343777656555,0.6661016345024109,-0.6560496687889099,-1.001242995262146,-2.441691875457764,-1.1642647981643677,-0.4958028335989415,-0.7289698805756409,0.025112831560169,110.0
1652967192.115716,-0.3029366731643677,-0.372161328792572,0.2542588710784912,-0.3784904181957245,0.6669906377792358,-0.6417698860168457,-0.6474844217300415,-2.420093059539795,-1.2204018831253052,-0.5328563083100506,-0.7301623656780214,0.0059264348795662,110.0
1652967192.1255522,-0.3180704116821289,-0.2925181984901428,0.2179208993911743,-0.4017325043678283,0.665669858455658,-0.6288836598396301,-0.4578423202037811,-2.300004005432129,-1.2715729475021362,-0.5684632628070259,-0.7283911233020257,-0.0120995014959393,110.0
1652967192.135518,-0.3245380818843841,-0.0901810526847839,0.1475662589073181,-0.4240733981132507,0.6625839471817017,-0.6173688173294067,-0.2835076749324798,-2.1393496990203857,-1.325320601463318,-0.6018828321027447,-0.7242634444702031,-0.0292311077142869,110.0
1652967192.145455,-0.3158417642116546,0.0890669226646423,0.1163983941078186,-0.4456786513328552,0.6572527289390564,-0.6077740788459778,0.2105353474617004,-2.0631139278411865,-1.3906404972076416,-0.6327249277086153,-0.7171677737907739,-0.0444248555086457,110.0
1652967192.15562,-0.3656270205974579,-0.0491243004798889,0.1602559089660644,-0.4673655927181244,0.6473460793495178,-0.6020901203155518,0.9794233441352844,-2.100343704223633,-1.4088873863220217,-0.6600834223294831,-0.7040972968625421,-0.0546435074028583,110.0
1652967192.16537,-0.4903292953968048,-0.3399445414543152,0.2550486922264099,-0.4889645874500274,0.6326161026954651,-0.6005918383598328,1.687479019165039,-2.175400257110596,-1.349793791770935,-0.6833023986660824,-0.6849265349159119,-0.0576717725746313,110.0
1652967192.175318,-0.5903295874595642,-0.5841478109359741,0.2730366587638855,-0.5099359750747681,0.6154063940048218,-0.6010327339172363,1.8342124223709104,-2.1386735439300537,-1.2179577350616455,-0.7035835906456678,-0.6629014766735123,-0.0556513094240801,110.0
1652967192.1854382,-0.5780704021453857,-0.7203657031059265,0.1600766777992248,-0.529321014881134,0.6002383232116699,-0.5996109843254089,1.175381779670715,-2.0303969383239746,-1.0469567775726318,-0.723216073828871,-0.643799075419848,-0.0536666258558413,110.0
1652967192.195255,-0.4868974685668945,-0.7141578197479248,-0.0018955469131469,-0.54633629322052,0.591785192489624,-0.5927116274833679,-0.0439690463244915,-1.8220100402832031,-0.8300010561943054,-0.7447065167733431,-0.6332716343653373,-0.0574878255044346,110.0
1652967192.2052212,-0.4353945255279541,-0.5548372268676758,-0.1709096431732177,-0.5604551434516907,0.5914266705513,-0.5797452330589294,-1.1393312215805054,-1.4896270036697388,-0.6674768924713135,-0.7684816138067322,-0.6328269836506141,-0.069628898986891,110.0
1652967192.2151852,-0.3786166310310364,-0.3931465744972229,-0.1617182493209839,-0.5718229413032532,0.5958920121192932,-0.5638540983200073,-1.5976730585098269,-1.2277532815933228,-0.5894610285758972,-0.792414853396468,-0.6383759209668256,-0.0873685937041828,110.0
1652967192.225325,-0.3308826088905334,-0.4551283121109009,0.0057465434074401,-0.5814710259437561,0.6008208990097046,-0.5485489368438721,-1.2437831163406372,-1.062246322631836,-0.5283039212226868,-0.8145239702712137,-0.6445276571351091,-0.1052898358027609,110.0
1652967192.235088,-0.3531734943389892,-0.595852255821228,0.1726473569869995,-0.5900334119796753,0.602026104927063,-0.5379825234413147,-0.3101055920124054,-0.917946457862854,-0.5457502603530884,-0.8315091918952753,-0.6460361871036394,-0.1170891514864254,110.0
1652967192.245052,-0.3515103459358215,-0.6556177735328674,0.3076416850090027,-0.5979984402656555,0.5980895757675171,-0.5335606336593628,0.5285893678665161,-0.8308850526809692,-0.5764322876930237,-0.8422827562950477,-0.6411152397632598,-0.1206395094053691,110.0
1652967192.255149,-0.2749594449996948,-0.6638320088386536,0.2345600724220276,-0.6057474613189697,0.5907268524169922,-0.5330215692520142,0.8416144251823425,-0.7886955142021179,-0.5633720755577087,-0.8491751769752187,-0.6319593585958587,-0.1186011178639507,110.0
1652967192.264962,-0.2020721435546875,-0.6339420676231384,0.0873315334320068,-0.612838864326477,0.5836890339851379,-0.5326685309410095,0.5396793484687805,-0.7174493074417114,-0.4849398732185364,-0.8552709535243272,-0.6232645921678415,-0.1161328904203154,110.0
1652967192.274921,-0.1681611537933349,-0.5938353538513184,0.0344709157943725,-0.6191924810409546,0.5792528986930847,-0.5301575064659119,-0.0057921661064028,-0.6523025035858154,-0.4355924129486084,-0.8627092693101065,-0.6178118667777208,-0.1171560021664223,110.0
1652967192.284893,-0.1792541742324829,-0.5607499480247498,0.0644928216934204,-0.6248688101768494,0.5783753395080566,-0.5244244933128357,-0.6171277165412903,-0.5823857188224792,-0.4047977328300476,-0.8725732429527261,-0.6167357110106875,-0.1235523291084572,110.0
1652967192.294834,-0.2182743549346923,-0.5404033660888672,0.0790517926216125,-0.6300686597824097,0.580341637134552,-0.515962541103363,-1.121410608291626,-0.506091833114624,-0.4097970724105835,-0.8846374516727986,-0.6191481144703459,-0.1349928361167125,110.0
1652967192.304811,-0.2308435440063476,-0.4974943399429321,0.1372554898262024,-0.6348028779029846,0.5840886235237122,-0.5058320164680481,-1.3341816663742063,-0.4112585484981537,-0.4125414490699768,-0.8979893641842568,-0.6237567785363624,-0.1500258161891944,110.0
1652967192.31476,-0.2072088122367859,-0.4459976553916931,0.1794124841690063,-0.6390284895896912,0.5880131125450134,-0.4958662390708923,-1.2527624368667605,-0.3273653090000152,-0.4138355851173401,-0.9108812332251592,-0.6286001863967944,-0.1658227764275154,110.0
1652967192.324882,-0.1498700976371765,-0.3836974501609802,0.2276527285575866,-0.6430224776268005,0.5904321074485779,-0.4877624213695526,-0.8461968302726746,-0.270184576511383,-0.4507949352264404,-0.921847880391696,-0.6315941167545557,-0.1794182543006568,110.0
1652967192.3346748,-0.1099040508270263,-0.3697373270988464,0.262958288192749,-0.6469929814338684,0.5902217030525208,-0.482740581035614,-0.3024855554103851,-0.2392109334468841,-0.473280519247055,-0.9297769201622356,-0.6313334888016263,-0.1885681890515618,110.0
1652967192.344646,-0.1488617658615112,-0.3662648200988769,0.2605082392692566,-0.6507141590118408,0.587575376033783,-0.4809641242027282,0.0825590640306472,-0.1348440498113632,-0.4734424352645874,-0.9342866396540738,-0.6280591291759369,-0.1929549712109687,110.0
1652967192.354546,-0.1920062899589538,-0.3305296301841736,0.2099406123161316,-0.6538800001144409,0.5836232304573059,-0.4814819693565368,0.2034522593021392,-0.0105062890797853,-0.4888021647930145,-0.9360911444198704,-0.6231835617104353,-0.1948303607125708,110.0
1652967192.364578,-0.1594377756118774,-0.2911554872989654,0.1471486687660217,-0.6563734412193298,0.579963207244873,-0.4825107753276825,0.025565356016159,0.0840300694108009,-0.4303463101387024,-0.9368890575632914,-0.6186835130585912,-0.19689349625434,110.0
1652967192.374511,-0.099195122718811,-0.2401966452598571,0.1057243943214416,-0.6580070853233337,0.5780372619628906,-0.4825967848300934,-0.2644834518432617,0.1636847257614135,-0.3480195701122284,-0.9379899226514276,-0.6163213762706143,-0.2009580463121185,110.0
1652967192.384492,-0.0684497356414794,-0.2036554813385009,0.1286699771881103,-0.6589825749397278,0.5776288509368896,-0.4817538857460022,-0.4301539063453674,0.1904593557119369,-0.2859585881233215,-0.9395293071255184,-0.6158209678166353,-0.2067710198738584,110.0
1652967192.394582,-0.0477445125579834,-0.2093184888362884,0.1809068918228149,-0.6594545841217041,0.5780957937240601,-0.4805464744567871,-0.4090738296508789,0.1830888092517852,-0.1946368962526321,-0.9410652786745772,-0.6163931164301798,-0.2127431968248511,110.0
1652967192.404407,-0.0260483622550964,-0.2351400554180145,0.1983441114425659,-0.6595290303230286,0.5788623690605164,-0.4795204401016235,-0.2943557798862457,0.1321041882038116,-0.0891384407877922,-0.9421359735025449,-0.6173328546807134,-0.2173040604124277,110.0
1652967192.414372,-0.0255752205848693,-0.2272378504276275,0.2010219097137451,-0.6591934561729431,0.5800907611846924,-0.4784962832927704,-0.3684605658054352,0.0898889154195785,0.0316874645650386,-0.9429106603710492,-0.6188401463059467,-0.2204810493355925,110.0
1652967192.4244962,-0.0456093549728393,-0.1769215166568756,0.1377916932106018,-0.6584006547927856,0.5823621153831482,-0.4768259227275848,-0.4244535267353058,0.087392471730709,0.092812068760395,-0.9440005856018095,-0.6216313596139351,-0.2238427245625826,110.0
1652967192.4342752,-0.0646483302116394,-0.1154911518096923,0.0993230938911438,-0.6571535468101501,0.5855830311775208,-0.474596619606018,-0.5759797692298889,0.1384639143943786,0.1575316339731216,-0.9453255566714368,-0.6255991017968546,-0.2279631928617555,110.0
1652967192.444244,-0.0770176649093627,-0.053806185722351,0.0669763684272766,-0.6552974581718445,0.5896399021148682,-0.4721336364746094,-0.6474714875221252,0.2135235071182251,0.1946835368871688,-0.9464522760026992,-0.6306129530486148,-0.2328586627532109,110.0
1652967192.4541202,-0.0769165754318237,0.0034679770469665,0.045359194278717,-0.652941882610321,0.593877375125885,-0.4700816571712494,-0.6026475429534912,0.3005928993225097,0.1972933262586593,-0.9468101116101186,-0.6358695849509447,-0.2377801243239032,110.0
1652967192.464251,-0.0565559267997741,0.0419046580791473,0.0459542274475097,-0.6501396894454956,0.5976157188415527,-0.4692269563674927,-0.4247939586639404,0.3811676502227783,0.2002220004796981,-0.945633187308086,-0.6405241043707686,-0.2415557372465649,110.0
1652967192.474119,-0.0206226110458374,0.0522888302803039,0.0426651239395141,-0.6471631526947021,0.6002945303916931,-0.4699217975139618,-0.2023570239543914,0.4094489812850952,0.1754401475191116,-0.9427506721527588,-0.6438693349639446,-0.243382596341999,110.0
