1652964945.683847,0.0029972791671752,-0.0579183101654052,0.0240591168403625,-0.923117458820343,0.282520443201065,-0.2608378827571869,0.010113445110619,-0.0527655743062496,-0.0368667729198932,-1.2954135045173387,-0.2864205661294189,-0.1772635033266924,90.0
1652964945.6938272,0.0069959163665771,-0.0914269685745239,0.0375940203666687,-0.9233929514884948,0.2819860279560089,-0.2604407966136932,0.0180962700396776,-0.0451531931757926,-0.0409083887934684,-1.2958898633086011,-0.2858635082319453,-0.177246736228268,90.0
1652964945.7036629,0.0249813795089721,-0.115795612335205,0.0396383702754974,-0.9236629009246826,0.2814675569534302,-0.2600437104701996,0.0141535941511392,-0.0576152987778186,-0.0430839620530605,-1.296364522115746,-0.2853231642134791,-0.1771806245157074,90.0
1652964945.713719,0.0391180515289306,-0.1212552189826965,0.046546459197998,-0.923883616924286,0.2811207175254822,-0.2596347630023956,-0.0149297229945659,-0.0325413681566715,-0.038633819669485,-1.296837040898513,-0.2849617365047804,-0.1772823665435056,90.0
1652964945.723805,0.0325783491134643,-0.143412560224533,0.059825986623764,-0.9239968061447144,0.2809332907199859,-0.2594348192214966,-0.0777788609266281,0.0120642893016338,-0.0284888483583927,-1.2970694880459523,-0.2847664338201863,-0.177787632761803,90.0
1652964945.733694,0.0273705124855041,-0.171769767999649,0.0866407454013824,-0.923976719379425,0.2810044884681701,-0.2594284415245056,-0.1349667906761169,0.0397827364504337,-0.0192383602261543,-1.297070230406601,-0.2848405971998619,-0.1789190639138857,90.0
1652964945.7436218,0.0305161476135253,-0.1784347295761108,0.1054716110229492,-0.923811376094818,0.2814607620239258,-0.2595231533050537,-0.2067775279283523,0.0711956769227981,0.0219217836856842,-1.296928640133505,-0.2853160790233472,-0.1805871941067731,90.0
1652964945.753608,0.0273755192756652,-0.1843772232532501,0.1362659037113189,-0.9234172701835632,0.2826030254364013,-0.2596841156482696,-0.2930247783660888,0.1128704249858856,0.0828205496072769,-1.2966559630201486,-0.2865066856992936,-0.1829641252163196,90.0
1652964945.763479,0.0171061754226684,-0.1984823942184448,0.1717671751976013,-0.922700047492981,0.2846079468727112,-0.2600443065166473,-0.3458060026168823,0.155090793967247,0.1700880527496338,-1.2960917021577607,-0.2885974317378194,-0.1857654428143911,90.0
1652964945.773539,0.0002357959747314,-0.196715235710144,0.2277783751487732,-0.921561360359192,0.2875719368457794,-0.2608197033405304,-0.3402751386165619,0.2038529962301254,0.2709417045116424,-1.29498998919135,-0.29169071063779,-0.1886128761307825,90.0
1652964945.7836251,-0.0095283389091491,-0.1979977786540985,0.2614578902721405,-0.9199912548065186,0.2915053367614746,-0.2619937658309936,-0.3180258870124817,0.2340843081474304,0.3969046175479889,-1.293362006372467,-0.2958001360413109,-0.1908991559412524,90.0
1652964945.793445,-0.0037472248077392,-0.1821830868721008,0.2650533318519592,-0.9179598689079284,0.2964853346347809,-0.2635262310504913,-0.2743239402770996,0.269602358341217,0.5221861004829407,-1.2912361789893358,-0.3010104040171838,-0.1925114356750612,90.0
1652964945.803473,-0.0042290091514587,-0.1629054248332977,0.2549114525318146,-0.9154485464096068,0.302522599697113,-0.2653936147689819,-0.2579579353332519,0.2952121496200561,0.6461496353149414,-1.2886260325273242,-0.3073381609591691,-0.1934469535381746,90.0
1652964945.813375,-0.008069634437561,-0.1445811688899994,0.2478885948657989,-0.9124779105186462,0.3095759749412536,-0.2674825489521026,-0.2504763305187225,0.3329049348831177,0.7560074329376221,-1.2856461640960664,-0.3147470831617747,-0.193950846605272,90.0
1652964945.8233151,-0.010550320148468,-0.1457808315753936,0.242071658372879,-0.909035861492157,0.3175291717052459,-0.2698687314987182,-0.2381968200206756,0.3583112061023712,0.8570812344551086,-1.2822102647172728,-0.3231226579517039,-0.1940244572717355,90.0
1652964945.833276,-0.0078528523445129,-0.1440300643444061,0.2349203526973724,-0.90518718957901,0.3262062966823578,-0.2724433541297912,-0.2221134603023529,0.376037448644638,0.9279226660728456,-1.2784405771716674,-0.332287563942326,-0.1936541598883038,90.0
1652964945.843246,-0.0068197846412658,-0.1312563717365265,0.2144021391868591,-0.9010322690010072,0.3353261947631836,-0.2751310467720032,-0.2291655242443084,0.3861459195613861,0.9687038064002992,-1.2744376593600697,-0.3419514453899381,-0.1929981624708669,90.0
1652964945.853354,-0.0034051537513732,-0.106966346502304,0.1943488121032714,-0.8965733051300049,0.3448662161827087,-0.2778908908367157,-0.2383092194795608,0.4015064835548401,1.0203372240066528,-1.2702383103191024,-0.3520962549399515,-0.1922471458454959,90.0
1652964945.863151,0.0022163987159729,-0.0735711455345153,0.1815259456634521,-0.8918342590332031,0.3547441363334656,-0.2806922793388366,-0.2189015597105026,0.4041869938373565,1.056074857711792,-1.265875749399664,-0.3626403963914483,-0.1912942949198414,90.0
1652964945.873108,0.0130419731140136,-0.0464195609092712,0.1744664311408996,-0.8868517279624939,0.364794373512268,-0.2835823893547058,-0.1790750473737716,0.4049699604511261,1.0867795944213867,-1.2613083584277958,-0.3734119638947984,-0.189875113958389,90.0
1652964945.8830562,0.0190223455429077,-0.0185973346233367,0.1610221564769745,-0.8816931247711182,0.3748664259910583,-0.286517471075058,-0.1273012161254882,0.3932236731052398,1.0992964506149292,-1.256598066074419,-0.3842526946910515,-0.1878613325502472,90.0
1652964945.892964,0.0194796323776245,-0.0002554059028625,0.1444484889507293,-0.8763826489448547,0.3848178088665008,-0.2896007001399994,-0.0706168860197067,0.3938585519790649,1.110124588012695,-1.2516429622405942,-0.3950104336600025,-0.1851501823281715,90.0
1652964945.902974,0.016097605228424,0.0171801447868347,0.1275166869163513,-0.870940625667572,0.394593209028244,-0.2928455173969269,0.0007921820506453,0.3784825503826141,1.1149985790252686,-1.2464316051625908,-0.4056251071484122,-0.1816793558751162,90.0
1652964945.9129028,0.0124252438545227,0.0351015329360961,0.1141277551651001,-0.8653914928436279,0.4041522741317749,-0.2962405681610107,0.0746347159147262,0.3702185153961181,1.1185510158538818,-1.2409799547045477,-0.4160518435047065,-0.1773951341704719,90.0
1652964945.923367,0.0092765092849731,0.0523322522640228,0.0972995162010192,-0.8597556948661804,0.4134274125099182,-0.2998299598693847,0.1501485854387283,0.3559517562389374,1.1186667680740356,-1.2352457458714936,-0.4262150411513355,-0.1722227029579529,80.0
1652964945.932945,0.0054517388343811,0.0689850747585296,0.0770469009876251,-0.8540844321250916,0.4223426878452301,-0.3035890161991119,0.2223154455423355,0.3416985273361206,1.108410120010376,-1.2292696798777574,-0.4360282683793065,-0.1662520810164368,80.0
1652964945.9428248,0.0003736019134521,0.0845503211021423,0.052871286869049,-0.8484264612197876,0.4308780431747436,-0.3074355721473694,0.2752686142921448,0.3168689608573913,1.0873042345046997,-1.2231533479973566,-0.4454655619910495,-0.1595734654847799,80.0
1652964945.95279,-0.006871223449707,0.100629985332489,0.0320413410663604,-0.8428143858909607,0.4390127062797546,-0.311338722705841,0.3229314684867859,0.3055585026741028,1.0687681436538696,-1.2169410163893268,-0.4544995422330115,-0.1523853929255188,80.0
1652964945.962755,-0.013127326965332,0.1078810393810272,0.0135832428932189,-0.8372295498847961,0.4467743635177612,-0.315339595079422,0.3711694478988647,0.2810574769973755,1.0452189445495603,-1.2105829102847914,-0.4631565911457095,-0.1446599467060961,80.0
1652964945.972958,-0.0181549787521362,0.1164608597755432,-0.0042314231395721,-0.8317442536354065,0.4541062414646148,-0.3193570971488952,0.4133445918560028,0.2576959431171417,1.0214492082595823,-1.204192952266498,-0.4713688083846373,-0.1364743192788098,80.0
1652964945.982689,-0.0225614309310913,0.1212425529956817,-0.0257832109928131,-0.8263458609580994,0.4610858857631683,-0.323345273733139,0.4260735809803009,0.2387605607509613,0.9985957145690918,-1.1978164183274962,-0.4792185318677177,-0.127972724819068,80.0
1652964945.9927769,-0.0294315814971923,0.1160317957401275,-0.0510827898979187,-0.8210626840591431,0.4678002595901489,-0.3271372020244598,0.4006723463535309,0.2225938290357589,0.966319739818573,-1.191642875883387,-0.4868002762611352,-0.1195738562046606,80.0
1652964946.0025768,-0.0321989059448242,0.1221505999565124,-0.0765496790409088,-0.815915048122406,0.474315732717514,-0.3306162655353546,0.339809775352478,0.1953878253698349,0.933280348777771,-1.1858073466754435,-0.4941866077854649,-0.1116426638871456,80.0
1652964946.01259,-0.0339732766151428,0.1287134289741516,-0.1007391214370727,-0.8109210729598999,0.4808050096035003,-0.3335169553756714,0.2273277044296264,0.1825284957885742,0.9044955968856812,-1.1806023822634346,-0.5015725710019427,-0.1046982887410797,80.0
1652964946.0225348,-0.0373989343643188,0.1360515356063842,-0.1186439394950866,-0.8060916066169739,0.4874793589115143,-0.3355297744274139,0.0460575334727764,0.1473709791898727,0.8763782382011414,-1.1763664797096944,-0.5092005474087178,-0.0993366597458875,80.0
1652964946.0324612,-0.034625768661499,0.1489370465278625,-0.1301916241645813,-0.8014337420463562,0.494556188583374,-0.3363303542137146,-0.1715592145919799,0.1151126399636268,0.8473181128501892,-1.1734566797688537,-0.5173241261100837,-0.0961099805043654,80.0
1652964946.042406,-0.0348371267318725,0.1627929508686065,-0.1292469501495361,-0.7969955801963806,0.5021868944168091,-0.3355682790279388,-0.4333533346652984,0.0717217102646827,0.8133321404457092,-1.1722832689338325,-0.5261258552620547,-0.0956467993712522,80.0
1652964946.052549,-0.0395838618278503,0.1555087566375732,-0.1403494477272033,-0.7928440570831299,0.5102224349975586,-0.3332737982273102,-0.6255477666854858,0.028278624638915,0.7713894844055176,-1.17286892806208,-0.5354434324180524,-0.0977897754016672,80.0
1652964946.062533,-0.0398002862930297,0.1445085406303405,-0.1540719866752624,-0.7889655232429504,0.518467128276825,-0.3297350406646728,-0.7758984565734863,-0.0094797257333993,0.736083447933197,-1.1749263341875935,-0.545057323056369,-0.101960927286029,80.0
1652964946.072278,-0.0449762940406799,0.1249351501464843,-0.1422322988510131,-0.7852543592453003,0.5267232656478882,-0.325481504201889,-0.8071655035018921,-0.0155136492103338,0.7080608606338501,-1.177859747194994,-0.5547411180663289,-0.1073050109274573,80.0
1652964946.082232,-0.0492931604385376,0.0739575028419494,-0.1184344291687011,-0.7816088795661926,0.5346789360046387,-0.3212567865848541,-0.7413089275360107,-0.0108770858496427,0.6890695691108704,-1.1808262904697806,-0.5641277625663658,-0.1126397180127544,80.0
1652964946.0938191,-0.0409349203109741,0.0329030156135559,-0.0891657471656799,-0.7779889702796936,0.5421534180641174,-0.3174947798252105,-0.6173952221870422,-0.0147328106686472,0.6757881045341492,-1.1833295352333106,-0.572997707754183,-0.117047203176777,80.0
1652964946.1028771,-0.0264413356781005,0.0242224335670471,-0.0767183899879455,-0.7744772434234619,0.5489778518676758,-0.3143378794193268,-0.4705366790294647,-0.0341112501919269,0.6480912566184998,-1.1852389854153096,-0.5811408679027747,-0.1200754223312777,80.0
1652964946.112575,-0.0237808227539062,0.0365742743015289,-0.0817897319793701,-0.7711867094039917,0.5550256967544556,-0.311797171831131,-0.3451084494590759,-0.0483959130942821,0.5884116888046265,-1.1865814529045662,-0.5883938910167572,-0.1217589007554244,80.0
1652964946.122205,-0.0320180058479309,0.0670005977153778,-0.104539155960083,-0.7682597637176514,0.5601971745491028,-0.3097680211067199,-0.2630320191383362,-0.0386974811553955,0.5219296216964722,-1.1875279927953406,-0.5946238105088945,-0.1226577568331172,80.0
1652964946.1321511,-0.0333983302116394,0.0750717520713806,-0.1181898713111877,-0.7656433582305908,0.5645704865455627,-0.3083024621009826,-0.1686841994524002,-0.0284309927374124,0.4510591626167297,-1.187989406928,-0.5999127515443957,-0.1229249949001011,80.0
1652964946.141916,-0.0220575332641601,0.0731366276741027,-0.1076469421386718,-0.7633581161499023,0.5681266188621521,-0.3074354529380798,-0.0506791323423385,-0.037790723145008,0.3889594972133636,-1.1879294373470124,-0.6042276280735074,-0.1222680628414928,80.0
1652964946.15185,-0.0131029486656188,0.0638966560363769,-0.1004005670547485,-0.7614484429359436,0.5708442330360413,-0.307137131690979,0.0823375061154365,-0.0675930976867675,0.3465595543384552,-1.1873975594813555,-0.6075337231958357,-0.1204081554017833,80.0
1652964946.161838,-0.0122368335723876,0.0524531602859497,-0.1008776426315307,-0.7598578333854675,0.5728777050971985,-0.3072903156280517,0.1933525204658508,-0.0878231078386306,0.2971205711364746,-1.1864983194308043,-0.610012490801141,-0.1174148422919455,80.0
1652964946.171946,-0.0209558010101318,0.0332963168621063,-0.1137354373931884,-0.7585852742195129,0.5742303729057312,-0.3079088628292084,0.2611195743083954,-0.0988323464989662,0.2569212019443512,-1.1852151365505912,-0.6116638001670359,-0.1135482942646315,80.0
1652964946.181851,-0.0260283350944519,0.0109026134014129,-0.1197754740715026,-0.7575410604476929,0.5752198100090027,-0.3086322247982025,0.2620902955532074,-0.1092428043484687,0.2225275486707687,-1.1839156384422491,-0.61287284617757,-0.1094741068454178,80.0
1652964946.191832,-0.0310937762260437,0.0155662596225738,-0.1247745752334594,-0.7567327618598938,0.5760074853897095,-0.3091454803943634,0.2279666811227798,-0.1304655373096466,0.1925962716341018,-1.1829610951779754,-0.6138360826242919,-0.1057277883938,80.0
1652964946.201927,-0.0305872559547424,0.0401321947574615,-0.1204017400741577,-0.7561559677124023,0.5767158269882202,-0.3092363476753235,0.1635245084762573,-0.14030122756958,0.1588517129421234,-1.182591113209336,-0.6147029021510971,-0.102735203766742,80.0
1652964946.211756,-0.0334373712539672,0.0534697175025939,-0.1233852505683898,-0.7558081746101379,0.5773341059684753,-0.3089324533939361,0.1249134689569473,-0.1565720736980438,0.1285193711519241,-1.182774380342799,-0.6154599472634501,-0.1004709344883935,80.0
1652964946.221663,-0.0371477007865905,0.0544350147247314,-0.1095198392868042,-0.7556073665618896,0.5778883099555969,-0.3083871304988861,0.1010388880968093,-0.1538619399070739,0.11093071103096,-1.18329978484685,-0.6161388413833947,-0.0986875997104259,80.0
1652964946.232006,-0.0425165891647338,0.0438804626464843,-0.083098828792572,-0.7554722428321838,0.5783227682113647,-0.307903379201889,0.1361768990755081,-0.1562763601541519,0.1027958169579505,-1.18378623195647,-0.6166712576476476,-0.096866175058045,80.0
1652964946.2417002,-0.0411764979362487,0.026117205619812,-0.061852216720581,-0.755378007888794,0.5785605311393738,-0.3076877295970917,0.2044706791639328,-0.1606957763433456,0.1011614054441452,-1.1839874722259074,-0.6169627347278634,-0.0944922630011116,80.0
1652964946.251575,-0.04071044921875,0.0147319734096527,-0.0520523190498352,-0.755294680595398,0.5785567164421082,-0.30789914727211,0.2887839674949646,-0.1623610407114029,0.1003086641430854,-1.1837088618759146,-0.6169581021666816,-0.0912218605489224,80.0
1652964946.261516,-0.0391830205917358,0.0080060958862304,-0.0547792911529541,-0.7552657723426819,0.5783082842826843,-0.3084364831447601,0.3311001658439636,-0.1663537174463272,0.0910912230610847,-1.1830855843448216,-0.616653487023266,-0.0872564075102744,80.0
1652964946.2716398,-0.0373759269714355,0.0048745572566986,-0.0595271587371826,-0.7552875280380249,0.5778986215591431,-0.3091501295566559,0.3550563752651214,-0.1699745506048202,0.0818913355469703,-1.1822861001683784,-0.6161514670993612,-0.0829789105232196,80.0
1652964946.281454,-0.0315086245536804,0.0057259500026702,-0.0686814785003662,-0.7554022669792175,0.5773330926895142,-0.3099252581596374,0.3633671104907989,-0.1768171638250351,0.0667530223727226,-1.181460748949024,-0.6154586581389161,-0.0785580559890097,80.0
1652964946.291419,-0.0305277109146118,0.0005934536457061,-0.0701718926429748,-0.7556201815605164,0.5766567587852478,-0.3106521666049957,0.3558977246284485,-0.1783341020345688,0.0545903593301773,-1.1807388589627026,-0.6146305730843092,-0.0742154334643008,80.0
1652964946.301364,-0.0325618386268615,-0.0052257776260375,-0.0693435668945312,-0.7558903098106384,0.5759353041648865,-0.3113331198692322,0.3383705615997314,-0.1649584174156189,0.0374811887741088,-1.180094070997006,-0.6137477685109116,-0.0700936003640851,80.0
1652964946.311429,-0.0371863842010498,-0.0102036297321319,-0.0702643990516662,-0.756209671497345,0.5751624703407288,-0.3119858205318451,0.3241953551769256,-0.1596592664718628,0.0324182547628879,-1.1795050017645894,-0.6128027190040946,-0.0662101061417642,80.0
1652964946.321641,-0.0355474352836608,-0.015555202960968,-0.0677716135978698,-0.7565210461616516,0.5743938088417053,-0.3126461505889892,0.3054320514202118,-0.1456506103277206,0.0261041671037673,-1.1789043504255718,-0.6118634502629744,-0.0625374638354979,80.0
1652964946.331235,-0.037394642829895,-0.0179256796836853,-0.0622597932815551,-0.7568099498748779,0.5736580491065979,-0.313296914100647,0.2821964919567108,-0.1266268491744995,0.0209573395550251,-1.1783048454858176,-0.6109648412344981,-0.0591259296960963,80.0
1652964946.3414788,-0.0379366278648376,-0.0102102756500244,-0.0672621130943298,-0.7570920586585999,0.5729382634162903,-0.3139322698116302,0.2524259388446808,-0.1104539036750793,0.0159317627549171,-1.1777202247919705,-0.6100864153519262,-0.056037658347143,80.0
1652964946.351116,-0.0374267101287841,-0.0098822712898254,-0.0760225653648376,-0.7573272585868835,0.5723298788070679,-0.3144739270210266,0.2028312385082245,-0.0893156006932258,0.0126313092187047,-1.1772199224744324,-0.6093443074283977,-0.0534027360465406,80.0
1652964946.361232,-0.0379127860069274,-0.0083381235599517,-0.0729367136955261,-0.7575430274009705,0.5718074440956116,-0.314904123544693,0.1555400192737579,-0.0646034330129623,2.903863787651062e-06,-1.1768364683890111,-0.6087073479219572,-0.051377816325279,80.0
1652964946.371087,-0.0365684628486633,-0.0116598904132843,-0.0726892352104187,-0.7577736377716064,0.5713312029838562,-0.3152139782905578,0.1222457066178321,-0.0584720373153686,-0.0119837177917361,-1.176595726586049,-0.6081269220925097,-0.0498594067532429,80.0
1652964946.3810248,-0.0324405431747436,-0.0165969729423522,-0.0747337341308593,-0.7580257058143616,0.5708579421043396,-0.3154649138450622,0.098478190600872,-0.0512203015387058,-0.0164327956736087,-1.1764314386479289,-0.6075504431786118,-0.0486308009259527,80.0
1652964946.391077,-0.0358867645263671,-0.0171096324920654,-0.0663299560546875,-0.7583025693893433,0.5704191327095032,-0.3155930638313293,0.0689762234687805,-0.0383455157279968,-0.0224968120455741,-1.1764169042184591,-0.6070160492880825,-0.0478104910438184,80.0
1652964946.400868,-0.0416386127471923,-0.0179946422576904,-0.0673980712890625,-0.7585474848747253,0.5700682401657104,-0.3156388700008392,0.0384433530271053,-0.0279395878314971,-0.0230761263519525,-1.1764799803023809,-0.6065889166748007,-0.0473131357922289,80.0
1652964946.41107,-0.0440884232521057,-0.0172150433063507,-0.067825973033905,-0.7587831616401672,0.5697789192199707,-0.3155944943428039,0.002337547019124,-0.018164187669754,-0.0270804539322853,-1.1766400306431966,-0.6062368337413983,-0.0471960823214085,80.0
1652964946.420892,-0.0478622913360595,-0.0191882848739624,-0.0671102404594421,-0.7598311305046082,0.5683156847953796,-0.3157117068767547,-0.007768016308546,-0.0065001272596418,-0.0261257495731115,-1.1769976195204663,-0.6044573417637222,-0.0474582103555398,80.0
1652964946.430872,-0.0531432032585144,-0.0229614675045013,-0.0639877915382385,-0.760913074016571,0.5667495131492615,-0.3159210681915283,-0.0214638542383909,0.0179309137165546,-0.0156395528465509,-1.1772668212961994,-0.6025552110173766,-0.0478382818563037,80.0
1652964946.440853,-0.0533784627914428,-0.0270590484142303,-0.0603237748146057,-0.7618221640586853,0.5653438568115234,-0.3162485361099243,-0.0300843082368373,0.0409729033708572,-0.0121654216200113,-1.1773227715127283,-0.6008500338319313,-0.0482776082277738,80.0
1652964946.4507551,-0.0496674180030822,-0.0284787118434906,-0.0642024874687194,-0.7625883221626282,0.5640192627906799,-0.3167666792869568,-0.0322750248014926,0.0607876218855381,-0.0131670366972684,-1.1770989755262482,-0.5992450694789879,-0.0487302215416916,80.0
1652964946.460719,-0.0407838225364685,-0.0221751928329467,-0.0793065428733825,-0.7632474899291992,0.5627049207687378,-0.3175161182880401,-0.0442362129688262,0.0792545601725578,-0.0214397646486759,-1.1765676446164883,-0.5976542651436692,-0.0491715605119047,80.0
1652964946.470697,-0.036820113658905,-0.0236500203609466,-0.0920729041099548,-0.7638236880302429,0.5614789724349976,-0.3182995319366455,-0.0637838095426559,0.1078936606645584,-0.0388701558113098,-1.175960980755158,-0.5961719968546227,-0.0498517541566459,80.0
1652964946.48123,-0.0358515381813049,-0.0272448360919952,-0.0989217758178711,-0.764456570148468,0.560179591178894,-0.3190687298774719,-0.0901242047548294,0.131111592054367,-0.0548954233527183,-1.1753977378097933,-0.5946025711227747,-0.050946507108138,80.0
1652964946.490623,-0.0346985459327697,-0.0312375426292419,-0.1012910604476928,-0.7651214003562927,0.5587800145149231,-0.3199283480644226,-0.0886717215180397,0.1600095480680465,-0.0788295194506645,-1.1747499189110784,-0.5929139700873077,-0.0522926835340716,80.0
1652964946.50055,-0.0323983430862426,-0.0485076606273651,-0.1050003170967102,-0.7658650279045105,0.5571181774139404,-0.3210450410842895,-0.0737564265727996,0.1851188838481903,-0.1134006530046463,-1.1738547651208688,-0.5909114818687004,-0.0536743305289561,80.0
1652964946.5105329,-0.0313353538513183,-0.0681626200675964,-0.1056593060493469,-0.7666992545127869,0.5551221370697021,-0.3225081861019134,-0.043378010392189,0.2185586094856262,-0.1476137638092041,-1.1726201899489268,-0.5885097877436823,-0.0549751419641297,80.0
1652964946.520471,-0.0255542397499084,-0.0946970283985138,-0.1018385887145996,-0.767353355884552,0.5531477332115173,-0.3243399560451507,-0.0025112703442573,0.2449562847614288,-0.1816795915365219,-1.1708978610109082,-0.5861379004253294,-0.0560203508946474,80.0
1652964946.530453,-0.0236227512359619,-0.1180813014507293,-0.1006269454956054,-0.7678811550140381,0.551051139831543,-0.3266515135765075,0.0754202753305435,0.2731817960739136,-0.2271296232938766,-1.1685925848125087,-0.5836233639622229,-0.0565651458327525,80.0
1652964946.5403938,-0.0223428010940551,-0.1310052275657653,-0.1122918725013732,-0.76848965883255,0.5484795570373535,-0.3295356631278991,0.1514528095722198,0.3090467453002929,-0.2708761394023895,-1.1657034290148318,-0.5805447885786159,-0.0564883960722996,80.0
1652964946.550588,-0.0184500813484191,-0.1383334398269653,-0.1245932579040527,-0.769116997718811,0.5454001426696777,-0.3331632614135742,0.2156419157981872,0.3663249611854553,-0.3114520609378814,-1.1620207236130489,-0.5768664139840117,-0.0558587076077268,80.0
1652964946.5603662,-0.012467622756958,-0.1591509580612182,-0.1232995390892028,-0.7697893977165222,0.5418633222579956,-0.3373548686504364,0.2294213622808456,0.3899412751197815,-0.3626981079578399,-1.157762359188972,-0.5726525522956097,-0.0549959594272292,80.0
1652964946.570337,-0.0064923167228698,-0.1754258275032043,-0.1291425824165344,-0.7705767750740051,0.5380017757415771,-0.3417098522186279,0.1980000585317611,0.4318130910396576,-0.4105468392372131,-1.153405334315467,-0.5680647992972043,-0.0544881586457733,80.0
1652964946.580244,0.0015708208084106,-0.2065921425819397,-0.1561711430549621,-0.7714223861694336,0.5340397953987122,-0.3459897041320801,0.1124462783336639,0.4585477709770202,-0.4762347936630249,-1.14918322665933,-0.5633716166178303,-0.0549401685157464,80.0
1652964946.590214,0.0092861652374267,-0.2312534749507904,-0.1831040978431701,-0.772515594959259,0.5298905968666077,-0.3499081432819366,0.0026942119002342,0.4769334495067596,-0.5506163835525513,-1.145494880661718,-0.5584715255509469,-0.0567632869626951,80.0
1652964946.600177,-0.0080949068069458,-0.2489091455936432,-0.1965354084968567,-0.7738264203071594,0.5255605578422546,-0.3535231649875641,-0.1049717292189598,0.5358118414878845,-0.6243388652801514,-1.142259933319954,-0.5533738609358922,-0.0601922854814621,80.0
1652964946.610122,-0.036974549293518,-0.2661713063716888,-0.1907714009284973,-0.7752506136894226,0.5208951830863953,-0.3572876453399658,-0.1433156579732895,0.6249723434448242,-0.7050091624259949,-1.1389420068223113,-0.5478993232215843,-0.0648233282004078,80.0
1652964946.620215,-0.0646378993988037,-0.300216794013977,-0.1715492606163025,-0.7767011523246765,0.5156349539756775,-0.3617401123046875,-0.1330602318048477,0.7133995294570923,-0.7854182720184326,-1.1349311164178104,-0.5417485533630992,-0.0699352368654614,80.0
1652964946.6300402,-0.0793077945709228,-0.3156505823135376,-0.15084969997406,-0.7781903147697449,0.5097058415412903,-0.3669056594371795,-0.1264742314815521,0.8018476366996765,-0.870955765247345,-1.1302191712687029,-0.5348428369438519,-0.0754262899285132,80.0
1652964946.640038,-0.0815469026565551,-0.3314628899097442,-0.1442764401435852,-0.7796744108200073,0.5031021237373352,-0.3728218674659729,-0.1476173400878906,0.8923289179801941,-0.9576976895332336,-1.1247595648520814,-0.5271845266612677,-0.0813608969329465,80.0
1652964946.6499062,-0.0676436424255371,-0.3479547202587127,-0.142230600118637,-0.7811874151229858,0.4960513114929199,-0.3790503740310669,-0.2251536697149276,0.9387856721878052,-1.0325807332992554,-1.1190397660713476,-0.519045203102791,-0.088180803221317,80.0
1652964946.659915,-0.0582950115203857,-0.3584944605827331,-0.1517996191978454,-0.782784640789032,0.4888356626033783,-0.3850817084312439,-0.3584965467453003,0.9790995717048644,-1.1042014360427856,-1.1136189004437764,-0.5107545836381338,-0.0965313777980689,80.0
1652964946.669908,-0.0785878896713256,-0.3802438974380493,-0.1621661782264709,-0.784372866153717,0.4816393554210663,-0.3908743560314178,-0.5203040838241577,1.0508522987365725,-1.176104187965393,-1.1084878402372431,-0.502524388117915,-0.106774949956901,80.0
1652964946.67987,-0.1160817742347717,-0.3951835930347442,-0.1470383405685424,-0.7858346104621887,0.4745529294013977,-0.3965644836425781,-0.6716241836547852,1.1335728168487549,-1.2392197847366333,-1.1034427050393496,-0.4944560614351544,-0.1189956700012596,80.0
1652964946.68992,-0.1512171626091003,-0.3988527953624725,-0.1227341592311859,-0.7870456576347351,0.4674758911132812,-0.4025236368179321,-0.7550402283668518,1.247820258140564,-1.2921833992004397,-1.0980416656849803,-0.4864333082959826,-0.1326442602037887,80.0
1652964946.699802,-0.1787055730819702,-0.4095367789268493,-0.093314915895462,-0.7878928780555725,0.4602735042572021,-0.4091125726699829,-0.7994728088378906,1.353661298751831,-1.3445026874542236,-1.091868391968133,-0.4783032513403488,-0.1472248741506137,80.0
1652964946.70976,-0.1851226687431335,-0.4045821726322174,-0.0646354556083679,-0.7883269190788269,0.4528647363185882,-0.4164780676364898,-0.8176624774932861,1.4593122005462646,-1.391562819480896,-1.0847609760477812,-0.4699758287784232,-0.1623642478842599,80.0
1652964946.719759,-0.1680675745010376,-0.4069972038269043,-0.0355711579322814,-0.7883684635162354,0.4451933205127716,-0.424591600894928,-0.8348773717880249,1.53765070438385,-1.4429385662078855,-1.0767708927555866,-0.4613901392748483,-0.1779079045788954,80.0
1652964946.729652,-0.1506567001342773,-0.4162108302116394,-0.0027663111686706,-0.7881250381469727,0.4372602701187134,-0.4332002401351928,-0.8262361884117126,1.5848759412765503,-1.4827144145965576,-1.068214742144198,-0.4525500091475771,-0.1937669645055959,80.0
1652964946.7395911,-0.1709673404693603,-0.4352610111236572,0.027311623096466,-0.7874982357025146,0.4291398227214813,-0.4423636496067047,-0.8181360960006714,1.6555355787277222,-1.5017427206039429,-1.0589897887509587,-0.4435402421703319,-0.2097109001535601,80.0
1652964946.749566,-0.2110732793807983,-0.4496468901634216,0.0594950318336486,-0.7862868905067444,0.4209736585617065,-0.4522544741630554,-0.796110987663269,1.7398179769515991,-1.501225829124451,-1.0488287066019415,-0.4345184587631326,-0.2256018537322158,80.0
1652964946.759654,-0.2324955463409423,-0.4636269807815552,0.0917263329029083,-0.7844111323356628,0.4128207266330719,-0.4629020392894745,-0.7629654407501221,1.818816900253296,-1.4982973337173462,-1.037668146169326,-0.4255488346322956,-0.241270412010478,80.0
1652964946.769496,-0.2507644891738891,-0.4864721000194549,0.1221337020397186,-0.7817823886871338,0.4046148955821991,-0.4744501709938049,-0.7074939012527466,1.907943844795227,-1.4852015972137451,-1.0253314334820145,-0.4165576730226589,-0.2565036582910499,80.0
1652964946.77943,-0.2665500044822693,-0.4998055696487427,0.1463752090930938,-0.7783260345458984,0.3964561820030212,-0.4868583381175995,-0.6824061274528503,1.9971890449523928,-1.4625049829483032,-1.0118232941266552,-0.4076534683625505,-0.2713039131818348,80.0
1652964946.789411,-0.2704335451126098,-0.4752439558506012,0.16842120885849,-0.7739540934562683,0.3886313438415527,-0.4999605417251587,-0.6828506588935852,2.0887773036956787,-1.4345884323120115,-0.9972507803680496,-0.3991456904422563,-0.2859772975385312,80.0
1652964946.799331,-0.2660212516784668,-0.4623554348945617,0.19168022274971,-0.7686771750450134,0.38114994764328,-0.5136730670928955,-0.6881772875785828,2.150205373764038,-1.4041134119033811,-0.9816942601451232,-0.3910398091038592,-0.3005059375748904,80.0
1652964946.809322,-0.2628939747810364,-0.4349015951156616,0.2183258831501007,-0.7625728845596313,0.3742949366569519,-0.5276228785514832,-0.7107449173927307,2.212564706802368,-1.3576958179473877,-0.9655284748247078,-0.3836363296669742,-0.3151567246246186,80.0
1652964946.8193989,-0.2750232219696045,-0.4406366944313049,0.2347095012664795,-0.755402684211731,0.3679973483085632,-0.5421666502952576,-0.680709958076477,2.306792736053467,-1.2835745811462402,-0.9482773001510528,-0.3768542985366284,-0.3293914179181266,80.0
1652964946.829373,-0.2944674491882324,-0.4689858555793762,0.2925496697425842,-0.7470821738243103,0.362418532371521,-0.557244062423706,-0.6622982025146484,2.3816030025482178,-1.1973278522491455,-0.9299282752004298,-0.3708615490637183,-0.3430788514718593,80.0
1652964946.839195,-0.3176201581954956,-0.4799214005470276,0.3421570956707001,-0.7376165390014648,0.3575498759746551,-0.5727825164794922,-0.6336302757263184,2.453169822692871,-1.1058753728866575,-0.9105301494803584,-0.3656430112775655,-0.356008434290617,80.0
1652964946.849221,-0.3358569741249084,-0.4589585661888122,0.3686102032661438,-0.7269480228424072,0.3534814417362213,-0.5887250900268555,-0.6128938794136047,2.5342283248901367,-1.0049128532409668,-0.890072896123751,-0.3612902002806588,-0.3682379665243111,80.0
1652964946.859122,-0.3408579230308532,-0.4374193549156189,0.3837949335575104,-0.7149891257286072,0.3501680195331573,-0.6051220893859863,-0.5823352932929993,2.611278533935547,-0.9039011597633362,-0.8684323803657602,-0.35775048519861,-0.3796132558188541,80.0
1652964946.8690991,-0.3592246174812317,-0.4150825142860412,0.4187848269939422,-0.7018714547157288,0.3476183116436004,-0.6217216849327087,-0.5452001690864563,2.649287700653076,-0.792961835861206,-0.8458789794361958,-0.3550298084737086,-0.3900378821768553,80.0
1652964946.879012,-0.398206353187561,-0.3650051951408386,0.4513128697872162,-0.6875784397125244,0.3458978235721588,-0.6384280920028687,-0.5125647783279419,2.7066376209259038,-0.6566061973571777,-0.8224476706887625,-0.3531954923247422,-0.3993581602992407,80.0
1652964946.888989,-0.4420230388641357,-0.3078482151031494,0.4680718779563904,-0.671914279460907,0.3452978432178497,-0.6552103161811829,-0.535426139831543,2.784560441970825,-0.5107198357582092,-0.797984096821016,-0.3525561312917682,-0.4076637083358104,80.0
1652964946.899084,-0.455344021320343,-0.277019739151001,0.4658268392086029,-0.6547938585281372,0.3462153971195221,-0.6718481779098511,-0.60221266746521,2.8396151065826416,-0.3433888256549835,-0.7725436123202665,-0.3535339896838531,-0.415113818738093,80.0
1652964946.90889,-0.4379151463508606,-0.2550256848335266,0.4760282337665558,-0.6362119317054749,0.3488008081912994,-0.6881659030914307,-0.6428037881851196,2.9040887355804443,-0.1741864681243896,-0.7461893249892319,-0.3562912607971826,-0.4216677983465273,80.0
1652964946.9188042,-0.4331720471382141,-0.2697963714599609,0.50416100025177,-0.6162967681884766,0.3528945744037628,-0.7040195465087891,-0.7023324966430664,2.9228880405426025,-0.0153499152511358,-0.719054942925257,-0.3606629149525687,-0.4272253588749803,80.0
1652964946.928776,-0.4445279836654663,-0.2291502952575683,0.5135992765426636,-0.5956330299377441,0.3587456345558166,-0.7186951637268066,-0.8257785439491272,2.958375930786133,0.1335191875696182,-0.6920391432123837,-0.366923745341344,-0.4322896525638267,80.0
1652964946.93872,-0.4451782703399658,-0.179564893245697,0.5130670070648193,-0.5732848048210144,0.3652441203594208,-0.7334448099136353,-0.7244431376457214,2.987401008605957,0.2528808414936065,-0.6634408939815338,-0.3738950155779082,-0.4355830236175627,80.0
1652964946.948699,-0.4593944549560547,-0.1594791412353515,0.5905042886734009,-0.550050675868988,0.3723405599594116,-0.7475337982177734,-0.638838529586792,2.9739692211151123,0.405340701341629,-0.6343642516687494,-0.3815296361154445,-0.4373224705132584,80.0
1652964946.958622,-0.5063704252243042,-0.1554523110389709,0.599107027053833,-0.5258560180664062,0.3795306384563446,-0.761204183101654,-0.6231948137283325,2.9963083267211914,0.5591489672660828,-0.6045391335271748,-0.3892889395066385,-0.4370000290636065,80.0
1652964946.968785,-0.5307570695877075,-0.0616524815559387,0.5886114835739136,-0.5005080699920654,0.3878136277198791,-0.774010419845581,-0.6716640591621399,2.989046096801758,0.7473287582397461,-0.5740113622406232,-0.3982584059811037,-0.4350137412208911,80.0
1652964946.978576,-0.5372553467750549,0.0303548574447631,0.547771692276001,-0.4737919569015503,0.3972355723381042,-0.7859548926353455,-0.7040517330169678,3.046360969543457,0.922167956829071,-0.542492903848731,-0.4085025897651323,-0.4313115407814687,80.0
1652964946.988577,-0.5084089040756226,0.0297838449478149,0.5315556526184082,-0.4457077980041504,0.4075159430503845,-0.7970415949821472,-0.7214764952659607,3.045515298843384,1.095992922782898,-0.5098811658951017,-0.4197322460431449,-0.4257420288522615,80.0
1652964946.998519,-0.4655467867851257,0.0053454041481018,0.5493670105934143,-0.4167163074016571,0.4181012213230133,-0.8071795701980591,-0.6615875959396362,2.9918875694274902,1.2677286863327026,-0.4765725998984891,-0.431354080800638,-0.4179181105478007,80.0
1652964947.00849,-0.4835565984249115,-0.0006177425384521,0.5669552683830261,-0.3871556222438812,0.4286348819732666,-0.8163225650787354,-0.6061488389968872,2.915476560592652,1.437316656112671,-0.442850861416878,-0.4429812888377758,-0.4076661609810855,80.0
1652964947.018435,-0.5526421070098877,0.0660677552223205,0.5295747518539429,-0.3568426370620727,0.4390073716640472,-0.8245822191238403,-0.5830999612808228,2.912428855895996,1.5760960578918457,-0.4084213913087453,-0.454493587604749,-0.3951646979971233,80.0
1652964947.028442,-0.5890555381774902,0.1549683809280395,0.4822848439216614,-0.3256324827671051,0.4496609270572662,-0.8317261934280396,-0.6514300107955933,2.8953616619110107,1.702367901802063,-0.3731695502180805,-0.4663856795829721,-0.3809007650423451,80.0
1652964947.038538,-0.5813150405883789,0.2209815382957458,0.4477428197860718,-0.2935323119163513,0.4606586396694183,-0.8376349806785583,-0.6741292476654053,2.904136896133423,1.8253166675567627,-0.3370577123761574,-0.4787371082042749,-0.3650249721829621,80.0
1652964947.048336,-0.5456596612930298,0.1914726495742797,0.432960033416748,-0.2606452107429504,0.4714893698692322,-0.8424736857414246,-0.67503422498703,2.856407403945923,1.9523375034332275,-0.3000406990615663,-0.4909788806479143,-0.347252414987203,80.0
1652964947.058301,-0.4978675842285156,0.1921848654747009,0.445380300283432,-0.2274131029844284,0.4818351864814758,-0.8462375998497009,-0.6007171869277954,2.7575035095214844,2.093256711959839,-0.2625318036747289,-0.5027478608530532,-0.32725290438779,80.0
1652964947.0685592,-0.5168750286102295,0.2186428904533386,0.4347033500671386,-0.1940165907144546,0.490879476070404,-0.8493496775627136,-0.4745284020900726,2.6852593421936035,2.217201471328736,-0.2245763557524002,-0.5130989276316,-0.3048927177877685,80.0
1652964947.078289,-0.5810200572013855,0.2609024047851562,0.4002373814582824,-0.1602671146392822,0.4986730813980102,-0.8518447875976562,-0.4393582344055176,2.6388750076293945,2.3247671127319336,-0.1859673137343916,-0.5220672701739136,-0.2804427172244155,80.0
1652964947.08818,-0.6246896982192993,0.3208321332931518,0.3371724486351013,-0.1260731816291809,0.5061502456665039,-0.8531807661056519,-0.5374107360839844,2.61779522895813,2.420562505722046,-0.1467067680198422,-0.5307151688933268,-0.2544171518602569,80.0
1652964947.098016,-0.6016817092895508,0.3698992133140564,0.2734735012054443,-0.0914487168192863,0.5137731432914734,-0.8530383110046387,-0.6185297966003418,2.5917797088623047,2.4838767051696777,-0.10679566232248,-0.5395770164750814,-0.2270826285536827,80.0
1652964947.1080918,-0.526488184928894,0.3682773113250732,0.2474803924560547,-0.0569163300096988,0.5213183164596558,-0.8514621257781982,-0.705195426940918,2.4691972732543945,2.558748483657837,-0.0667461097614362,-0.54839510046328,-0.1985164853450717,80.0
1652964947.118044,-0.4610223174095154,0.3923881649971008,0.2753592133522033,-0.0231695119291543,0.5278481245040894,-0.8490226864814758,-0.5682416558265686,2.301963329315185,2.6252546310424805,-0.0272828539249097,-0.5560649955255299,-0.1685694795220965,80.0
1652964947.128031,-0.4733238220214844,0.398669958114624,0.3046906590461731,0.0097465775907039,0.5316435098648071,-0.846912145614624,-0.277118444442749,2.173812866210937,2.698428153991699,0.0115078612914645,-0.5605398623272199,-0.1373567390314144,80.0
1652964947.138191,-0.5353071689605713,0.400684118270874,0.3420080542564392,0.0421431809663772,0.5319085121154785,-0.845752477645874,0.050235167145729,2.081169843673706,2.772324323654175,0.0497880348320733,-0.5608527700946916,-0.105169049372026,80.0
1652964947.147928,-0.5965842008590698,0.4245253801345825,0.3293524384498596,0.0742148905992508,0.5288170576095581,-0.8454848527908325,0.2789035141468048,2.020829439163208,2.840858221054077,0.0875535005127224,-0.5572062143812919,-0.0724263917746226,80.0
1652964947.157896,-0.6213250756263733,0.4682382941246032,0.259153664112091,0.1061884015798568,0.5234390497207642,-0.8454203605651855,0.3610776662826538,1.9986867904663088,2.899169683456421,0.1249499184652717,-0.5508821466349653,-0.0394157835303496,80.0
1652964947.167883,-0.6006119847297668,0.5041312575340271,0.1803147196769714,0.1379503011703491,0.517194926738739,-0.8446769118309021,0.2772291004657745,1.951903223991394,2.929462432861328,0.1618880197174321,-0.5435702550575403,-0.0063092288072225,80.0
1652964947.17786,-0.5580872297286987,0.5177436470985413,0.1285546422004699,0.1690796911716461,0.5110021829605103,-0.8427863717079163,0.1177753955125808,1.8832157850265503,2.92838716506958,0.1979915172716554,-0.5363502568224128,0.0267584531036698,80.0
1652964947.187768,-0.5093539357185364,0.525664210319519,0.1201310753822326,0.1993106305599212,0.5052198171615601,-0.839659571647644,0.0002482319250702,1.789369821548462,2.927014112472534,0.233057457176275,-0.5296366401157501,0.0597133500899893,80.0
1652964947.197721,-0.4858876764774322,0.5035335421562195,0.1368228197097778,0.2283346056938171,0.4991329312324524,-0.8359004855155945,-0.0394349992275238,1.6436959505081177,2.9461417198181152,0.2666548108961671,-0.5225978531873667,0.0925182770598903,80.0
1652964947.207858,-0.5112206935882568,0.5003998279571533,0.1573711931705474,0.2560021877288818,0.4924547970294952,-0.8318359851837158,-0.0706190168857574,1.4997905492782593,2.991947650909424,0.2985567483722262,-0.5149080135039407,0.1253914932792993,80.0
1652964947.217662,-0.566283106803894,0.5271927118301392,0.1393895149230957,0.2828205823898315,0.4850305914878845,-0.8275009393692017,-0.0921480804681778,1.4481321573257446,3.042891502380371,0.3293302864862563,-0.5063981439740699,0.1584422496440087,80.0
1652964947.227601,-0.5871982574462891,0.5601619482040405,0.093647688627243,0.3092136681079864,0.4770156741142273,-0.8227046132087708,-0.1627447456121444,1.4084311723709106,3.0779099464416504,0.3595158144586283,-0.4972560408075046,0.1916652872529598,80.0
1652964947.2375789,-0.5503664016723633,0.5854142308235168,0.0499447286128997,0.3350801765918731,0.4688692986965179,-0.8172410130500793,-0.2729452848434448,1.3563586473464966,3.106975793838501,0.3891091340448507,-0.4880102012968991,0.2250829200895704,80.0
1652964947.247525,-0.4818364083766937,0.6093053817749023,0.0382350385189056,0.3599492013454437,0.4607883095741272,-0.8112402558326721,-0.3641412556171417,1.2368346452713013,3.098997116088867,0.4176044870172474,-0.4788832261760245,0.2586151676391472,80.0
1652964947.257494,-0.4228423535823822,0.6359579563140869,0.0502229332923889,0.3833831548690796,0.4521726369857788,-0.8053305149078369,-0.3247019052505493,1.0896413326263428,3.082719564437866,0.4443103455978011,-0.4691997298229844,0.291719328198722,80.0
1652964947.267469,-0.4069023728370666,0.6036761403083801,0.0785155892372131,0.4051018357276916,0.4420531690120697,-0.8003008365631104,-0.1678821742534637,0.9112727046012878,3.0813262462615967,0.4685849075097003,-0.4578863330166046,0.323727197385982,80.0
1652964947.277563,-0.4544617235660553,0.5789685845375061,0.1088417172431945,0.4251648485660553,0.4300833940505981,-0.7964063286781311,-0.0234110280871391,0.775414228439331,3.090182065963745,0.49036274057788,-0.444585152252728,0.3545316165219588,80.0
1652964947.287369,-0.5190266966819763,0.5777468681335449,0.0923041701316833,0.4439992308616638,0.4163627624511719,-0.7934145927429199,0.0876768752932548,0.6881440281867981,3.1080727577209477,0.5101879966415774,-0.4294411385106931,0.3842080910860659,80.0
1652964947.2973151,-0.559800386428833,0.6016016006469727,0.0485032498836517,0.4618847370147705,0.4014478325843811,-0.7908868789672852,0.1179052889347076,0.6239311695098877,3.1334550380706787,0.528578115167513,-0.4130971086943921,0.4132084391488153,80.0
1652964947.30728,-0.5557050704956055,0.6377517580986023,0.0012406706809997,0.4788464605808258,0.3858289420604706,-0.7885696291923523,0.1173801124095916,0.5649346709251404,3.129307746887207,0.5457218231466536,-0.3961061617728888,0.4417335198539662,80.0
1652964947.31724,-0.4990714490413666,0.6560357213020325,-0.0177966058254241,0.4944327771663666,0.369816780090332,-0.7866204380989075,0.1410441696643829,0.4101463556289673,3.086249351501465,0.5611503303065114,-0.3788118146970891,0.4695033588404622,80.0
1652964947.3272018,-0.4122423529624939,0.6803436279296875,-0.021782100200653,0.5081133246421814,0.3523178994655609,-0.7859344482421875,0.4606762230396271,0.27048459649086,3.037867784500122,0.5739168535752975,-0.3600466639861622,0.4954569438804404,80.0
1652964947.337183,-0.3355340361595154,0.5698449015617371,0.0278403460979461,0.5199365019798279,0.3310768008232116,-0.7874351739883423,1.056286096572876,0.102896511554718,3.023242950439453,0.5835757809460324,-0.3374444938133822,0.5180584561216746,80.0
1652964947.347241,-0.3042531013488769,0.3826610445976257,0.1169973611831665,0.5295186042785645,0.3035042881965637,-0.7921459078788757,1.8881009817123413,-0.0891182050108909,3.08773136138916,0.5892437449235761,-0.3083682792383108,0.5361425581583799,80.0
1652964947.357102,-0.3631184101104736,0.2705448269844055,0.2651837468147278,0.5380451679229736,0.269606202840805,-0.798636257648468,2.4455020427703857,-0.0023137447424232,3.1835777759552,0.5928593981039327,-0.2729840656231203,0.5505873808934061,80.0
1652964947.3676472,-0.4902400970458984,0.2266650199890136,0.3750900626182556,0.5465449690818787,0.2309889793395996,-0.8049426078796387,2.810015916824341,0.1068990305066108,3.295085906982422,0.5964831480254904,-0.2330940354315744,0.5629782241111488,80.0
1652964947.376991,-0.5808071494102478,0.2902155518531799,0.3234281539916992,0.5550044775009155,0.1899537295103073,-0.8098688125610352,2.7678256034851074,0.2606869041919708,3.3899474143981934,0.6007930865518093,-0.1911150120871338,0.574914529144469,80.0
1652964947.38694,-0.6000675559043884,0.4145616292953491,0.1920317262411117,0.5634769201278687,0.1503906995058059,-0.8123277425765991,2.251063346862793,0.3979555368423462,3.473683357238769,0.6064563324295252,-0.1509634490169158,0.5889401743556593,80.0
1652964947.3969111,-0.558382511138916,0.4971091747283935,0.0554853677749633,0.571810245513916,0.1154740452766418,-0.812218427658081,1.4727264642715454,0.5043027400970459,3.527829170227051,0.6134124904299048,-0.1157322212909997,0.6070135851997346,80.0
1652964947.406884,-0.5013183355331421,0.513545036315918,-0.01678928732872,0.5794585943222046,0.0870101749897003,-0.8103437423706055,0.5377455353736877,0.4933995008468628,3.574314594268799,0.6207736101896699,-0.0871203381198658,0.6301392873807384,80.0
1652964947.41697,-0.4795992970466614,0.517488956451416,-0.0281207263469696,0.5859377980232239,0.0652300342917442,-0.8077263832092285,-0.2859655320644378,0.4298276603221893,3.628196477890015,0.6275809337223024,-0.0652763821326421,0.6586816784356869,80.0
1652964947.426815,-0.5078234672546387,0.4850544929504394,-0.0030074715614318,0.5911059379577637,0.0486922487616539,-0.8051228523254395,-0.883937656879425,0.3442659080028534,3.661102056503296,0.6332998458996744,-0.0487115107969786,0.6915486714921629,80.0
1652964947.436748,-0.5403741002082825,0.4435693621635437,0.0346049927175045,0.5950767993927002,0.0355243310332298,-0.8028832674026489,-1.2118152379989624,0.2555009722709656,3.6912474632263184,0.6378289498752304,-0.035531806565315,0.7273631799943632,80.0
1652964947.446754,-0.5587204694747925,0.4051958322525024,0.0624975860118866,0.5978134870529175,0.0237450245767831,-0.8012834787368774,-1.3049653768539429,0.1521780341863632,3.699159383773804,0.6409810996450406,-0.0237472556765641,0.7644751219420667,80.0
1652964947.4566588,-0.5788528323173523,0.373591661453247,0.0828973948955535,0.59925377368927,0.0118443658575415,-0.8004714846611023,-1.2258421182632446,0.0409749820828437,3.699488401412964,0.6426211895522891,-0.0118446424200037,0.8015960294499184,80.0
1652964947.466734,-0.5924379229545593,0.3709934949874878,0.0693247616291046,0.5994569063186646,-0.0010569728910923,-0.800406277179718,-1.0354548692703247,-0.0427175238728523,3.6674203872680655,0.6428228701094076,0.0010569731365595,0.8377591003729844,80.0
1652964947.476579,-0.5714219212532043,0.3918545842170715,0.0310893952846527,0.5985062718391418,-0.0152355628088116,-0.8009732365608215,-0.8275649547576904,-0.129976212978363,3.610516786575317,0.6417219720782659,0.0152361523822785,0.8723806194838117,80.0
1652964947.486694,-0.5124199986457825,0.4274848103523254,-0.0024599712342023,0.5961296558380127,-0.0306821782141923,-0.8023016452789307,-0.5983744263648987,-0.2756191492080688,3.525160312652588,0.6390217184230719,0.0306869951478499,0.9051255613103752,80.0
1652964947.496499,-0.470903217792511,0.4629796743392944,-0.0295355767011642,0.591996967792511,-0.0468347296118736,-0.8045781850814819,-0.4375529587268829,-0.449170857667923,3.422579288482666,0.6343415833927194,0.0468518694089598,0.9359836000783414,80.0
1652964947.506474,-0.4782030582427978,0.5110990405082703,-0.0602925568819046,0.5859910845756531,-0.0629680156707763,-0.8078672289848328,-0.4050392210483551,-0.6137345433235168,3.324483871459961,0.6275413013330916,0.0630096984046908,0.9655681766771628,80.0
1652964947.516417,-0.5033776164054871,0.5568932890892029,-0.0889758616685867,0.5784202814102173,-0.0792218074202537,-0.8118829131126404,-0.2209651172161102,-0.6953735947608948,3.2558670043945312,0.619028240969085,0.0793049125539658,0.9941618243041423,80.0
1652964947.526412,-0.4928800463676452,0.4708008170127868,-0.1118389964103698,0.569372296333313,-0.0970081016421318,-0.8163360953330994,0.0523561723530292,-0.8500449061393738,3.218472957611084,0.609027919901947,0.0971609025056148,1.0210814469205742,80.0
1652964947.536322,-0.4467125535011291,0.3775469660758972,-0.0512950271368026,0.5584984421730042,-0.1172230765223503,-0.8211809992790222,0.5920442342758179,-0.9822370409965516,3.148715019226074,0.5972560313324858,0.1174932147717657,1.0456879102093195,80.0
1652964947.546376,-0.4809503555297851,0.2231224775314331,0.0395240187644958,0.5458917021751404,-0.1423377990722656,-0.8256767988204956,1.3410505056381226,-1.0796970129013062,3.1366043090820312,0.5841698635412299,0.1428228642201655,1.0665069072849136,80.0
1652964947.556402,-0.619285523891449,0.1846213340759277,0.1432624459266662,0.5324171781539917,-0.1729103177785873,-0.8286337852478027,1.916264295578003,-0.9794039726257324,3.1913349628448486,0.5711017951356407,0.1737837335181228,1.0840821221973256,80.0
1652964947.566272,-0.7289865016937256,0.2072291374206543,0.1946958601474762,0.5188271403312683,-0.2071318179368972,-0.8294062614440918,2.2670910358428955,-0.835824728012085,3.250375747680664,0.5589878377466181,0.208642289137585,1.100292937499679,80.0
1652964947.576123,-0.7251603603363037,0.2878792881965637,0.0951678156852722,0.5052506327629089,-0.2426287978887558,-0.8281624913215637,2.2445662021636963,-0.6757883429527283,3.3085880279541016,0.5478029575727359,0.2450746970440279,1.1165648331055702,80.0
1652964947.586148,-0.675438404083252,0.3770825862884521,-0.0318556725978851,0.4915546774864197,-0.2764634490013122,-0.8257977366447449,1.92374050617218,-0.5702288746833801,3.3290483951568604,0.5369182433679279,0.280112177759614,1.1346680829946385,80.0
1652964947.5961,-0.6458765864372253,0.4368059635162353,-0.0859735608100891,0.4776941835880279,-0.3057196140289306,-0.8236162662506104,1.262590408325195,-0.4738880395889282,3.305192232131958,0.5255808308474279,0.3106941325662468,1.155956701596174,80.0
1652964947.631871,-0.6390785574913025,0.4658682346343994,-0.0584389567375183,0.4636787474155426,-0.3280204236507416,-0.8230459690093994,0.4259594678878784,-0.4170993268489837,3.2510855197906494,0.5130495044779584,0.3342072994700144,1.1814409429487558,80.0
1652964947.63598,-0.6023623943328857,0.37216717004776,-0.1589517891407013,0.4214540719985962,-0.3468160331249237,-0.8379111289978027,-2.139897346496582,-0.4292891323566437,2.9524879455566406,0.4660302206321214,0.3541743096222237,1.2822995136726405,80.0
1652964947.674025,-0.5347204804420471,0.3942239284515381,-0.1564647555351257,0.4077672958374023,-0.3384693562984466,-0.8480355143547058,-2.623031616210937,-0.5190567970275879,2.7642548084259038,0.4482004418396779,0.3452897642247931,1.32075989826149,80.0
1652964947.675726,-0.4679658710956573,0.428353488445282,-0.0381936430931091,0.3641755282878876,-0.2938681542873382,-0.8837520480155945,-2.873740196228028,-1.0275205373764038,2.22247314453125,0.3908756124270037,0.2982711798469893,1.4290022749663644,80.0
1652964947.701271,-0.4952998757362366,0.3825125694274902,-0.0475252866744995,0.3482966423034668,-0.2763883173465729,-0.8957114219665527,-2.798830032348633,-1.1694902181625366,2.0849196910858154,0.3708568016682305,0.2800339984757013,1.4607154560976647,80.0
1652964947.7055368,-0.5001115798950195,0.3605153560638428,-0.0499124526977539,0.3319291770458221,-0.2582387924194336,-0.9072682857513428,-2.7394206523895264,-1.2959445714950562,1.893101930618286,0.3507296507127773,0.2611987281445005,1.4900988479916553,80.0
1652964947.715552,-0.4808601140975952,0.252206027507782,-0.0930875986814498,0.2984107136726379,-0.2223116159439087,-0.9281856417655944,-2.390904664993286,-1.487878918647766,1.4523166418075562,0.3110620798185445,0.2241847800581049,1.5396055865315077,80.0
1652964947.726316,-0.4701295495033264,0.2042068839073181,-0.1582657098770141,0.2814087867736816,-0.2040085196495056,-0.9376510977745056,-2.379514217376709,-1.5755634307861328,1.180647850036621,0.2915678041615256,0.2054508138579663,1.559640384497052,80.0
1652964947.735279,-0.4709924161434173,0.2183898091316223,-0.2102100998163223,0.2642052471637726,-0.1841533482074737,-0.9467223286628724,-2.4654617309570312,-1.665205717086792,0.9099043011665344,0.2721495033118444,0.1852104109900419,1.576638878683036,80.0
1652964947.7455769,-0.4657048285007477,0.2806429266929626,-0.2480245977640152,0.2466038167476654,-0.162192702293396,-0.955447554588318,-2.597088098526001,-1.7785123586654663,0.6386634707450867,0.2525902907041473,0.1629123781095274,1.5907981620405034,80.0
1652964947.755274,-0.4546217620372772,0.337103009223938,-0.2735485136508941,0.2281049937009811,-0.1374317407608032,-0.9638882875442504,-2.840350151062012,-1.9319841861724851,0.3551603555679321,0.2323758518015115,0.1378680891185527,1.6022520413782857,80.0
1652964947.765182,-0.4763743877410888,0.3661853075027466,-0.2789480090141296,0.2087504565715789,-0.1093424409627914,-0.9718371629714966,-3.080095767974853,-2.021515130996704,0.1005557626485824,0.2115848213694348,0.1095614974470399,1.610987717706417,80.0
1652964947.7751942,-0.4681512415409088,0.2931731939315796,-0.2822745740413666,0.1884575933218002,-0.0785653293132782,-0.9789336919784546,-3.2463126182556152,-2.165855407714844,-0.0979405120015144,0.1901863918753832,0.0786463781808584,1.6173212935392358,80.0
1652964947.784988,-0.4205611646175384,0.1530457735061645,-0.2835040986537933,0.1665175259113311,-0.0458874367177486,-0.9849701523780824,-3.352867603302002,-2.3432822227478027,-0.3289380669593811,0.1674749060268208,0.045903555218396,1.621117660113801,80.0
1652964947.795262,-0.4337761402130127,0.067489743232727,-0.2598428130149841,0.142958864569664,-0.0120993684977293,-0.9896546602249146,-3.365048408508301,-2.467643976211548,-0.5633357763290405,0.1434609142393111,0.0120996641216182,1.6219080344587262,80.0
1652964947.805197,-0.4679607450962066,0.0324252247810363,-0.2294069677591323,0.1179393455386161,0.0217347964644432,-0.9927828907966614,-3.30674409866333,-2.597152709960937,-0.8047318458557129,0.1182425498506142,-0.0217365079414507,1.6195101948514892,80.0
1652964947.814987,-0.4773444831371307,0.0281145572662353,-0.2280244529247284,0.0911750122904777,0.0549744665622711,-0.994316339492798,-3.2163524627685547,-2.7380056381225586,-1.0616282224655151,0.0914404744465793,-0.0550021938898961,1.613678411819108,80.0
1652964947.8250809,-0.5224360227584839,0.0139861106872558,-0.2576800584793091,0.0626123920083046,0.0876665562391281,-0.9941802024841307,-3.210867166519165,-2.85359001159668,-1.3017899990081787,0.062895848113498,-0.0877792423842335,1.604357890677823,80.0
1652964947.834941,-0.5829716324806213,0.0166376233100891,-0.3011766672134399,0.032587070018053,0.1202531307935714,-0.9922083020210266,-3.241032838821411,-2.9049086570739746,-1.5309674739837646,0.0328311726361541,-0.12054485686676,1.591751293950831,80.0
1652964947.8449,-0.6240441799163818,-0.0125268697738647,-0.3226611018180847,0.0016076043248176,0.1524339914321899,-0.9883123636245728,-3.219921350479126,-2.9298877716064453,-1.7373943328857422,0.0016266142100005,-0.1530305849915232,1.5758667726008773,80.0
1652964947.854818,-0.6004195213317871,-0.0838237404823303,-0.3175433874130249,-0.0304703693836927,0.1833117604255676,-0.9825825095176696,-3.12540054321289,-2.990356922149658,-1.9303364753723145,-0.0310005602212134,-0.1843542471473945,1.5569013423488156,80.0
1652964947.864855,-0.5317215323448181,-0.1848864555358886,-0.3016308546066284,-0.0642409920692443,0.2124584317207336,-0.9750561714172364,-3.0518991947174072,-3.1108381748199463,-2.1728265285491943,-0.0657893183093456,-0.214090138753023,1.5345941245893464,80.0
1652964947.87493,-0.5383928418159485,-0.235827624797821,-0.290922462940216,-0.0998518094420433,0.2398359924554824,-0.9656646847724916,-3.0025930404663086,-3.1754796504974365,-2.4090206623077397,-0.1030359760562599,-0.2421969123470451,1.5086319267313766,80.0
1652964947.884801,-0.6025943756103516,-0.2703379392623901,-0.3050916492938995,-0.1366787254810333,0.2653729617595672,-0.9544087648391724,-2.9621872901916504,-3.19981050491333,-2.6177845001220703,-0.1422406255096298,-0.2685907177057583,1.4791701408200493,80.0
1652964947.894698,-0.6322836875915527,-0.2967898249626159,-0.339859664440155,-0.1743264347314834,0.2888494729995727,-0.941369354724884,-2.8988730907440186,-3.168510675430298,-2.8306756019592285,-0.1831095631756125,-0.2930248803777773,1.446387406454386,80.0
1652964947.9047852,-0.6547958850860596,-0.3141176700592041,-0.3628603816032409,-0.2123306095600128,0.3098512887954712,-0.9267728328704834,-2.827211856842041,-3.105077028274536,-3.063420057296753,-0.225220562929486,-0.3150366082628051,1.4102136271660288,80.0
1652964947.914638,-0.6797776222229004,-0.3090037703514099,-0.3730347752571106,-0.2505202293395996,0.3278991878032684,-0.9108906388282776,-2.723424434661865,-3.0257461071014404,-3.3103842735290527,-0.2683920347199093,-0.3340789425779918,1.3706287189750723,80.0
1652964947.924948,-0.673507809638977,-0.2559275031089782,-0.3847662806510925,-0.288726657629013,0.3427434861660003,-0.893959641456604,-2.615168571472168,-2.930015802383423,-3.5201704502105717,-0.3123993278071558,-0.349835719286264,1.3279162746872712,80.0
1652964947.934747,-0.6071935892105103,-0.2343044877052307,-0.3512443602085113,-0.3268578350543976,0.3540213406085968,-0.8762606978416443,-2.44211220741272,-2.8856618404388428,-3.726736545562744,-0.3570287224393723,-0.3618674325494568,1.2827176308121844,80.0
1652964947.9447222,-0.4809469580650329,-0.3258415460586548,-0.3093016743659973,-0.365885317325592,0.3605863749980926,-0.8579658269882202,-2.151258707046509,-2.9904263019561768,-3.988195419311523,-0.4031038799139591,-0.3688964801010397,1.235447912630302,80.0
1652964947.954598,-0.4427740275859833,-0.4576904773712158,-0.2629453837871551,-0.4066522419452667,0.3618222773075104,-0.838879406452179,-1.91194486618042,-3.122225284576416,-4.269042015075684,-0.4513786121020899,-0.3702218705453556,1.1863180464386045,80.0
1652964947.964707,-0.5342518091201782,-0.5323938727378845,-0.2396938204765319,-0.4483379423618316,0.3581629991531372,-0.818970263004303,-1.7534675598144531,-3.1405601501464844,-4.527815818786621,-0.500876427798911,-0.3662996123452164,1.1356639772020063,80.0
1652964947.974872,-0.6210196614265442,-0.580663800239563,-0.2712746560573578,-0.489881157875061,0.3501167297363281,-0.7983950972557068,-1.6601693630218506,-3.101539134979248,-4.771175384521484,-0.5503467515709517,-0.3576957328669856,1.0837661148852082,80.0
1652964947.984607,-0.6669318675994873,-0.5663719773292542,-0.3220751881599426,-0.5308830142021179,0.3382188975811004,-0.7770270705223083,-1.6608436107635498,-3.0651676654815674,-5.039041519165039,-0.599377479185819,-0.3450236256001464,1.0305653570912,80.0
1652964947.994496,-0.7177553772926331,-0.4624304175376892,-0.3662144541740417,-0.5710781812667847,0.3225894868373871,-0.7548547983169556,-1.675004243850708,-3.0191800594329834,-5.269920349121094,-0.6476738817452674,-0.3284639498304623,0.9761771100660444,80.0
1652964948.004599,-0.793366014957428,-0.3564079999923706,-0.3114998042583465,-0.609984815120697,0.3035041391849518,-0.7319861650466919,-1.7309068441390991,-2.955069303512573,-5.503940105438232,-0.6947352970720536,-0.3083681245104614,0.9208069474244892,80.0
1652964948.014441,-0.8714143633842468,-0.3791702389717102,-0.1744651794433593,-0.6473386883735657,0.2810172438621521,-0.7085068225860596,-1.7610464096069336,-2.9213733673095703,-5.664133071899414,-0.7403143438061668,-0.2848538952541073,0.8649920520444048,80.0
1652964948.024359,-0.9419393539428712,-0.5277458429336548,-0.0355756282806396,-0.6828317046165466,0.2552105784416199,-0.6845497488975525,-1.6973731517791748,-2.905904054641724,-5.748542308807373,-0.7841417412447194,-0.2580654785774979,0.8099021744847692,80.0
1652964948.03431,-1.0044453144073486,-0.678109347820282,0.0342719852924346,-0.7158610224723816,0.2261496782302856,-0.6606053113937378,-1.5866104364395142,-2.8176426887512207,-5.75065279006958,-0.825519775048015,-0.2281231302379284,0.7568151106576522,80.0
1652964948.044318,-1.065976619720459,-0.7573466300964355,0.0799072980880737,-0.7454094290733337,0.1942625492811203,-0.6376729607582092,-1.4512406587600708,-2.5940773487091064,-5.695494174957275,-0.8631371028412531,-0.1955056182336961,0.7065046043786233,80.0
1652964948.054213,-1.1004352569580078,-0.7670040130615234,0.160903126001358,-0.7705210447311401,0.1603248566389084,-0.6169224381446838,-1.282740592956543,-2.2385199069976807,-5.541815280914307,-0.8956553943152294,-0.1610197626795401,0.6594994659001084,80.0
1652964948.0644531,-1.0664273500442505,-0.771243691444397,0.311459481716156,-0.790536642074585,0.1251096874475479,-0.5994991660118103,-0.9931788444519044,-1.820809245109558,-5.274894237518311,-0.921976051947936,-0.1254383932808831,0.6169387902635489,80.0
1652964948.0742822,-0.9850999116897584,-0.8311656713485718,0.5076403617858887,-0.8055189251899719,0.089542843401432,-0.585765540599823,-0.6119760274887085,-1.415186643600464,-4.832503318786621,-0.9420539523972076,-0.0896629352917726,0.5801872906200501,80.0
1652964948.084163,-0.8922044634819031,-0.9305407404899596,0.7068814635276794,-0.8155285716056824,0.0550050511956214,-0.5760968327522278,-0.0156066324561834,-0.8989112377166748,-4.142638683319092,-0.9557818881954454,-0.0550328246397966,0.5512990418387251,80.0
1652964948.0939589,-0.8028362989425659,-1.0019335746765137,1.003327250480652,-0.8205156922340393,0.0234976261854171,-0.5711408853530884,0.5733823180198669,-0.3543339371681213,-3.165178060531616,-0.9627091225070034,-0.0234997885208223,0.53256148913563,80.0
1652964948.103826,-0.657164454460144,-0.8430997133255005,1.384595274925232,-0.8223581314086914,-0.0026372969150543,-0.5689639449119568,0.9107680916786194,-0.2296138405799865,-2.2078378200531006,-0.965548406225248,0.0026372999876984,0.5235445296310436,80.0
1652964948.1139011,-0.3915362358093261,-0.5375166535377502,1.3677504062652588,-0.8236583471298218,-0.023985156789422,-0.5665788054466248,1.188068389892578,-0.3122226893901825,-1.533074975013733,-0.9682504159902084,0.0239874574631073,0.521859285544617,80.0
1652964948.123698,-0.1455284357070922,-0.446735680103302,0.9284619092941284,-0.8249914646148682,-0.0403698869049549,-0.5637012720108032,0.8461810946464539,-0.2741363048553467,-1.0255519151687622,-0.9713792650625928,0.0403808601106872,0.5234552517273675,80.0
1652964948.133826,-0.1114647388458252,-0.4760364294052124,0.5704493522644043,-0.8256689310073853,-0.0499110929667949,-0.5619426965713501,-0.1492160856723785,-0.1032290160655975,-0.8328375816345215,-0.9732157804483582,0.0499318402004223,0.5214040274104006,80.0
1652964948.143845,-0.177335500717163,-0.4612468481063843,0.3488750755786896,-0.8252889513969421,-0.0526409894227981,-0.5622517466545105,-1.3897032737731934,0.0754382014274597,-0.8734574317932129,-0.9727458081527552,0.052665333347302,0.5104089085721728,80.0
1652964948.1536531,-0.2107510566711425,-0.3533471822738647,0.2593623101711273,-0.8238406181335449,-0.0490199252963066,-0.5646979212760925,-2.645857334136963,0.27837935090065,-1.032133936882019,-0.9699053568647646,0.0490395775539209,0.4883853735923855,80.0
1652964948.163852,-0.2077040076255798,-0.2590095996856689,0.2921971082687378,-0.8211045265197754,-0.0408543981611728,-0.5693138241767883,-3.484550952911377,0.5075664520263672,-1.23429274559021,-0.964546592919668,0.0408657733848263,0.4565853584691422,80.0
1652964948.173974,-0.1631124019622802,-0.1915698051452636,0.4525834321975708,-0.8172647356987,-0.030418574810028,-0.5754590034484863,-3.8155677318573,0.6700842976570129,-1.3472646474838257,-0.9573052350968576,0.0304232680466679,0.4190854386102375,80.0
1652964948.183919,-0.0856122970581054,-0.1526039242744445,0.651118814945221,-0.812764048576355,-0.0197101719677448,-0.5822594165802002,-3.649486541748047,0.7649490237236023,-1.3412320613861084,-0.9491521088445316,0.0197114475669513,0.3807454246088098,80.0
1652964948.193963,-0.0018454194068908,-0.1208932995796203,0.8045878410339355,-0.8080604672431946,-0.0104594603180885,-0.5890066027641296,-3.07009220123291,0.7863872647285461,-1.2417351007461548,-0.9409273693969776,0.0104596508634488,0.3458903776256712,80.0
1652964948.203638,0.0495793223381042,-0.0922101140022277,0.8944272398948669,-0.8032870888710022,-0.0038022906519472,-0.5955798029899597,-2.3315269947052,0.8048107028007507,-1.070442795753479,-0.9328036823463784,0.0038022997278442,0.3173295690500358,80.0
1652964948.213965,0.0828580856323242,-0.0748432874679565,0.9147802591323853,-0.7984799146652222,0.0001214575531776,-0.6020213961601257,-1.5741262435913086,0.7932578921318054,-0.8543272018432617,-0.9247660638409086,-0.0001214575534155,0.2960219338719663,80.0
1652964948.2236109,0.104377269744873,-0.0585583448410034,0.868175745010376,-0.7939066290855408,0.0017583224689587,-0.6080371737480164,-0.9495196342468262,0.7243360877037048,-0.6296597719192505,-0.9172092721621108,-0.0017583234051738,0.2816608427400028,80.0
1652964948.233573,0.0849583148956298,-0.0213227272033691,0.7723751068115234,-0.7897006869316101,0.0020999026019126,-0.6134887337684631,-0.5578071475028992,0.6662723422050476,-0.4267963767051697,-0.9103237547480952,-0.0020999040726686,0.2726912982114295,80.0
1652964948.2438989,0.0424924492835998,0.0286201834678649,0.6498420834541321,-0.7856411337852478,0.0024558247532695,-0.61867755651474,-0.4403221011161804,0.664455771446228,-0.2489947080612182,-0.9037356153500066,-0.0024558271898315,0.2668296317968166,80.0
1652964948.253427,0.0090903639793396,0.0732490420341491,0.5291836857795715,-0.7814748883247375,0.0040499195456504,-0.6239234805107117,-0.5255990028381348,0.6860827803611755,-0.100923404097557,-0.8970365053115883,-0.0040499307803737,0.2620683958695791,80.0
1652964948.263743,0.0037733912467956,0.1240246891975402,0.4355804324150085,-0.7771345376968384,0.0075652757659554,-0.6292890310287476,-0.7091826796531677,0.7023781538009644,0.0154889579862356,-0.8901351124686921,-0.0075653480696071,0.257065630002668,80.0
1652964948.273382,0.0124218463897705,0.1659917831420898,0.3790484368801117,-0.7727367281913757,0.0132092051208019,-0.6345892548561096,-0.930284023284912,0.6913900971412659,0.1067660972476005,-0.8832477805762287,-0.013209589012693,0.2511331059028739,80.0
1652964948.283673,0.0132477283477783,0.198493480682373,0.3435782194137573,-0.768328845500946,0.0208168607205152,-0.6397166848182678,-1.1026991605758667,0.6933301687240601,0.1842401176691055,-0.876486328974547,-0.0208183645302147,0.2442009782507738,80.0
1652964948.293463,0.0196990370750427,0.2010637521743774,0.3204147517681122,-0.7639310956001282,0.0298659838736057,-0.6446062326431274,-1.2041908502578735,0.6579134464263916,0.2388059496879577,-0.8699118120066325,-0.0298704258819087,0.2367255891881709,80.0
1652964948.303276,0.0371647477149963,0.1997906565666198,0.3029210865497589,-0.7597445845603943,0.03968445956707,-0.6490094065666199,-1.2258610725402832,0.6132758855819702,0.2704408168792724,-0.8638419211243141,-0.0396948831023387,0.2291340341846085,80.0
1652964948.313602,0.0460383296012878,0.2004369497299194,0.2856117784976959,-0.7557550668716431,0.0496848188340663,-0.6529668569564819,-1.1873860359191897,0.5803713798522949,0.2941484749317169,-0.8582346295715603,-0.0497052849477716,0.2218175346234986,80.0
1652964948.323514,0.0432816743850708,0.1987558007240295,0.2769408524036407,-0.7519150376319885,0.0593780688941478,-0.6565805673599243,-1.0868210792541504,0.5455990433692932,0.3135969936847687,-0.852980416989759,-0.0594130148553567,0.2151897742243869,80.0
1652964948.333333,0.0417168140411376,0.1975348591804504,0.2618802785873413,-0.7483206987380981,0.0684114322066307,-0.6597999334335327,-0.9515001773834229,0.487481951713562,0.3220697343349457,-0.8481800180881709,-0.0684649071718789,0.2096224410822819,80.0
1652964948.343078,0.0404495596885681,0.1970037221908569,0.2381228506565094,-0.7450546026229858,0.0765590965747833,-0.6625951528549194,-0.8013596534729004,0.4335207045078277,0.3110471963882446,-0.8439108002359803,-0.0766340837675413,0.2051799996426961,80.0
1652964948.35319,0.0447400212287902,0.1853352785110473,0.2131957113742828,-0.742112398147583,0.083602949976921,-0.6650411486625671,-0.6475751996040344,0.3767068684101105,0.2934443354606628,-0.8401145020504159,-0.0837006463954641,0.2018313780575505,80.0
1652964948.363081,0.041580319404602,0.1651432514190673,0.1948600709438324,-0.739593505859375,0.0895789936184883,-0.6670659184455872,-0.52888023853302,0.3098295629024505,0.2693158090114593,-0.8369127272090385,-0.0896992275335306,0.1993716075983076,80.0
1652964948.372927,0.0373547673225402,0.1459959745407104,0.1799867153167724,-0.7374736666679382,0.094717226922512,-0.6687010526657104,-0.4494728446006775,0.256507933139801,0.2416851818561554,-0.8342668156690962,-0.0948594273192987,0.1974905254203236,80.0
1652964948.382752,0.0426145792007446,0.1474198102951049,0.1531647443771362,-0.7357144951820374,0.0992003232240676,-0.6699876189231873,-0.4119185507297516,0.2105926722288131,0.2003518640995025,-0.8321214677271869,-0.0993637508780567,0.1957970675071478,80.0
1652964948.392828,0.0531166791915893,0.1485066413879394,0.122113436460495,-0.7342079281806946,0.1032435670495033,-0.671028733253479,-0.3868352770805359,0.1876421421766281,0.168799951672554,-0.8303277405498743,-0.1034278670040146,0.1940721117936324,80.0
1652964948.402777,0.0560222864151001,0.1319985389709472,0.1098701655864715,-0.7328258156776428,0.1068351343274116,-0.671976625919342,-0.3461853265762329,0.1781519651412964,0.1427957862615585,-0.8286862336366938,-0.1070394191342835,0.1924424342305242,80.0
1652964948.412741,0.0671406388282775,0.1060897707939148,0.1130497679114341,-0.731599748134613,0.110094740986824,-0.6727859377861023,-0.3166832327842712,0.1489170044660568,0.1324978321790695,-0.8272523718400578,-0.1103183669206092,0.1909119045888067,80.0
1652964948.422903,0.0716557502746582,0.0878891944885253,0.113407015800476,-0.7305302023887634,0.1130333617329597,-0.6734604835510254,-0.2539905607700348,0.1259954422712326,0.1343005150556564,-0.8260239796007073,-0.1132754557046438,0.1896882597314843,80.0
1652964948.432643,0.0648659467697143,0.0726805329322815,0.1109442040324211,-0.7296454906463623,0.1155114322900772,-0.6739988923072815,-0.1856597810983657,0.0954092442989349,0.1340724825859069,-0.8250217618494406,-0.1157698644528233,0.188975572729493,80.0
1652964948.442589,0.0434455871582031,0.0638160109519958,0.1054860278964042,-0.7289770841598511,0.1176584437489509,-0.6743506789207458,-0.149720162153244,0.0608587302267551,0.1461608409881591,-0.8243048422781382,-0.1179316133240283,0.1887262149103766,80.0
1652964948.4525452,0.0090383291244506,0.0619624257087707,0.0935715362429618,-0.7283985614776611,0.1197768226265907,-0.6746028065681458,-0.1517395824193954,0.0576108433306217,0.1607596129179,-0.8237227367952797,-0.1200650835566465,0.1886859322772777,80.0
1652964948.462665,-0.0192140936851501,0.0711475014686584,0.0787592530250549,-0.7278103828430176,0.1222142204642295,-0.6748005151748657,-0.2062752544879913,0.0595549494028091,0.1780467182397842,-0.8231738799285162,-0.1225205255828414,0.1885349995089007,80.0
1652964948.472494,-0.0324342846870422,0.0814568996429443,0.0674045234918594,-0.7271633744239807,0.1252986639738083,-0.6749322414398193,-0.2939499616622925,0.0645892843604087,0.2003495395183563,-0.8226331202607037,-0.1256288614017988,0.1879949513135981,80.0
1652964948.4824471,-0.025690734386444,0.0799753069877624,0.0577337443828582,-0.7264606952667236,0.1290795654058456,-0.6749765872955322,-0.3625133037567138,0.0615588687360286,0.2265851497650146,-0.8221182959921447,-0.1294407207952325,0.1870364143074934,80.0
1652964948.492546,-0.0090602040290832,0.0670922994613647,0.0630865395069122,-0.725803017616272,0.1333703249692917,-0.6748498678207397,-0.3783529996871948,0.0392800904810428,0.2523384988307953,-0.8217602551994645,-0.1337689102335144,0.1859103935261954,80.0
1652964948.502352,-0.003400444984436,0.0462498664855957,0.0734538435935974,-0.7252829670906067,0.1377430111169815,-0.674530565738678,-0.3308560848236084,0.0104641551151871,0.2885912954807281,-0.821638825178115,-0.1381823381443942,0.185106789951547,80.0
1652964948.512334,-0.0057339072227478,0.0138441324234008,0.0834468901157379,-0.7249178886413574,0.1419711410999298,-0.6740461587905884,-0.2521877586841583,-0.0309100225567817,0.3284429311752319,-0.821746001518597,-0.142452450217915,0.1850621934066591,80.0
