1652955259.1119552,-0.0626709312200546,0.0140545964241027,-0.0118475556373596,0.0674315989017486,0.6293554902076721,-0.7741864919662476,0.7942892909049988,2.1065969467163086,0.2005444467067718,0.0868806841421945,-0.6807235917707632,0.3959298877646937,109.0
1652955259.12214,-0.0294657796621322,0.0666870474815368,-0.0907402038574218,0.0846720039844513,0.6242942214012146,-0.7765870094299316,0.4655902087688446,2.0205535888671875,0.2131624966859817,0.1086019477145501,-0.6742277676500035,0.3977674514617876,109.0
1652955259.131881,-0.0032063052058219,0.1158779263496398,-0.1478710770606994,0.1010913699865341,0.6218700408935547,-0.7765682339668274,0.1116302758455276,1.8810882568359373,0.2092596441507339,0.1294491202346326,-0.6711283746594973,0.4000231859902295,109.0
1652955259.141879,0.0030420571565628,0.1241471767425537,-0.1829683184623718,0.1163884103298187,0.6217653155326843,-0.7745073437690735,-0.1095796078443527,1.7597371339797974,0.1844464391469955,0.1491580275684199,-0.6709946899902722,0.4025399738800383,109.0
1652955259.152132,-0.0103405863046646,0.1087462902069091,-0.1818310022354126,0.1305492520332336,0.6222606897354126,-0.7718474864959717,-0.0358628407120704,1.6687136888504028,0.1156207248568534,0.1675528951794396,-0.6716272858474713,0.4046361285318883,109.0
1652955259.162663,-0.0460571497678756,0.0935056209564209,-0.0968717336654663,0.1437133252620697,0.621056854724884,-0.7704770565032959,0.3602807819843292,1.6855249404907229,-0.0143183693289756,0.1844060088774549,-0.6700903871915895,0.4049600615145795,109.0
1652955259.171873,-0.0839568227529525,0.0682465434074401,0.0521057248115539,0.1561765968799591,0.6166564226150513,-0.7715851664543152,0.8271026015281677,1.722286343574524,-0.185195580124855,0.1997118403166238,-0.6644883419115607,0.4022844674217952,109.0
1652955259.181902,-0.1035025268793106,0.0886219143867492,0.1863261461257934,0.1677877455949783,0.6089009046554565,-0.775297999382019,1.291811227798462,1.710168719291687,-0.3530266582965851,0.2131302500516673,-0.6546742661679453,0.3961708828564861,109.0
1652955259.19179,-0.0961876213550567,0.0972307920455932,0.2170565128326416,0.1783256381750106,0.5982815623283386,-0.781190812587738,1.5985454320907593,1.6488027572631836,-0.4686656594276428,0.2244285848149225,-0.641354821590735,0.3871765819614033,109.0
1652955259.20179,-0.0746849179267883,0.1106715202331543,0.1238498091697692,0.1878440380096435,0.5866146683692932,-0.7877803444862366,1.586919903755188,1.5511419773101809,-0.5451628565788269,0.2340762606680539,-0.6268723324912704,0.376525848087524,109.0
1652955259.211725,-0.0527388155460357,0.1556358933448791,-0.0116891860961914,0.1962324231863021,0.5760659575462341,-0.7934990525245667,1.3610787391662598,1.4352961778640747,-0.6122391819953918,0.2424359927633633,-0.6139076602647824,0.3653311783534065,109.0
1652955259.221848,-0.0358133465051651,0.1668761968612671,-0.1283411979675293,0.2035073935985565,0.567779004573822,-0.7976288199424744,1.039287805557251,1.3221172094345093,-0.6668974161148071,0.2498108709831988,-0.6038053064252455,0.3542022607004582,109.0
1652955259.231808,-0.0210408270359039,0.1843490004539489,-0.1970020532608032,0.2096088677644729,0.5624194741249084,-0.7998427748680115,0.6745166182518005,1.184237003326416,-0.7070280909538269,0.2562990720340821,-0.5973089956283943,0.3436172350654047,109.0
1652955259.24157,-0.0078021436929702,0.2048251032829284,-0.2220657467842102,0.2144671082496643,0.5594527721405029,-0.800635039806366,0.4796437919139862,1.0558865070343018,-0.7496136426925659,0.2617266588046002,-0.5937254155351175,0.3334172008002087,109.0
1652955259.2515712,-0.0087529122829437,0.2037264704704284,-0.2200808525085449,0.2181492298841476,0.5577425956726074,-0.8008334636688232,0.3867097198963165,0.98101806640625,-0.8360911011695862,0.2659499702301336,-0.591663558601774,0.3229185398564207,109.0
1652955259.261641,-0.0302973240613937,0.2405428290367126,-0.1727312207221985,0.2211541980504989,0.5564744472503662,-0.8008913993835449,0.4412752091884613,1.014556884765625,-0.9388310313224792,0.2694211639816671,-0.5901365417305542,0.3113405226107,109.0
1652955259.271451,-0.0414191037416458,0.2604680061340332,-0.1195549368858337,0.2238836586475372,0.5546591877937317,-0.8013920783996582,0.5524930953979492,1.0010831356048584,-1.0003726482391355,0.2724229651796374,-0.5879533360535117,0.2985132863348846,109.0
1652955259.281451,-0.0343859493732452,0.271218478679657,-0.0872303247451782,0.2258989363908767,0.552302896976471,-0.8024532198905945,0.5892119407653809,0.89030921459198,-1.0108060836791992,0.2744087587248824,-0.5851241353454409,0.2850157645612602,109.0
1652955259.291421,-0.0373882204294204,0.2189537286758422,-0.0792635679244995,0.2271617352962494,0.5502108335494995,-0.8035331964492798,0.4870349764823913,0.8182725310325623,-1.019745111465454,0.2755139827689682,-0.5826166829460283,0.2716181214421072,109.0
1652955259.3015208,-0.0618658661842346,0.1710045337677002,-0.1045771837234497,0.2278967052698135,0.5494471192359924,-0.80384761095047,0.2875706255435943,0.8016975522041321,-1.079700946807861,0.2762580937677925,-0.5817023790476488,0.2583128659720339,109.0
1652955259.311296,-0.0873594135046005,0.1736119985580444,-0.1301597952842712,0.2279538512229919,0.5505852103233337,-0.8030523061752319,0.0691139101982116,0.7395299077033997,-1.1626334190368652,0.2765838076480126,-0.5830650810414022,0.2449077118914717,109.0
1652955259.321314,-0.0985786765813827,0.2008014321327209,-0.1200954914093017,0.2268592715263366,0.5533230304718018,-0.8014789819717407,-0.0642657205462455,0.6522139310836792,-1.2545002698898315,0.2758354724776349,-0.5863483394039629,0.231013605895645,109.0
1652955259.331396,-0.1111482679843902,0.2197542190551757,-0.0733792781829834,0.2249940484762191,0.5566555857658386,-0.7996950745582581,-0.0199357401579618,0.6753504872322083,-1.3146175146102903,0.2742599304786717,-0.5903545376688968,0.2163462438285142,109.0
1652955259.341279,-0.1113926768302917,0.2196699976921081,-0.033604621887207,0.2232090383768081,0.5589799284934998,-0.7985732555389404,0.1755032539367675,0.692255973815918,-1.2912746667861938,0.2725540732018062,-0.5931550943650579,0.2009762559770034,109.0
1652955259.351362,-0.0853723883628845,0.2271467447280883,-0.0152363181114196,0.2214349657297134,0.5596851110458374,-0.7985731959342957,0.3256230354309082,0.6024676561355591,-1.201442837715149,0.2704923319997333,-0.5940057791763967,0.1856594289820368,109.0
1652955259.3613272,-0.0668738633394241,0.2589009404182434,0.019483208656311,0.2192785888910293,0.5597708821296692,-0.7991079092025757,0.2721928358078003,0.4781848788261413,-1.1187219619750977,0.2678122503359442,-0.5941092874260967,0.1712634326517841,109.0
1652955259.3712869,-0.0946171581745147,0.2426579594612121,0.0744060277938842,0.216595858335495,0.560542643070221,-0.7992985844612122,0.1142704039812088,0.384704053401947,-1.0644898414611816,0.2646272795588001,-0.5950408862266591,0.1579664464932693,109.0
1652955259.3809571,-0.1650505512952804,0.2207576036453247,0.1131225228309631,0.213909164071083,0.5630096793174744,-0.798287570476532,-0.1871285885572433,0.4136331677436828,-0.9966637492179872,0.2618095045646331,-0.598022968274668,0.1460484552359557,109.0
1652955259.390977,-0.2320685535669326,0.2166181802749633,0.1351425051689148,0.2122931182384491,0.5675399303436279,-0.7955061793327332,-0.4206228256225586,0.5346676707267761,-0.9000643491744995,0.2607879642686072,-0.603514890014921,0.1359696065986342,109.0
1652955259.401105,-0.2605559229850769,0.214964747428894,0.1037033796310424,0.2122007608413696,0.57276451587677,-0.791777491569519,-0.4329849481582641,0.6592087745666504,-0.7989862561225891,0.2618519661673042,-0.6098744004121959,0.1273726857978111,109.0
1652955259.4109,-0.2323020547628402,0.2342159748077392,0.0863627195358276,0.2131980061531067,0.5775166153907776,-0.7880489826202393,-0.3386863470077514,0.6818944811820984,-0.720725953578949,0.2642141572172828,-0.615683449589072,0.1197323114352598,109.0
1652955259.42095,-0.1724062711000442,0.2626596093177795,0.1462196707725525,0.2141847908496856,0.580571711063385,-0.7855325937271118,-0.0475392043590545,0.602425754070282,-0.6997067332267761,0.2661911902477563,-0.6194306522533832,0.1120206164458076,109.0
1652955259.430811,-0.1228835880756378,0.2938631772994995,0.2088966965675354,0.214436262845993,0.5813254117965698,-0.784906268119812,0.233165368437767,0.4904770851135254,-0.6830107569694519,0.2666918521457773,-0.6203566487911141,0.103512609295909,109.0
1652955259.440783,-0.0975952446460723,0.3053337335586548,0.2181063294410705,0.213958740234375,0.5799588561058044,-0.7860466837882996,0.4687853157520294,0.3911054730415344,-0.6742470860481262,0.2657574604638842,-0.6186781621674674,0.0943203028966143,109.0
1652955259.4507818,-0.0965710133314132,0.2989901304244995,0.1414564847946167,0.2127208709716797,0.5776292085647583,-0.7880954146385193,0.4709271788597107,0.2956541180610657,-0.6839866042137146,0.2636350846231501,-0.6158213738271683,0.0847513829005081,109.0
1652955259.460734,-0.1110701113939285,0.3212765455245971,0.0415846109390258,0.2111219763755798,0.5755112767219543,-0.7900723814964294,0.432084172964096,0.2847125232219696,-0.6493010520935059,0.2611175371844119,-0.6132292049621649,0.0754198334083363,109.0
1652955259.470838,-0.1091343909502029,0.3285857439041137,-0.0321954488754272,0.209766075015068,0.5737603306770325,-0.7917052507400513,0.3292059898376465,0.2628280520439148,-0.5847811698913574,0.2590034591960204,-0.6110897785006479,0.0669357044272901,109.0
1652955259.480633,-0.081746682524681,0.3500388860702514,-0.0610125064849853,0.2082725316286087,0.5729143023490906,-0.7927116751670837,0.1768793314695358,0.1547039598226547,-0.530574381351471,0.256927495150677,-0.6100571481275966,0.0596144911085481,109.0
1652955259.4905782,-0.0419355630874633,0.3605813384056091,-0.0648184418678283,0.2059522420167923,0.5730581283569336,-0.7932137846946716,0.063535988330841,-0.0219371132552623,-0.4892561435699463,0.2540334410468354,-0.6102326233112825,0.0532829013112203,109.0
1652955259.500605,-0.0137906670570373,0.3251504898071289,-0.0746303796768188,0.2022977024316787,0.5738521218299866,-0.7935801148414612,-0.0084109101444482,-0.2040392756462097,-0.4779179990291595,0.2496017905181871,-0.6112018201229773,0.0475355513200768,109.0
1652955259.51048,-0.0151365846395492,0.2619580626487732,-0.0946367979049682,0.1975706219673156,0.5748308300971985,-0.7940625548362732,0.0163628794252872,-0.2902117073535919,-0.4747864902019501,0.2438582516460755,-0.6123973759343783,0.0419052658563869,109.0
1652955259.520442,-0.0422134548425674,0.2319291234016418,-0.1082568168640136,0.1924819946289062,0.5754808783531189,-0.7948411107063293,0.0535347461700439,-0.2917347550392151,-0.4835804998874664,0.2375902156170115,-0.6131920186723502,0.0361115173249166,109.0
1652955259.530441,-0.0654178410768508,0.2367144227027893,-0.0991167426109314,0.1876101940870285,0.5756639242172241,-0.7958728075027466,0.1385491788387298,-0.2330262959003448,-0.4833704233169555,0.2315025789166682,-0.6134158670977032,0.0301325634659416,109.0
1652955259.540765,-0.0743495970964431,0.2473638653755188,-0.0904036164283752,0.1833278238773346,0.5751447677612305,-0.7972448468208313,0.2000756561756134,-0.1681157350540161,-0.4570181965827942,0.2260225333946726,-0.6127810905889096,0.024063789603554,109.0
1652955259.550355,-0.0689411908388137,0.2657580971717834,-0.0904121398925781,0.1795978844165802,0.5744056105613708,-0.7986255288124084,0.1877721101045608,-0.1203766018152237,-0.4397446513175964,0.2212037590300299,-0.6118778554475643,0.0182189867867353,109.0
1652955259.560283,-0.0578356385231018,0.2560918927192688,-0.1013126969337463,0.1763963997364044,0.5736026763916016,-0.7999151945114136,0.191901609301567,-0.0708473995327949,-0.4154416918754577,0.2170451832883364,-0.6108972638474867,0.0125860115326566,109.0
1652955259.5702848,-0.0380905419588089,0.2264526486396789,-0.1206418275833129,0.173451229929924,0.5731258988380432,-0.8009003400802612,0.1129316985607147,-0.09620351344347,-0.4064266681671142,0.2132766015735953,-0.6103153722468517,0.0073533030244611,109.0
1652955259.580285,-0.0092049241065979,0.1913460493087768,-0.1148808002471923,0.1698494255542755,0.5729190707206726,-0.8018197417259216,0.1191139593720436,-0.1970342546701431,-0.439922571182251,0.2087442011871166,-0.6100629840650945,0.0020090303857144,109.0
1652955259.59024,0.0099620074033737,0.1812633872032165,-0.0896039009094238,0.1654377430677414,0.572666585445404,-0.8029217720031738,0.1420204043388366,-0.2727936804294586,-0.4464519321918487,0.2032009170763978,-0.6097549243348572,-0.0035909388770335,109.0
1652955259.600126,0.0220769047737121,0.1291195750236511,-0.0473253726959228,0.1603418588638305,0.5719376802444458,-0.8044735789299011,0.2257312834262848,-0.3542315661907196,-0.4603475034236908,0.1967346737028167,-0.6088660999346965,-0.0094000102352006,109.0
1652955259.6102571,0.0183035880327224,0.0808324217796325,-0.0448856353759765,0.1548073440790176,0.5706577301025391,-0.8064641952514648,0.264476865530014,-0.3578669428825378,-0.4678362607955932,0.1896511620007624,-0.6073065607484528,-0.0155122544381476,109.0
1652955259.620048,0.0141565054655075,0.0645055770874023,-0.082115888595581,0.1493566483259201,0.5694968700408936,-0.8083105683326721,0.1893136799335479,-0.3143474161624908,-0.4976644814014435,0.1827154769071149,-0.6058936374366193,-0.0217959010369262,109.0
1652955259.630099,0.0245904922485351,0.0749894380569458,-0.1245118379592895,0.1440801471471786,0.5692291855812073,-0.8094560503959656,0.0681726112961769,-0.2777694463729858,-0.5095970630645752,0.1761514041642902,-0.6055680193888547,-0.028115076368933,109.0
1652955259.639991,0.0577473938465118,0.0634166598320007,-0.1550087928771972,0.1388620734214782,0.569818913936615,-0.809952974319458,-0.0410734489560127,-0.2792727947235107,-0.5517681837081909,0.1697938662150285,-0.6062854893413784,-0.0344626519812151,109.0
1652955259.649918,0.0896195024251937,0.0499701499938964,-0.1587836742401123,0.1329604238271713,0.5713812112808228,-0.809842586517334,-0.137075275182724,-0.3441891372203827,-0.6467092037200928,0.1627288055687616,-0.6081878968707268,-0.0413889088375761,109.0
1652955259.659847,0.1044768989086151,-0.0026672482490539,-0.1391039490699768,0.1260528564453125,0.5731095671653748,-0.8097259402275085,-0.0624463185667991,-0.3859792053699493,-0.7264975309371948,0.15443391305945,-0.610295398298787,-0.0494509356333132,109.0
1652955259.6698508,0.0981381759047508,-0.0586970448493957,-0.1018123030662536,0.1185518503189086,0.5741479992866516,-0.8101231455802917,0.0321439728140831,-0.3881374895572662,-0.8031283020973206,0.1453066798347315,-0.6115631945595734,-0.0586091037967755,109.0
1652955259.679975,0.0810608118772506,-0.1022415161132812,-0.0274167656898498,0.1105590239167213,0.5744442939758301,-0.811042845249176,0.128204733133316,-0.3748411238193512,-0.8956227898597717,0.1354820448006215,-0.611925123192273,-0.0690396773500718,109.0
1652955259.689763,0.0619645714759826,-0.1349918246269226,0.0419102311134338,0.1025251373648643,0.5740870237350464,-0.8123501539230347,0.1926124691963195,-0.3158589601516723,-0.9177168011665344,0.1255442981858854,-0.6114886798063485,-0.0802716154959922,109.0
1652955259.699747,0.0673727244138717,-0.1729945540428161,0.0806447267532348,0.0948739498853683,0.5734690427780151,-0.8137151002883911,0.1650575399398803,-0.2977611720561981,-0.915573239326477,0.1160695163583302,-0.6107341077940145,-0.0915954764256077,109.0
1652955259.709738,0.0966668576002121,-0.2092939615249633,0.0872893333435058,0.0869726315140724,0.5733551383018494,-0.8146776556968689,0.0659993439912796,-0.3566840589046478,-0.9229074120521544,0.1063542879450535,-0.610595114937571,-0.1028789633714256,109.0
1652955259.719765,0.1340748071670532,-0.2603107094764709,0.0820995569229126,0.0785258635878562,0.5739977359771729,-0.8150829672813416,-0.0462220050394535,-0.4294658303260803,-0.9108694195747375,0.0960445284231901,-0.6113796549403492,-0.1140096772065888,109.0
1652955259.7296128,0.1438812315464019,-0.3393325209617615,0.0816509127616882,0.06958919018507,0.575728178024292,-0.814674437046051,-0.2133886367082595,-0.4760012328624725,-0.9010469317436218,0.0852127822823323,-0.6134944213514265,-0.1248428561628588,109.0
1652955259.739565,0.1075488328933715,-0.3979172110557556,0.1162776947021484,0.0609234236180782,0.5786532759666443,-0.8132950067520142,-0.3605682253837585,-0.3766930401325226,-0.8819395303726196,0.0747697329890592,-0.617076440734842,-0.1354209782444125,109.0
1652955259.7497292,0.0640101730823516,-0.4434629082679748,0.1728042960166931,0.0534672141075134,0.5823530554771423,-0.8111757636070251,-0.4162079095840454,-0.2240095287561416,-0.853360652923584,0.0658180204321288,-0.6216202252837156,-0.1456508825242427,109.0
1652955259.759514,0.0444565713405609,-0.4746928215026855,0.2477293610572815,0.0472487434744834,0.5862244367599487,-0.8087697625160217,-0.4349112808704376,-0.1131285429000854,-0.8101343512535095,0.0583541895131138,-0.6263905990450919,-0.1555182783548284,109.0
1652955259.769417,0.0365961492061615,-0.4729802012443542,0.3555576801300049,0.0422307252883911,0.5897242426872253,-0.8064997792243958,-0.3082446157932281,0.0148581843823194,-0.7702388763427734,0.0523151920354275,-0.6307173445760947,-0.1649713365206032,109.0
1652955259.779397,0.0289258658885955,-0.4923140406608581,0.4489043951034546,0.0383501015603542,0.5913024544715881,-0.8055375814437866,-0.0153760081157088,0.0928350090980529,-0.7107324004173279,0.0475721684988269,-0.6326729139922626,-0.1740261669937287,109.0
1652955259.789383,0.0074503421783447,-0.5282772183418274,0.5123714804649353,0.035472597926855,0.5907931327819824,-0.8060429096221924,0.1892268657684326,0.1848794072866439,-0.6244682669639587,0.0439799491889004,-0.6320415454909452,-0.1823182970134492,109.0
1652955259.799368,-0.0364702641963958,-0.5492585897445679,0.5539888739585876,0.0342271849513053,0.5888638496398926,-0.8075071573257446,0.3298252522945404,0.3575356006622314,-0.5374255180358887,0.0423608728266109,-0.6296524074749689,-0.1896217726948861,109.0
1652955259.809277,-0.0835271477699279,-0.5669888257980347,0.5399258136749268,0.0349736548960208,0.5864474177360535,-0.8092318773269653,0.2889854311943054,0.5264047384262085,-0.429208755493164,0.0431914557372374,-0.6266658921948908,-0.1957346715267157,109.0
1652955259.819391,-0.0945684313774108,-0.5381487607955933,0.5037844181060791,0.0376836434006691,0.5847165584564209,-0.8103619813919067,0.180845096707344,0.6717395782470703,-0.3031110167503357,0.046468756348466,-0.6245305951852373,-0.2003604573363999,109.0
1652955259.829249,-0.0739758312702179,-0.4802519679069519,0.4459465742111206,0.041978120803833,0.5835486054420471,-0.8109924793243408,0.1385048329830169,0.7452571988105774,-0.2028470784425735,0.0517152623821176,-0.6230916206296311,-0.2035268753943843,109.0
1652955259.8391829,-0.0455842316150665,-0.4027737379074096,0.4186130166053772,0.047186367213726,0.582394003868103,-0.8115360140800476,0.1730249971151352,0.7657853364944458,-0.114250898361206,0.058079122284649,-0.6216705988465134,-0.2055729066197344,109.0
1652955259.84917,-0.0376737117767334,-0.3541358113288879,0.4440476298332214,0.0530545450747013,0.5806410908699036,-0.8124291896820068,0.2730521857738495,0.7929257750511169,-0.0291140526533126,0.0652110032796635,-0.6195158688089891,-0.2066269244759852,109.0
1652955259.859181,-0.0676320195198059,-0.3535582423210144,0.4532225131988525,0.0597584471106529,0.5780426859855652,-0.8138154745101929,0.3630340099334717,0.849949061870575,0.052288394421339,0.0732984193188062,-0.6163279704616029,-0.2067341291488286,109.0
1652955259.869324,-0.1286888420581817,-0.3390690088272095,0.4160216450691223,0.067760482430458,0.5750977396965027,-0.8152737021446228,0.3348044455051422,0.996974527835846,0.1317419856786728,0.0829231903115136,-0.6127235884614082,-0.2059594574560343,109.0
1652955259.878994,-0.1741611361503601,-0.3131918907165527,0.365153431892395,0.0775577127933502,0.5726668834686279,-0.816111147403717,0.2244912385940551,1.164544939994812,0.2188497185707092,0.0947487173632682,-0.6097553361500059,-0.204139849178361,109.0
1652955259.889133,-0.1797194182872772,-0.2412879467010498,0.3098731637001037,0.0888838022947311,0.5712302923202515,-0.8159630298614502,0.0746271908283233,1.2484439611434937,0.2995613515377044,0.10850334899901,-0.608003966651425,-0.2011687544273721,109.0
1652955259.899045,-0.1453731060028076,-0.1674324870109558,0.279507040977478,0.1009394973516464,0.5706821084022522,-0.8149436712265015,-0.0125639094039797,1.2409770488739014,0.3666948676109314,0.1232330754557723,-0.6073362549674722,-0.1971811316232966,109.0
1652955259.908926,-0.1142634749412536,-0.1210217475891113,0.2852383852005005,0.1130580008029937,0.5704439282417297,-0.8135181069374084,-0.0225321222096681,1.1913124322891235,0.4288637936115265,0.1380896907835876,-0.6070462573945398,-0.1923705113974339,109.0
1652955259.918857,-0.1145759224891662,-0.0887454748153686,0.3069361448287964,0.12522654235363,0.5697880387306213,-0.8121944665908813,0.0599566251039505,1.1755976676940918,0.5069060921669006,0.1529783228817816,-0.606247918254072,-0.1868136988455888,109.0
1652955259.928812,-0.1386984586715698,-0.0833832025527954,0.3033120036125183,0.1379812806844711,0.5680258274078369,-0.8113617300987244,0.1849558353424072,1.2040140628814695,0.6010196208953857,0.1684497932079023,-0.6041051547268828,-0.1804196672141192,109.0
1652955259.938858,-0.1610210388898849,-0.087899625301361,0.2795198559761047,0.151392713189125,0.565343976020813,-0.8108430504798889,0.24149951338768,1.2218612432479858,0.6749215126037598,0.1845849082127547,-0.6008501745932657,-0.1732747884116257,109.0
1652955259.948804,-0.1738557815551757,-0.0516887307167053,0.2435511350631714,0.1653413474559784,0.5622349381446838,-0.8102802634239197,0.2400439083576202,1.2438747882843018,0.7470626831054688,0.2012910621456534,-0.5970858865225681,-0.1654351710379062,109.0
1652955259.958843,-0.1685259193181991,-0.0089122056961059,0.204333484172821,0.179802119731903,0.5591857433319092,-0.8093098998069763,0.1801853775978088,1.250723361968994,0.8173041343688965,0.2186165303694734,-0.5934033307563036,-0.1567408133431803,109.0
1652955259.968629,-0.1597986966371536,0.0424191355705261,0.1702930331230163,0.1945276856422424,0.5565441250801086,-0.8077237606048584,0.0858898982405662,1.243011236190796,0.8585355281829834,0.2363338050906182,-0.5902203372607884,-0.1472705366537206,109.0
1652955259.978603,-0.1523059159517288,0.0747370719909668,0.1568136215209961,0.2091753929853439,0.5543679594993591,-0.8055568337440491,0.0365761369466781,1.215978980064392,0.8840371370315552,0.2540548005392068,-0.5876033888727434,-0.1373267696903177,109.0
1652955259.988595,-0.1561065912246704,0.0991222858428955,0.1672703623771667,0.224038690328598,0.5517847537994385,-0.8033307194709778,0.1350705474615097,1.2596794366836548,0.9192546010017396,0.271976545971428,-0.5845027718754539,-0.1272022369655543,109.0
1652955259.998518,-0.1603493839502334,0.1073513627052307,0.1816238760948181,0.2393746376037597,0.5481886863708496,-0.801366925239563,0.2160170674324035,1.2579973936080933,0.9802425503730774,0.2902709661663659,-0.5801969833840317,-0.1168790783985003,109.0
1652955260.008496,-0.1595196723937988,0.113893449306488,0.2103978395462036,0.2547497451305389,0.5436304807662964,-0.7997303009033203,0.3050597310066223,1.2305268049240112,1.0304392576217651,0.3083821496845527,-0.574756525361752,-0.1063976525338969,109.0
1652955260.01844,-0.1629486680030822,0.0919978022575378,0.2163972854614257,0.2701264023780823,0.5383786559104919,-0.7982356548309326,0.305752694606781,1.2047463655471802,1.0928179025650024,0.3263074901916048,-0.5685119502569377,-0.0956519213475668,109.0
1652955260.028469,-0.1737158298492431,0.0651553869247436,0.192385733127594,0.2855627536773681,0.5332154035568237,-0.7963261008262634,0.1956520825624466,1.1685296297073364,1.1636033058166504,0.3443158714196385,-0.5623968367072383,-0.0840657048787156,109.0
1652955260.038384,-0.183061420917511,0.0815288424491882,0.1486774682998657,0.3009507954120636,0.5289652943611145,-0.7934887409210205,-0.0043744901195168,1.1357481479644775,1.2094155550003052,0.3625137177385839,-0.5573808859531627,-0.0713553799248945,109.0
1652955260.048351,-0.1876147389411926,0.1260436773300171,0.1318105459213256,0.3162921071052551,0.525888979434967,-0.7895569205284119,-0.161555990576744,1.1222071647644043,1.2517762184143066,0.3810187102326683,-0.553759932602965,-0.0575957636274051,109.0
1652955260.058228,-0.1821278631687164,0.1510806083679199,0.1446103453636169,0.3317402899265289,0.5234041213989258,-0.7848544716835022,-0.2528233230113983,1.098976969718933,1.3168518543243408,0.3999017705874698,-0.5508411403385235,-0.0427470377646582,109.0
1652955260.068295,-0.1643761992454528,0.1632392406463623,0.1607382297515869,0.3472222685813904,0.5207039713859558,-0.7799385190010071,-0.2197465300559997,1.0561834573745728,1.4084616899490356,0.4188482602099327,-0.5476752997363714,-0.0269846189608332,109.0
1652955260.078212,-0.1438667774200439,0.1632152795791626,0.163895845413208,0.3626777827739715,0.5170733332633972,-0.7753064036369324,-0.1777575314044952,0.9955880641937256,1.4802052974700928,0.437546258594554,-0.5434281834333173,-0.0107048177742346,109.0
1652955260.088131,-0.1341821551322937,0.151457667350769,0.1984180212020874,0.3776666522026062,0.5127025246620178,-0.7710408568382263,-0.1366146206855774,0.8932016491889954,1.5447986125946045,0.4554657077796767,-0.5383295790330281,0.0059107377497997,109.0
1652955260.098298,-0.1601838171482086,0.1502344608306884,0.2339364886283874,0.3925141096115112,0.5076863169670105,-0.7669336795806885,-0.1525291353464126,0.9032103419303894,1.6321086883544922,0.4730403572399256,-0.5324971637549787,0.0230725597206551,109.0
1652955260.108082,-0.2164816260337829,0.1790640950202942,0.2367888689041137,0.4081014394760132,0.5024840831756592,-0.7622092366218567,-0.2438818216323852,0.9761407375335692,1.7155423164367676,0.4915798429620818,-0.5264695618215283,0.0412133586207977,109.0
1652955260.1180549,-0.255818635225296,0.2327889204025268,0.213534414768219,0.424397736787796,0.4975403845310211,-0.7565316557884216,-0.3745484948158264,1.020615816116333,1.79830002784729,0.5112326404978472,-0.5207609660327551,0.0606443222620696,109.0
1652955260.1279988,-0.2532551884651184,0.2829416394233703,0.1932673752307891,0.4411519169807434,0.4928134977817535,-0.7500132322311401,-0.4717934727668762,1.014884352684021,1.8863983154296875,0.5316920402262253,-0.515320211685249,0.0813519232415809,109.0
1652955260.137955,-0.2250550389289856,0.2899655103683471,0.2005335688591003,0.4577820599079132,0.4876224994659424,-0.7434110045433044,-0.4414574205875397,0.921270191669464,1.9723129272460935,0.5519460436874445,-0.5093644782414093,0.1029916049901784,109.0
1652955260.148005,-0.2048956453800201,0.3197307586669922,0.209984540939331,0.4739233255386352,0.4810859858989715,-0.7375317215919495,-0.3298186361789703,0.8158152103424072,2.062484741210937,0.5711415545447495,-0.5018930561789312,0.1247428188135784,109.0
1652955260.157882,-0.2086960673332214,0.3334625959396362,0.2361407876014709,0.489457756280899,0.4729961454868316,-0.7326021194458008,-0.2318899482488632,0.6923254728317261,2.1552865505218506,0.58900018846817,-0.4926882742868209,0.1464576083648902,109.0
1652955260.1682448,-0.2337652444839477,0.3275879621505737,0.2614508271217346,0.5044409036636353,0.4637383222579956,-0.7283448576927185,-0.2183454930782318,0.6215860247612,2.2292416095733643,0.6057322877905981,-0.4822100315625927,0.1682880656774294,109.0
1652955260.177943,-0.272207498550415,0.32542884349823,0.2410891652107238,0.5191556811332703,0.4539791345596313,-0.7241410613059998,-0.2790213525295257,0.5959429740905762,2.283760070800781,0.621995724066891,-0.4712261460801532,0.1905488914231242,109.0
1652955260.1879148,-0.2884713411331177,0.3438988924026489,0.1929269433021545,0.5336189866065979,0.4443258345127105,-0.7196008563041687,-0.401498019695282,0.5537711381912231,2.329732656478882,0.6380702392531102,-0.4604215881931635,0.2135548225894837,109.0
1652955260.1976671,-0.2712591290473938,0.3761922717094421,0.1579575836658477,0.5477024912834167,0.4348615407943725,-0.7147848010063171,-0.5082367062568665,0.4713790714740753,2.3994412422180176,0.6538190706823158,-0.4498845246564865,0.2375674479555387,109.0
1652955260.207676,-0.2337156534194946,0.3782821297645569,0.1521753072738647,0.5609556436538696,0.425262987613678,-0.7102676630020142,-0.5580962300300598,0.3298381268978119,2.4675300121307373,0.6684784910917091,-0.4392524535413985,0.2623948936729606,109.0
1652955260.217638,-0.2303895354270935,0.3839536309242248,0.15170219540596,0.5734681487083435,0.41496342420578,-0.7063566446304321,-0.5328630805015564,0.2541356384754181,2.5376405715942383,0.6819355810578612,-0.4279026031476868,0.2876131666396471,109.0
1652955260.227655,-0.265828788280487,0.403153657913208,0.1624797880649566,0.5855003595352173,0.4036212563514709,-0.7030499577522278,-0.4359268248081207,0.1981434822082519,2.580637216567993,0.6944237497656881,-0.4154713725250378,0.3126042386960908,109.0
1652955260.237554,-0.2958049178123474,0.4040737152099609,0.1974896490573883,0.5968301296234131,0.3910416960716247,-0.700628399848938,-0.362943172454834,0.0902111530303955,2.639370441436768,0.7055669692635819,-0.4017631282010803,0.3369888704280148,109.0
1652955260.247487,-0.3223848342895508,0.3901193141937256,0.2283451855182647,0.607510507106781,0.3772608339786529,-0.6990029811859131,-0.3172058165073395,0.032790046185255,2.736278533935547,0.7154843289919499,-0.3868367897689257,0.3613783683830919,109.0
1652955260.257472,-0.3663727045059204,0.3481412529945373,0.1847242712974548,0.6179137825965881,0.3626542687416076,-0.6976133584976196,-0.3829140067100525,0.0119694527238607,2.826016664505005,0.7248884086130861,-0.3711144714739846,0.3861778780454302,109.0
1652955260.267624,-0.3943174481391907,0.3671267032623291,0.1046241521835327,0.6280363202095032,0.3479209840297699,-0.6960757374763489,-0.5412225723266602,-0.0510220266878604,2.9612715244293213,0.7340583658213254,-0.3553526353766292,0.412446907538254,109.0
1652955260.277396,-0.3936805725097656,0.4284163117408752,0.039482831954956,0.6376838088035583,0.3328620791435241,-0.6946669816970825,-0.6198832988739014,-0.1320092976093292,3.1043777465820312,0.7426553041444933,-0.3393371269552149,0.4404096638518525,109.0
1652955260.287246,-0.38225919008255,0.4672800898551941,0.0126959979534149,0.6466786861419678,0.3169091045856476,-0.6938121318817139,-0.5897407531738281,-0.2282276004552841,3.208305597305298,0.7502513423498741,-0.3224688209609139,0.4691878896608693,109.0
1652955260.297287,-0.3716714382171631,0.4896926879882812,0.0463830530643463,0.6546151041984558,0.2994726002216339,-0.6941146850585938,-0.4220106303691864,-0.3583083748817444,3.265061616897583,0.756120026043997,-0.3041398372776653,0.4976512054256975,109.0
1652955260.3074908,-0.3751878142356872,0.4700826406478882,0.108642578125,0.661091685295105,0.2801665961742401,-0.6960347890853882,-0.1659759730100631,-0.4945240616798401,3.244025707244873,0.7596559859391462,-0.2839676586904407,0.5243938234178288,109.0
1652955260.317265,-0.414329469203949,0.4097892045974731,0.1369600892066955,0.6660231351852417,0.2590817511081695,-0.6994926333427429,0.0616824924945831,-0.5709357261657715,3.234454870223999,0.7608925542495967,-0.2620713740000939,0.54895609360078,109.0
1652955260.3272638,-0.4832183718681335,0.3478465676307678,0.0769235640764236,0.6701079607009888,0.2370107173919677,-0.7034069299697876,0.0980952903628349,-0.519402265548706,3.207831859588623,0.7611592982764461,-0.2392877428748351,0.5723292152018901,109.0
1652955260.33722,-0.5565062165260315,0.3509976267814636,-0.0354240834712982,0.6740903854370117,0.2153556942939758,-0.7065579891204834,0.0119361728429794,-0.3753092885017395,3.1438534259796143,0.7618863200493166,-0.2170560573541209,0.5954146042349634,109.0
1652955260.347222,-0.5662063360214233,0.417619526386261,-0.1457811295986175,0.6782210469245911,0.1943345665931701,-0.708696186542511,0.0080267181620001,-0.2748706936836242,3.094928741455078,0.7634284192800768,-0.1955790313167925,0.6183360726854674,109.0
1652955260.357137,-0.4847782850265503,0.5048636198043823,-0.1991632729768753,0.6816776394844055,0.1730096936225891,-0.7109031081199646,0.14987812936306,-0.372921347618103,3.0604467391967773,0.7644146750156576,-0.1738846266494015,0.6404031626607911,109.0
1652955260.367347,-0.3438947796821594,0.5223650932312012,-0.1786442697048187,0.6826550960540771,0.1503849774599075,-0.7150989174842834,0.4118599891662597,-0.7578352093696594,3.0251805782318115,0.7621909636575287,-0.1509576612836525,0.660637452939263,109.0
1652955260.377101,-0.2431315183639526,0.4496961832046509,-0.1444821953773498,0.6799753904342651,0.1262784302234649,-0.7222791910171509,0.60133296251297,-1.1138827800750732,2.9961297512054443,0.7552388584555291,-0.1266164760764027,0.6790304301040119,109.0
1652955260.38701,-0.2907552123069763,0.3186671137809753,-0.179982915520668,0.674773097038269,0.1023156568408012,-0.7308985590934753,0.5250441431999207,-1.2095919847488403,2.8898520469665527,0.745491467631592,-0.1024950153816646,0.69668816016229,109.0
1652955260.3982449,-0.4409081935882568,0.2518974542617798,-0.278521716594696,0.6688744425773621,0.0809203684329986,-0.7389580607414246,0.1939064413309097,-1.0926679372787476,2.70340633392334,0.7356580089129434,-0.0810089422503674,0.7147962004391182,109.0
1652955260.40713,-0.528148353099823,0.2355734705924987,-0.387684166431427,0.6630969643592834,0.0637705624103546,-0.7458121180534363,-0.2604995965957641,-0.9793052077293396,2.5518527030944824,0.7267568140799558,-0.063813864689997,0.7344973370381918,109.0
1652955260.417069,-0.5142407417297363,0.3091078996658325,-0.4917300939559936,0.6578259468078613,0.0507205463945865,-0.7514601945877075,-0.6082456111907959,-0.8111053109169006,2.4399895668029785,0.7190547566851221,-0.0507423174311295,0.7560850908607485,109.0
1652955260.426894,-0.4316105246543884,0.4098269939422607,-0.5321021676063538,0.6530764698982239,0.0400519706308841,-0.7562320828437805,-0.6760041117668152,-0.7797173261642456,2.358001947402954,0.7123325955683919,-0.0400626884674607,0.778435074665843,109.0
1652955260.4367828,-0.2580279111862182,0.416121244430542,-0.4573790431022644,0.6467608213424683,0.0293089784681797,-0.7621296048164368,-0.4436768889427185,-1.1573036909103394,2.279526948928833,0.7036941828660839,-0.0293131763478164,0.7996898263803878,109.0
1652955260.4470248,-0.096853494644165,0.3945071101188659,-0.334709882736206,0.6364194750785828,0.017708521336317,-0.7711398601531982,-0.2443570047616958,-1.656300067901611,2.164740800857544,0.6899768118809004,-0.0177094467525608,0.8188678283758218,109.0
1652955260.456719,-0.1214774250984191,0.2508871555328369,-0.2776011228561401,0.6230948567390442,0.0061777904629707,-0.7821219563484192,-0.1812776327133178,-1.8007296323776243,1.974381446838379,0.6727085225192554,-0.0061778297737306,0.8361811096460584,109.0
1652955260.466708,-0.3336327075958252,0.1518601179122924,-0.338589072227478,0.6095268130302429,-0.00300945318304,-0.7927597761154175,-0.3789030015468597,-1.6409742832183838,1.7079346179962158,0.6554670274297926,0.0030094577564835,0.8522219834813146,109.0
1652955260.476791,-0.506933867931366,0.1434075832366943,-0.4163861870765686,0.5973573923110962,-0.0084032593294978,-0.8019312024116516,-0.7226154208183289,-1.4015055894851685,1.5459976196289062,0.6402281826478242,0.0084033578402085,0.8683541880954296,109.0
1652955260.486577,-0.5343363881111145,0.1755025386810302,-0.474680483341217,0.5866281986236572,-0.00995391048491,-0.8097952008247375,-1.1022039651870728,-1.2553040981292725,1.4814590215682983,0.626924965815434,0.0099540751603963,0.885882537976471,109.0
1652955260.496539,-0.4627441167831421,0.2453541755676269,-0.5156195163726807,0.5764524936676025,-0.0085656838491559,-0.8170857429504395,-1.301593780517578,-1.2439645528793335,1.4499239921569824,0.6144064857838863,0.0085657887181777,0.9048192622610391,109.0
1652955260.506647,-0.3448996543884277,0.3295794129371643,-0.4841463565826416,0.5654042959213257,-0.0065152738243341,-0.8247881531715393,-1.1404701471328735,-1.46164071559906,1.422107815742493,0.6009378745525424,0.0065153198751124,0.9236314419237568,109.0
1652955260.5165029,-0.2207652330398559,0.3506940007209778,-0.3449636399745941,0.5517892241477966,-0.0068887793458998,-0.8339551091194153,-0.696617066860199,-1.8130091428756716,1.4874590635299685,0.5845238453417625,0.0068888338585688,0.9407979954660066,109.0
1652955260.526417,-0.1802391409873962,0.2341418266296386,-0.1959677636623382,0.535448431968689,-0.0112160723656415,-0.8444934487342834,-0.2027040272951126,-2.036595344543457,1.4264981746673584,0.5650784930078888,0.0112163080064388,0.9555174344562376,109.0
1652955260.536364,-0.3083824515342712,0.1533552408218383,-0.1107362136244773,0.5180076360702515,-0.0174223594367504,-0.8551985621452332,0.0142557192593812,-2.017376184463501,1.1878544092178345,0.5446120154362707,0.0174232416104736,0.967017277512091,109.0
1652955260.5465178,-0.4934362173080444,0.0639674067497253,-0.1128145828843116,0.5012639164924622,-0.0234158895909786,-0.8649775981903076,0.0322212055325508,-1.8313910961151123,1.0553877353668213,0.5252177048721263,0.0234180303898118,0.9763263543779276,109.0
1652955260.556364,-0.5991513729095459,-0.0103134512901306,-0.2806159853935241,0.4861142337322235,-0.0275657922029495,-0.8734604120254517,-0.2851279973983764,-1.5943732261657717,1.0400264263153076,0.5078492022751561,0.0275692847206604,0.985915746048014,109.0
1652955260.566293,-0.6076344847679138,-0.008356750011444,-0.5423643589019775,0.473418116569519,-0.0280397199094295,-0.8803914189338684,-0.7264124751091003,-1.2646534442901611,0.9874929189682008,0.4933786903288493,0.0280433958629108,0.9972478064117608,109.0
1652955260.576225,-0.4979310929775238,-0.0293919444084167,-0.7697122097015381,0.4623017311096191,-0.0241110324859619,-0.8863947987556458,-1.1251683235168457,-1.2347564697265625,0.8513608574867249,0.4807408455223291,0.0241133683832879,1.0097621249596829,109.0
1652955260.586323,-0.3121722638607025,0.1140047907829284,-0.8032078742980957,0.4505083560943603,-0.0175471454858779,-0.8925997614860535,-1.0478019714355469,-1.4259707927703855,0.6722944378852844,0.4674123739525915,0.0175480460923146,1.021623361031651,109.0
1652955260.59621,-0.1180503666400909,0.0986872911453247,-0.636840283870697,0.4356009662151336,-0.0128331938758492,-0.9000484347343445,-0.6121456027030945,-1.907060980796814,0.5321599245071411,0.4507456520889403,0.0128335464256653,1.0306609397722708,109.0
1652955260.6061,-0.0614001154899597,0.0886111855506897,-0.4030235409736633,0.41673144698143,-0.0104591259732842,-0.9089694619178772,-0.3257806003093719,-2.217590570449829,0.3030335903167724,0.4298717694058677,0.0104593165674453,1.036386817452002,109.0
1652955260.684412,-0.2477821409702301,-0.0327165722846984,-0.3044368028640747,0.3969367444515228,-0.0092686479911208,-0.917799174785614,-0.1412262171506881,-2.082685947418213,0.0812905579805374,0.4081955554627401,0.0092687811290104,1.0390338316749608,109.0
1652955260.6857991,-0.1922333836555481,0.0033733248710632,-0.2871260046958923,0.2886383235454559,0.046983178704977,-0.956284761428833,-0.4270315766334533,-1.9788130521774288,-0.5147361755371094,0.293137635836864,-0.0470004808647976,1.0398518625653757,109.0
1652955260.695692,-0.2782144248485565,-0.0551583766937255,-0.2708336412906647,0.2696083784103393,0.0525566786527633,-0.9615347981452942,-0.4008870720863342,-1.912023663520813,-0.7476986050605774,0.273373822556408,-0.052580905172582,1.0349024171769736,109.0
1652955260.713663,-0.4421564936637878,-0.1247714161872863,-0.3754233419895172,0.2516961991786957,0.0597952976822853,-0.9659573435783386,-0.6711633801460266,-1.7094240188598633,-0.9799734354019164,0.2548986949515204,-0.0598309876922991,1.0279388774761895,109.0
1652955260.717198,-0.536750078201294,-0.0890142321586608,-0.5088479518890381,0.2356635630130767,0.0707070529460907,-0.9692590832710266,-1.0426528453826904,-1.4678081274032593,-1.156656265258789,0.2385098081088837,-0.0707661046689233,1.0196212714577553,109.0
1652955260.725575,-0.5312812328338623,-0.0125227570533752,-0.5860611796379089,0.2218633890151977,0.0846726074814796,-0.9713944792747498,-1.2627817392349243,-1.2080612182617188,-1.2200874090194702,0.2245452005711665,-0.0847741094560458,1.0106812035360435,109.0
1652955260.735502,-0.4166426062583923,0.0316261053085327,-0.5453362464904785,0.2091992944478988,0.0994439274072647,-0.9728034734725952,-1.1911349296569824,-1.220585584640503,-1.2625139951705933,0.2118218905383734,-0.0996085610686786,1.001263804931747,109.0
1652955260.745912,-0.2253881841897964,0.0521743297576904,-0.415781706571579,0.1945195794105529,0.1121928393840789,-0.974461317062378,-0.911255419254303,-1.5572062730789185,-1.2806280851364136,0.1970277846162788,-0.1124295453997869,0.9909211136887284,109.0
1652955260.755696,-0.082450047135353,0.002556025981903,-0.306607037782669,0.1760473698377609,0.122433453798294,-0.9767381548881532,-0.703460156917572,-1.902543902397156,-1.395151972770691,0.1783254890280552,-0.1227414110978259,0.979350255295615,109.0
1652955260.765266,-0.1338058412075042,-0.0363508462905883,-0.2795141637325287,0.1548934131860733,0.1314123570919037,-0.9791520833969116,-0.643873393535614,-2.01253342628479,-1.6512410640716553,0.1568912836767004,-0.131793563815052,0.9653903316216698,109.0
1652955260.775155,-0.3282046616077423,-0.0824742317199707,-0.3208822607994079,0.1331514716148376,0.140660673379898,-0.9810633063316344,-0.7625781893730164,-1.944130301475525,-1.8401919603347776,0.1348973277424527,-0.1411286854849181,0.9489904932626932,109.0
1652955260.785019,-0.4885808825492859,-0.1034222841262817,-0.3643079996109009,0.1120396479964256,0.1514936536550521,-0.9820879697799684,-0.9675694704055786,-1.7824567556381226,-1.975409746170044,0.1135920083733517,-0.1520791921693655,0.9309653516776882,109.0
1652955260.795102,-0.5653076171875,-0.0516411066055297,-0.398958146572113,0.0930327624082565,0.1640796214342117,-0.9820502996444702,-1.178544282913208,-1.456868290901184,-2.0406723022460938,0.0944513182796422,-0.1648249187784852,0.9119337888153362,109.0
1652955260.804918,-0.4992144107818603,-0.0733847618103027,-0.3654978275299072,0.0757218971848487,0.1773722022771835,-0.9812264442443848,-1.1451842784881592,-1.4166046380996704,-2.102471351623535,0.0770180228454423,-0.1783156631222362,0.8920991796803165,109.0
1652955260.8149529,-0.3144555687904358,-0.0651596784591674,-0.3233572244644165,0.056871872395277,0.1892477422952652,-0.9802809953689576,-1.0008033514022827,-1.655656099319458,-2.16811203956604,0.0579509266138414,-0.1903959946145611,0.8712991193380967,109.0
1652955260.825136,-0.1582457870244979,-0.0619928836822509,-0.2623922824859619,0.0349241718649864,0.199541300535202,-0.979266881942749,-0.911080002784729,-1.9585005044937132,-2.2706995010375977,0.0356484806859253,-0.2008897858694694,0.8492498511768934,109.0
1652955260.834972,-0.1871975213289261,-0.0860541462898254,-0.202902540564537,0.0103480732068419,0.2088382095098495,-0.977895438671112,-0.8985684514045715,-2.0818092823028564,-2.3812289237976074,0.0105815878773172,-0.2103868206723906,0.8258381312136436,109.0
1652955260.844983,-0.3847095966339111,-0.119818091392517,-0.1747251749038696,-0.0144146373495459,0.2178770154714584,-0.9758697748184204,-0.9880828261375428,-1.918925642967224,-2.466227531433105,-0.014769992155446,-0.2196387027885944,0.8010946622073327,109.0
1652955260.8547978,-0.5785548686981201,-0.1341332793235778,-0.1534357517957687,-0.0371068120002746,0.22754767537117,-0.9730596542358398,-1.1353216171264648,-1.6174837350845337,-2.4883346557617188,-0.0381156902437745,-0.2295585446544016,0.7754549824380543,109.0
1652955260.864962,-0.6663275361061096,-0.1365849375724792,-0.1289969831705093,-0.0572443455457687,0.2377768754959106,-0.9696314930915833,-1.2043044567108154,-1.3565475940704346,-2.484208822250366,-0.0589687715766425,-0.2400764429386498,0.7494335507706741,109.0
1652955260.8749862,-0.636227011680603,-0.0789394974708557,-0.1088763922452926,-0.0750920623540878,0.2478228956460952,-0.9658907651901244,-1.214497685432434,-1.1118505001068115,-2.4469122886657715,-0.0775877798340556,-0.2504324058938925,0.7233239310888343,109.0
1652955260.884727,-0.5028797388076782,-0.0394018292427063,-0.0581938922405242,-0.0914959609508514,0.2571990191936493,-0.9620172381401062,-1.148084282875061,-1.070717215538025,-2.460629940032959,-0.0948232157770912,-0.2601225771362598,0.697155512601808,109.0
1652955260.89494,-0.3073629140853882,-0.0639387369155883,-0.0036824941635131,-0.1090647876262664,0.2650960683822632,-0.9580339193344116,-1.0270733833312988,-1.251051664352417,-2.520134449005127,-0.1133542963726764,-0.2683035459400333,0.6704247287635084,109.0
1652955260.904766,-0.1761975884437561,-0.0326238274574279,0.0372771620750427,-0.128367930650711,0.2715454697608948,-0.953826367855072,-0.9628637433052064,-1.351099729537964,-2.5997679233551025,-0.133778251473219,-0.2749984794534393,0.6428596786477675,109.0
1652955260.914878,-0.1773396730422973,-0.0613667368888855,0.0766787528991699,-0.1485576331615448,0.2767452895641327,-0.949390709400177,-0.906621754169464,-1.3845669031143188,-2.660442352294922,-0.1552181426521423,-0.2804054615441764,0.6144738311974566,109.0
1652955260.924862,-0.2450185418128967,-0.0977851748466491,0.0882277190685272,-0.1691508591175079,0.2813706696033478,-0.9445732235908508,-0.9988995790481568,-1.4036020040512085,-2.689738273620605,-0.1771982737625628,-0.2852221766986731,0.5855015066947135,109.0
1652955260.934718,-0.3241202533245086,-0.1412908434867859,0.0814218819141388,-0.189933180809021,0.2869099974632263,-0.9389398694038392,-1.2223196029663086,-1.3900489807128906,-2.6995420455932617,-0.1995914308029569,-0.2909996585576578,0.5558244449568887,109.0
1652955260.944757,-0.3879142701625824,-0.1336591243743896,0.0711201131343841,-0.2105050086975097,0.2940531969070434,-0.9323198795318604,-1.4565508365631104,-1.3497060537338257,-2.6724236011505127,-0.2220626816116527,-0.2984647545731737,0.5254853085051734,109.0
1652955260.9547238,-0.4141639769077301,-0.0551257729530334,0.0617574453353881,-0.2301995158195495,0.3021341264247894,-0.925053060054779,-1.5044951438903809,-1.2036025524139404,-2.564227342605591,-0.2438960760877542,-0.3069306087172225,0.4952486909883004,109.0
1652955260.964779,-0.3817260265350342,0.0147215127944946,0.0459382236003875,-0.2481263577938079,0.30965256690979,-0.9179044365882874,-1.416826605796814,-1.072973132133484,-2.423766613006592,-0.26400847054859,-0.3148276201047725,0.4661566974026936,109.0
1652955260.97478,-0.2769889533519745,0.0039203166961669,0.0647687911987304,-0.2653847634792328,0.3156022429466247,-0.911024808883667,-1.2183319330215454,-1.0814566612243652,-2.372568368911743,-0.2834594458589352,-0.3210912704463355,0.4382656290775445,109.0
1652955260.984416,-0.1836744546890258,-0.0725042819976806,0.105896383523941,-0.2828783392906189,0.3188930153846741,-0.904592216014862,-0.9473534822463988,-1.1042011976242063,-2.425638198852539,-0.3030795055540333,-0.3245612948028832,0.4108842597620132,109.0
1652955260.994629,-0.1859475374221801,-0.1817638278007507,0.1324499249458313,-0.3005180060863495,0.3190423548221588,-0.8988330960273743,-0.7075608372688293,-1.0791653394699097,-2.5198702812194824,-0.3226584380244284,-0.3247188681071273,0.3835144475634289,109.0
1652955261.004444,-0.2549840211868286,-0.2743751406669616,0.1282705068588256,-0.3181361556053161,0.3170572519302368,-0.8934562802314758,-0.6286192536354065,-1.0515964031219482,-2.595205307006836,-0.3420752971081718,-0.3226250262724704,0.3558555726842154,109.0
1652955261.014434,-0.3204086422920227,-0.3120645880699157,0.0834178030490875,-0.3355057537555694,0.3140583634376526,-0.8881459832191467,-0.6395955085754395,-0.9811633229255676,-2.6862854957580566,-0.3611879182472788,-0.3194646713276401,0.3275461116385519,109.0
1652955261.0247788,-0.3239742517471313,-0.2365646362304687,0.0050510168075561,-0.3520817458629608,0.3106532692909241,-0.8829116225242615,-0.7130712270736694,-0.8652442693710327,-2.722379446029663,-0.3794485785301141,-0.3158802378029218,0.2985374775749143,109.0
1652955261.034503,-0.2669733464717865,-0.1245331168174743,-0.0513579845428466,-0.3674566149711609,0.307659775018692,-0.8776793479919434,-0.8102768659591675,-0.7288150191307068,-2.69826602935791,-0.3964955362026619,-0.312732532537623,0.2691786598217482,109.0
1652955261.04431,-0.2199155390262603,-0.0004047751426696,-0.0758814215660095,-0.3814791738986969,0.3050836026668548,-0.8725810050964355,-0.909182608127594,-0.6369664072990417,-2.649947166442871,-0.4121458638079783,-0.3100262312044214,0.2399785491653285,109.0
1652955261.0541658,-0.1790323257446289,0.0346107482910156,-0.0237540900707244,-0.3952170312404632,0.3035239279270172,-0.8669928908348083,-1.1004353761672974,-0.6851837038993835,-2.7041683197021484,-0.4277065145682949,-0.3083888924651088,0.2101877769050638,109.0
1652955261.0643148,-0.1729484796524047,-0.0422882437705993,0.0833188891410827,-0.4098152816295624,0.3022554218769073,-0.8606352806091309,-1.1410473585128784,-0.7877635359764099,-2.7645952701568604,-0.4444087263687949,-0.3070578650755908,0.1792565025893606,109.0
1652955261.074489,-0.212411493062973,-0.1808847784996032,0.1338185369968414,-0.4254975020885467,0.3004007637500763,-0.8536458611488342,-1.121644377708435,-0.9346317648887634,-2.817807197570801,-0.4624047100710943,-0.3051127894000054,0.1479023302261399,109.0
1652955261.0840468,-0.2577625513076782,-0.261692464351654,0.1618435382843017,-0.4424481093883514,0.2968661189079284,-0.8462329506874084,-0.9577988982200624,-1.027899146080017,-2.9258294105529785,-0.4817556124509317,-0.3014091552622401,0.1162216317252423,109.0
1652955261.094388,-0.2955384254455566,-0.2542823553085327,0.1914790272712707,-0.459603875875473,0.2905460596084595,-0.8392540216445923,-0.6877202987670898,-0.9835850596427916,-2.9745163917541504,-0.501024733809675,-0.2947974609271583,0.0849586245798817,109.0
1652955261.104056,-0.3122332692146301,-0.2154229879379272,0.2207207679748535,-0.4758527278900146,0.2814764380455017,-0.8332677483558655,-0.4709907472133636,-0.8922787308692932,-2.934756278991699,-0.5188744059931883,-0.2853324041094652,0.0552620321134373,109.0
1652955261.114059,-0.3211509585380554,-0.1452361941337585,0.2285929918289184,-0.4907845258712768,0.2711017429828644,-0.8280304074287415,-0.40692999958992,-0.7789553999900818,-2.8661816120147705,-0.5350443005917865,-0.2745374588484793,0.0270044228520998,109.0
1652955261.124,-0.3132581114768982,-0.0917267203330993,0.197268933057785,-0.5040331482887268,0.2605403959751129,-0.8234496116638184,-0.464096188545227,-0.6175678372383118,-2.802414655685425,-0.5492687530172052,-0.2635819009069471,-0.0003604989255113,109.0
1652955261.134069,-0.2937690019607544,-0.1034218072891235,0.1387403309345245,-0.5156183242797852,0.2506944239139557,-0.819322943687439,-0.5678300261497498,-0.5003461241722107,-2.7496337890625,-0.561701524675056,-0.2533975080329064,-0.0274704187266013,109.0
1652955261.144357,-0.2891747951507568,-0.1195912361145019,0.1049342602491378,-0.5260871052742004,0.2415469735860824,-0.815406322479248,-0.6779779195785522,-0.4306114315986633,-2.725626945495605,-0.5729821549577748,-0.2439597196962743,-0.0546101352379628,109.0
1652955261.154055,-0.3036155104637146,-0.1718435287475586,0.1384819000959396,-0.5360451340675354,0.2328253984451294,-0.8114480376243591,-0.712817907333374,-0.4467158317565918,-2.7311480045318604,-0.5837930399652635,-0.234981918030627,-0.0819776637953474,109.0
1652955261.163913,-0.3269662857055664,-0.2157185077667236,0.2006336152553558,-0.5461264252662659,0.2234996408224105,-0.8073375225067139,-0.6332036852836609,-0.5219325423240662,-2.7360098361968994,-0.5947476525188286,-0.2254034602015047,-0.1090531182438944,109.0
1652955261.173788,-0.3212053775787353,-0.2369947433471679,0.2596281766891479,-0.5563886165618896,0.2127380967140197,-0.803227424621582,-0.3918773531913757,-0.545181155204773,-2.7183544635772705,-0.6058039176865586,-0.2143763515872761,-0.1350878138563789,109.0
1652955261.183747,-0.2901014685630798,-0.2302165031433105,0.2805943489074707,-0.5662370324134827,0.1997980028390884,-0.7996601462364197,-0.1482781916856765,-0.5373092889785767,-2.6362497806549072,-0.616139631527348,-0.2011517662347191,-0.1589411773206091,109.0
1652955261.1941,-0.2507709264755249,-0.2173982262611389,0.3120816648006439,-0.5754315257072449,0.1857057362794876,-0.7964872717857361,-0.0112782688811421,-0.5309488773345947,-2.5435736179351807,-0.6256423801223977,-0.1867900388514258,-0.1807919030188124,109.0
1652955261.203749,-0.2325102686882019,-0.2073610424995422,0.3179098963737488,-0.5839875340461731,0.1711799800395965,-0.7935086488723755,0.015334166586399,-0.5199574828147888,-2.412379264831543,-0.6344522508637431,-0.1720272020840693,-0.2009124617813766,109.0
1652955261.213697,-0.216723084449768,-0.2218157052993774,0.2986397743225097,-0.5919470191001892,0.1581167429685592,-0.7903150320053101,-0.2423796504735946,-0.4918012320995331,-2.3354976177215576,-0.6428616598335197,-0.15878310398415,-0.2207462457092086,109.0
1652955261.223698,-0.2144390344619751,-0.2386566400527954,0.28437340259552,-0.5995715856552124,0.1467635929584503,-0.7867492437362671,-0.3858912885189056,-0.5255639553070068,-2.3198587894439697,-0.6511921926153279,-0.1472956350535819,-0.2414092918346298,109.0
1652955261.233744,-0.2219260334968567,-0.2331213355064392,0.2552201151847839,-0.6068702936172485,0.1364118605852127,-0.7830071449279785,-0.5188565254211426,-0.4942472875118255,-2.3018574714660645,-0.6593418168160803,-0.1368385128265267,-0.2626629767153924,109.0
1652955261.2436872,-0.2369639873504638,-0.2109361290931701,0.2909157276153564,-0.6135761737823486,0.1263205409049987,-0.7794660329818726,-0.4514692425727844,-0.4636218547821045,-2.2468416690826416,-0.6668717412283661,-0.1266589290045604,-0.2838328690660087,109.0
1652955261.2533522,-0.2420600652694702,-0.1916170120239257,0.3414655923843384,-0.6196495294570923,0.1151535809040069,-0.7763852477073669,-0.1989698708057403,-0.404707133769989,-2.106091260910034,-0.6735942848479627,-0.1154096095729664,-0.3029657533766871,109.0
1652955261.263566,-0.2022924423217773,-0.2153750658035278,0.4006510376930237,-0.6248865127563477,0.1034077256917953,-0.7738369703292847,-0.080788105726242,-0.3657763004302978,-2.003058195114136,-0.6793076903488525,-0.1035929085275536,-0.3198425025965339,109.0
1652955261.27388,-0.1630498170852661,-0.2388790845870971,0.4682297110557556,-0.6295222043991089,0.0915236100554466,-0.7715731859207153,-0.0485284365713596,-0.3429218530654907,-1.906571626663208,-0.6843577630626858,-0.0916518677119289,-0.3353563499827934,109.0
1652955261.283279,-0.1355937719345092,-0.2486038208007812,0.4927703142166137,-0.6337543725967407,0.0810211077332496,-0.7692794799804688,-0.28245410323143,-0.3389328122138977,-1.814751982688904,-0.6891025844534826,-0.0811100163566907,-0.3507503290041709,109.0
1652955261.293401,-0.1112115979194641,-0.2379059195518493,0.4856092035770416,-0.6375219225883484,0.0727250650525093,-0.7669920921325684,-0.4852000474929809,-0.2793949246406555,-1.729874610900879,-0.693476499738843,-0.0727893281093959,-0.3668526291283741,109.0
1652955261.303164,-0.1047345995903015,-0.2090765833854675,0.4244305789470672,-0.6406267285346985,0.0661394074559211,-0.7649986147880554,-0.5849290490150452,-0.2196366190910339,-1.6349265575408936,-0.6971464535035752,-0.0661877211191869,-0.3832531894033541,109.0
1652955261.313365,-0.1149978637695312,-0.149418294429779,0.4294415116310119,-0.6428604125976562,0.060487613081932,-0.7635913491249084,-0.5443786978721619,-0.0998668000102043,-1.5032066106796265,-0.6997672668583093,-0.0605245590783435,-0.3989598813575093,109.0
1652955261.3235068,-0.1195412278175354,-0.1250409483909607,0.4930058419704437,-0.6440238356590271,0.0548608861863613,-0.7630357146263123,-0.3832077383995056,0.004372680094093,-1.3292460441589355,-0.7010170211074411,-0.0548884438179253,-0.4127484518399025,109.0
1652955261.33324,-0.1139799356460571,-0.1196128129959106,0.5131142139434814,-0.6444429159164429,0.0495229959487915,-0.7630470395088196,-0.2951782941818237,0.0582276545464992,-1.1542012691497805,-0.7013303536144679,-0.0495432598257573,-0.4243690321405796,109.0
1652955261.343289,-0.0838987827301025,-0.1201469898223877,0.5040602684020996,-0.6443421840667725,0.0444625988602638,-0.7634437084197998,-0.2016211897134781,0.0993101075291633,-0.9924329519271852,-0.7009971545280215,-0.0444772633316258,-0.4340989363246399,109.0
1652955261.352984,-0.0435564517974853,-0.1138272285461425,0.4851967692375183,-0.6438977718353271,0.0401632599532604,-0.7640566825866699,-0.2238457947969436,0.1174068227410316,-0.8472129106521606,-0.7002615578661734,-0.0401740668938828,-0.4424577486022716,109.0
1652955261.362802,-0.0153661966323852,-0.1039429903030395,0.4957064688205719,-0.643248975276947,0.0365200042724609,-0.764785647392273,-0.1474615335464477,0.1436962187290191,-0.7417724132537842,-0.6992950402442528,-0.0365281275731829,-0.4497213787136944,109.0
1652955261.373065,0.0135418176651,-0.1227615475654602,0.4460622370243072,-0.6423260569572449,0.0328500233590602,-0.7657272219657898,-0.0650484189391136,0.1661802232265472,-0.6504582166671753,-0.6979819488868771,-0.0328559352922557,-0.4557069167723859,109.0
1652955261.382726,0.0260137319564819,-0.0901039242744445,0.4228516817092895,-0.6411718130111694,0.029113570228219,-0.7668449282646179,0.0130943823605775,0.1872396469116211,-0.5716137290000916,-0.6963786518631827,-0.0291176848799361,-0.4605324903942531,109.0
1652955261.392696,0.0205097794532775,-0.0644097328186035,0.4248338937759399,-0.6398640275001526,0.0255291853100061,-0.7680639624595642,0.0236966926604509,0.18853260576725,-0.496600478887558,-0.6945928213285374,-0.0255319596542232,-0.4644733615697718,109.0
1652955261.4025888,0.0127128958702087,-0.0435470342636108,0.3995486199855804,-0.6385673880577087,0.0228145867586135,-0.7692276239395142,-0.0749588459730148,0.1780095547437667,-0.4088979363441467,-0.6928513054408121,-0.0228165664080989,-0.468040079037908,109.0
1652955261.412671,0.0005137920379638,-0.0234749317169189,0.3523764014244079,-0.6372783780097961,0.02152487821877,-0.7703330516815186,-0.215917557477951,0.1780641376972198,-0.330983430147171,-0.6911530508576685,-0.0215265413414656,-0.4717612539145986,109.0
1652955261.422645,-0.0056369304656982,-0.0156426429748535,0.2745869159698486,-0.6361324787139893,0.0219217948615551,-0.771268367767334,-0.3765474557876587,0.1391216516494751,-0.2888149321079254,-0.6896736032458702,-0.0219235507423882,-0.4760362671547041,109.0
1652955261.432744,0.0101649165153503,0.0074558854103088,0.22744220495224,-0.6351954340934753,0.0233817007392644,-0.7719973921775818,-0.4749339520931244,0.1287861913442611,-0.2966358363628387,-0.6884864676190688,-0.0233838322365136,-0.4810335170346876,109.0
1652955261.442779,0.0099201202392578,0.0186986923217773,0.2163581848144531,-0.6342487931251526,0.0249289497733116,-0.7727270126342773,-0.4093008637428283,0.136752188205719,-0.2999261617660522,-0.6872915205644784,-0.0249315320644958,-0.4861866717541612,109.0
1652955261.45255,0.0071091651916503,0.0283955931663513,0.2300808131694793,-0.6333146095275879,0.0257174633443355,-0.7734670042991638,-0.2616632282733917,0.1277621537446975,-0.2799122333526611,-0.6860995647426843,-0.0257202988561851,-0.4905998596322437,109.0
1652955261.462528,0.0112202167510986,0.0268858671188354,0.2500146925449371,-0.6324207782745361,0.025650518015027,-0.7742002606391907,-0.1641698181629181,0.1150978654623031,-0.2297369092702865,-0.684943057202356,-0.0256533312265312,-0.4938482063797034,109.0
1652955261.47255,0.0289312005043029,0.0131208300590515,0.2412681877613067,-0.6317906379699707,0.0255621802061796,-0.7747174501419067,-0.1414970010519027,0.058589044958353,-0.1828503608703613,-0.6841276111833647,-0.0255649646559944,-0.4964118313709178,109.0
1652955261.482623,0.0426828861236572,-0.0023581981658935,0.2121586799621582,-0.631611168384552,0.0255731679499149,-0.7748634815216064,-0.1226083785295486,0.0046541225165128,-0.1426343023777008,-0.6838961355704758,-0.0255759570270721,-0.4984962632554936,109.0
1652955261.492466,0.0494455099105834,-0.0099483728408813,0.1920763850212097,-0.6317209005355835,0.0258343033492565,-0.7747653722763062,-0.1444811969995498,-0.0269935522228479,-0.1137914657592773,-0.6840432284522877,-0.0258371770287282,-0.5003688528646101,109.0
1652955261.50238,0.0472215414047241,0.0050504207611083,0.1742482483386993,-0.6320604085922241,0.0262369029223918,-0.7744748592376709,-0.1214348673820495,-0.0530959405004978,-0.0918085947632789,-0.6844900815659489,-0.0262399134575301,-0.502009864922724,109.0
1652955261.512393,0.0424599647521972,0.0179008245468139,0.1325661838054657,-0.6324410438537598,0.0264455564320087,-0.774156928062439,-0.0697953775525093,-0.0403913296759128,-0.0696705356240272,-0.684986191361448,-0.0264486396352051,-0.5032414844276428,109.0
1652955261.522268,0.0234476327896118,0.0245978832244873,0.1257965266704559,-0.6327463388442993,0.0263335425406694,-0.77391117811203,0.0140600427985191,-0.0333595722913742,-0.0477516949176788,-0.6853782395513537,-0.0263365862731422,-0.5038725015507447,109.0
1652955261.532456,0.0033240914344787,0.0258729457855224,0.1395238637924194,-0.6328864693641663,0.0258508250117301,-0.7738129496574402,0.0412184260785579,-0.0059242192655801,-0.0139324776828289,-0.6855489303550356,-0.0258537057572294,-0.5038733495098714,109.0
1652955261.5421782,-0.0088233947753906,0.0324823856353759,0.1485406756401062,-0.6328697800636292,0.025729889050126,-0.7738305926322937,-0.047441866248846,0.0086753359064459,-0.0033202362246811,-0.6855248280516724,-0.0257327286744725,-0.5039020817167947,109.0
1652955261.552371,-0.0097078084945678,0.035036563873291,0.1214065551757812,-0.6328855156898499,0.0265273060649633,-0.7737907767295837,-0.1723957806825637,-0.0130038596689701,-0.0122713865712285,-0.6855622699788061,-0.0265304183580282,-0.5046706520076231,109.0
1652955261.562099,-0.0109665989875793,0.0330888628959655,0.0907460749149322,-0.6330153346061707,0.0281198099255561,-0.7736283540725708,-0.2599522173404693,-0.0194968599826097,-0.0145747540518641,-0.6857656428653128,-0.0281235173779776,-0.5061735291171373,109.0
1652955261.572057,-0.0130147337913513,0.0227506160736084,0.0982095897197723,-0.6332560181617737,0.0299946535378694,-0.7733609080314636,-0.2484718412160873,-0.0438496060669422,-0.0177412517368793,-0.686121450454404,-0.0299991534412063,-0.5079264372868095,109.0
1652955261.581986,-0.0097094774246215,0.0179365277290344,0.1245633959770202,-0.6336315870285034,0.0320222154259681,-0.7729719281196594,-0.2090821713209152,-0.0841871201992034,-0.0108376927673816,-0.6866587660700301,-0.0320276891805135,-0.5094828093111872,109.0
1652955261.592115,0.0013473033905029,0.0017037987709045,0.1456765830516815,-0.6344344615936279,0.033690370619297,-0.7722421288490295,-0.150072380900383,-0.1436744183301925,0.0066313128918409,-0.687742948151448,-0.0336967490642365,-0.510622505227944,109.0
1652955261.601956,0.0093030929565429,-0.0024458169937133,0.1474941074848175,-0.635706901550293,0.0351687483489513,-0.7711290121078491,-0.091034285724163,-0.190095379948616,0.0576107241213321,-0.6894337691442108,-0.0351760020151576,-0.5111815637008665,109.0
1652955261.611892,0.0165315866470336,-0.0033048391342163,0.1371458172798156,-0.6371523141860962,0.0364991277456283,-0.7698732614517212,-0.0278822146356105,-0.1939029097557068,0.1124361529946327,-0.6913491037140223,-0.0365072368606403,-0.5108570287828667,109.0
1652955261.6220222,0.0308320522308349,-0.0186786651611328,0.111310064792633,-0.6385743618011475,0.0378445349633693,-0.7686290144920349,0.0221790224313735,-0.1791658252477646,0.1321987211704254,-0.6932393189534315,-0.0378535747513422,-0.5099177245465734,109.0
1652955261.6316972,0.0292789936065673,-0.0261743068695068,0.1096102595329284,-0.6397526860237122,0.0390560403466224,-0.7675879001617432,0.0505616627633571,-0.131910428404808,0.1260923594236374,-0.6948121404663538,-0.039065977579,-0.5087135038831223,109.0
1652955261.6416268,0.0024840831756591,-0.0173037052154541,0.1213743090629577,-0.6406676769256592,0.0401246361434459,-0.7667691707611084,0.0684937909245491,-0.1005727499723434,0.1124660149216651,-0.6960402228767766,-0.0401354092850463,-0.5074036537919127,109.0
1652955261.651742,-0.0147525072097778,-0.0068097114562988,0.1246170699596405,-0.6413296461105347,0.0415510721504688,-0.7661395072937012,0.0436342470347881,-0.0838377103209495,0.1058009266853332,-0.6969527168693459,-0.0415630389267253,-0.5062075868728018,109.0
1652955261.661574,-0.0226399898529052,-0.0138068199157714,0.1212363243103027,-0.641956627368927,0.0435127206146717,-0.765505313873291,0.0192367620766162,-0.1124781444668769,0.1076920330524444,-0.6978413954171264,-0.0435264629512082,-0.5051799746863753,109.0
1652955261.675025,-0.0259374380111694,-0.024146020412445,0.1418594121932983,-0.6426874399185181,0.0459609478712081,-0.7647486329078674,0.0146284289658069,-0.1658542901277542,0.1265757232904434,-0.6988886881154472,-0.0459771458284041,-0.5041937262096049,109.0
1652955261.6851192,-0.0214943289756774,-0.0248761177062988,0.1844667792320251,-0.6437584161758423,0.0478939861059188,-0.7637285590171814,0.0200168024748563,-0.203022688627243,0.1600556522607803,-0.7003665369644534,-0.0479123150017717,-0.5029837112229248,109.0
1652955261.69126,-0.0170484781265258,-0.0199615955352783,0.2080811262130737,-0.6452287435531616,0.0494566224515438,-0.7623870372772217,0.0181238278746604,-0.2461467236280441,0.1981617510318756,-0.7023578545282684,-0.0494768074907179,-0.5014732085597734,109.0
1652955261.702107,-0.0128931999206542,-0.0178035497665405,0.2292695939540863,-0.6468815803527832,0.0510037615895271,-0.7608829140663147,0.0137174939736723,-0.2520805895328522,0.2257867306470871,-0.7045940894014808,-0.0510259018733091,-0.4997876300762972,109.0
1652955261.711659,-0.0115020871162414,-0.023928165435791,0.2566626369953155,-0.6485931873321533,0.0525261163711547,-0.7593206763267517,0.0551930963993072,-0.2565098404884338,0.2670959830284118,-0.706913190764175,-0.0525503002800073,-0.4977142224214705,109.0
1652955261.7215,-0.0153073072433471,-0.01937997341156,0.2824998795986175,-0.6502963900566101,0.0541241653263568,-0.7577501535415649,0.0637222677469253,-0.2379465401172638,0.3254923820495605,-0.7092316996259265,-0.0541506263275341,-0.4950808056938714,109.0
1652955261.731289,-0.0263395309448242,-0.0002930164337158,0.3360593616962433,-0.6517000794410706,0.0560151301324367,-0.7564055323600769,0.0987023636698722,-0.1908621191978454,0.4191072881221771,-0.7111756385457052,-0.0560444654629107,-0.4917476727378162,109.0
1652955261.741139,-0.0343909859657287,0.0236091613769531,0.3683844804763794,-0.652712345123291,0.0582969523966312,-0.7553595900535583,0.1338447630405426,-0.1504469513893127,0.5344515442848206,-0.7126277131938396,-0.0583300222940436,-0.4873791964408496,109.0
1652955261.751871,-0.0314880609512329,0.0300127267837524,0.3963447511196136,-0.6533874273300171,0.0608237534761428,-0.7545763254165649,0.2184613794088363,-0.1264878064393997,0.643287181854248,-0.7136525569677147,-0.0608613200012525,-0.4817642062688133,109.0
1652955261.761486,-0.0259484052658081,0.0245059132575988,0.4377468526363373,-0.6539070010185242,0.0633058995008468,-0.7539218068122864,0.3091702461242676,-0.126880258321762,0.7314783334732056,-0.7144754305771196,-0.0633482588737975,-0.4748249436439499,109.0
1652955261.771058,-0.0177377462387084,0.022519826889038,0.4846068620681762,-0.6544424891471863,0.0657470375299453,-0.7532479763031006,0.3926531374454498,-0.1494023352861404,0.8224276900291443,-0.715323303707472,-0.065794500231451,-0.4666698885727177,109.0
1652955261.781064,-0.0153931379318237,0.0216909646987915,0.4795364141464233,-0.655108630657196,0.0683761090040206,-0.7524343132972717,0.391645222902298,-0.1806684285402298,0.8968518972396851,-0.716362217667982,-0.0684294997516504,-0.4575640077878309,109.0
1652955261.793459,-0.0203989148139953,0.045705497264862,0.4680668115615845,-0.6560078859329224,0.0716212093830108,-0.7513481378555298,0.3585208058357239,-0.2337308526039123,0.9586758613586426,-0.7177572675955384,-0.0716825801480561,-0.4481362742431157,109.0
1652955261.801096,-0.0302239656448364,0.059231162071228,0.4838756620883941,-0.6571540236473083,0.0754961967468261,-0.7499659657478333,0.3338196575641632,-0.2631885111331939,1.0199615955352783,-0.7195347400837535,-0.0755681022940261,-0.438410534248361,109.0
1652955261.810952,-0.0313737392425537,0.0657564401626586,0.4880483746528625,-0.6583998799324036,0.0800057202577591,-0.7484040856361389,0.3288659155368805,-0.2899889647960663,1.1007417440414429,-0.7215074346103028,-0.0800913217401324,-0.4283354397409628,109.0
1652955261.820873,-0.0237721800804138,0.0798516869544982,0.4735999703407287,-0.6596994996070862,0.0848716422915458,-0.7467217445373535,0.3919072151184082,-0.3110880255699157,1.19402813911438,-0.7236019882609013,-0.0849738655885814,-0.4173431779631915,109.0
1652955261.83095,-0.0064901113510131,0.065179705619812,0.4606153070926666,-0.6609446406364441,0.0898606926202774,-0.7450350522994995,0.4572441577911377,-0.3184655010700226,1.2744632959365845,-0.7256601858178156,-0.0899820708268423,-0.4052957910449817,109.0
1652955261.882798,-0.0085844993591308,0.0489462614059448,0.4825555980205536,-0.6620850563049316,0.094714805483818,-0.7434195280075073,0.566164493560791,-0.3093917965888977,1.3436816930770874,-0.7275941278934336,-0.0948569935019704,-0.3921161134865999,109.0
1652955261.883198,-0.0219855308532714,0.0528317689895629,0.4957049787044525,-0.663057804107666,0.0993266925215721,-0.741949200630188,0.6440156102180481,-0.3111113905906677,1.4253928661346436,-0.7293068966217375,-0.0994907436018586,-0.3777376542229345,109.0
1652955261.883368,-0.0489364862442016,0.062618613243103,0.4882009029388428,-0.6638931632041931,0.1042825430631637,-0.7405208349227905,0.6407063007354736,-0.3218376040458679,1.5046916007995603,-0.7308902129577945,-0.1044724872265402,-0.3625163002910022,109.0
1652955261.883522,-0.0656618475914001,0.0722476840019226,0.4641216099262237,-0.6646390557289124,0.1096698194742202,-0.7390719652175903,0.6595380902290344,-0.3255985081195831,1.5730290412902832,-0.7324219486879169,-0.1098908571431081,-0.3466929190918256,109.0
1652955261.8918428,-0.0989206433296203,0.0871517658233642,0.4595428705215454,-0.6658194065093994,0.1212218478322029,-0.7361996173858643,0.761410653591156,-0.3513599634170532,1.7082257270812988,-0.7352410797600989,-0.1215207180776452,-0.3129713087642008,109.0
1652955261.900579,-0.1097075343132019,0.0895706415176391,0.4640962481498718,-0.6662629246711731,0.1268460601568222,-0.7348495125770569,0.8554656505584717,-0.3604303002357483,1.7869694232940674,-0.7364857053591759,-0.1271887070849454,-0.2945203235968766,109.0
1652955261.910711,-0.137326955795288,0.1107344627380371,0.4653747081756592,-0.666551947593689,0.1327849924564361,-0.7335371375083923,0.8761799931526184,-0.3736808598041534,1.914314866065979,-0.7375910675167497,-0.1331783354171235,-0.2749262697839073,109.0
1652955261.920362,-0.1335163116455078,0.1202658414840698,0.4379723072052002,-0.6666393876075745,0.1394506990909576,-0.7322195768356323,0.8639904260635376,-0.3833504617214203,2.023115634918213,-0.7385512590492036,-0.1399066710295197,-0.2543088379693372,109.0
1652955261.93043,-0.1148252487182617,0.1088396310806274,0.3608457446098327,-0.6665315628051758,0.1474091857671737,-0.7307572960853577,0.7168926000595093,-0.3984639048576355,2.0951802730560303,-0.7394659660416348,-0.1479483280797222,-0.2336812872731537,109.0
1652955261.9402452,-0.129646897315979,0.1342372894287109,0.3437860906124115,-0.6662515997886658,0.1563053727149963,-0.7291621565818787,0.7178164124488831,-0.4093385338783264,2.1485044956207275,-0.7403448809109188,-0.156948925636755,-0.2130243425233454,109.0
1652955261.950295,-0.1420468688011169,0.1200059652328491,0.3238809406757355,-0.6657687425613403,0.1653310358524322,-0.7276109457015991,0.7664539813995361,-0.4166406393051147,2.1811485290527344,-0.741044389928446,-0.1660936510688636,-0.1918747743604352,109.0
1652955261.960201,-0.1473822593688964,0.10859215259552,0.3321062326431274,-0.6651787757873535,0.1738598644733429,-0.7261610627174377,0.9041308760643004,-0.4424600601196289,2.21522068977356,-0.7415963051004179,-0.1747478769964066,-0.1698334102797252,109.0
1652955261.970125,-0.152392029762268,0.0981146097183227,0.3439331948757171,-0.6645330786705017,0.1817930340766906,-0.7248083353042603,1.00011146068573,-0.479552298784256,2.2678492069244385,-0.7420412759006138,-0.1828095658138893,-0.1465879963875142,109.0
1652955261.980062,-0.1590059995651245,0.1040193438529968,0.3384621143341064,-0.663885235786438,0.1896444857120514,-0.7233887910842896,1.0506699085235596,-0.5229939818382263,2.3416454792022705,-0.7425320061670797,-0.190800041479668,-0.1223269489602042,109.0
1652955261.990387,-0.1729078888893127,0.10093754529953,0.2993250787258148,-0.663121223449707,0.1978367269039154,-0.7218939661979675,1.0059863328933716,-0.5325587391853333,2.404037952423096,-0.7429889074597162,-0.1991505280290644,-0.0974315566811373,109.0
1652955262.000225,-0.1929722428321838,0.107243537902832,0.2762945890426636,-0.6620998382568359,0.2070885002613067,-0.7202348113059998,0.8852357864379883,-0.5455058217048645,2.4423532485961914,-0.7433672912846617,-0.2085980033767504,-0.0727948124107065,109.0
1652955262.009979,-0.2086080312728881,0.1027226448059082,0.2308795750141143,-0.6607615351676941,0.2172252237796783,-0.7184757590293884,0.779598593711853,-0.5204044580459595,2.441913366317749,-0.7435775235493435,-0.2189709174468667,-0.0486946827169204,109.0
1652955262.019927,-0.2070912718772888,0.0997967720031738,0.1523294150829315,-0.6589213609695435,0.2279805541038513,-0.716831624507904,0.6855034232139587,-0.4682107269763946,2.422100305557251,-0.7433294932762905,-0.2300031166229376,-0.0253584679783195,109.0
1652955262.02994,-0.2292782664299011,0.1062486171722412,0.1309784650802612,-0.6565402746200562,0.2390013188123703,-0.7154251933097839,0.6536823511123657,-0.4332152009010315,2.396151065826416,-0.7425043846099082,-0.2413372336917281,-0.0025833828187701,109.0
1652955262.040102,-0.2416831851005554,0.1254053711891174,0.1358114182949066,-0.6537789106369019,0.2500375211238861,-0.7141809463500977,0.6398558020591736,-0.4317099750041961,2.398329973220825,-0.7412719631630074,-0.2527189958176592,0.0200260652858061,109.0
1652955262.0499558,-0.240622341632843,0.138515830039978,0.1283860802650451,-0.6509029865264893,0.2612012028694153,-0.7128108143806458,0.6319578886032104,-0.4815912544727325,2.4202167987823486,-0.7400328127555673,-0.2642664116697776,0.0427432232875393,109.0
1652955262.059937,-0.2412806153297424,0.1405457854270935,0.1275697946548462,-0.6480932235717773,0.2723172307014465,-0.7112091779708862,0.6678033471107483,-0.5485436320304871,2.436424493789673,-0.7389988662870567,-0.2758004594110609,0.0657775293944365,109.0
1652955262.070082,-0.2386355996131897,0.1474244594573974,0.1305383443832397,-0.6454586982727051,0.2829900681972503,-0.7094361186027527,0.7768725752830505,-0.6199874877929688,2.4577369689941406,-0.7382137407229123,-0.2869101692818466,0.0895308142821611,109.0
1652955262.079946,-0.2587990760803222,0.163756787776947,0.1307282149791717,-0.64291912317276,0.2929014563560486,-0.7077172994613647,0.9406758546829224,-0.6793169975280762,2.507112741470337,-0.7374588799471117,-0.2972599714230622,0.1146034568590265,109.0
1652955262.089818,-0.2782392501831054,0.1770806908607483,0.1141268014907836,-0.6403399109840393,0.301690399646759,-0.7063623070716858,1.1446574926376345,-0.715130090713501,2.54880166053772,-0.7364121502851229,-0.3064651729543771,0.1414635030490541,109.0
1652955262.0997891,-0.3001209497451782,0.1826582551002502,0.103405475616455,-0.6375927329063416,0.3096345961093902,-0.7054091095924377,1.2222113609313965,-0.7305030226707458,2.6053872108459477,-0.7349449325939489,-0.3148087288189794,0.1698846008594396,109.0
1652955262.109828,-0.3070634007453918,0.1996547579765319,0.076932817697525,-0.6345412731170654,0.3179493248462677,-0.7044612765312195,1.124585509300232,-0.7253058552742004,2.6175429821014404,-0.7332275971434852,-0.3235657897480815,0.1985551796563447,109.0
1652955262.119883,-0.2894582748413086,0.1849325895309448,-0.0521174073219299,-0.6312418580055237,0.3272790908813476,-0.703151524066925,0.868728756904602,-0.7139767408370972,2.563326597213745,-0.731560801291642,-0.3334226424005681,0.2259239149378226,109.0
1652955262.12966,-0.3048386573791504,0.2164710164070129,-0.1384669840335846,-0.6279311180114746,0.3379298150539398,-0.7010748386383057,0.6081765294075012,-0.720182478427887,2.454547166824341,-0.7304172432072559,-0.3447164304341873,0.2508407692652579,109.0
1652955262.1398,-0.3357747197151184,0.2319470643997192,-0.1148583889007568,-0.6248118877410889,0.3490502834320068,-0.6984082460403442,0.5324497222900391,-0.7526981234550476,2.372373580932617,-0.7298362962841467,-0.3565574388262485,0.2738838748183658,109.0
1652955262.149595,-0.3313758373260498,0.201834499835968,-0.1039533913135528,-0.6218865513801575,0.3600263297557831,-0.6954410076141357,0.5134161114692688,-0.7938703298568726,2.328294515609741,-0.7296199512199983,-0.3682960999860722,0.296193246475346,109.0
1652955262.159589,-0.3194895386695862,0.1542582511901855,-0.1322338283061981,-0.6191397309303284,0.3707744181156158,-0.6922373175621033,0.5382859110832214,-0.8684458136558533,2.3258957862854004,-0.7297146899532556,-0.3798427381367815,0.3184910165127786,109.0
1652955262.1695008,-0.3148500919342041,0.1344068050384521,-0.1478923559188842,-0.6166532635688782,0.3811382055282593,-0.6888196468353271,0.650320291519165,-0.9454476833343506,2.3488686084747314,-0.7301745209812599,-0.3910271041837659,0.3414372870532366,109.0
1652955262.1794329,-0.3035570979118347,0.1024503707885742,-0.1603939533233642,-0.6141828894615173,0.390603244304657,-0.6857175230979919,0.788241982460022,-0.9595211148262024,2.350180625915528,-0.7304227400450488,-0.4012868079419257,0.3655066690334182,109.0
1652955262.189344,-0.3064276576042175,0.0709119439125061,-0.1730351746082306,-0.6114800572395325,0.3990025222301483,-0.683292806148529,0.9339227080345154,-0.9362275004386902,2.314741373062134,-0.7299913498904156,-0.4104287767257958,0.3905957922189622,109.0
1652955262.199412,-0.3364467620849609,0.0589494109153747,-0.192071259021759,-0.6084386110305786,0.4063503742218017,-0.6816757917404175,0.9836540222167968,-0.873945951461792,2.281132459640503,-0.7286910424320615,-0.4184562500860379,0.4162871903753035,109.0
1652955262.209478,-0.3561372756958008,0.0622684955596923,-0.2273337244987487,-0.6048613786697388,0.4135824739933014,-0.6805087924003601,0.9195546507835388,-0.7930318713188171,2.2478606700897217,-0.7266133268851835,-0.426385329826054,0.4416629413171841,109.0
1652955262.219341,-0.364495038986206,0.0602702498435974,-0.3146962225437164,-0.6007606983184814,0.4210957288742065,-0.6795328855514526,0.8128262162208557,-0.7376954555511475,2.219245433807373,-0.7239489987368304,-0.4346530327461169,0.4663570934452663,109.0
1652955262.229381,-0.3578195571899414,0.048604667186737,-0.3760437965393066,-0.5963888764381409,0.4290680885314941,-0.6783958673477173,0.677340030670166,-0.7006396651268005,2.1439175605773926,-0.7211566235060509,-0.4434608237181,0.4897683953902736,109.0
1652955262.239324,-0.3481253981590271,0.0220348834991455,-0.3492002785205841,-0.5919839143753052,0.4372892379760742,-0.6770030856132507,0.6212192177772522,-0.7085173726081848,2.093794345855713,-0.718500452734575,-0.4525822175411996,0.5119956982215867,109.0
1652955262.249197,-0.3205809593200683,-0.0077836513519287,-0.3465922176837921,-0.5876526832580566,0.4450724124908447,-0.6757031679153442,0.6867819428443909,-0.702602207660675,2.0466232299804688,-0.7158149728244931,-0.461255126012207,0.5340488078186668,109.0
1652955262.259183,-0.2826149463653564,-0.0383519530296325,-0.3943039774894714,-0.5833213925361633,0.451951652765274,-0.6748895645141602,0.7816360592842102,-0.688831627368927,1.995923399925232,-0.7127497287267689,-0.4689519813298394,0.5563968051845024,109.0
1652955262.2692251,-0.2773020267486572,-0.0568836331367492,-0.3986903131008148,-0.579006016254425,0.4576807916164398,-0.6747446656227112,0.9082770943641664,-0.672532320022583,1.9299354553222656,-0.7091842702056823,-0.4753849857338716,0.5792045631372841,109.0
1652955262.279284,-0.2875475883483886,-0.0615006685256958,-0.3907926678657532,-0.5747570991516113,0.4621274471282959,-0.6753461360931396,0.98969703912735,-0.6413626074790955,1.855563759803772,-0.7051065432597845,-0.4803926899186896,0.6023364637572675,109.0
1652955262.289013,-0.2912021279335022,-0.0459152460098266,-0.4259293377399444,-0.5705685615539551,0.4657547771930694,-0.6764052510261536,0.9968705773353576,-0.5979943871498108,1.763493299484253,-0.7007262858132811,-0.4844873442229029,0.6251040063759374,109.0
1652955262.299025,-0.2957913279533386,-0.0284010767936706,-0.4953987896442413,-0.5664676427841187,0.4688027203083038,-0.6777451038360596,0.9731264710426332,-0.5486733317375183,1.659423828125,-0.6961994593259826,-0.48793484725353,0.6470068489672304,109.0
1652955262.3090649,-0.2945098876953125,0.0014022588729858,-0.5320754051208496,-0.5625153183937073,0.4714521765708923,-0.6791976094245911,0.9142237901687622,-0.5109970569610596,1.558458685874939,-0.6917044916809328,-0.4909367071573298,0.6678032178103457,109.0
1652955262.3190842,-0.2829222083091736,0.0030881166458129,-0.5078366994857788,-0.5587373971939087,0.4739468991756439,-0.6805782914161682,0.8426020741462708,-0.4810077548027038,1.470583438873291,-0.6874000619128879,-0.4937676937827096,0.6873045848585455,109.0
1652955262.328932,-0.2676622867584228,-0.0176857709884643,-0.4939786195755005,-0.5552138090133667,0.4764462411403656,-0.6817160248756409,0.7578917145729065,-0.4671851694583893,1.3836359977722168,-0.6834813689633953,-0.4966082441111956,0.7054976646632091,109.0
1652955262.3388572,-0.2514134645462036,-0.009565532207489,-0.5045521259307861,-0.5519008040428162,0.4790393710136413,-0.6825883388519287,0.6564116477966309,-0.4404686093330383,1.3036766052246094,-0.6799273540121843,-0.4995600119398257,0.7223912226849519,109.0
1652955262.349084,-0.2516276240348816,-0.0074867010116577,-0.5112640857696533,-0.5488332509994507,0.481616199016571,-0.6832481026649475,0.6130955815315247,-0.4221220910549164,1.2074075937271118,-0.676732133707711,-0.5024979642564699,0.7379974217123574,109.0
1652955262.358824,-0.2630961537361145,0.0129066109657287,-0.5167405009269714,-0.5461232662200928,0.4838577806949615,-0.683835506439209,0.5851207971572876,-0.4147115647792816,1.1005709171295166,-0.6738976174590002,-0.5050575350849398,0.7524925749883474,109.0
1652955262.368752,-0.2512382864952087,0.0392074584960937,-0.5026519298553467,-0.5440040230751038,0.4855162501335144,-0.684349000453949,0.5725250840187073,-0.4299808144569397,0.9680516719818116,-0.6716368948635144,-0.5069536028374948,0.7658115281190171,109.0
1652955262.378666,-0.2190815210342407,0.0527976751327514,-0.4855054318904876,-0.5427136421203613,0.4865582585334778,-0.6846335530281067,0.5515173077583313,-0.4711117148399353,0.8376674056053162,-0.6702779936372238,-0.5081458981936879,0.7778400483438649,109.0
1652955262.388665,-0.173458456993103,0.0516471266746521,-0.4731115400791168,-0.5422398447990417,0.4870733022689819,-0.6846426129341125,0.5237171053886414,-0.4955217242240906,0.7223703861236572,-0.6698464068943859,-0.5087355516123305,0.7886283988699522,109.0
1652955262.398804,-0.1394395232200622,0.039423644542694,-0.4641614854335785,-0.5423537492752075,0.4871411919593811,-0.6845040917396545,0.5451990962028503,-0.504734456539154,0.6505451202392578,-0.6700471604889271,-0.5088132774996477,0.7985051374585898,109.0
1652955262.408663,-0.1312912106513977,0.0368502140045166,-0.4341808259487152,-0.5426132678985596,0.4869304597377777,-0.6844484210014343,0.5210511088371277,-0.4598139226436615,0.6086840033531189,-0.6703195885964901,-0.5085719794687188,0.8078694784706536,109.0
1652955262.418747,-0.1358255743980407,0.0446614623069763,-0.385573148727417,-0.5426565408706665,0.4865405559539795,-0.684691309928894,0.5432115793228149,-0.4039690196514129,0.5986332297325134,-0.6701856996040279,-0.5081256490100294,0.817013302783215,109.0
1652955262.42856,-0.1375013589859008,0.0614820122718811,-0.3836796581745147,-0.5423541069030762,0.4860966801643371,-0.6852459907531738,0.5010526776313782,-0.3392334282398224,0.5599294900894165,-0.6695202300674361,-0.5076176551089486,0.8259382181398639,109.0
1652955262.438806,-0.1338518261909485,0.0591459274291992,-0.3661114573478699,-0.5420210361480713,0.4855877161026001,-0.6858700513839722,0.4744517505168915,-0.3110186755657196,0.4868152737617492,-0.6687784202492453,-0.5070353555329294,0.8340699850701504,109.0
1652955262.448443,-0.1459502577781677,0.047925591468811,-0.326160579919815,-0.5419771075248718,0.4848672449588775,-0.6864143013954163,0.452739804983139,-0.3128099143505096,0.4174852073192596,-0.6683532278849523,-0.5062113840394675,0.8413771776485809,109.0
1652955262.458401,-0.141262412071228,0.0584826469421386,-0.289446622133255,-0.5423008799552917,0.4838588535785675,-0.6868700385093689,0.454773336648941,-0.3360030055046081,0.3654399216175079,-0.6683209057929328,-0.5050587483986174,0.8480521909638141,109.0
1652955262.468409,-0.1272515058517456,0.0704874396324157,-0.2793891727924347,-0.5430060625076294,0.4826819896697998,-0.6871407628059387,0.4517897963523865,-0.3754793107509613,0.3398458957672119,-0.6687613122026653,-0.5037144999872972,0.8543943025851766,109.0
1652955262.4784632,-0.101683497428894,0.0656319856643676,-0.269949734210968,-0.5440837740898132,0.481406033039093,-0.6871834397315979,0.4195681810379028,-0.3926316499710083,0.305055022239685,-0.6696958155776609,-0.5022581432906075,0.8604023073244305,109.0
1652955262.488412,-0.0788211822509765,0.0536140203475952,-0.2717375159263611,-0.5455074906349182,0.4802641272544861,-0.6868537068367004,0.3518085777759552,-0.4173122346401214,0.2557987868785858,-0.6712017275804782,-0.5009558016289332,0.8656546986469501,109.0
1652955262.49825,-0.0775392651557922,0.0554723739624023,-0.2762063145637512,-0.5473693013191223,0.4792397916316986,-0.6860875487327576,0.3109922409057617,-0.4277772307395935,0.1918365508317947,-0.6734057481162976,-0.4997883457546219,0.8699137552926879,109.0
1652955262.508343,-0.0826514959335327,0.0580798983573913,-0.2587979137897491,-0.5495202541351318,0.4779141545295715,-0.6852923631668091,0.3336616158485412,-0.4201392829418182,0.126813605427742,-0.6758844529474934,-0.4982785798434546,0.8735526357329287,109.0
1652955262.5182729,-0.0828775763511657,0.0449970364570617,-0.214951753616333,-0.5517964959144592,0.4761058986186981,-0.6847216486930847,0.3724165260791778,-0.4006938338279724,0.0976172238588333,-0.6783098501820551,-0.4962211824271573,0.8770617051661487,109.0
1652955262.528163,-0.0761236548423767,0.0131886005401611,-0.1752737462520599,-0.5540643930435181,0.4741171300411224,-0.6842700839042664,0.3272101879119873,-0.3737168312072754,0.0739001780748367,-0.6806372963800733,-0.4939610393944598,0.880337071617017,109.0
1652955262.538059,-0.0709062218666076,0.0003844499588012,-0.1558691263198852,-0.5561538338661194,0.4725958406925201,-0.683627188205719,0.2395492196083068,-0.3422774076461792,0.0783729180693626,-0.6829389434177666,-0.4922339809781822,0.8830081452119344,109.0
1652955262.548072,-0.0697877407073974,0.0093957781791687,-0.1702110171318054,-0.5580046772956848,0.4719230532646179,-0.6825829744338989,0.0938010811805725,-0.3116718232631683,0.0870135426521301,-0.6853149063748162,-0.4914707294114001,0.8849091452219582,109.0
1652955262.558125,-0.0588757395744323,0.0133694410324096,-0.1711996495723724,-0.5597308874130249,0.4719198644161224,-0.6811702847480774,0.053147193044424,-0.2970688641071319,0.0673576593399047,-0.6878449526057889,-0.4914671205243601,0.8860501808216656,109.0
1652955262.569319,-0.0585654377937316,-0.0113102197647094,-0.1774332821369171,-0.5614603161811829,0.4717448055744171,-0.6798670887947083,0.0842380002140998,-0.2840492129325866,0.0319860912859439,-0.6902986501319537,-0.4912685567065322,0.8869695363869945,109.0
1652955262.57795,-0.0575887560844421,-0.0330078601837158,-0.158101737499237,-0.5633372068405151,0.4710442423820495,-0.6787993311882019,0.1339941620826721,-0.2815849483013153,-0.0135138276964426,-0.6927100694234493,-0.490474209676993,0.8878508231017028,109.0
1652955262.5885649,-0.0529865622520446,-0.0400844812393188,-0.1382088661193847,-0.5654217600822449,0.4698586463928222,-0.6778872609138489,0.1547223478555679,-0.289233535528183,-0.0422296300530433,-0.6951870634861939,-0.48913063136306,0.888649739844371,109.0
1652955262.598376,-0.0480355620384216,-0.0529452562332153,-0.1488794088363647,-0.5676261186599731,0.4685815572738647,-0.6769283413887024,0.1251795142889022,-0.2731958627700805,-0.0710093080997467,-0.6977985758113937,-0.4876844671121287,0.8891326390207578,109.0
1652955262.608344,-0.0461999773979187,-0.0564425587654113,-0.1531868875026703,-0.5697821974754333,0.4672890901565552,-0.6760097742080688,0.1333575397729873,-0.2478116750717163,-0.0882961526513099,-0.7003348112963899,-0.4862219917080748,0.8893066183319067,109.0
1652955262.618092,-0.0439726114273071,-0.0648785233497619,-0.1224780082702636,-0.5717348456382751,0.4656481742858886,-0.6754931211471558,0.1933469772338867,-0.2003277838230133,-0.1011088117957115,-0.7023981728699481,-0.4843668869234148,0.8896957825117532,109.0
1652955262.627598,-0.0397220849990844,-0.0794689655303955,-0.0802836418151855,-0.573482871055603,0.4636759757995605,-0.6753680109977722,0.2031143903732299,-0.1721576750278473,-0.1188915371894836,-0.7039953438297257,-0.482139652971674,0.8902095601348198,109.0
1652955262.637764,-0.0382823348045349,-0.0946031212806701,-0.0624954402446746,-0.5752430558204651,0.4616653323173523,-0.6752484440803528,0.1577959805727005,-0.165360540151596,-0.1413715779781341,-0.705595152849007,-0.4798716614013424,0.8904242169856055,109.0
1652955262.647541,-0.0464458465576171,-0.090952455997467,-0.0712913274765014,-0.5770282745361328,0.4600089490413666,-0.6748555898666382,0.0903767198324203,-0.1577689200639724,-0.1473951190710067,-0.7074125973584411,-0.4780052796321475,0.8900405655943308,109.0
1652955262.6575909,-0.0474188327789306,-0.0818400979042053,-0.0787867307662963,-0.5787408947944641,0.458791583776474,-0.6742175221443176,0.0148568619042634,-0.1477932035923004,-0.1478936225175857,-0.7093441756625665,-0.4766347257196274,0.8891636626834121,109.0
1652955262.66746,-0.0491794347763061,-0.0831808447837829,-0.0653108656406402,-0.5803678035736084,0.4579652845859527,-0.6733803749084473,-0.017782574519515,-0.12789086997509,-0.153532326221466,-0.7113461997168881,-0.4757050056954693,0.8878134664093743,109.0
1652955262.6774669,-0.0473154187202453,-0.0947223901748657,-0.0248211026191711,-0.5818350315093994,0.4572551846504211,-0.672596275806427,-0.021153338253498,-0.1077379286289215,-0.1397146433591842,-0.7131715292211748,-0.4749063678642387,0.8863909808184343,109.0
1652955262.687376,-0.0392386317253112,-0.1062474846839904,-0.0035093128681182,-0.583091139793396,0.4566037952899933,-0.6719506978988647,-0.0218694619834423,-0.0860563367605209,-0.1206440031528472,-0.7147140206655824,-0.4741740650723556,0.8851081421597252,109.0
1652955262.697294,-0.0245107412338256,-0.1086742281913757,-0.0024316608905792,-0.5841014385223389,0.4561212360858917,-0.671400785446167,-0.0417402386665344,-0.0488501153886318,-0.1198173314332962,-0.7159764811580062,-0.4736317445741962,0.883840212354394,109.0
1652955262.707312,-0.0256427526473999,-0.1083762645721435,-0.0047199130058288,-0.5848920345306396,0.4557697176933288,-0.6709510684013367,-0.0557436719536781,-0.0226691104471683,-0.1148806288838386,-0.7169782282657,-0.4732367736774893,0.8824525777584425,109.0
1652955262.7175488,-0.0356557965278625,-0.092176079750061,-0.0104049444198608,-0.5854380130767822,0.4554122686386108,-0.6707175970077515,-0.0955350995063781,0.0090326257050037,-0.1233095675706863,-0.7176128533360155,-0.4728352237993755,0.8809713355472488,109.0
1652955262.727788,-0.0356256365776062,-0.0797693133354187,-0.0135695934295654,-0.5858648419380188,0.4552657306194305,-0.6704441905021667,-0.1344041973352432,0.0436417385935783,-0.1437557190656662,-0.7181759009707754,-0.4726706612419906,0.8790354952292969,102.0
1652955262.737389,-0.036422312259674,-0.0744048953056335,-0.0274959206581115,-0.5861668586730957,0.4552913308143616,-0.6701629161834717,-0.1691530495882034,0.0632117092609405,-0.1515510231256485,-0.7186392317846434,-0.4726993994938609,0.8766948071471169,102.0
1652955262.747116,-0.0343934893608093,-0.0736355185508728,-0.0367338955402374,-0.5863798260688782,0.4553892612457275,-0.6699098944664001,-0.1428602039813995,0.0804719179868698,-0.1514250487089157,-0.7190063819220355,-0.4728093904878503,0.8742578272773195,102.0
1652955262.75716,-0.030923843383789,-0.0777337551116943,-0.0264313220977783,-0.5864925980567932,0.4552795588970184,-0.6698857545852661,-0.1030500009655952,0.0830517783761024,-0.1443012058734893,-0.7191195321870917,-0.4726861740420817,0.8721407466008718,102.0
1652955262.767057,-0.0327607989311218,-0.0764400362968444,0.0066039860248565,-0.5865477323532104,0.454943835735321,-0.6700656414031982,-0.0462636835873127,0.0793305486440658,-0.1244761049747467,-0.7190330756658608,-0.4723091583193473,0.8704636781812026,102.0
1652955262.7770271,-0.0334108471870422,-0.0616413354873657,0.0198242664337158,-0.5864623188972473,0.4544951915740967,-0.6704447865486145,-0.0244697071611881,0.0861774757504463,-0.0947781726717948,-0.7186805555994095,-0.4718054087478877,0.8693377966930884,102.0
