1652967042.7699618,-0.015576034784317,-0.0073857307434082,-0.0082050561904907,-0.4643281996250152,0.3491932451725006,-0.8139185905456543,-0.0951454192399978,0.0084979748353362,-0.0661806613206863,-0.518434378353215,-0.3567100197061941,-0.0955368259298353,117.0
1652967042.788402,-0.0106076598167419,-0.0115659832954406,-0.0073519051074981,-0.4645358026027679,0.3494844734668731,-0.813675045967102,-0.0557439476251602,0.0206910986453294,-0.0628931820392608,-0.5187556375835459,-0.3570208391988551,-0.0966288099412803,117.0
1652967042.789824,0.0061134099960327,-0.0268434286117553,0.0203821063041687,-0.4646858274936676,0.3493994176387787,-0.8136259317398071,0.0393186509609222,0.0011831771116703,-0.0409833528101444,-0.5189207033980999,-0.3569300559807341,-0.0972194763946281,117.0
1652967042.801254,0.0046959519386291,-0.0461894869804382,0.0352554023265838,-0.464855283498764,0.3487778604030609,-0.813795804977417,0.1038028374314308,-0.0057437047362327,-0.0252185799181461,-0.518987777812829,-0.3562667477656201,-0.0971398167529142,117.0
1652967042.8096762,-0.0100743174552917,-0.0461644530296325,0.0178594291210174,-0.4649470746517181,0.34784796833992,-0.8141412734985352,0.1081488505005836,0.0070898025296628,-0.0180554762482643,-0.5188900426961001,-0.3552747577374349,-0.0968030132364818,117.0
1652967042.819621,-0.0150219798088073,-0.0354596972465515,0.0002278983592987,-0.4648822546005249,0.347092717885971,-0.8145005702972412,0.0465772971510887,0.0225447118282318,-0.0122725740075111,-0.5186400290608304,-0.3544693112060368,-0.0964970661243679,117.0
1652967042.830996,-0.0156404674053192,-0.0252854228019714,-0.018048733472824,-0.4645994007587433,0.3469061553478241,-0.8147413730621338,-0.0305031053721904,0.0504956543445587,-0.0109388632699847,-0.5182508518140359,-0.3542704024682749,-0.0965399607551037,117.0
1652967042.839377,-0.0161584913730621,-0.0215843915939331,-0.0146508812904357,-0.4641729593276977,0.3471704423427582,-0.8148719072341919,-0.0613105557858943,0.0698784589767456,-0.0196107253432273,-0.517786888885606,-0.3545522026568078,-0.0969301312865992,117.0
1652967042.851314,-0.0072670578956604,-0.0239011645317077,0.0017119050025939,-0.4637260437011719,0.3475465476512909,-0.8149660229682922,-0.0621310733258724,0.0699178725481033,-0.0253567621111869,-0.5173230533787011,-0.3549532679081691,-0.0974940163086987,117.0
1652967042.859332,0.0003302991390228,-0.0213278532028198,0.005711555480957,-0.4633277654647827,0.3478040993213653,-0.8150826692581177,-0.0332957655191421,0.0576587542891502,-0.0306206867098808,-0.5168923186627324,-0.3552279713019163,-0.0980329915244473,117.0
1652967042.869329,-0.0015252232551574,-0.0110138654708862,0.0173624455928802,-0.4629523456096649,0.3478414416313171,-0.815280020236969,0.0015319930389523,0.0485752448439598,-0.0384205542504787,-0.5164401681174242,-0.3552677848127664,-0.0984146687461394,117.0
1652967042.878961,-0.0010017752647399,-0.0084369778633117,0.0151871144771575,-0.4625907838344574,0.3475753962993622,-0.8155986070632935,0.0462136417627334,0.0436304472386837,-0.0241838656365871,-0.5159370634381423,-0.3549840347753717,-0.098547499431872,117.0
1652967042.8892422,0.0046117603778839,-0.0074570775032043,0.0163234174251556,-0.4623144268989563,0.3470036685466766,-0.8159986734390259,0.0690531805157661,0.0366705432534217,-0.0227766521275043,-0.5154703186939811,-0.3543743446640327,-0.0984278719041803,117.0
1652967042.899487,0.0005073845386505,-0.0023605823516845,0.0046534538269042,-0.4621163308620453,0.346405565738678,-0.8163649439811707,0.0745412930846214,-0.0250535383820533,0.1264088749885559,-0.515094108204472,-0.3537367027672848,-0.097927102210578,117.0
1652967042.9091558,-0.1598140597343444,-0.0104166865348815,-0.0522111654281616,-0.461966335773468,0.3456682562828064,-0.8167622089385986,0.0320172645151615,-0.4345169365406036,0.8157907128334045,-0.5147464587424493,-0.3529508502685876,-0.0979777122025023,117.0
1652967042.919096,-0.2376976609230041,-0.028672456741333,-0.1053390800952911,-0.4621314704418182,0.3447037637233734,-0.8170764446258545,-0.0826983973383903,-0.6736377477645874,0.749404788017273,-0.5147347875849522,-0.3519231840240734,-0.0995330383093241,117.0
1652967042.9289498,-0.0976332128047943,-0.0222337245941162,-0.056131511926651,-0.4622117877006531,0.3447057604789734,-0.817030131816864,-0.1002949699759483,-0.1305970698595047,0.0677993521094322,-0.5148335292740133,-0.3519253201671588,-0.1002704790496627,117.0
1652967042.9389,0.0382999181747436,0.0112070441246032,0.0001424252986907,-0.4622348845005035,0.3450877070426941,-0.816855788230896,-0.0923386439681053,0.019862376153469,-0.0903822109103202,-0.5149464127506211,-0.3523322404697706,-0.1008397991453039,117.0
1652967042.949209,-0.0041572153568267,0.0149499177932739,0.0071291327476501,-0.4622734785079956,0.3452421128749847,-0.8167687654495239,-0.0473277568817138,0.0134028792381286,-0.0567614026367664,-0.515027891578261,-0.3524967513699432,-0.101833722809361,117.0
1652967042.959054,0.0132403671741485,0.0127984881401062,0.0195468366146087,-0.4623675942420959,0.3452603220939636,-0.8167077302932739,-0.0143078239634633,0.0006114498246461,-0.0568261556327343,-0.5151471935337193,-0.3525161449391344,-0.1025437705944669,117.0
1652967042.9689488,0.0091605186462402,0.0075533390045166,0.0188115239143371,-0.4625449180603027,0.3450495898723602,-0.8166964054107666,0.0109328180551528,-0.0062110358849167,-0.0397723354399204,-0.5153175500995131,-0.3522916299655746,-0.1030013367354195,117.0
1652967042.978801,0.0029060840606689,0.0126739740371704,0.0212215185165405,-0.4626992046833038,0.3448216319084167,-0.8167052865028381,-0.0025664791464805,-0.0039327023550868,-0.0363351106643676,-0.5154558985266077,-0.3520487435047381,-0.1033094136016423,117.0
1652967042.989038,-0.0013770163059234,0.0172892212867736,0.0055261254310607,-0.4627801477909088,0.344876766204834,-0.8166361451148987,-0.049561683088541,0.0029318621382117,-0.0315573997795581,-0.515567231508281,-0.3521074989002255,-0.1037418630816089,117.0
1652967042.999104,-0.0054712891578674,0.0226351618766784,0.0015518963336944,-0.4627752006053924,0.3454482853412628,-0.8163973093032837,-0.1096052452921867,0.0164419189095497,-0.0203031450510025,-0.5156881260999265,-0.3527164340855709,-0.1044069050289787,117.0
1652967043.008714,-0.0142311453819274,0.0198121666908264,0.0107883214950561,-0.4626518189907074,0.3462978601455688,-0.8161072731018066,-0.116575002670288,0.0327186286449432,-0.0231127813458442,-0.5157261765810066,-0.3536218979363352,-0.1052277789400498,117.0
1652967043.0188022,-0.0070773959159851,0.0151381492614746,0.0242553055286407,-0.4624355733394623,0.346777468919754,-0.8160262107849121,-0.0270855389535427,0.0361818000674247,-0.0183435529470443,-0.5155682466215279,-0.354133179560172,-0.1058147256761981,117.0
1652967043.028749,0.0071330070495605,0.0002894401550292,0.0427594482898712,-0.4622111916542053,0.3466143608093261,-0.816222608089447,0.0559888444840908,0.0207929909229278,0.0071295816451311,-0.5152568910842752,-0.3539592973365313,-0.1057463592886253,117.0
1652967043.0387468,0.0115994215011596,-0.0053827762603759,0.0364436209201812,-0.4620236456394195,0.3460637331008911,-0.8165623545646667,0.083995908498764,0.0120432814583182,0.0177082661539316,-0.514904510211073,-0.3533723348341971,-0.1052368671045695,117.0
1652967043.0484738,0.0113846063613891,0.0006630420684814,0.0146113038063049,-0.461869865655899,0.3456487655639648,-0.8168250918388367,0.0431086644530296,0.0047912281006574,0.0387459099292755,-0.514623983002771,-0.3529300665705496,-0.1046336399648065,117.0
1652967043.058713,0.0048139691352844,-0.0020289421081542,-0.0022915005683898,-0.4616774320602417,0.3458126783370971,-0.8168644905090332,-0.0281828939914703,0.0072633866220712,0.0491763278841972,-0.5144247894548463,-0.3531047513795946,-0.1041710295945225,117.0
1652967043.068388,-0.0085543394088745,-0.0021907687187194,1.5854835510253906e-05,-0.4614316523075104,0.3464502692222595,-0.8167331218719482,-0.0813020393252372,0.0157940238714218,0.0373207367956638,-0.5142656136443898,-0.3537843666981494,-0.1040479221275025,117.0
1652967043.078331,-0.0034289360046386,0.0033929347991943,-0.0028011500835418,-0.4611707031726837,0.3474819958209991,-0.8164421916007996,-0.123665414750576,0.0297153238207101,0.038797914981842,-0.5141759389739914,-0.3548844219036528,-0.1042737098876726,117.0
1652967043.0883598,0.0039295554161071,0.0158884525299072,-0.0169375538825988,-0.460976094007492,0.3488162457942962,-0.8159830570220947,-0.137279212474823,0.0180285759270191,0.0309045705944299,-0.5142360644001638,-0.356307719149383,-0.1047073268234887,117.0
1652967043.098686,-0.0025981664657592,0.0252065658569335,-0.0044106841087341,-0.4608112871646881,0.3501138687133789,-0.8155202269554138,-0.1051491126418113,0.0190591122955083,0.0080924658104777,-0.5143258935355302,-0.3576926626773042,-0.1052361290960787,117.0
1652967043.10825,-0.0117715597152709,0.0141007304191589,0.0137851536273956,-0.4606100916862488,0.3508694171905517,-0.8153092265129089,-0.0216720663011074,0.0089428294450044,-0.0097871981561183,-0.5142497069551355,-0.3584993843759963,-0.1055870123143329,117.0
1652967043.11818,-0.0006337165832519,-2.9146671295166016e-05,0.0263473689556121,-0.4605479836463928,0.3508804738521576,-0.8153394460678101,0.0528217442333698,-0.0197142213582992,-0.0085976030677557,-0.5141760907664202,-0.3585111898635371,-0.1055322275058355,117.0
1652967043.128166,0.0077144801616668,0.0045364499092102,0.0162107050418853,-0.4607326686382293,0.350488543510437,-0.8154036998748779,0.0497479252517223,-0.0392330586910247,-0.0014483472332358,-0.514314029766556,-0.3580926934610343,-0.1052719499460183,117.0
1652967043.138116,0.0109521746635437,0.0011624693870544,-0.0053040087223052,-0.4610101580619812,0.3503052592277527,-0.8153256177902222,-0.017611077055335,-0.0351749919354915,0.0013437494635581,-0.5146129869438877,-0.3578969856660359,-0.1051641047946048,117.0
1652967043.148148,0.0203465223312377,-0.0017871260643005,-0.0128417909145355,-0.4613255560398102,0.3507172167301178,-0.8149700164794922,-0.0840398967266082,-0.0343912206590175,0.0097185922786593,-0.5150930319874658,-0.3583368494150729,-0.1053836543983264,117.0
1652967043.158018,0.0217922031879425,0.0010628104209899,-0.0155945122241973,-0.4615200161933899,0.3515320122241974,-0.8145087361335754,-0.1078510880470275,-0.0159603357315063,0.0123241897672414,-0.5155165288465324,-0.3592070718168413,-0.1057796621216587,117.0
1652967043.167982,0.0168194770812988,0.0052545070648193,-0.0164003372192382,-0.4615979790687561,0.3523226082324981,-0.8141229152679443,-0.0960093438625335,-0.001665286719799,0.0039213839918375,-0.5157922662945457,-0.3600516988294553,-0.1062679124077059,117.0
1652967043.177933,0.0142363607883453,0.0065687298774719,-0.0058380663394927,-0.4616850912570953,0.3528381884098053,-0.8138501644134521,-0.0354918092489242,-9.120209142565727e-06,-0.0018442831933498,-0.5160170353825436,-0.3606026617426173,-0.1066093717007968,117.0
1652967043.187995,0.0009198486804962,0.0060161352157592,0.008661150932312,-0.4618116021156311,0.3529264330863952,-0.813740074634552,0.0257909931242465,-0.0004314975813031,-0.0151286628097295,-0.5161926644351953,-0.3606969643750636,-0.1067343694740365,117.0
1652967043.198022,0.0271956026554107,0.0139182806015014,0.016597181558609,-0.4617354273796081,0.3524672091007232,-0.813982367515564,0.0515657290816307,0.243151918053627,-0.5051173567771912,-0.5159941013933341,-0.3602061922766795,-0.1070896055391126,117.0
1652967043.208314,0.2036384642124176,0.0492518544197082,0.077392965555191,-0.4618629813194275,0.3521724939346313,-0.8140375018119812,0.08364138007164,0.5809102654457092,-1.0617656707763672,-0.5160835696186461,-0.3598912911995566,-0.1066613123850411,117.0
1652967043.218134,0.1789731979370117,0.0803905725479126,0.0705153346061706,-0.4629087746143341,0.3522904813289642,-0.8133922219276428,0.0501049198210239,0.3482219874858856,-0.4731910526752472,-0.517395729531972,-0.3600173732616947,-0.1064295171496094,117.0
1652967043.228158,-0.0026267170906066,0.0394724011421203,0.0025543868541717,-0.4633462131023407,0.3524413704872131,-0.8130776882171631,-0.0301779322326183,-0.0240189544856548,0.0249361619353294,-0.5179681870849298,-0.3601786068913717,-0.1070055092810156,117.0
1652967043.238204,0.0115665197372436,0.0167506337165832,-0.0169230997562408,-0.4638523459434509,0.3531505763530731,-0.812481164932251,-0.10724788159132,-0.0561907403171062,-0.0028099454939365,-0.5187539108325027,-0.3609365174758968,-0.1074906554097317,117.0
1652967043.2510471,0.0071706175804138,0.0187579989433288,-0.0081914663314819,-0.4643545150756836,0.3541540503501892,-0.8117572069168091,-0.1249206289649009,-0.0644750297069549,0.0102123795077204,-0.5196040441095444,-0.3620093330509908,-0.1080276378012406,117.0
1652967043.257959,0.0092442035675048,0.0273679494857788,-0.0058770477771759,-0.4649174511432647,0.3550134301185608,-0.811059296131134,-0.0819632336497306,-0.0707794278860092,-0.0026252344250679,-0.5204974310562855,-0.3629284445365039,-0.1085421504440168,117.0
1652967043.267952,0.0004098117351531,0.0312097668647766,0.0039844214916229,-0.4655130207538605,0.3553906381130218,-0.8105523586273193,-0.0146204121410846,-0.0679753869771957,-0.0169439874589443,-0.5213199105339932,-0.3633319537022258,-0.1088715842357134,117.0
1652967043.277474,-0.0049136579036712,0.0334541797637939,0.0220631957054138,-0.4660794138908386,0.355271428823471,-0.8102790713310242,0.0126780532300472,-0.052950419485569,-0.0250461976975202,-0.5219909770170782,-0.36320442699301,-0.1090696978893091,117.0
1652967043.287754,0.0084713101387023,0.0306746363639831,0.0079284608364105,-0.4666317105293274,0.3551086783409118,-0.8100324869155884,-0.0129700526595115,-0.0578471720218658,-0.0247071776539087,-0.5226346125566167,-0.3630303195218731,-0.1092819081219673,117.0
1652967043.297257,0.0232765078544616,0.0281120538711547,-0.0057470798492431,-0.4672768115997314,0.3553717732429504,-0.8095451593399048,-0.0761341750621795,-0.0827523022890091,-0.0157326683402061,-0.5234928716976907,-0.363311767869538,-0.1097186423033945,117.0
1652967043.307132,0.0208857655525207,0.021341323852539,-0.0045992732048034,-0.4680446088314056,0.3561923205852508,-0.8087405562400818,-0.1392220556735992,-0.0905154198408126,-0.0142351724207401,-0.5246349807557934,-0.364189784056771,-0.1104395782817593,117.0
1652967043.3170729,0.012313574552536,0.0169156193733215,0.0020644962787628,-0.4689023494720459,0.3572799861431122,-0.8077633380889893,-0.1482854038476944,-0.1032813936471939,-0.0223414152860641,-0.5259538992025333,-0.365354025778848,-0.1113959357379256,117.0
1652967043.3270369,0.0146111547946929,0.0229622721672058,0.0116477012634277,-0.4698571562767029,0.3582558631896972,-0.806775689125061,-0.1136403381824493,-0.1139612048864364,-0.0166837964206933,-0.5273694509899726,-0.3663991005118536,-0.1122809356007326,117.0
1652967043.3371902,0.0081698894500732,0.0283511281013488,0.0122660994529724,-0.4707858860492706,0.3589192628860473,-0.8059389591217041,-0.070064827799797,-0.1050687432289123,-0.0180573016405105,-0.528680450859287,-0.3671097334676502,-0.112922635753675,117.0
1652967043.347003,0.0086873769760131,0.0262956023216247,0.0095664262771606,-0.4717000126838684,0.3592842519283294,-0.8052415251731873,-0.0523689240217208,-0.107257068157196,-0.0222834721207618,-0.529903193634931,-0.3675008184393153,-0.1134182522170538,117.0
1652967043.356977,0.0157456398010253,0.0227807164192199,-0.0114849209785461,-0.4726395905017853,0.359736293554306,-0.8044884204864502,-0.0832541957497596,-0.1094538047909736,-0.0150591544806957,-0.531180064434085,-0.3679852542292586,-0.1139302684670948,117.0
1652967043.366902,0.0151993632316589,0.014451265335083,-0.0312894284725189,-0.4735429286956787,0.3605894148349762,-0.803574800491333,-0.1431886404752731,-0.104648932814598,-0.0191375203430652,-0.5325112788479037,-0.3688997463075915,-0.1146739448091614,117.0
1652967043.376868,0.0018063187599182,0.0110805034637451,-0.040423959493637,-0.4744625985622406,0.3619572222232818,-0.8024165034294128,-0.2339588850736618,-0.1086408942937851,-0.0342546477913856,-0.5339920707001917,-0.3703666101537305,-0.1159246679336093,117.0
1652967043.3873749,-0.0112018287181854,0.0136500000953674,-0.0642504394054412,-0.4754315018653869,0.3639788329601288,-0.8009271621704102,-0.3084408342838287,-0.110485665500164,-0.0442257896065712,-0.5357013741497687,-0.3725362020215061,-0.1177642953953949,117.0
1652967043.396821,-0.0253128409385681,0.0159294605255126,-0.0624903440475463,-0.4765030145645141,0.3662471175193786,-0.7992545962333679,-0.323994368314743,-0.1181867867708206,-0.0628480911254882,-0.5376090895547466,-0.3749726963048943,-0.1199654393218009,117.0
1652967043.406909,-0.032938003540039,-0.0013889670372009,-0.0569492578506469,-0.4776821732521057,0.3683964610099792,-0.7975611686706543,-0.2930545806884765,-0.127847135066986,-0.0779628679156303,-0.5396313080964069,-0.3772835654256088,-0.1222938565890547,117.0
1652967043.416754,-0.0292793810367584,-0.0366491079330444,-0.0710496604442596,-0.4790062010288238,0.370427131652832,-0.7958246469497681,-0.3124023079872131,-0.1328165382146835,-0.0779635086655616,-0.5418147895623303,-0.3794688229728955,-0.1246692201770371,117.0
1652967043.42679,-0.0350129604339599,-0.0686779022216796,-0.099561721086502,-0.4803526699542999,0.3727703392505646,-0.793916642665863,-0.3910614252090454,-0.1293581575155258,-0.0841375142335891,-0.5441183810546086,-0.3819927701935754,-0.1273183597172432,117.0
1652967043.436706,-0.0469608902931213,-0.109342873096466,-0.1517695188522339,-0.4816493690013885,0.3759517073631286,-0.7916275858879089,-0.5315018892288208,-0.1172760352492332,-0.0943515449762344,-0.5465944390271381,-0.385423616707316,-0.1306863767628662,117.0
1652967043.446687,-0.0619288682937622,-0.1498798727989196,-0.2090504765510559,-0.482825219631195,0.3800862729549408,-0.7889323830604553,-0.6277634501457214,-0.0709008127450943,-0.1301899701356887,-0.5491950514347607,-0.3898895675838394,-0.1350420107896026,117.0
1652967043.456631,-0.0755184888839721,-0.201328158378601,-0.2290956974029541,-0.4838229715824127,0.3838809132575989,-0.7864800095558167,-0.5295990109443665,-0.0278018154203891,-0.1958365887403488,-0.5515030333746298,-0.393995576289188,-0.1398239237028245,117.0
1652967043.4668078,-0.103172093629837,-0.2722267508506775,-0.2416737079620361,-0.4847795963287353,0.3859913349151611,-0.7848563194274902,-0.3078689873218536,0.0095503497868776,-0.2616422176361084,-0.5533085243019717,-0.3962822118034148,-0.1442837277204656,117.0
1652967043.47686,-0.1522229611873626,-0.362593412399292,-0.2857927680015564,-0.4858233332633972,0.3864855766296386,-0.7839671969413757,-0.2095067501068115,0.0436196364462375,-0.364892840385437,-0.5547779383646394,-0.3968180106059791,-0.1486338089998612,117.0
1652967043.486699,-0.1729367971420288,-0.4761121869087219,-0.3813496232032776,-0.4867464900016784,0.3858052492141723,-0.7837296724319458,-0.1126680821180343,0.0967984348535537,-0.3660627603530884,-0.5557640960981202,-0.3960804792908777,-0.1529430371509458,117.0
1652967043.496667,-0.1575502455234527,-0.5954097509384155,-0.4057404100894928,-0.4872404336929321,0.3850037753582001,-0.7838168740272522,-0.1630952954292297,0.1601112484931945,-0.4190104901790619,-0.5561689277316116,-0.3952119015579265,-0.1572027702727216,117.0
1652967043.5067348,-0.1723797917366027,-0.7302941679954529,-0.4074415266513824,-0.4873950183391571,0.3838362097740173,-0.7842931747436523,-0.1375278830528259,0.2964991927146911,-0.5739383101463318,-0.5560387612320915,-0.3939471773846231,-0.1626737098902232,117.0
1652967043.516546,-0.1539032459259033,-0.8631948232650757,-0.4109381139278412,-0.4868896603584289,0.3811529874801636,-0.7859140634536743,0.0315882936120033,0.4647262096405029,-0.7145165205001831,-0.5546491132701384,-0.3910431165046945,-0.1689094169745534,117.0
1652967043.5265222,-0.1372765600681305,-1.0315561294555664,-0.3875510096549988,-0.4855872392654419,0.3758323490619659,-0.789275050163269,0.3508203625679016,0.6120275259017944,-0.8472412824630737,-0.5515442471874717,-0.3852947933372223,-0.1749336132256676,117.0
1652967043.536479,-0.1905369162559509,-1.1774362325668335,-0.4121071100234985,-0.4833370447158813,0.3678261339664459,-0.794411301612854,0.5529535412788391,0.8155352473258972,-0.948084592819214,-0.5465888966471587,-0.376670172545159,-0.1805817031983141,117.0
1652967043.5465698,-0.2984296381473541,-1.2260825634002686,-0.3884138464927673,-0.4793871343135834,0.3585524260997772,-0.8010169267654419,0.5310298800468445,1.106184720993042,-1.0847225189208984,-0.5392960756415444,-0.3667167368586077,-0.1867697794227831,117.0
1652967043.556417,-0.408383846282959,-1.1315653324127195,-0.3546618819236755,-0.4731469750404358,0.3493824005126953,-0.8087421655654907,0.4429580569267273,1.4615131616592407,-1.1962730884552002,-0.5293472810383587,-0.356911873407968,-0.1947077420248395,117.0
1652967043.5663528,-0.4324858486652374,-1.0957748889923096,-0.2515855729579925,-0.4644715785980224,0.3395525217056274,-0.8179060220718384,0.5075581073760986,1.7351558208465576,-1.3454023599624634,-0.5164661371499717,-0.3464411025669684,-0.2039182205618641,117.0
1652967043.57635,-0.3801295161247253,-1.1939271688461304,-0.1395113170146942,-0.4543126821517944,0.3287356197834015,-0.8279691338539124,0.6060608625411987,1.8425755500793457,-1.379974126815796,-0.5018501681225912,-0.3349644679623252,-0.2136512518700123,117.0
1652967043.586278,-0.3884359002113342,-1.27554452419281,-0.0076330304145812,-0.4432596862316131,0.3166387975215912,-0.8386064171791077,0.7540532350540161,1.916149377822876,-1.4673396348953247,-0.4862391775507761,-0.3221838604088809,-0.2233995673201865,117.0
1652967043.596303,-0.4723892211914062,-1.3248900175094604,0.1748372614383697,-0.4313888847827911,0.3041514158248901,-0.849350094795227,0.618554413318634,2.023427248001098,-1.5192774534225464,-0.4699513248441272,-0.3090475160279632,-0.23392161985497,117.0
1652967043.606235,-0.5935559272766113,-1.2050422430038452,0.2240870893001556,-0.4179644882678985,0.2938115000724792,-0.8596397638320923,0.2626543343067169,2.2061426639556885,-1.5537701845169067,-0.4525539648366016,-0.2982119064233056,-0.246212272970726,117.0
1652967043.6163712,-0.6392362117767334,-1.018606662750244,0.335136353969574,-0.4025119245052337,0.2865982949733734,-0.8693937659263611,-0.0586495921015739,2.42366361618042,-1.5550471544265747,-0.433595486933902,-0.2906742948888768,-0.2604276588265563,117.0
1652967043.626147,-0.6604698896408081,-0.8699992895126343,0.4547635316848755,-0.384818285703659,0.2816714346408844,-0.878963053226471,-0.1542416214942932,2.637650489807129,-1.4950344562530518,-0.4126700893225438,-0.2855356151506337,-0.2753926958397411,117.0
1652967043.636125,-0.6603273153305054,-0.7574846148490906,0.6420111656188965,-0.3644530177116394,0.2762932777404785,-0.8892896175384521,0.1606898307800293,2.917414903640747,-1.4225823879241943,-0.3889473103428367,-0.2799351073750789,-0.2894042545655501,117.0
1652967043.646039,-0.6329212188720703,-0.7276984453201294,0.8328206539154053,-0.3414593338966369,0.2679179012775421,-0.9009026288986206,0.7130613923072815,3.057074785232544,-1.281386375427246,-0.3622896347160471,-0.2712312820410975,-0.3008921074477692,117.0
1652967043.656132,-0.6049652099609375,-0.7128416299819946,0.919549286365509,-0.3164673745632171,0.2551181316375732,-0.9136537313461304,1.215804100036621,3.174956083297729,-1.1100671291351318,-0.3334423186647571,-0.2579698611721149,-0.3090552289502416,117.0
1652967043.666013,-0.6384361982345581,-0.609910786151886,0.9607006907463074,-0.2894050478935241,0.2396930605173111,-0.926710307598114,1.4112318754196167,3.278913974761963,-0.9108681082725524,-0.3026961780429507,-0.2420496766752921,-0.3146176899317491,117.0
1652967043.6761642,-0.7106649875640869,-0.4374997019767761,0.9547842144966124,-0.260236531496048,0.2254373729228973,-0.9388583302497864,1.1338399648666382,3.4161298274993896,-0.7111694812774658,-0.2703955482434266,-0.2273919403175255,-0.3188204291204201,117.0
1652967043.686095,-0.7679551839828491,-0.2618378400802612,0.9641045928001404,-0.2288252711296081,0.2151709496974945,-0.9493895173072816,0.7552476525306702,3.547339677810669,-0.5127503871917725,-0.2365125885914344,-0.2168668691401572,-0.3224929638107673,117.0
1652967043.695866,-0.7518543004989624,-0.1884156465530395,1.0069396495819092,-0.1954876631498336,0.2083772122859954,-0.9583128690719604,0.5478294491767883,3.6289098262786874,-0.2564427554607391,-0.201230568830861,-0.2099154589682629,-0.3249626951352828,117.0
1652967043.705884,-0.7019593119621277,-0.2099321484565735,1.06266987323761,-0.1609710156917572,0.2025279104709625,-0.965955913066864,0.6411588788032532,3.620948791503906,0.0047813961282372,-0.1651268943681903,-0.2039386363301071,-0.3251244267088541,117.0
1652967043.71563,-0.7121612429618835,-0.1797614693641662,1.1139730215072632,-0.1255615949630737,0.1957498639822006,-0.9725822806358336,0.7855616211891174,3.666916608810425,0.2545341253280639,-0.1283910908839507,-0.1970220517577423,-0.3227530868011612,117.0
1652967043.726057,-0.7491834163665771,-0.0907078385353088,1.0141223669052124,-0.088920846581459,0.1884533315896988,-0.9780482649803162,0.7758924961090088,3.7425689697265625,0.4559023976325989,-0.090667359491969,-0.1895870159150068,-0.3182136239132301,117.0
1652967043.7360358,-0.7410441040992737,0.0907003283500671,0.9044010639190674,-0.0512227825820446,0.1814906895160675,-0.9820576906204224,0.7376636266708374,3.780020475387573,0.5949788093566895,-0.0521114055689619,-0.1825021064174415,-0.3123323514968925,117.0
1652967043.745818,-0.690882682800293,0.239104688167572,0.8511523008346558,-0.0129747549071908,0.1746656149625778,-0.9845423102378844,0.6923651695251465,3.78334379196167,0.7070584893226624,-0.0131777002756226,-0.1755661576104408,-0.3055027881574908,117.0
1652967043.755808,-0.6390969753265381,0.3034178018569946,0.8130258321762085,0.0252511203289031,0.1678701937198639,-0.9854856729507446,0.7047320604324341,3.7488698959350586,0.7966618537902832,0.0256174155158248,-0.1686687992976015,-0.2978955913236175,117.0
1652967043.765628,-0.5965752601623535,0.3163236975669861,0.8052105903625488,0.0632805526256561,0.1598162651062011,-0.9851164221763612,0.866287112236023,3.7103095054626474,0.856972873210907,0.0641484912451705,-0.1605045197640358,-0.2899707735157276,117.0
1652967043.775521,-0.554570198059082,0.3095799088478088,0.8171072602272034,0.1005754247307777,0.1494759917259216,-0.9836368560791016,1.0781559944152832,3.611952781677246,0.9498859643936156,0.1018944204384538,-0.1500382849650644,-0.2817321236463013,117.0
1652967043.785684,-0.579810619354248,0.4287069439888,0.7948466539382935,0.1371836215257644,0.1370839029550552,-0.98101407289505,1.2241158485412598,3.599860906600952,1.0309128761291504,0.1389376269714809,-0.1375169248840157,-0.2731854708179228,117.0
1652967043.795562,-0.6247008442878723,0.5748984813690186,0.7509863972663879,0.1739714443683624,0.1228387057781219,-0.9770591259002686,1.3426902294158936,3.648154020309448,1.12527334690094,0.1762095050716787,-0.1231497463968882,-0.264541783651371,117.0
1652967043.805563,-0.6173907518386841,0.6979736685752869,0.7020214796066284,0.2106066197156906,0.1072437092661857,-0.9716705083847046,1.3936107158660889,3.6227080821990967,1.2276021242141724,0.2134453206239282,-0.1074503517819307,-0.2556369815065407,117.0
1652967043.8154,-0.6048125624656677,0.8264985680580139,0.6407424807548523,0.2465209066867828,0.0912216678261756,-0.9648347496986388,1.310090184211731,3.558124542236328,1.3548842668533323,0.2501538744433123,-0.0913486568665245,-0.2461703186341158,117.0
1652967043.825338,-0.6139122247695923,0.9528847932815552,0.5863848924636841,0.2814689874649048,0.0753430277109146,-0.9566078782081604,1.225230693817139,3.498332977294922,1.447041630744934,0.2861608535085694,-0.0754144897997801,-0.2360602440534457,117.0
1652967043.8355742,-0.5966539978981018,1.0493495464324951,0.5572388768196106,0.3152514100074768,0.0599028877913951,-0.94711571931839,1.080865740776062,3.404130697250366,1.5646377801895142,0.3213192318566121,-0.0599387698037668,-0.2251711379194091,117.0
1652967043.8452492,-0.5492652654647827,1.1155130863189695,0.5289979577064514,0.3473456799983978,0.0454649701714515,-0.936634361743927,0.8571727275848389,3.252519130706787,1.6937049627304075,0.3551224987739122,-0.045480647815456,-0.2130428766125587,117.0
1652967043.855515,-0.4969664216041565,1.1749975681304932,0.4835307598114013,0.377169668674469,0.0319569632411003,-0.9255926609039308,0.6964899301528931,3.0212576389312744,1.7937601804733276,0.3869464622649836,-0.0319624061298756,-0.199631348498051,117.0
1652967043.865329,-0.4408925175666809,1.1875699758529663,0.4589198529720306,0.4041035771369934,0.0190922673791646,-0.9145139455795288,0.5519362092018127,2.7473511695861816,1.8841848373413088,0.4160791383272832,-0.0190934279187564,-0.1852231331473275,117.0
1652967043.8749928,-0.4049154222011566,1.1666810512542725,0.4463643133640289,0.4278341233730316,0.0065928725525736,-0.9038332104682922,0.4426123797893524,2.444697141647339,1.9809473752975464,0.442105444061683,-0.0065929203014015,-0.1697491023311629,117.0
1652967043.8850222,-0.4030916690826416,1.1434285640716553,0.435930997133255,0.4484407603740692,-0.0056483596563339,-0.8937947154045105,0.3233877122402191,2.165148973464966,2.038757801055908,0.4650280965814809,0.0056483895266478,-0.1534027467427771,117.0
1652967043.894895,-0.4163682162761688,1.140333652496338,0.4280880689620971,0.4663865268230438,-0.0172298979014158,-0.8844132423400879,0.1665136814117431,1.9454227685928345,2.0886123180389404,0.4852796777105125,0.0172307500397447,-0.1362732971748283,117.0
1652967043.904889,-0.4002187550067901,1.138410210609436,0.3751076161861419,0.4820973873138428,-0.0280311647802591,-0.8756690621376038,-0.0218634139746427,1.748863935470581,2.1952993869781494,0.5032634239405789,0.0280348373261965,-0.1179023303496479,117.0
1652967043.914815,-0.3634089529514313,1.14646315574646,0.3117289245128631,0.4956110417842865,-0.0375894829630851,-0.8677307963371277,-0.3020396828651428,1.5378968715667725,2.3082401752471924,0.5189418428239505,0.0375983421277884,-0.097549545627145,117.0
1652967043.925206,-0.3309003114700317,1.1487571001052856,0.2564197480678558,0.5069714784622192,-0.045756883919239,-0.8607475161552429,-0.5537267327308655,1.3340920209884644,2.429922580718994,0.5322844105159357,0.045772867370282,-0.0749866829230921,117.0
1652967043.934728,-0.3086726665496826,1.152647614479065,0.2182241529226303,0.5163142681121826,-0.0523763224482536,-0.8547960519790649,-0.8515693545341492,1.1362240314483645,2.5276732444763184,0.5433704348274034,0.0524003002938137,-0.0501817420130693,117.0
1652967043.9449391,-0.2890552282333374,1.1422371864318848,0.171710267663002,0.5236438512802124,-0.0574066564440727,-0.8500009179115295,-1.080651044845581,0.9103211760520936,2.602846622467041,0.5521381494487855,0.0574382346064128,-0.0232734052596639,117.0
1652967043.954848,-0.2731527686119079,1.115307331085205,0.1313001215457916,0.528645932674408,-0.0616589672863483,-0.8466000556945801,-1.1649383306503296,0.6405273675918579,2.666473388671875,0.558192292386513,0.0616981043560748,0.0050402827798165,117.0
1652967043.964752,-0.2800067663192749,1.091538906097412,0.1388624161481857,0.5312427282333374,-0.0661084800958633,-0.8446364998817444,-1.1445355415344238,0.3835086524486542,2.706583023071289,0.5614420196880879,0.0661567274789583,0.0339168410243967,117.0
1652967043.974725,-0.2957324981689453,1.0533998012542725,0.1760308891534805,0.5315724015235901,-0.0711572021245956,-0.8440186381340027,-1.048454999923706,0.1324814856052398,2.6892807483673096,0.5620515708348536,0.0712173910689063,0.0625913128422275,117.0
1652967043.984689,-0.293099582195282,1.026297092437744,0.1475620865821838,0.5296109318733215,-0.0767307430505752,-0.8447631001472473,-1.0129063129425049,-0.1331667006015777,2.672902584075928,0.5599890170764945,0.0768062359398602,0.0906780003240118,117.0
1652967043.9948158,-0.2699187397956848,1.0177600383758545,0.0634583905339241,0.5252745151519775,-0.0815705209970474,-0.8470141291618347,-1.2017464637756348,-0.3917945325374603,2.669764518737793,0.5551029970100357,0.0816612531001883,0.1190912305116556,117.0
1652967044.004633,-0.2371145486831665,0.9991075992584229,-0.0517790913581848,0.5185781121253967,-0.0837952196598053,-0.8509142398834229,-1.581073760986328,-0.6720983982086182,2.679983139038086,0.5473291582779374,0.0838935956578068,0.1490601911109411,117.0
1652967044.0146298,-0.2137266397476196,0.9849482774734496,-0.1335304081439972,0.5093808770179749,-0.0818778872489929,-0.8566371202468872,-2.084946393966675,-0.9581435322761536,2.675839900970459,0.5364605641069153,0.0819696453890963,0.181459062917841,117.0
1652967044.024755,-0.2090958952903747,0.978568971157074,-0.1579774618148803,0.4979753196239471,-0.075665071606636,-0.863883912563324,-2.4461333751678467,-1.2194204330444336,2.658219575881958,0.5229141427335485,0.0757374579274293,0.2159941926359591,117.0
1652967044.0344648,-0.2173097133636474,0.9786035418510436,-0.1769637018442154,0.4843995571136474,-0.0673599764704704,-0.8722497820854187,-2.3993566036224365,-1.496204137802124,2.5941500663757324,0.5069375943572303,0.0674110225197932,0.2509128160917718,117.0
1652967044.044478,-0.2470905482769012,1.0056791305541992,-0.1320965439081192,0.4685871005058288,-0.0597216412425041,-0.8813963532447815,-2.068063735961914,-1.747709035873413,2.459743022918701,0.488639437696802,0.0597571990958959,0.2838552374063037,117.0
1652967044.0544472,-0.309929221868515,1.0179529190063477,-0.0407852791249752,0.4509509205818176,-0.0550856441259384,-0.8908472657203674,-1.4169094562530518,-1.9305615425109863,2.2839555740356445,0.468598909646684,0.0551135399718318,0.3129311422510441,117.0
1652967044.064544,-0.3563810586929321,0.9564090967178344,0.0034721195697784,0.4320493936538696,-0.0555960945785045,-0.9001346826553345,-0.6354076862335205,-2.02930235862732,2.115811824798584,0.4475062218627777,0.0556247757113074,0.3371285447810075,117.0
1652967044.074315,-0.3528859913349151,0.8184042572975159,-0.0270457975566387,0.4120595753192901,-0.0613788478076458,-0.9090872406959534,-0.0765214636921882,-2.1469860076904297,2.052764415740967,0.4255677441466877,0.0614174515314981,0.3572709027012198,117.0
1652967044.0842628,-0.3201809823513031,0.7147427201271057,-0.1360329687595367,0.3903866708278656,-0.0695486441254615,-0.9180203080177308,-0.0236867442727088,-2.3231356143951416,2.0611133575439453,0.4020810400639533,0.0696048340614624,0.3761054111091947,117.0
1652967044.0942678,-0.3403990864753723,0.7252054214477539,-0.237037181854248,0.3669341504573822,-0.0748371705412864,-0.927231788635254,-0.5643736720085144,-2.4510319232940674,2.0407726764678955,0.3768205899529903,0.0749072004063952,0.3961116039775965,117.0
1652967044.104262,-0.39212566614151,0.7584919929504395,-0.3377326726913452,0.342229425907135,-0.0734001100063324,-0.9367451667785645,-1.3014637231826782,-2.544234037399292,2.030600309371948,0.3502738633963671,0.0734661796836908,0.4183477738728639,117.0
1652967044.114193,-0.4058508276939392,0.751041829586029,-0.4256001710891723,0.3165869116783142,-0.0649240761995315,-0.9463390707969666,-1.8802638053894043,-2.6405200958251958,1.9697487354278564,0.3228348682389194,0.0649697762588172,0.4425203357462088,117.0
1652967044.130777,-0.3838677108287811,0.6040579676628113,-0.4561430513858795,0.2897514700889587,-0.0515625886619091,-0.9557119607925416,-2.1009528636932373,-2.790313005447388,1.893278956413269,0.2943704454289561,0.0515854659480959,0.4670203535865327,117.0
1652967044.13441,-0.3444946408271789,0.3949081301689148,-0.4192990064620971,0.2615020871162414,-0.0371371060609817,-0.9644882082939148,-1.9526561498641968,-2.935304880142212,1.7657545804977417,0.2647651432689875,0.0371456493968601,0.4902627837388429,117.0
1652967044.14413,-0.3424415588378906,0.274794340133667,-0.3861607015132904,0.232151061296463,-0.0235072132200002,-0.972395658493042,-1.7313628196716309,-3.0382983684539795,1.5322115421295166,0.234354549312261,0.0235093790393253,0.5107275569429661,117.0
1652967044.153888,-0.3993330597877502,0.3068655729293823,-0.4611504077911377,0.2022047787904739,-0.010224069468677,-0.9792898893356324,-1.6594010591506958,-3.0665769577026367,1.3134682178497314,0.2036194682959835,0.0102242479054357,0.5281946943228508,117.0
1652967044.164139,-0.4942381381988525,0.4064192771911621,-0.5885395407676697,0.1722318977117538,0.0041279634460806,-0.9850477576255798,-1.744930624961853,-3.054070234298706,1.1345956325531006,0.1730964742642474,-0.0041279751686938,0.5433342697193301,117.0
1652967044.1738858,-0.5890136957168579,0.4917611479759216,-0.6598365306854248,0.1425110101699829,0.0205848533660173,-0.989579141139984,-1.948364019393921,-3.014211177825928,0.9944138526916504,0.1430283663597607,-0.0205863075429639,0.556668535114194,117.0
1652967044.1836782,-0.6540711522102356,0.4757758378982544,-0.627890944480896,0.1129792481660842,0.0381235219538211,-0.9928656816482544,-1.6978204250335691,-3.037033796310425,0.7453470826148987,0.1133037137736622,-0.038132762590159,0.567771125418705,117.0
1652967044.1937451,-0.6389814019203186,0.3494207859039306,-0.4796991050243377,0.0825238823890686,0.0507745929062366,-0.9952948093414308,-0.9807618856430054,-3.18187952041626,0.5107799768447876,0.0827247870535783,-0.0507964365798903,0.5752838964235699,117.0
1652967044.203837,-0.5960515737533569,0.1029629707336425,-0.2877890169620514,0.0505956374108791,0.056084357202053,-0.9971432089805604,-0.1548730581998825,-3.2934610843658447,0.2269346415996551,0.0506971146970452,-0.0561138015303366,0.579318633658348,117.0
1652967044.2136068,-0.5744988322257996,-0.1382553577423095,-0.3628170490264892,0.0173089113086462,0.0549099817872047,-0.9983412623405457,0.3638884127140045,-3.4177284240722656,0.0904534608125686,0.0173359327126285,-0.0549376116054705,0.5808438876632733,117.0
1652967044.223702,-0.543370246887207,-0.1292502284049987,-0.5190041065216064,-0.0170240718871355,0.0509255081415176,-0.9985573291778564,0.3425865769386291,-3.475895404815674,-0.0089234597980976,-0.0170470162918864,-0.0509475451005413,0.5812487187732014,117.0
1652967044.233668,-0.5906228423118591,0.0070350170135498,-0.6234371662139893,-0.0511618517339229,0.0494015999138355,-0.9974677562713624,-0.0765624120831489,-3.3634591102600098,-0.1206816434860229,-0.0512468241255275,-0.0494217154116419,0.580634259496153,117.0
1652967044.243637,-0.6840546727180481,0.1696248054504394,-0.7842405438423157,-0.08375234156847,0.053222507238388,-0.9950642585754396,-0.6869664192199707,-3.1784725189208984,-0.2512260675430298,-0.0839698583816042,-0.0532476677908113,0.5785051885080152,117.0
1652967044.2536368,-0.7044152021408081,0.2263655662536621,-0.8667712807655334,-0.1145239919424057,0.0604664161801338,-0.9915785789489746,-0.7332010865211487,-3.016991376876831,-0.3833218812942505,-0.1149871574866321,-0.0605033243782472,0.5746441171932244,117.0
1652967044.263458,-0.638332724571228,-0.0111610293388366,-0.6636751294136047,-0.1441379636526107,0.0652407184243202,-0.9874046444892884,-0.3155792951583862,-2.948326826095581,-0.5502147674560547,-0.1449527781068847,-0.065287087224006,0.5693681970180019,117.0
1652967044.273672,-0.5696280002593994,-0.3531644940376282,-0.536655068397522,-0.1735513359308242,0.0642430111765861,-0.9827272295951844,0.3330471515655517,-2.979153871536255,-0.700788676738739,-0.1747993843956967,-0.0642872851244229,0.5631773639045662,117.0
1652967044.283476,-0.5467798709869385,-0.4743424654006958,-0.5987361073493958,-0.2031743377447128,0.0572017319500446,-0.9774702787399292,0.7301238775253296,-2.963151454925537,-0.8685302734375,-0.2049391125370205,-0.0572329738219605,0.5566142572401067,117.0
1652967044.2937078,-0.6069372296333313,-0.4053118228912353,-0.6216524839401245,-0.2317163348197937,0.0480594038963317,-0.9715955257415771,0.6397067904472351,-2.7920618057250977,-1.0543197393417358,-0.2341172437061383,-0.0480779247812236,0.548734576040997,117.0
1652967044.303765,-0.6474472880363464,-0.3046722412109375,-0.7325606942176819,-0.2581465542316437,0.0419479236006736,-0.9651946425437928,0.0600285232067108,-2.6003012657165527,-1.0571227073669434,-0.261338654672035,-0.0419602340798177,0.5393411334394826,114.0
1652967044.313364,-0.6030299663543701,-0.1805267930030822,-0.7846865057945251,-0.28284952044487,0.0418276526033878,-0.9582518339157104,-0.5986431837081909,-2.47798752784729,-1.0395865440368652,-0.2870219503313769,-0.0418398578518682,0.5285893378048157,114.0
1652967044.323334,-0.5371665954589844,-0.2710188031196594,-0.6936999559402466,-0.3066444396972656,0.0454761125147342,-0.9507371783256532,-0.8084706664085388,-2.434882879257202,-1.0603445768356323,-0.3119992897371345,-0.0454918030271229,0.5164410763616838,114.0
1652967044.3332748,-0.4804843664169311,-0.5129504799842834,-0.6048896312713623,-0.3301082849502563,0.0503242574632167,-0.942600667476654,-0.9187132716178894,-2.4315192699432373,-1.1042476892471311,-0.3368620060411794,-0.05034552265264,0.5034871609364912,114.0
1652967044.343651,-0.4698961079120636,-0.6252939105033875,-0.5665248036384583,-0.3532697856426239,0.0554011724889278,-0.9338796138763428,-1.0600786209106443,-2.3780336380004883,-1.2901102304458618,-0.3616448601968961,-0.0554295532670945,0.489005174759441,114.0
1652967044.353197,-0.5300298929214478,-0.5587269067764282,-0.571143627166748,-0.3753503859043121,0.0612864978611469,-0.9248546361923218,-1.3210512399673462,-2.2007620334625244,-1.4884872436523438,-0.3855375508388947,-0.0613249289525714,0.471705910440957,114.0
1652967044.363204,-0.5815298557281494,-0.4834785461425781,-0.6122196316719055,-0.3953836560249328,0.0690067932009697,-0.9159201979637146,-1.6440556049346924,-1.9630497694015503,-1.5862953662872314,-0.4075142967120499,-0.0690616800042393,0.4517831999141521,114.0
1652967044.373097,-0.5581029057502747,-0.3983874917030334,-0.5274505019187927,-0.4137293994426727,0.0782317891716957,-0.9070324301719666,-1.7960342168807983,-1.8299154043197632,-1.6971312761306765,-0.4279442323393396,-0.0783118083974912,0.4297527711681995,114.0
1652967044.38307,-0.5002166032791138,-0.4119173884391784,-0.4052884578704834,-0.4311188459396362,0.0866392105817794,-0.898125946521759,-1.671899437904358,-1.734288454055786,-1.777994990348816,-0.4475366298187864,-0.0867479719994828,0.4066429103423972,114.0
1652967044.393055,-0.4519403576850891,-0.6381776928901672,-0.2601939141750335,-0.4481451213359833,0.0914317592978477,-0.8892728686332703,-1.1960240602493286,-1.7303087711334229,-1.8895028829574585,-0.4667990981645005,-0.0915596287898394,0.3838273714765332,114.0
1652967044.4029942,-0.4474334120750427,-0.8846058249473572,-0.132458746433258,-0.4653016328811645,0.0909243673086166,-0.8804698586463928,-0.7187502980232239,-1.7496929168701172,-2.0328354835510254,-0.486163100893587,-0.0910501208915625,0.3620839930537215,114.0
1652967044.413093,-0.5077214241027832,-0.9457839727401732,-0.0343318879604339,-0.4820552468299866,0.0860592275857925,-0.8719039559364319,-0.516202986240387,-1.6386884450912476,-2.202814817428589,-0.5050489998318588,-0.0861658107132439,0.3406447667683592,114.0
1652967044.422923,-0.5889559984207153,-0.9078262448310852,-0.0299498736858367,-0.4971035718917846,0.0801818594336509,-0.8639785647392273,-0.6498897075653076,-1.4149760007858276,-2.2437283992767334,-0.5221090249900318,-0.0802680257848413,0.3183231730105706,114.0
1652967044.4328542,-0.5770583152770996,-0.8515270948410034,-0.0427330136299133,-0.5100235939025879,0.0747307389974594,-0.8569079637527466,-0.6673336625099182,-1.20759379863739,-2.212054491043091,-0.5368757093128511,-0.0748004741386846,0.2957656537539937,114.0
1652967044.44287,-0.5197250843048096,-0.8388954997062683,0.0913601070642471,-0.5210312008857727,0.0684757679700851,-0.8507865071296692,-0.5009318590164185,-1.0126317739486694,-2.1384549140930176,-0.549495447678857,-0.0685293907462514,0.2741897092304675,114.0
1652967044.452815,-0.4760699868202209,-0.8864223957061768,0.1623225957155227,-0.5300488471984863,0.0614170841872692,-0.845740020275116,-0.334195613861084,-0.804013192653656,-2.0737247467041016,-0.5598408538809957,-0.0614557614571393,0.25384365670438,114.0
1652967044.462814,-0.4204522371292114,-1.0104721784591677,0.1458502262830734,-0.5372351408004761,0.0530633777379989,-0.8417617082595825,-0.3371679484844208,-0.6215128898620605,-1.970046877861023,-0.5680544621665515,-0.0530883115601779,0.235200985171098,114.0
1652967044.473033,-0.3878021240234375,-1.0182315111160278,0.1487819552421569,-0.5424194931983948,0.0464237779378891,-0.8388241529464722,-0.6146933436393738,-0.3921090364456177,-1.9676196575164795,-0.5740114278020266,-0.0464404680931738,0.2162063244048855,114.0
1652967044.4855828,-0.3860634565353393,-0.9999434351921082,0.0788548439741134,-0.5455772280693054,0.0433223210275173,-0.8369401097297668,-1.1414660215377808,-0.1622886210680008,-1.855605959892273,-0.5776895757882237,-0.0433358845989176,0.1954730532879414,114.0
1652967044.492688,-0.3837445974349975,-0.8967262506484985,0.1179393380880355,-0.5467059016227722,0.0451313816010952,-0.8361075520515442,-1.6201187372207642,0.0875348970293998,-1.7421650886535645,-0.5790911811197179,-0.0451467169904952,0.1728317206976475,114.0
1652967044.502662,-0.3781031370162964,-0.795490026473999,0.2167473137378692,-0.5457860827445984,0.0499000623822212,-0.8364374041557312,-1.660132646560669,0.3183034062385559,-1.5912989377975464,-0.5781396519600785,-0.0499207924464167,0.1498126014626985,114.0
1652967044.512594,-0.3094322681427002,-0.7024274468421936,0.3262398242950439,-0.5430610775947571,0.0562065206468105,-0.8378099799156189,-1.6052122116088867,0.4709680676460266,-1.3846474885940552,-0.5751026135328368,-0.0562361567783984,0.1280554154095758,114.0
1652967044.52258,-0.2311863303184509,-0.7219200134277344,0.3583558797836303,-0.5394130349159241,0.0615812949836254,-0.8397864699363708,-1.3475825786590576,0.5932042598724365,-1.2265872955322266,-0.5709584786187311,-0.0616202850235663,0.1091059739690629,114.0
1652967044.532718,-0.1898108720779419,-0.6900860071182251,0.3561833500862121,-0.5348748564720154,0.0643641948699951,-0.8424761891365051,-0.8242776393890381,0.662322461605072,-1.127097725868225,-0.5656754984434386,-0.0644087177753549,0.0933633821991842,114.0
1652967044.542457,-0.1794767379760742,-0.5628806352615356,0.330886960029602,-0.5296907424926758,0.0632933974266052,-0.8458260297775269,-0.3594958484172821,0.737852156162262,-1.1040786504745483,-0.5594910633398796,-0.0633357324995654,0.0810279478923616,114.0
1652967044.552617,-0.247805655002594,-0.3442860841751098,0.310705691576004,-0.523739755153656,0.0598235093057155,-0.8497751951217651,-0.2737529575824737,0.8483447432518005,-1.2081196308135986,-0.5523385678422751,-0.0598592502484593,0.0696052742559062,114.0
1652967044.562391,-0.2580744624137878,-0.200395405292511,0.2155345976352691,-0.5169652104377747,0.0560413710772991,-0.8541699647903442,-0.4085091948509216,0.9061707854270936,-1.2847720384597778,-0.5442527282832852,-0.0560707483729287,0.0573021378710289,114.0
1652967044.572406,-0.2146837711334228,-0.1118136644363403,0.2073926031589508,-0.5099561214447021,0.0544177405536174,-0.8584774136543274,-0.824267566204071,0.9071462750434875,-1.3391646146774292,-0.5360137537511088,-0.0544446347876817,0.0429700523856559,114.0
1652967044.584157,-0.1704180836677551,-0.0335726737976074,0.2423358410596847,-0.5029218196868896,0.0574078671634197,-0.8624233603477478,-1.4250311851501465,0.9018322229385376,-1.298708200454712,-0.5279373187466996,-0.0574394468791101,0.0259295451704836,114.0
1652967044.593001,-0.1265364289283752,0.0366669297218322,0.3066525161266327,-0.496006965637207,0.0652957484126091,-0.8658600449562073,-1.819769024848938,0.8811935782432556,-1.2217192649841309,-0.5202161532975664,-0.0653422388740448,0.006780828217684,114.0
1652967044.602427,-0.0736629962921142,0.1011878252029419,0.4148249626159668,-0.489340603351593,0.0752263441681861,-0.8688421845436096,-1.7287954092025757,0.8486854434013367,-1.089017391204834,-0.5129286251294214,-0.0752974796791259,-0.0121991100114151,114.0
1652967044.612267,-0.0278642177581787,0.1399284601211547,0.5698623061180115,-0.4831069111824035,0.0820389911532402,-0.8717094659805298,-0.9463030695915222,0.7846357822418213,-0.9771196246147156,-0.5060669209394306,-0.0821312971280614,-0.0278203920412188,114.0
1652967044.622714,-0.0060327351093292,0.207070767879486,0.7506852746009827,-0.4769995212554931,0.0813460052013397,-0.8751310110092163,0.0617683678865432,0.7970442175865173,-0.9226257801055908,-0.4990431265919533,-0.0814359871324937,-0.038209716842649,114.0
1652967044.632183,0.0006489157676696,0.2661828994750976,0.8020173907279968,-0.4706501960754394,0.0735319554805755,-0.8792504668235779,0.720782995223999,0.8023546934127808,-0.9032288193702698,-0.491476090790396,-0.0735983798866673,-0.0443175243764392,114.0
1652967044.643821,0.0001573264598846,0.3156813979148865,0.6657863855361938,-0.4641618728637695,0.0625767186284065,-0.8835371732711792,0.7768169641494751,0.8102885484695435,-0.8395960927009583,-0.4837174560513034,-0.0626176292330665,-0.0483719177334252,114.0
1652967044.671311,0.0099321603775024,0.3809308409690857,0.5016900300979614,-0.4575487673282623,0.0533331893384456,-0.8875836133956909,0.443012923002243,0.7950180768966675,-0.7636715173721313,-0.4759700413394352,-0.0533585058869854,-0.0525905434836971,114.0
1652967044.6810122,0.0344744622707366,0.3862997889518738,0.4240699708461761,-0.4510699510574341,0.0482658855617046,-0.891182541847229,-0.0313599780201911,0.7418672442436218,-0.6475641131401062,-0.4685536317024138,-0.0482846433940643,-0.0579495904778289,114.0
1652967044.68203,0.0682287812232971,0.3616610169410705,0.4309877753257751,-0.440009206533432,0.0515561811625957,-0.8965120911598206,-0.6817111968994141,0.5543917417526245,-0.3893888890743255,-0.4562615266652836,-0.0515790484553385,-0.0707402740929214,114.0
1652967044.691864,0.0730966329574585,0.3422292470932007,0.4613005220890045,-0.4356760382652282,0.0558961741626262,-0.8983663320541382,-0.6004736423492432,0.4573532044887543,-0.300270676612854,-0.4515472638810534,-0.0559253236087666,-0.0766810612694545,114.0
1652967044.701911,0.0676515996456146,0.3261463046073913,0.4758241474628448,-0.4321383237838745,0.059210080653429,-0.8998614549636841,-0.4064357280731201,0.3642312586307525,-0.2467389851808548,-0.4477049601130684,-0.0592447335673355,-0.0812997803808069,114.0
1652967044.7117882,0.054682970046997,0.3191454410552978,0.4311197400093078,-0.4294694066047668,0.0613729655742645,-0.900993585586548,-0.3198942542076111,0.2660175859928131,-0.2041768878698349,-0.4448035071600638,-0.0614115581147171,-0.0848429700634777,114.0
1652967044.722077,0.0285724103450775,0.3227824568748474,0.3904599845409393,-0.4273456037044525,0.0639620348811149,-0.9018229246139526,-0.4607704281806946,0.2396589815616607,-0.17067751288414,-0.4425248443029086,-0.0640057296605687,-0.0881246584154742,114.0
1652967044.731705,0.0087851881980896,0.3151114583015442,0.305611103773117,-0.4253501892089844,0.0688396096229553,-0.9024069905281068,-0.7684454321861267,0.2240009158849716,-0.1023139357566833,-0.4404666460891623,-0.0688940951918412,-0.0919883342070329,114.0
1652967044.741482,0.0254144072532653,0.3182788491249084,0.2262089997529983,-0.4234857261180877,0.0771205052733421,-0.902614176273346,-1.107181429862976,0.1976161897182464,-0.0025806846097111,-0.4386865131672626,-0.0771971604021315,-0.096471256938653,114.0
1652967044.75142,0.0421719253063201,0.3049483895301819,0.2162667512893676,-0.4219326674938202,0.0873831808567047,-0.9024062156677246,-1.1076585054397583,0.1466114819049835,0.0645617097616195,-0.4373637686961216,-0.0874947695279411,-0.1009662133705903,114.0
1652967044.7613502,0.0418595075607299,0.2403141260147094,0.2931636571884155,-0.4206284582614898,0.0969120860099792,-0.9020419716835022,-0.9096684455871582,0.1353380531072616,0.1088623329997062,-0.436331747518995,-0.0970644314534951,-0.1044949946049389,114.0
1652967044.771529,0.0294206738471984,0.1547582149505615,0.3201357126235962,-0.4192217290401459,0.1042875200510025,-0.901874303817749,-0.6258983016014099,0.1507459282875061,0.1535924077033996,-0.4351210830555659,-0.1044774896654761,-0.1065616198658674,114.0
1652967044.781553,0.0501862168312072,0.1195247173309326,0.2770928144454956,-0.4176636636257171,0.1098700985312461,-0.9019343852996826,-0.4805032908916473,0.1490574926137924,0.209845021367073,-0.4336741103761568,-0.1100923581437412,-0.107216494462645,114.0
1652967044.791873,0.0956906676292419,0.1070263981819152,0.2034631073474884,-0.4162473380565643,0.1153693199157714,-0.9019024968147278,-0.532666027545929,0.0917162224650383,0.3206679224967956,-0.4323937625950762,-0.1156267971639935,-0.1068927885687932,114.0
1652967044.802288,0.1184159517288208,0.1122984290122985,0.1125477105379104,-0.4152757227420807,0.122636042535305,-0.9013913869857788,-0.7587684392929077,0.0278259199112653,0.4012128412723541,-0.4317206276177047,-0.1229455445974368,-0.1062801363434734,114.0
1652967044.813545,0.0988593995571136,0.1084750890731811,0.0458677560091018,-0.414563775062561,0.1325533241033554,-0.9003146886825562,-1.0609034299850464,0.0158763173967599,0.4321988523006439,-0.4315228213227859,-0.1329445894727772,-0.1062916685796597,114.0
1652967044.821433,0.0729623138904571,0.1223496198654174,0.0014812797307968,-0.413889467716217,0.144072338938713,-0.8988540768623352,-1.1044514179229736,0.0067768273875117,0.4118483066558838,-0.4315212065931898,-0.1445754707500723,-0.1070242807809337,114.0
1652967044.831554,0.0746278464794159,0.1336520314216613,0.0271264612674713,-0.4134340286254883,0.1548041254281997,-0.8972781300544739,-0.8995054960250854,-0.0324658639729023,0.3403633534908294,-0.4317696656989775,-0.1554291904720105,-0.1078693485879556,114.0
1652967044.841134,0.0692997574806213,0.0984712839126586,0.0761133432388305,-0.4135075807571411,0.1624273359775543,-0.8958955407142639,-0.516757607460022,-0.0918977707624435,0.2503186762332916,-0.4324237098753944,-0.1631501596729643,-0.1082064682260852,114.0
1652967044.851058,0.0400081276893615,0.0409620404243469,0.1030817478895187,-0.4141536653041839,0.1658696979284286,-0.8949659466743469,-0.0839044153690338,-0.117821030318737,0.1599224358797073,-0.4334136121237147,-0.1666398542707774,-0.1075479305470713,114.0
1652967044.861164,0.010222852230072,-0.0074439644813537,0.1042413264513015,-0.4149622619152069,0.1660986840724945,-0.894548773765564,0.118131510913372,-0.1119194626808166,0.107061356306076,-0.4343354590750793,-0.1668720727228707,-0.1062115471213593,114.0
1652967044.870945,0.0174203515052795,-0.0192650556564331,0.0340875387191772,-0.4157815873622894,0.1658331602811813,-0.8942175507545471,0.011490817181766,-0.1175822541117668,0.0965632125735282,-0.4352304846811739,-0.1666028152555072,-0.1049747272981566,114.0
1652967044.880974,0.0462510883808136,-0.0079915523529052,-0.0424683988094329,-0.416795551776886,0.1674073934555053,-0.8934518694877625,-0.2739412188529968,-0.1452740579843521,0.1067364886403083,-0.4364905312251853,-0.1681993653239669,-0.1046069034464719,114.0
1652967044.8908792,0.0641640424728393,0.0020827651023864,-0.0688797533512115,-0.4180153906345367,0.1712204813957214,-0.8921584486961365,-0.4491631388664245,-0.1712538301944732,0.1187734082341194,-0.4381675874103366,-0.17206831557368,-0.105181315783461,114.0
1652967044.900847,0.0733868777751922,0.0001094937324523,-0.0455919653177261,-0.4195325076580047,0.1755053251981735,-0.8906123638153076,-0.3959896564483642,-0.2158814817667007,0.0999525785446167,-0.4402293459985118,-0.1764190297440669,-0.1060248919923132,114.0
1652967044.910818,0.0610107779502868,-0.0054658651351928,0.0332286059856414,-0.4214539527893066,0.1787160038948059,-0.8890653252601624,-0.2585270702838897,-0.2397921532392501,0.0532578155398368,-0.4426660669281528,-0.1796812944623157,-0.1067036972765249,114.0
1652967044.9208422,0.0085492134094238,-0.0152867436408996,0.0531447678804397,-0.4234509766101837,0.1804062724113464,-0.8877741098403931,-0.1063980013132095,-0.2160513997077942,-0.0058846017345786,-0.445063041061424,-0.1813994858846442,-0.1072734315755061,114.0
1652967044.9308782,-0.0293574333190917,-0.0131883025169372,0.0352293848991394,-0.425171434879303,0.1809724420309066,-0.886836051940918,-0.0449259877204895,-0.1695836633443832,-0.0202725194394588,-0.4470525844470595,-0.1819751274680213,-0.1077023608319824,114.0
1652967044.940679,-0.0317254066467285,-0.0061798095703125,0.0365087240934371,-0.4266181290149688,0.1813562959432602,-0.8860625624656677,-0.0868305563926696,-0.1448532789945602,-0.0378294102847576,-0.4487191515198206,-0.1823654415530027,-0.1082299937053961,114.0
1652967044.950639,-0.0327478051185607,-0.012279987335205,0.0257880538702011,-0.427823543548584,0.1823723912239074,-0.8852724432945251,-0.1814080029726028,-0.112799160182476,-0.0263860337436199,-0.4501723463359257,-0.1833987691986985,-0.109110266995388,114.0
1652967044.9604511,-0.0246745347976684,-0.0158968567848205,0.0200006365776062,-0.4288319945335388,0.1844366639852523,-0.8843563795089722,-0.3034534752368927,-0.1123727858066558,-0.0003206115216016,-0.4515017373292781,-0.1854986632010056,-0.1102901545465474,114.0
1652967044.97056,-0.0100208520889282,-0.0026603937149047,0.0232059657573699,-0.4297985136508941,0.1876095086336136,-0.8832190632820129,-0.3722555637359619,-0.1206454634666442,0.0368595905601978,-0.4528923373283195,-0.1887278716317435,-0.1116683291552071,114.0
1652967044.9805598,0.0096762180328369,0.0081413388252258,0.0410858988761901,-0.4308035969734192,0.1907409280538559,-0.8820579051971436,-0.2960430979728699,-0.1236266121268272,0.057196021080017,-0.4543305667706718,-0.1919168735626525,-0.1127378069155159,114.0
1652967044.990489,0.0343206226825714,-0.0097585320472717,0.0711459815502166,-0.4318731427192688,0.1934567093849182,-0.880942702293396,-0.2207510024309158,-0.1620496362447738,0.0905752778053283,-0.4558089775816496,-0.1946842005227695,-0.1132530622827296,114.0
1652967045.000657,0.039315789937973,-0.0550107955932617,0.0428815782070159,-0.4333283007144928,0.1953081488609314,-0.8798189163208008,-0.1215498596429824,-0.204701766371727,0.0977319926023483,-0.4576456200407902,-0.1965716378396433,-0.1131088366278279,114.0
1652967045.010405,0.0143400132656097,-0.0385374426841735,0.0520835816860199,-0.4349637925624847,0.1965736746788025,-0.8787293434143066,-0.0982662439346313,-0.2012043893337249,0.0835300832986831,-0.4596330035617738,-0.1978621785062361,-0.1127156196253287,114.0
1652967045.020424,-0.0310753285884857,-0.0220916867256164,0.0333887487649917,-0.4363624453544616,0.1981176435947418,-0.8776885271072388,-0.1875897347927093,-0.1515348404645919,0.0674477815628051,-0.4613829092279092,-0.1994371280306084,-0.1126586697696911,114.0
1652967045.030425,-0.05573171377182,0.0056409239768981,-0.0103564113378524,-0.4373255968093872,0.2007403522729873,-0.8766126036643982,-0.3376912772655487,-0.1022817492485046,0.0647661760449409,-0.4627522320779213,-0.2021135997930477,-0.1132647327151739,114.0
1652967045.0404038,-0.0554387271404266,0.0148717761039733,0.0051202774047851,-0.4379542469978332,0.2041387856006622,-0.8755132555961609,-0.3685381412506103,-0.0707163661718368,0.0448105707764625,-0.463828180367526,-0.2055838932389143,-0.1144215772491902,114.0
1652967045.050216,-0.0330959558486938,0.0054177045822143,0.0421874076128006,-0.438476949930191,0.2072175592184066,-0.8745277523994446,-0.2765305936336517,-0.0723385512828826,0.0417248047888278,-0.464756685894394,-0.2087299207542557,-0.1155380590811668,114.0
1652967045.0601869,-0.0096677839756011,-0.0179764032363891,0.0587261766195297,-0.4391237199306488,0.2090045809745788,-0.8737776875495911,-0.0866357460618019,-0.1014687344431877,0.036947626620531,-0.4656916973896957,-0.2105569473570064,-0.1160149191357492,114.0
1652967045.07036,0.0064752697944641,-0.050163984298706,0.0849757641553878,-0.4400843381881714,0.2092442661523819,-0.873236894607544,0.0508706457912921,-0.1319706737995147,0.0234868302941322,-0.4668177888379777,-0.2108020463794517,-0.1157947176091736,114.0
1652967045.080205,0.0007550120353698,-0.0664254426956176,0.0541623830795288,-0.4410931766033172,0.2088839411735534,-0.8728140592575073,0.0492458529770374,-0.1501094698905944,0.0362393781542778,-0.4679335973934418,-0.2104335858868131,-0.1152224520189264,114.0
1652967045.0901031,-0.0138347148895263,-0.0570827722549438,-0.0037685334682464,-0.442158967256546,0.2092892080545425,-0.8721774220466614,-0.10367351770401,-0.1338505893945694,0.0379076227545738,-0.4692000082744693,-0.2108480173763993,-0.1149425426121089,114.0
1652967045.100074,-0.0105158686637878,-0.0410995483398437,-0.0440560281276702,-0.4430669248104095,0.2115212678909301,-0.871177613735199,-0.3536577820777893,-0.0967804566025734,0.0672644451260566,-0.4704911341284444,-0.2131311857035596,-0.1155036330660398,114.0
1652967045.109993,-0.0055082142353057,-0.0207371711730957,-0.0642640590667724,-0.443649560213089,0.215631291270256,-0.8698725700378418,-0.5087809562683105,-0.0754826217889785,0.0769492536783218,-0.471628851462802,-0.217338286401809,-0.1168536276119217,114.0
1652967045.12027,0.0015032887458801,-0.0169284343719482,-0.0309596955776214,-0.4440387487411499,0.2204586416482925,-0.8684628009796143,-0.512265145778656,-0.0568508841097354,0.0740639865398407,-0.472640948023321,-0.2222846551029394,-0.1185251128454321,114.0
1652967045.130178,-0.0053474903106689,-0.0244418382644653,0.0115883648395538,-0.4441306889057159,0.2260520607233047,-0.8669765591621399,-0.6101716160774231,-0.0262933485209941,0.0909914970397949,-0.4734195666346957,-0.2280229132297357,-0.1205320097487731,114.0
1652967045.140753,-0.0239217877388,-0.0798820257186889,-0.0149677097797393,-0.4442026317119598,0.2313068658113479,-0.8655524849891663,-0.5545634627342224,-0.0230629332363605,0.0807958468794822,-0.4741527540443353,-0.2334207594883562,-0.1224563736854551,114.0
1652967045.150094,-0.026876151561737,-0.0572808384895324,0.0464023798704147,-0.4441932439804077,0.2356106042861938,-0.8643957376480103,-0.3453215658664703,-0.0094982823356986,0.0476270914077758,-0.4746876220512522,-0.2378468196024326,-0.1240309348632491,114.0
1652967045.1600862,-0.0238620638847351,-0.0541296005249023,0.0853424370288848,-0.4441250562667846,0.237548828125,-0.8639001846313477,-0.0741553083062172,0.0079233180731534,0.0499602854251861,-0.4748583579398656,-0.2398416700726969,-0.1245672178766097,114.0
1652967045.170038,-0.0148623585700988,-0.0443841814994812,0.1020711809396743,-0.443923681974411,0.2376657873392105,-0.8639715313911438,0.0874101519584655,0.0067463074810802,0.0558860898017883,-0.47464040345856,-0.2399620808760658,-0.124010677241402,114.0
1652967045.179965,-0.0046682953834533,-0.0515932440757751,0.0417647659778595,-0.443848580121994,0.2369980961084365,-0.8641934990882874,0.1170708388090133,-0.0291914530098438,0.0770544931292533,-0.4744672280573785,-0.2392747406457963,-0.1229196109172109,114.0
1652967045.189852,0.0031978487968444,-0.0520790219306945,0.0027140825986862,-0.4440700709819793,0.236406460404396,-0.8642417192459106,0.097526766359806,-0.0629594326019287,0.0873772054910659,-0.4746473128897455,-0.2386657998133917,-0.1216003391851006,114.0
1652967045.200327,-0.0057480931282043,-0.0424088239669799,-0.0007248520851135,-0.4444015026092529,0.2360764592885971,-0.8641615509986877,0.0626918151974678,-0.0554607659578323,0.0749399811029434,-0.474988380693436,-0.2383261898364524,-0.1204839038271508,114.0
1652967045.2100868,-0.0160528421401977,-0.027565598487854,-0.0149353295564651,-0.4445489943027496,0.2360352277755737,-0.864096999168396,0.0262470580637455,-0.018292786553502,0.0628104209899902,-0.475153763426084,-0.2382837603179761,-0.1196542288835334,114.0
1652967045.2199612,-0.0055306255817413,-0.0108234286308288,-0.023145705461502,-0.4445121586322784,0.2362042069435119,-0.8640697598457336,-0.0050791725516319,-0.0060965735465288,0.0397892594337463,-0.4751328587802074,-0.2384576595745171,-0.1191414023698319,114.0
1652967045.22978,0.0054415762424468,-0.0074186921119689,-0.0218174457550048,-0.4444674849510193,0.2366154640913009,-0.8639801740646362,-0.0482265092432498,-0.0001725847832858,0.024402730166912,-0.475134163497607,-0.238880914294508,-0.118978550373787,114.0
1652967045.239696,0.00279101729393,-0.0079720020294189,-0.0164977461099624,-0.4444109201431274,0.237292468547821,-0.8638235926628113,-0.0516822263598442,-0.0025870066601783,0.0039517832919955,-0.4751561077287202,-0.2395777606304711,-0.119101022092967,114.0
1652967045.249672,0.0005643367767333,-0.0207300186157226,0.0007688403129577,-0.4444730579853058,0.2372377663850784,-0.8638066649436951,0.094001866877079,-0.0190970618277788,-0.0266771949827671,-0.4752209580561558,-0.2395214520786124,-0.1191437491285854,114.0
1652967045.25973,0.0069304704666137,-0.0252075791358947,0.0487924665212631,-0.4448119699954986,0.2355093359947204,-0.8641051650047302,0.2718783915042877,-0.0457803346216678,-0.0541825890541076,-0.4753905304799316,-0.2377426158926423,-0.1185852330173144,114.0
1652967045.2696009,-0.0100789666175842,-0.02677583694458,0.0444008708000183,-0.445350170135498,0.2325004190206527,-0.8646425604820251,0.3438460528850555,-0.053695198148489,-0.0700751170516014,-0.475629610332579,-0.2346477669151594,-0.1176582220561053,114.0
1652967045.279669,-0.0338376760482788,-0.0101508498191833,-0.0100274682044982,-0.4458986818790436,0.2292963117361068,-0.8652153611183167,0.3079618215560913,-0.0368776023387908,-0.0911476463079452,-0.4758611593932635,-0.2313546718124197,-0.1168542963215459,114.0
1652967045.28951,-0.0352983474731445,0.0053175091743469,-0.0332920998334884,-0.4463453590869903,0.2267583161592483,-0.8656538128852844,0.1797607243061065,-0.0230325739830732,-0.080083392560482,-0.4760625975215491,-0.2287480026663882,-0.1164985871650726,114.0
1652967045.299487,-0.0245639085769653,0.017415165901184,-0.0410036891698837,-0.446658045053482,0.2253909409046173,-0.8658496141433716,0.0555895008146762,-0.0097207631915807,-0.0637065470218658,-0.4762557574548128,-0.2273442853219409,-0.1165692430988943,114.0
1652967045.309545,-0.0171867609024047,0.021130621433258,-0.0257260501384735,-0.4467872381210327,0.2249295562505722,-0.8659029006958008,0.0155012710019946,0.0043494096025824,-0.0492411330342292,-0.4763485167931403,-0.2268707436359554,-0.116976676162551,114.0
