1652956987.540722,-0.0568387433886528,-0.0165994763374328,0.0258410423994064,-0.0937960967421531,-0.1134417802095413,-0.989107310771942,-0.0845857039093971,-1.7988132238388062,0.0205460246652364,-0.0945463153934712,0.1136865122680681,-0.1835600467241135,81.0
1652956987.550675,-0.0337464213371276,-0.0441341996192932,0.0301764905452728,-0.1123107969760894,-0.1127723455429077,-0.9872531294822692,-0.0465291365981102,-1.942526698112488,0.0274326913058757,-0.113273923072446,0.1130127594601983,-0.1833635114644189,81.0
1652956987.560782,-0.0877273082733154,-0.0981811881065368,0.0432759150862693,-0.1316026002168655,-0.1124592721462249,-0.9849028587341307,-0.0184847824275493,-1.962604284286499,0.0437946207821369,-0.1328330595211797,0.1126976811749118,-0.1830379313715181,81.0
1652956987.570589,-0.1361302733421325,-0.1233335137367248,0.0307226553559303,-0.1506587415933609,-0.1120825409889221,-0.9822115302085876,-0.0468828678131103,-1.910667061805725,0.0437131263315677,-0.152201030089154,0.1123185525851415,-0.1826348903866143,81.0
1652956987.580533,-0.1454126089811325,-0.1390203833580017,-0.0215871483087539,-0.1689795702695846,-0.1113321855664253,-0.9793115258216858,-0.0965817123651504,-1.8395313024520876,0.0245833378285169,-0.1708668576515891,0.1115634704375754,-0.1824212115194082,81.0
1652956987.590509,-0.1306557357311248,-0.1443790793418884,-0.0651981830596923,-0.1869865804910659,-0.11003378033638,-0.976180613040924,-0.1710692644119262,-1.861530303955078,-0.0064842994324862,-0.1892567085400813,0.1102570390624439,-0.1825508211444673,81.0
1652956987.6004791,-0.1342798322439193,-0.1138443350791931,-0.0574425160884857,-0.2050452083349228,-0.107962779700756,-0.9727798104286194,-0.2660648822784424,-1.854909896850586,-0.0604289472103118,-0.2077417800415366,0.1081736253761223,-0.1833087892703009,81.0
1652956987.610455,-0.158983364701271,-0.0857711434364318,-0.0023370683193206,-0.2224254161119461,-0.1053900122642517,-0.9692367315292358,-0.284404993057251,-1.7437855005264282,-0.0869276672601699,-0.2255793245442169,0.1055860870745648,-0.1846406346112508,81.0
1652956987.620335,-0.1522551029920578,-0.0915639400482177,0.0433229655027389,-0.2386293858289718,-0.1033510714769363,-0.9655954837799072,-0.172170415520668,-1.6559714078903198,-0.1063419952988624,-0.2422774049007789,0.1035359482875894,-0.1861182933898586,81.0
1652956987.6305032,-0.1119430065155029,-0.1043523550033569,0.0709430500864982,-0.2544969022274017,-0.10292549431324,-0.9615808129310608,0.034228827804327,-1.6803326606750488,-0.1214567720890045,-0.2587327845099564,0.103108094582155,-0.1874188563872075,81.0
1652956987.6402678,-0.0953160226345062,-0.1470681428909301,0.1012142747640609,-0.2707118988037109,-0.1049679666757583,-0.9569205045700072,0.3288800418376922,-1.7384960651397705,-0.1218832209706306,-0.275694967752601,0.1051616878976312,-0.1881387763889227,81.0
1652956987.6502829,-0.1217268407344818,-0.2016443610191345,0.1186350584030151,-0.2870867252349853,-0.1097239479422569,-0.951599657535553,0.5862604379653931,-1.7242473363876345,-0.1079482287168502,-0.2930052020501498,0.1099453174502783,-0.1879429886200845,81.0
1652956987.660233,-0.1623440682888031,-0.2531250715255737,0.0969598516821861,-0.3028507232666015,-0.1163385435938835,-0.9459105730056764,0.7284464836120605,-1.634898066520691,-0.0947982966899871,-0.3098557355206396,0.1166025872638222,-0.1869311181406481,81.0
1652956987.670177,-0.1861231923103332,-0.2526419758796692,0.0297511965036392,-0.3176915943622589,-0.1232265681028366,-0.9401528239250184,0.6598865985870361,-1.5496915578842163,-0.0557140111923217,-0.3258682537147562,0.1235405810074841,-0.1854415190721006,81.0
1652956987.680327,-0.1882350146770477,-0.2012720108032226,-0.0244160294532775,-0.3317388296127319,-0.1284007728099823,-0.9345922470092772,0.4037390947341919,-1.4708921909332275,-0.0108787054196,-0.3410828612984874,0.1287562291102048,-0.1839974279281392,81.0
1652956987.690109,-0.1995294690132141,-0.1401408910751342,-0.0551197379827499,-0.3449194729328155,-0.1303966343402862,-0.929530680179596,0.0293897315859794,-1.3578524589538574,0.0528267733752727,-0.3553193525414753,0.1307690254575889,-0.1830567427048916,81.0
1652956987.700202,-0.2209364771842956,-0.0672137737274169,-0.0713625848293304,-0.3569139540195465,-0.1284512877464294,-0.9252635836601256,-0.3753406405448913,-1.2135136127471924,0.1338375806808471,-0.3681557799831665,0.1288071718450749,-0.1828283384581687,81.0
1652956987.710019,-0.2248254716396331,-0.0166873335838317,-0.0460465401411056,-0.3676581382751465,-0.1228987872600555,-0.921804428100586,-0.6636770963668823,-1.0772972106933594,0.2321409881114959,-0.379511285168719,0.1232102895878123,-0.1830627674997535,81.0
1652956987.720027,-0.1993874311447143,-0.033172607421875,0.0065061077475547,-0.3775627613067627,-0.1153012961149215,-0.9187774062156676,-0.7346433997154236,-1.0214146375656128,0.3426106572151184,-0.3899020402448959,0.1155583149823459,-0.1831057923051171,81.0
1652956987.729892,-0.1556018590927124,-0.085206389427185,0.0518540889024734,-0.3873670101165771,-0.1075334325432777,-0.9156327843666076,-0.6260052919387817,-1.0364017486572266,0.405326783657074,-0.4002257412245925,0.1077417637536141,-0.182280884514461,81.0
1652956987.739896,-0.1147621273994445,-0.1375883221626281,0.0773293748497963,-0.3975213170051574,-0.1012704446911811,-0.9119874835014344,-0.3817552924156189,-1.1002569198608398,0.4190265834331512,-0.4110537851087107,0.1014443471616755,-0.180437318856499,81.0
1652956987.749733,-0.0988024473190307,-0.1718769669532776,0.0875847190618515,-0.4081098735332489,-0.0974876880645752,-0.9077127575874328,-0.1042091399431228,-1.1422243118286133,0.3876090049743652,-0.4225232473451961,0.0976427668943907,-0.177711434333651,81.0
1652956987.759636,-0.1089296340942382,-0.174074113368988,0.0619949847459793,-0.4187498986721039,-0.095854252576828,-0.9030284881591796,0.0690310820937156,-1.127514123916626,0.3336416482925415,-0.4342024602514586,0.0960016502599596,-0.174489194229754,81.0
1652956987.769712,-0.133100152015686,-0.1610044836997985,0.0022617131471633,-0.428835391998291,-0.0959201902151107,-0.8982758522033691,0.2222390174865722,-1.039347767829895,0.2818378508090973,-0.4454033318741785,0.0960678884525089,-0.1710875948609413,81.0
1652956987.7795382,-0.1440659165382385,-0.1323851943016052,-0.0420787408947944,-0.4378586411476135,-0.0971119552850723,-0.8937835693359375,0.2864816188812256,-0.9245932102203368,0.2488407641649246,-0.4555296477262192,0.0972652469330719,-0.1675595397985371,81.0
1652956987.789518,-0.1258061528205871,-0.1250509023666381,-0.0591257587075233,-0.4460018277168274,-0.0986196249723434,-0.8895822763442993,0.2733919620513916,-0.8664705157279968,0.2165573835372924,-0.4647358013085337,0.0987801876238668,-0.1642329934422264,81.0
1652956987.7994351,-0.094742864370346,-0.1417180299758911,-0.072589673101902,-0.4537802040576935,-0.0998346731066703,-0.8855035901069641,0.2001483589410781,-0.852638304233551,0.1895934045314788,-0.4735614123927412,0.1000012612577262,-0.1613449135644696,81.0
1652956987.809518,-0.0771811604499816,-0.1682919263839721,-0.088548868894577,-0.4615152478218078,-0.1002328917384147,-0.8814516663551331,0.0864966288208961,-0.8554918766021729,0.198413535952568,-0.4823374163161515,0.1004014880842322,-0.1589664897970169,81.0
1652956987.819406,-0.075272798538208,-0.1976873874664306,-0.1116848140954971,-0.4691303968429565,-0.0994815826416015,-0.8775079250335693,-0.0380045548081398,-0.8300509452819824,0.2121277451515197,-0.4909559578130377,0.099646407234347,-0.1570251022753281,81.0
1652956987.829797,-0.0735594034194946,-0.227338433265686,-0.1169555932283401,-0.4764589965343475,-0.0975677296519279,-0.8737662434577942,-0.1674126088619232,-0.803554356098175,0.2203081846237182,-0.4992225519756123,0.0977231967806787,-0.1555949827375119,81.0
1652956987.839467,-0.0657945573329925,-0.2368776202201843,-0.1185791045427322,-0.483552485704422,-0.0945556759834289,-0.8701932430267334,-0.2822805345058441,-0.7848013043403625,0.2103684991598129,-0.5071966732108305,0.0946971479240574,-0.1547699811290269,81.0
1652956987.849408,-0.0629837810993194,-0.2551366686820984,-0.1229792088270187,-0.4904373586177826,-0.0907811969518661,-0.8667352199554443,-0.3638366460800171,-0.7605329751968384,0.1818002462387085,-0.5149264554680344,0.0909063519766043,-0.1546609087298927,81.0
1652956987.8594,-0.0700224041938781,-0.2622665166854858,-0.116702564060688,-0.4970095455646515,-0.0865292623639106,-0.8634200692176819,-0.4216528236865997,-0.7235342860221863,0.155405655503273,-0.5223068041036001,0.0866376059016063,-0.1551597573188988,81.0
1652956987.8695211,-0.0823983550071716,-0.2506695985794067,-0.0954828411340713,-0.5031272172927856,-0.0822210237383842,-0.8602921962738037,-0.402949184179306,-0.6659322381019592,0.1340071558952331,-0.5291926019929326,0.0823139455836053,-0.15600943077662,81.0
1652956987.879308,-0.0818054676055908,-0.2573165893554687,-0.0604917854070663,-0.508740246295929,-0.0784547477960586,-0.8573378324508667,-0.3148444592952728,-0.6213124990463257,0.128481388092041,-0.5355489719767359,0.078535457874926,-0.1567320050581709,81.0
1652956987.8893,-0.0721094608306884,-0.2838641405105591,-0.0384382158517837,-0.5141028165817261,-0.0757128000259399,-0.8543804287910461,-0.1784371137619018,-0.5973328351974487,0.1172585636377334,-0.5416875719386938,0.0757853243333234,-0.156935356311414,81.0
1652956987.899259,-0.0715537071228027,-0.3048802614212036,-0.0343264266848564,-0.5192667245864868,-0.0740262567996978,-0.8514001965522766,-0.0833298936486244,-0.5651018023490906,0.1008573025465011,-0.5476651853456586,0.074094036333,-0.1566459254273915,81.0
1652956987.909204,-0.0869131088256836,-0.2959320545196533,-0.0500865802168846,-0.5238810777664185,-0.0727924704551696,-0.8486753702163696,-0.0921452268958091,-0.4873174726963043,0.1069274395704269,-0.5530377250591599,0.0728569109914413,-0.1561877682950964,81.0
1652956987.919166,-0.0977681279182434,-0.2457243800163269,-0.0752642750740051,-0.5276287198066711,-0.071037009358406,-0.8464996814727783,-0.1716028302907943,-0.373769462108612,0.1384526193141937,-0.5573805650368854,0.0710968883048896,-0.1558427312401858,81.0
1652956987.929127,-0.0825559496879577,-0.1869199872016906,-0.0947315692901611,-0.530572772026062,-0.06853748857975,-0.844864010810852,-0.2228681594133377,-0.3033442795276642,0.1531806886196136,-0.5607521432811633,0.0685912637583755,-0.1556347280494699,81.0
1652956987.939239,-0.0471106767654418,-0.1892510652542114,-0.0765482783317565,-0.5332574844360352,-0.0660298615694046,-0.8433721661567688,-0.1812429428100586,-0.3145694136619568,0.1332734078168869,-0.5638258398880939,0.0660779386744274,-0.155504799075447,81.0
1652956987.949057,-0.0351560115814209,-0.2053589224815368,-0.0270048156380653,-0.5360416173934937,-0.0644258707761764,-0.8417296409606934,-0.0600387528538703,-0.3216462135314941,0.0885453596711158,-0.5670635585035033,0.0644705192079386,-0.1552065722137888,81.0
1652956987.958973,-0.0575196146965026,-0.2108113169670105,0.0155437663197517,-0.5386566519737244,-0.0641888007521629,-0.8400766849517822,0.0947518274188041,-0.2816612422466278,0.0445469617843627,-0.5701636010148464,0.0642329596281481,-0.1545661359887266,81.0
1652956987.968944,-0.0711629390716552,-0.2057395577430725,0.0200014561414718,-0.5408061742782593,-0.065381109714508,-0.8386024236679077,0.2146550714969635,-0.2316358983516693,0.0117101892828941,-0.5727744330906456,0.0654277769541838,-0.1534663207356685,81.0
1652956987.978907,-0.0576368570327758,-0.1859572529792785,0.0013496354222297,-0.5425218939781189,-0.067282885313034,-0.8373428583145142,0.2364535629749298,-0.1817562282085418,0.0034272251650691,-0.5749038300544572,0.0673337565612635,-0.1521443254130814,81.0
1652956987.988883,-0.0372923016548156,-0.1587263345718383,-0.033335730433464,-0.5438998341560364,-0.0689286887645721,-0.8363144397735596,0.1603596061468124,-0.1454589366912841,0.0215463060885667,-0.5766235195064908,0.0689833878807081,-0.1509443631129411,81.0
1652956987.998833,-0.0195863842964172,-0.1505559682846069,-0.0545571371912956,-0.5450194478034973,-0.0694357976317405,-0.8355432152748108,0.0013475771993398,-0.1165495365858078,0.0483551323413848,-0.5779858527353335,0.0694917124453171,-0.1502043184010509,81.0
1652956988.008939,-0.0140891671180725,-0.1386414170265197,-0.0591687858104705,-0.5459084510803223,-0.0683489292860031,-0.8350523710250854,-0.1777305752038955,-0.0867040231823921,0.0741971135139465,-0.5790010191193135,0.0684022613584461,-0.1501706061400523,81.0
1652956988.018755,-0.0127195715904235,-0.1244336366653442,-0.0333062708377838,-0.5466524958610535,-0.0658758729696273,-0.834764301776886,-0.296182781457901,-0.0785006284713745,0.0929008796811103,-0.5797831286721216,0.0659236134954767,-0.150788604124855,81.0
1652956988.028772,-0.0153443217277526,-0.1328599452972412,-0.001013271510601,-0.5473846793174744,-0.0626616850495338,-0.8345319032669067,-0.327228307723999,-0.0814229175448417,0.1184850707650184,-0.580524402862006,0.0627027607843956,-0.1516302928473075,81.0
1652956988.038657,-0.0272303819656372,-0.1409348249435424,0.0256713926792144,-0.5480871200561523,-0.0595306530594825,-0.8343000411987305,-0.2591420710086822,-0.0665428787469863,0.1207692176103591,-0.5812402128986407,0.0595658713839633,-0.152272245596689,81.0
1652956988.048647,-0.0354587435722351,-0.1571203470230102,0.0442216992378234,-0.5485867857933044,-0.0571764223277568,-0.8341363668441772,-0.144339308142662,-0.0407871827483177,0.1131027787923812,-0.5817485541472699,0.0572076198217624,-0.1524011112081098,81.0
1652956988.058579,-0.0384610891342163,-0.1586401462554931,0.0527175143361091,-0.548895537853241,-0.0558913573622703,-0.8340203166007996,-0.034568678587675,-0.0168212354183197,0.1008851453661918,-0.5820707768063701,0.0559204980396586,-0.1519844484853199,81.0
1652956988.068558,-0.0457951426506042,-0.1378060579299926,0.0527531281113624,-0.548855185508728,-0.0552861057221889,-0.8340871930122375,0.0142776910215616,0.0419190414249897,0.0954022258520126,-0.5820001778709524,0.0553143091115016,-0.1511865031029741,81.0
1652956988.078651,-0.0560589432716369,-0.1089432835578918,0.041177149862051,-0.5482502579689026,-0.05471171438694,-0.8345227837562561,-0.0124670369550585,0.1225583851337432,0.1280382424592971,-0.5812542558745892,0.0547390449360067,-0.1502589689593719,81.0
1652956988.0884671,-0.0516415834426879,-0.0789060592651367,0.0278231874108314,-0.5470066070556641,-0.0535190105438232,-0.835415780544281,-0.0749429315328598,0.1942863762378692,0.1894355565309524,-0.5797223336114519,0.0535445936817187,-0.1491755872943842,81.0
1652956988.098443,-0.0301960706710815,-0.0648439526557922,0.0141517110168933,-0.5453197360038757,-0.0514899790287017,-0.8366451859474182,-0.1177228167653083,0.237897127866745,0.2608514428138733,-0.5776348440854033,0.0515127591499256,-0.1478058818212528,81.0
