1652956218.767662,0.0167719889432191,0.0233696699142456,0.0457454323768615,-0.0262171607464551,0.528931200504303,-0.848259687423706,-0.1187958791851997,-0.0569042041897773,0.1028249561786651,-0.0308971631860092,-0.5573406576047328,-0.5438912286355574,85.0
1652956218.7776809,0.016552947461605,0.0257274508476257,0.0613516569137573,-0.0262117478996515,0.530262291431427,-0.8474284410476685,-0.1387312412261963,-0.0719081908464431,0.1132757365703582,-0.0309210697556842,-0.5589099006765514,-0.5426950770754758,85.0
1652956218.7875152,0.0176001042127609,0.0160456299781799,0.0793557167053222,-0.026297602802515,0.5315605998039246,-0.8466119766235352,-0.1369229555130005,-0.0946732610464096,0.1307918727397918,-0.0310521829960102,-0.5604419672687156,-0.541323163212756,85.0
1652956218.7974958,0.0156546011567115,0.0158939957618713,0.1097002625465393,-0.0263204891234636,0.5327711701393127,-0.8458499908447266,-0.1181244924664497,-0.090901955962181,0.1665621101856231,-0.0311071710009069,-0.5618718363259031,-0.5396578098453052,85.0
1652956218.807595,0.0111855715513229,0.0065506100654602,0.1319411396980285,-0.0260933935642242,0.5338305234909058,-0.8451888561248779,-0.1101286187767982,-0.0902303159236908,0.200572669506073,-0.0308630530611803,-0.5631240990778908,-0.5375382366237325,85.0
1652956218.817515,0.0198042634874582,0.006997525691986,0.1434677243232727,-0.025709394365549,0.5348313450813293,-0.844567596912384,-0.1064957976341247,-0.0977510809898376,0.2441284209489822,-0.0304314980238319,-0.5643081366293289,-0.5349585104488623,92.0
1652956218.8274322,0.0334372967481613,0.0056836009025573,0.1780997514724731,-0.0250754728913307,0.5357065200805664,-0.8440318703651428,-0.0750585123896598,-0.0976199954748153,0.2950935065746307,-0.029700417259415,-0.5653442394453138,-0.531794204436184,92.0
1652956218.837339,0.0256932601332664,0.0008071660995483,0.2366020679473877,-0.0241215880960226,0.5363167524337769,-0.8436720371246338,-0.0465714782476425,-0.0792082324624061,0.3456549644470215,-0.0285834031566886,-0.5660671062439486,-0.5280431364760764,92.0
1652956218.847506,0.0194171369075775,-0.0037579536437988,0.2722494602203369,-0.0226367209106683,0.5366496443748474,-0.8435015082359314,-0.0044312821701169,-0.0576076507568359,0.4192533195018768,-0.0268301687989423,-0.5664615229456266,-0.5235309535856785,92.0
1652956218.857382,0.0246999785304069,-0.0246905088424682,0.2859413027763366,-0.0206563863903284,0.5366296768188477,-0.8435649871826172,0.0376344099640846,-0.0548163950443267,0.4949965178966522,-0.0244821195547534,-0.5664378806001522,-0.518110901934381,92.0
1652956218.867586,0.0379867330193519,-0.0474451184272766,0.2871147990226745,-0.0182418450713157,0.5362191200256348,-0.8438817262649536,0.0870253965258598,-0.0531060062348842,0.5844736695289612,-0.0216132239731708,-0.5659513715975695,-0.5117539019662466,92.0
1652956218.877245,0.0519906356930732,-0.0569181442260742,0.2892800569534302,-0.0153542682528495,0.5354881882667542,-0.8444032073020935,0.1089173853397369,-0.0592903979122638,0.6800156831741333,-0.0181815701342903,-0.5650856565533623,-0.5042630732893795,92.0
1652956218.8872352,0.0649074241518974,-0.0709127783775329,0.2991631031036377,-0.0119899222627282,0.5346383452415466,-0.84499591588974,0.1117966547608375,-0.0649227723479271,0.7783806920051575,-0.0141883727978595,-0.5640797450507032,-0.4956478409390251,92.0
1652956218.897222,0.0769812613725662,-0.0943114757537841,0.2973986864089966,-0.008194625377655,0.533900260925293,-0.845507800579071,0.0761249437928199,-0.0742728635668754,0.8672516942024231,-0.0096916541041743,-0.56320659440326,-0.4859550553180744,92.0
1652956218.907175,0.0816538408398628,-0.1114055514335632,0.2857550382614136,-0.0039560664445161,0.5335200428962708,-0.845778226852417,0.0233837030827999,-0.0698709264397621,0.959153950214386,-0.0046773934746955,-0.5627570052485009,-0.4751910809621685,92.0
1652956218.917284,0.0815283805131912,-0.1195737123489379,0.2725259661674499,0.0009301389800384,0.5335655212402344,-0.8457582592964172,-0.0347088947892189,-0.0368993915617466,1.0484400987625122,0.0010997688642701,-0.5628107444747227,-0.4633479779393352,92.0
1652956218.927407,0.0818103998899459,-0.1280631422996521,0.2729681730270386,0.006644822191447,0.5339930653572083,-0.8454627394676208,-0.0751778855919838,0.0110698379576206,1.1412283182144165,0.0078592286712954,-0.5633163526915297,-0.4504356985121385,92.0
1652956218.9381871,0.0860543400049209,-0.1410518288612365,0.2817566990852356,0.0132956625893712,0.5344055891036987,-0.8451235890388489,-0.0369998775422573,0.0740525275468826,1.227396011352539,0.0157309124868207,-0.5638043062612462,-0.4364784417784144,92.0
1652956218.947228,0.0885786041617393,-0.1723024845123291,0.2884692549705505,0.0209490098059177,0.534040629863739,-0.8451992273330688,0.076750248670578,0.1541912108659744,1.292630314826965,0.0247808086462856,-0.563372618181856,-0.4216594364670211,92.0
1652956218.957152,0.092900350689888,-0.2173503637313842,0.2746363878250122,0.029597233980894,0.5326452851295471,-0.845820963382721,0.1773042827844619,0.2242347449064254,1.354817509651184,0.0349780441043098,-0.561723044985689,-0.4061022900604353,92.0
1652956218.967259,0.1023194715380668,-0.2573057413101196,0.2376351952552795,0.0390532426536083,0.5304924249649048,-0.8467895984649658,0.2175815999507904,0.2808895409107208,1.4164071083068848,0.0460865241126612,-0.5591813694800203,-0.3899334235115005,92.0
1652956218.977505,0.1037869751453399,-0.2898922562599182,0.1932584047317505,0.0492587126791477,0.5279941558837891,-0.8478182554244995,0.227245420217514,0.3339873850345611,1.4700967073440552,0.0580353138552501,-0.5562369325692943,-0.3731464298906677,92.0
1652956218.986956,0.1009123548865318,-0.308897852897644,0.1606078743934631,0.0602357499301433,0.5252442955970764,-0.8488169312477112,0.2303443998098373,0.4000050127506256,1.5336661338806152,0.0708455966298235,-0.5530021853847972,-0.3557395770822757,92.0
1652956218.997157,0.1040980815887451,-0.3265601396560669,0.1447225213050842,0.0721409767866134,0.5221935510635376,-0.8497703671455383,0.2505998909473419,0.4875082373619079,1.582044243812561,0.084691600046927,-0.5494210379004805,-0.3377697301538704,92.0
1652956219.007076,0.1127453446388244,-0.3533790111541748,0.1232528090476989,0.0849475711584091,0.5187304019927979,-0.8507071733474731,0.270244151353836,0.5655365586280823,1.6291121244430542,0.0995253223120248,-0.5453652294737772,-0.3194114089975813,92.0
1652956219.017075,0.1162677630782127,-0.3705992102622986,0.1022077798843383,0.0986218154430389,0.5148577690124512,-0.8515839576721191,0.2947460412979126,0.6621509790420532,1.661546230316162,0.1152962365572893,-0.5408417493245475,-0.3006956088452106,92.0
1652956219.02689,0.103734090924263,-0.389703631401062,0.082423448562622,0.1132001504302024,0.5103501081466675,-0.8524837493896484,0.3572563529014587,0.7688628435134888,1.673713207244873,0.1320163083195792,-0.5355918470372124,-0.2819586565542903,92.0
1652956219.075814,0.0821943283081054,-0.4050473570823669,0.0747228860855102,0.1287126988172531,0.505156934261322,-0.8533753752708435,0.3809976279735565,0.8871542811393738,1.6756242513656616,0.1496993895210421,-0.5295638231446503,-0.2634004164238898,92.0
1652956219.076566,0.068282201886177,-0.433771550655365,0.0217108130455017,0.1988229751586914,0.4827143847942352,-0.8529104590415955,0.3165254294872284,1.3062971830368042,1.6183050870895386,0.2290212408895548,-0.5037514699780383,-0.1921575159606441,92.0
1652956219.0866342,0.0668948590755462,-0.4461392164230346,0.0295299887657165,0.2178952544927597,0.4765583872795105,-0.8517122864723206,0.3423676788806915,1.3598512411117554,1.6266967058181765,0.2504600301648072,-0.4967358154044217,-0.1751886491298007,92.0
1652956219.0966148,0.0582023859024047,-0.4542858600616455,0.0416803359985351,0.2372841536998748,0.4698096811771393,-0.8502794504165649,0.3807701766490936,1.4031316041946411,1.6318390369415283,0.2721424627587686,-0.4890751733680381,-0.1584270477507927,92.0
1652956219.1066132,0.0388274192810058,-0.4444358944892883,0.0556122362613678,0.2569337487220764,0.4622407257556915,-0.8487158417701721,0.4520211219787597,1.4425671100616455,1.6453120708465576,0.2939616535578528,-0.4805204108946992,-0.142000658939634,92.0
1652956219.1165628,0.0102847218513488,-0.4370495080947876,0.0681270360946655,0.2768247127532959,0.4535558521747589,-0.8471453785896301,0.5710623264312744,1.4888432025909424,1.6500651836395264,0.3158351986150463,-0.4707511354917545,-0.1260987270935466,92.0
1652956219.126663,-0.0268665552139282,-0.4097098708152771,0.0739378333091735,0.2969319224357605,0.4433504939079284,-0.8457373976707458,0.7337996959686279,1.5383086204528809,1.645128607749939,0.337647620459985,-0.4593331781006715,-0.1110426456889242,92.0
1652956219.136405,-0.0597666501998901,-0.3718333840370178,0.0780192017555236,0.3172587752342224,0.4315786957740783,-0.8444446325302124,0.8686144948005676,1.5908892154693604,1.6432877779006958,0.3593852097673933,-0.4462421300219633,-0.0969712264250519,92.0
1652956219.14642,-0.0888764262199401,-0.3331490755081177,0.0717959403991699,0.3376863300800323,0.4185301065444946,-0.8430898189544678,0.9638052582740784,1.6231650114059448,1.6255884170532229,0.380966832184235,-0.4318262607732864,-0.0838596291184508,92.0
1652956219.156524,-0.1174984574317932,-0.29027259349823,0.0547363758087158,0.3580533862113952,0.4046906232833862,-0.8414412140846252,0.9971312284469604,1.6580114364624023,1.5922051668167114,0.4023143393485247,-0.4166404904605941,-0.0716947475231408,92.0
1652956219.166476,-0.1451679170131683,-0.2489765882492065,0.0409643352031707,0.378215491771698,0.3904933333396911,-0.8393259048461914,1.0157802104949951,1.6785911321640017,1.5459277629852295,0.4233678633351292,-0.4011674178625425,-0.0605063065853765,92.0
1652956219.176289,-0.1716339290142059,-0.2027997374534607,0.0334970653057098,0.3981049656867981,0.3762167990207672,-0.836644172668457,0.9891530275344848,1.6926594972610474,1.498587965965271,0.4441297943037885,-0.3857097240740272,-0.0501574458669404,92.0
1652956219.186342,-0.1946992874145507,-0.1474084854125976,0.0298510193824768,0.4176760613918304,0.3621473908424377,-0.8333042860031128,0.9553669095039368,1.7142759561538696,1.440914273262024,0.4646301235194095,-0.3705706185505856,-0.0405892752033197,92.0
1652956219.196291,-0.2041102349758148,-0.0999075770378112,0.0178518295288085,0.436867892742157,0.3484202921390533,-0.8293068408966064,0.909096658229828,1.7134455442428589,1.3771041631698608,0.484846708355664,-0.3558852570570716,-0.031795455839673,92.0
1652956219.206164,-0.19810551404953,-0.0498683452606201,-0.0081890523433685,0.4554756283760071,0.3352307975292206,-0.8247196078300476,0.8330269455909729,1.6903620958328247,1.3188087940216064,0.5045915282032086,-0.3418501848930901,-0.0236184228214016,92.0
1652956219.215883,-0.1911692917346954,-0.0050636529922485,-0.0267628133296966,0.4733196198940277,0.3228444755077362,-0.8195974826812744,0.7376764416694641,1.6341320276260376,1.2610238790512085,0.5237129813416401,-0.3287333514963197,-0.0158539244431082,92.0
1652956219.22586,-0.2010890841484069,0.0340842604637146,-0.0279014706611633,0.4901669919490814,0.3112573027610779,-0.8141592144966125,0.6739382743835449,1.5590521097183228,1.1930427551269531,0.5419276706212507,-0.3165157848129804,-0.0084988580751258,92.0
1652956219.235824,-0.2287397980690002,0.0673171281814575,-0.0228632092475891,0.5060378909111023,0.3001002669334411,-0.8086195588111877,0.6712958812713623,1.4969743490219116,1.127306342124939,0.559177732918846,-0.3047977732091891,-0.0018560728387177,92.0
1652956219.245789,-0.2601960897445678,0.109548270702362,-0.0132177770137786,0.5210452079772949,0.2890205085277557,-0.8031059503555298,0.6929736137390137,1.436336636543274,1.0737152099609375,0.5755224738349908,-0.2932035262446679,0.0040220017243882,92.0
1652956219.255801,-0.2809144854545593,0.1524385809898376,-0.0179877877235412,0.5351718068122864,0.2778298258781433,-0.7977479696273804,0.7386350631713867,1.3652358055114746,1.0145447254180908,0.5908954179842254,-0.2815342528531812,0.0089915493077953,92.0
1652956219.2658238,-0.277398943901062,0.1951230764389038,-0.023874282836914,0.5483341217041016,0.2664586305618286,-0.7926723957061768,0.78673255443573,1.2821824550628662,0.9688850045204164,0.6051700975367778,-0.2697169451080755,0.0130439326128796,92.0
1652956219.2758222,-0.2692253589630127,0.2226635217666626,-0.0280556380748748,0.5605310201644897,0.2548623979091644,-0.787940502166748,0.833281397819519,1.1965104341506958,0.9183334112167358,0.6183277412529607,-0.2577054031780675,0.0162009838597339,92.0
1652956219.285814,-0.2684757709503174,0.2322916388511657,-0.0356412529945373,0.5717595219612122,0.2430540919303894,-0.783591628074646,0.8966401815414429,1.1061838865280151,0.8722261190414429,0.6303593150674615,-0.2455131192178494,0.0184803003304123,92.0
1652956219.295909,-0.2737106680870056,0.2394236326217651,-0.0454383492469787,0.5821214318275452,0.2310463786125183,-0.7795846462249756,0.9241392016410828,1.0425591468811035,0.832537055015564,0.6413903354393803,-0.2331530221445909,0.0199302963273022,92.0
1652956219.30572,-0.2733106017112732,0.2625260949134826,-0.0457428842782974,0.5917311310768127,0.2191133350133896,-0.7757858633995056,0.9344704747200012,0.9673213362693788,0.7804360389709473,0.6516116633828698,-0.2209056326583247,0.0208063747422869,92.0
1652956219.315707,-0.2703175544738769,0.2722916603088379,-0.0513797402381897,0.6004874110221863,0.2074314951896667,-0.7722610831260681,0.9320731163024902,0.8905554413795471,0.7326922416687012,0.6609139770216916,-0.2089486137708562,0.0211019314099922,92.0
1652956219.3256412,-0.271196961402893,0.2758244276046753,-0.0539981573820114,0.6084315776824951,0.1960728466510772,-0.7690035700798035,0.901715099811554,0.8101000785827637,0.6938087344169617,0.669348745372333,-0.1973514207315606,0.0210152413352339,92.0
1652956219.335608,-0.2856227159500122,0.2672563791275024,-0.0631234943866729,0.6157009601593018,0.1853617578744888,-0.7658677101135254,0.8228785991668701,0.7556374073028564,0.6522993445396423,0.6771302342991207,-0.1864399936209441,0.0209028630754437,92.0
1652956219.345594,-0.2974963188171386,0.2442069053649902,-0.0706843137741088,0.622340738773346,0.1754817813634872,-0.7628225088119507,0.76902836561203,0.6952770948410034,0.5958569645881653,0.6843248572327099,-0.1763951182601101,0.0207431035514698,92.0
1652956219.355538,-0.3024216890335083,0.2302252054214477,-0.0591936707496643,0.6283800601959229,0.1662494391202926,-0.7599340081214905,0.7280780076980591,0.6446831226348877,0.5503249168395996,0.6909222218903385,-0.1670249476263052,0.0204207319734612,92.0
1652956219.365758,-0.3065347075462341,0.230322778224945,-0.0264520794153213,0.6339883804321289,0.157509908080101,-0.757132351398468,0.714352011680603,0.619694173336029,0.4935562908649444,0.6971068857981397,-0.1581685747780949,0.0198440430719964,92.0
1652956219.375407,-0.3054146766662597,0.2303323149681091,-0.016750618815422,0.6393228769302368,0.1491512358188629,-0.7543342709541321,0.7180730104446411,0.6060566902160645,0.4404509961605072,0.7030598587140353,-0.1497098473340868,0.0187890825318317,92.0
1652956219.385405,-0.2898525595664978,0.2392926812171936,-0.0234975218772888,0.6443753838539124,0.1410360634326934,-0.751591145992279,0.7137157320976257,0.5760321617126465,0.4101660251617431,0.7087446902009946,-0.1415078613878448,0.0173391768413519,92.0
1652956219.3954082,-0.2688742876052856,0.2457789182662964,-0.0336650609970092,0.6490471363067627,0.1332745403051376,-0.7489831447601318,0.6842241287231445,0.5339640974998474,0.3725267946720123,0.7140360889754804,-0.1336722738643211,0.0157206388357852,92.0
1652956219.405322,-0.2454631924629211,0.2482861876487732,-0.0359673798084259,0.6533001661300659,0.126055359840393,-0.7465313076972961,0.6373826265335083,0.4836862981319427,0.3395315408706665,0.7188946882354735,-0.126391612374785,0.0140699529303996,92.0
1652956219.415285,-0.2274461388587951,0.2427026033401489,-0.0362610667943954,0.6570727825164795,0.1193452775478363,-0.7443199753761292,0.5967329144477844,0.4182665348052978,0.3160504698753357,0.7232209314249803,-0.1196304201141007,0.0124325344247569,92.0
1652956219.425283,-0.2186681628227234,0.2346846461296081,-0.0337870344519615,0.6602728962898254,0.1131633594632148,-0.7424511909484863,0.5414454340934753,0.352553129196167,0.2893522083759308,0.7268802344150038,-0.1134062877893383,0.0109106767862641,92.0
1652956219.435386,-0.2148769497871399,0.2371227741241455,-0.0294362977147102,0.6629361510276794,0.107576660811901,-0.7409068942070007,0.4749351143836975,0.2868180572986603,0.2677550613880157,0.7299142422856708,-0.1077852403823067,0.0096017527252197,92.0
1652956219.445185,-0.2094367742538452,0.2409158945083618,-0.0343117415904998,0.6650948524475098,0.1025796681642532,-0.7396798729896545,0.4222871661186218,0.2285978943109512,0.2468660622835159,0.7323540504877928,-0.1027604253688155,0.0085261317730916,92.0
1652956219.455091,-0.1976965069770813,0.2397724390029907,-0.0349932685494422,0.6667823195457458,0.0981189832091331,-0.7387652397155762,0.3812395930290222,0.1659113466739654,0.2194394916296005,0.7342294639331759,-0.0982771055029686,0.007567373983277,92.0
1652956219.465183,-0.182061493396759,0.2326276302337646,-0.0314082205295562,0.6680082678794861,0.093969352543354,-0.7381970286369324,0.3732694089412689,0.1111382767558097,0.196831077337265,0.7355259534995804,-0.0941082017985778,0.0066202468030881,92.0
1652956219.475002,-0.1657671332359314,0.2212559580802917,-0.0284364074468612,0.668819010257721,0.0899446904659271,-0.7379642128944397,0.3884153366088867,0.0705173462629318,0.1736794263124466,0.7362863848752235,-0.0900664137341137,0.0054461179806828,92.0
1652956219.484933,-0.1552417278289795,0.2025761008262634,-0.0236166790127754,0.6693257093429565,0.0858573839068412,-0.7379916310310364,0.4346709251403808,0.0307523012161254,0.1502707004547119,0.7366447332859827,-0.0859632180685696,0.0038969147637832,92.0
1652956219.49492,-0.1551962494850158,0.1834471225738525,-0.0270218774676322,0.6696311831474304,0.0816179290413856,-0.7381955981254578,0.4770324826240539,0.0204011276364326,0.1170030161738395,0.7367343015673684,-0.0817088150019729,0.0018200503887037,92.0
1652956219.505027,-0.152673602104187,0.1683453321456909,-0.0392972156405448,0.6698093414306641,0.0773832499980926,-0.7384898662567139,0.4799962639808655,0.0082304822281003,0.092873141169548,0.7366683656681808,-0.0774606920445915,-0.0006371986574806,92.0
1652956219.514861,-0.1439412236213684,0.1642670631408691,-0.0590768977999687,0.669911801815033,0.0735270678997039,-0.7387909293174744,0.4215566515922546,0.0042011197656393,0.0591205060482025,0.7365416565529024,-0.0735934825286022,-0.0031045425862903,92.0
1652956219.524857,-0.1277582049369812,0.1475329399108886,-0.0734167397022247,0.6699488162994385,0.0704718828201294,-0.7390549778938293,0.3340453207492828,-0.0021574439015239,0.0234676636755466,0.736391322797137,-0.0705303451953854,-0.0053214635024568,92.0
1652956219.534789,-0.1094017028808593,0.1319248676300048,-0.0748872384428978,0.6698571443557739,0.0682497546076774,-0.7393466234207153,0.2507759928703308,-0.0183595828711986,-0.0009383428841829,0.736126887561498,-0.0683028508749457,-0.0072023984238023,92.0
1652956219.544771,-0.0962361693382263,0.1133022308349609,-0.0689539387822151,0.6696920990943909,0.0667872801423072,-0.7396296262741089,0.168315052986145,-0.0216315947473049,-0.0287325363606214,0.7358138841152254,-0.0668370325255352,-0.0087101166335104,92.0
1652956219.554665,-0.091230571269989,0.0995855331420898,-0.066233716905117,0.6695082783699036,0.0660812333226203,-0.7398594617843628,0.0948512256145477,-0.0182682890444993,-0.0522953867912292,0.7355227006105874,-0.0661294196050768,-0.0098923054218741,92.0
1652956219.564866,-0.0835528969764709,0.0904837846755981,-0.061927430331707,0.669414222240448,0.0660931766033172,-0.7399435639381409,0.0149681149050593,0.0080590276047587,-0.0735244303941726,0.7353962794259167,-0.0661413939091475,-0.0107356277466779,92.0
1652956219.5746431,-0.0805986523628234,0.0900812745094299,-0.0648273080587387,0.6695117354393005,0.0667042359709739,-0.7398004531860352,-0.012539142742753,0.03810640797019,-0.0981964915990829,0.7355649839294202,-0.0667538052477493,-0.0113353865554612,92.0
1652956219.584598,-0.0794457197189331,0.092894434928894,-0.0603339150547981,0.6698236465454102,0.0675666779279708,-0.7394397258758545,-0.0266323238611221,0.0634173601865768,-0.1106550246477127,0.7360393697327771,-0.0676181970779592,-0.0119790420275951,92.0
1652956219.594516,-0.0763762593269348,0.0906843543052673,-0.028288796544075,0.6702942252159119,0.0685415789484977,-0.7389233708381653,-0.0154071021825075,0.0871660932898521,-0.1326985359191894,0.7367364246683932,-0.068595358710093,-0.0127474249478421,92.0
1652956219.604515,-0.0658026337623596,0.0748761892318725,0.0143524408340454,0.6708900332450867,0.0694489255547523,-0.738297700881958,0.0321108847856521,0.1025032401084899,-0.149034634232521,0.7376002032925545,-0.069504871517272,-0.0138309599455029,92.0
1652956219.614643,-0.0484644174575805,0.0263267755508422,0.0423020422458648,0.6715724468231201,0.0699417144060134,-0.7376304268836975,0.1190641522407531,0.1171631440520286,-0.1630138307809829,0.7385562894822261,-0.0699988637983974,-0.0154787979463159,92.0
