1652966885.585661,0.0168897211551666,-0.0664087533950805,0.0137442238628864,0.4870927929878235,-0.0513571314513683,-0.8718388676643372,0.0291051641106605,0.0422706939280033,0.0786973163485527,0.5094949829123575,0.0513797356901472,-0.1021291133421458,103.0
1652966885.595614,0.0134620070457458,-0.0691094398498535,0.0271565467119216,0.4874535202980041,-0.051814742386341,-0.871610164642334,-0.043599396944046,0.0529414974153041,0.1433630138635635,0.5099220123719491,0.0518379557650574,-0.1011451688648476,103.0
1652966885.605725,-0.0232590734958648,-0.0585653185844421,0.057706668972969,0.4880875647068023,-0.0519998781383037,-0.8712442517280579,-0.1051197573542594,0.1268809735774994,0.2073350697755813,0.5106550107047899,0.0520233395199945,-0.0992474975694895,103.0
1652966885.615632,-0.0778951644897461,-0.0729050040245056,0.1139316707849502,0.4895467758178711,-0.0525303073227405,-0.8703933358192444,-0.0239962041378021,0.253824919462204,0.2704816460609436,0.5123462708397236,0.0525544950216928,-0.0968072987629248,103.0
1652966885.6255112,-0.0919481813907623,-0.093824028968811,0.1820617765188217,0.4921251535415649,-0.0548950284719467,-0.8687918782234192,0.226704716682434,0.3890546262264251,0.3735590279102325,0.5153832397461641,0.0549226380119845,-0.0944631437829567,103.0
1652966885.63547,-0.0595667660236358,-0.140539288520813,0.2523574829101562,0.4955408573150635,-0.0604324340820312,-0.866479754447937,0.5512112975120544,0.4477891623973846,0.5060344934463501,0.5195023760506398,0.0604692768119717,-0.0925637971202959,103.0
1652966885.645443,-0.0327821969985961,-0.1789352893829345,0.3268066346645355,0.4991365373134613,-0.0691619738936424,-0.8637588024139404,0.8120609521865845,0.479104995727539,0.6391938924789429,0.5239852146834021,0.0692172321355959,-0.0910074557274438,103.0
1652966885.6554608,-0.0612179040908813,-0.1909934878349304,0.3484983444213867,0.5030819177627563,-0.0802488178014755,-0.8605049252510071,0.9224438071250916,0.5709589123725891,0.7600601315498352,0.5290456194533554,0.0803352033349438,-0.0894384445169343,103.0
1652966885.665371,-0.1051338911056518,-0.1681858301162719,0.3200381994247436,0.5077065229415894,-0.0920871123671531,-0.856594443321228,0.8787152171134949,0.6767204999923706,0.8933097720146179,0.5350371455166603,0.0922177618616979,-0.0869347709210763,103.0
1652966885.675453,-0.1131858825683593,-0.1224522590637207,0.3091374039649963,0.5128746032714844,-0.1043644472956657,-0.8520960211753845,0.8121983408927917,0.7562660574913025,1.0816097259521484,0.5418136749133677,0.1045548364310966,-0.0828110097357469,103.0
1652966885.685293,-0.1205145716667175,-0.0906867384910583,0.3587614893913269,0.51835697889328,-0.11658925563097,-0.8471794724464417,0.6856558322906494,0.8423268795013428,1.209470510482788,0.5490959664518077,0.1168550175683741,-0.0768069077259705,103.0
1652966885.695211,-0.1239129900932312,-0.1119415163993835,0.3388237953186035,0.5241051912307739,-0.1286187320947647,-0.8418853878974915,0.6231163144111633,0.8923680782318115,1.3284868001937866,0.5568265770617599,0.1289760144844197,-0.06941330639523,103.0
1652966885.7051768,-0.1087308526039123,-0.142419159412384,0.3585644960403442,0.5297970771789551,-0.141340360045433,-0.8362642526626587,0.6694800853729248,0.9155045747756958,1.4668645858764648,0.5647085013258293,0.1418152370975954,-0.0609348645349958,103.0
1652966885.7151442,-0.1021599173545837,-0.1254894137382507,0.3840873539447784,0.5351890921592712,-0.1552055180072784,-0.8303516507148743,0.7344534397125244,0.9246232509613036,1.549569010734558,0.5725224276942026,0.1558354867944191,-0.0519453686515161,103.0
1652966885.725127,-0.1082344651222229,-0.0839404463768005,0.3738992810249328,0.5403327941894531,-0.1699503064155578,-0.8241100311279297,0.782234251499176,0.9548400044441224,1.626889944076538,0.5803411540851989,0.170779236910191,-0.0426462243270347,103.0
1652966885.73505,-0.109906792640686,-0.0435767173767089,0.346632570028305,0.5453469157218933,-0.18534716963768,-0.8174614310264587,0.7873483300209045,0.9873602390289308,1.6929203271865845,0.5883180892197877,0.1864251341421252,-0.0330433465755663,103.0
1652966885.745136,-0.0887396931648254,0.0129691362380981,0.301159918308258,0.5500586628913879,-0.201123297214508,-0.8105460405349731,0.7658164501190186,0.992279887199402,1.7727165222167969,0.5962373526305117,0.2025045103890094,-0.0228450354158635,103.0
1652966885.755069,-0.0679113268852233,0.0600994229316711,0.2703932523727417,0.5542088747024536,-0.2170942723751068,-0.8035686016082764,0.7527797818183899,0.9692347645759584,1.820925235748291,0.6037692620243738,0.2188367568004552,-0.0120811922490564,103.0
1652966885.7649689,-0.0703998804092407,0.0992118716239929,0.2727351188659668,0.5576892495155334,-0.2333674132823944,-0.7965690493583679,0.7843611240386963,0.9311800599098206,1.8480020761489868,0.610802587253516,0.2355392845113022,-0.0011499984966483,103.0
1652966885.774914,-0.0870937705039978,0.1326629519462585,0.2753931283950805,0.5604823231697083,-0.2498803883790969,-0.7895690202713013,0.7747959494590759,0.9132363796234132,1.8743726015090945,0.6173118534275339,0.2525567228651846,0.0098618591549996,103.0
1652966885.784689,-0.0950530767440795,0.1583989858627319,0.2502414584159851,0.5627349019050598,-0.2664157450199127,-0.7825292348861694,0.750960648059845,0.8964622020721436,1.8932442665100095,0.6234453564137167,0.2696724578031237,0.0210693953959463,103.0
1652966885.794666,-0.0754230618476867,0.1825633645057678,0.2298786342144012,0.564375638961792,-0.2828876078128814,-0.7755351066589355,0.7281720042228699,0.8727622032165527,1.9262012243270876,0.6290914834534668,0.2868033671736626,0.032635523772879,103.0
1652966885.804604,-0.0390983819961547,0.200238287448883,0.1869254410266876,0.5652214288711548,-0.2992453575134277,-0.7687502503395081,0.6876400113105774,0.8018603324890137,1.9421697854995728,0.6339922526514868,0.3039016817620342,0.0445132364986972,103.0
1652966885.814718,0.0126494765281677,0.2531177997589111,0.1162883043289184,0.5651091933250427,-0.3150644898414612,-0.7624866366386414,0.5912392139434814,0.721003532409668,1.9243183135986328,0.6378064326298514,0.3205246121195432,0.0568360841567896,103.0
1652966885.824531,0.0436601042747497,0.3132026791572571,0.085573524236679,0.563929557800293,-0.3298666775226593,-0.7570808529853821,0.5214025974273682,0.5788410902023315,1.8536500930786133,0.6402121431854402,0.3361623478224932,0.0693593679783564,103.0
1652966885.834474,0.0425341129302978,0.3486678004264831,0.0785747766494751,0.5616833567619324,-0.3440013825893402,-0.7524458765983582,0.5351386070251465,0.4461759924888611,1.784123420715332,0.6412424213332241,0.3511750641398896,0.0814545760245893,103.0
1652966885.844439,0.027286410331726,0.3910199999809265,0.0875084996223449,0.5583764314651489,-0.3580010235309601,-0.748365581035614,0.5828872323036194,0.316400408744812,1.7262643575668335,0.6410183599549015,0.3661261419758493,0.0928713050766554,103.0
1652966885.854406,0.0080276727676391,0.4388006925582886,0.1230356693267822,0.5543349385261536,-0.3717997074127197,-0.7446325421333313,0.6491495966911316,0.2394401133060455,1.6283538341522217,0.6399338030384364,0.3809469418034418,0.1034168830261385,103.0
1652966885.865316,0.006226360797882,0.4112509489059448,0.1032895445823669,0.5497733950614929,-0.3858517706394195,-0.7408559918403625,0.7385730743408203,0.1565412282943725,1.61193585395813,0.6384120910704596,0.3961309164972482,0.1128347787111897,103.0
1652966885.8745918,0.0592002272605896,0.3798693418502807,0.0687339901924133,0.5439796447753906,-0.4002158641815185,-0.737504780292511,0.7617083191871643,-0.0165815446525812,1.624514102935791,0.6355143439829886,0.4117523761444514,0.1221060422083054,103.0
1652966885.884544,0.086750328540802,0.3611617684364319,0.0633572340011596,0.536601722240448,-0.4144161939620971,-0.7350631356239319,0.7456417083740234,-0.209585890173912,1.593276023864746,0.6305827570209211,0.4273012167327777,0.1314348819084935,103.0
1652966885.894446,0.0646721720695495,0.3683342933654785,0.0548021793365478,0.5280096530914307,-0.4279863536357879,-0.7335076332092285,0.6720863580703735,-0.3356459140777588,1.5374702215194702,0.6239190728792376,0.44226358608563,0.1407317306625202,103.0
1652966885.904378,0.0346616506576538,0.4081037044525146,0.0236170291900634,0.5188204050064087,-0.4401666820049286,-0.7328565120697021,0.5174704194068909,-0.4197940826416015,1.4354634284973145,0.6160367518617891,0.4557843112504324,0.1502808086058106,103.0
1652966885.914315,0.0207093358039855,0.4487534761428833,-0.0029006004333496,0.5093199014663696,-0.4503311514854431,-0.733345091342926,0.3139149844646454,-0.5077852606773376,1.3308500051498413,0.6070359293664903,0.4671361981099589,0.1601923366577216,103.0
1652966885.924292,0.0139777362346649,0.4585986137390136,0.0173473358154296,0.4994652569293976,-0.4586009979248047,-0.7349963188171387,0.2140930593013763,-0.5858039259910583,1.2545379400253296,0.5968674988114271,0.4764202328839994,0.1705446898610733,103.0
1652966885.934233,0.0037538707256317,0.3917021751403808,0.0549233555793762,0.4892880916595459,-0.4667122662067413,-0.7367339134216309,0.3244009912014007,-0.6437901854515076,1.226750373840332,0.5862453581460466,0.4855696716207969,0.1802567648545565,103.0
1652966885.944221,0.0279759764671325,0.3210102915763855,0.0951006710529327,0.4783869087696075,-0.4755632877349853,-0.738231360912323,0.4456025063991546,-0.7327890396118164,1.278236985206604,0.574980366854267,0.4956042592499627,0.1897516589640511,103.0
1652966885.954183,0.070691168308258,0.283366322517395,0.0633854269981384,0.4664487242698669,-0.4851688146591186,-0.7396193742752075,0.5305213332176208,-0.8422103524208069,1.2802547216415403,0.562659434506024,0.5065562160158875,0.1990419738944086,103.0
1652966885.964152,0.0806314051151275,0.2892718315124511,0.0414067506790161,0.4536703526973724,-0.4949742257595062,-0.7410693168640137,0.520709216594696,-0.94771146774292,1.252211570739746,0.5493297567213743,0.5178051820425381,0.2080137736589405,103.0
1652966885.974101,0.0444161891937255,0.2976567149162292,0.0433329939842224,0.4403250813484192,-0.5040263533592224,-0.7430149912834167,0.4413211643695831,-1.004323124885559,1.204133152961731,0.53497487221544,0.5282542633224745,0.2172553071694616,103.0
1652966885.984167,-0.0108489394187927,0.3112568259239197,0.004675805568695,0.4269408285617828,-0.511557400226593,-0.7456744909286499,0.2025927305221557,-0.9989038705825806,1.1440969705581665,0.5199960359370026,0.5369963599688015,0.2270696738959131,103.0
1652966885.994025,-0.0347304344177246,0.3338869214057922,-0.0254055857658386,0.4138655960559845,-0.5166780948638916,-0.7495058178901672,-0.0735155493021011,-0.9967010021209716,1.0705749988555908,0.504518919491091,0.5429664568501494,0.2378839728015943,103.0
1652966886.003965,-0.0300980508327484,0.3029789328575134,-0.0277625918388366,0.4009018838405609,-0.5195090174674988,-0.7545779943466187,-0.2841907739639282,-1.023126482963562,1.040364384651184,0.4883673357787867,0.5462762306520574,0.2496975598755733,103.0
1652966886.0139298,0.0018216371536254,0.2171192765235901,-0.0088567733764648,0.3874453008174896,-0.5213708281517029,-0.7603016495704651,-0.3012401163578033,-1.11725652217865,1.0590437650680542,0.4712934844339798,0.5484566292544389,0.2621390313661726,103.0
1652966886.023912,0.0346142947673797,0.1272321939468383,0.0155359506607055,0.3729021847248077,-0.5235468149185181,-0.7660565972328186,-0.1647975891828537,-1.2322227954864502,1.081647872924805,0.4530169812125884,0.5510085836528883,0.2746776240181888,103.0
1652966886.0338612,0.0304945707321167,0.1138345003128051,0.0371330380439758,0.3574906587600708,-0.526604413986206,-0.7712899446487427,-0.0865453407168388,-1.3120508193969729,1.065011501312256,0.4340212747773044,0.5546013371337968,0.2865496837097152,103.0
1652966886.0438209,-0.0062997043132781,0.148636519908905,0.03464937210083,0.3419472873210907,-0.5296139121055603,-0.7762609720230103,-0.0778594389557838,-1.313166618347168,0.993120014667511,0.4149303442463118,0.5581453344705498,0.2979544832073106,103.0
1652966886.0539289,-0.0300337672233581,0.1829698085784912,-0.0456047058105468,0.3266798853874206,-0.5318183302879333,-0.7813126444816589,-0.1832830607891082,-1.3206604719161987,0.9509323239326476,0.3960260190457434,0.5607462818059407,0.3090081508538518,103.0
1652966886.063918,-0.026877224445343,0.2024555802345276,-0.0875818729400634,0.3112705051898956,-0.5337254405021667,-0.7862873077392578,-0.1025408133864402,-1.352479338645935,0.918633222579956,0.3769442099106058,0.5629998338183456,0.3198555064009617,103.0
1652966886.0736508,-0.0399285554885864,0.1931024193763733,-0.0117303729057312,0.2957116663455963,-0.536029577255249,-0.7907128930091858,0.0571284107863903,-1.3783761262893677,0.8825154900550842,0.3578770694087277,0.5657268944508227,0.3300382496893074,103.0
1652966886.08352,-0.0716292262077331,0.0803228020668029,0.007674753665924,0.2800185084342956,-0.5401148796081543,-0.793640673160553,0.3236719369888305,-1.4188830852508545,0.8557568192481995,0.339191789465929,0.5705735977921826,0.3388272063150007,103.0
1652966886.093618,-0.0864015519618988,0.0081318020820617,-0.0107671022415161,0.2640901207923889,-0.5455987453460693,-0.7953479290008545,0.4624776244163513,-1.4217748641967771,0.8570021390914917,0.320589269369379,0.5771034064543786,0.3469486861176822,103.0
1652966886.10361,-0.105604737997055,-0.0148113965988159,-0.0444664359092712,0.24833545088768,-0.5514655113220215,-0.7963762879371643,0.45992311835289,-1.392541766166687,0.8169282078742981,0.3022759974671848,0.5841200057936662,0.3547200030560076,103.0
1652966886.113472,-0.1180141866207122,-0.0079427361488342,-0.0826834440231323,0.2329891771078109,-0.5566140413284302,-0.7974314093589783,0.3331120014190674,-1.3583382368087769,0.7974312901496887,0.2842621223528207,0.5903045337335998,0.362530244983586,103.0
1652966886.12387,-0.1051721572875976,0.0006459355354309,-0.1446537375450134,0.2177667766809463,-0.5601649880409241,-0.7992451786994934,0.0925992578268051,-1.350011110305786,0.8193144798278809,0.2660084243257201,0.5945849464369428,0.3711533599821874,103.0
1652966886.1334748,-0.0947654843330383,0.009920060634613,-0.1864851713180542,0.2023094594478607,-0.5614701509475708,-0.8023852705955505,-0.1826006919145584,-1.3902487754821775,0.8087870478630066,0.2469871149744466,0.5961613571401643,0.3807989408126342,103.0
1652966886.145826,-0.1162023395299911,-0.0049035549163818,-0.1827800869941711,0.1866063922643661,-0.5606433153152466,-0.8067571520805359,-0.3839327394962311,-1.4192692041397097,0.7639855146408081,0.2273067961880762,0.5951625096650732,0.3908566839840802,103.0
1652966886.153387,-0.1570246219635009,-0.0639969110488891,-0.1609229445457458,0.1711390018463134,-0.5587425231933594,-0.8114913105964661,-0.3920425176620483,-1.411473274230957,0.7004050612449646,0.2078486951524945,0.59286879526466,0.4004265827613895,103.0
1652966886.164106,-0.1803305000066757,-0.1337261795997619,-0.1538447737693786,0.1560995429754257,-0.5572299361228943,-0.815553605556488,-0.2044542580842971,-1.37334406375885,0.6500095129013062,0.189115880725069,0.5910460971775572,0.4091530507656754,103.0
1652966886.173332,-0.1763618737459182,-0.1891623735427856,-0.1403620839118957,0.1417397111654281,-0.557803750038147,-0.8177803754806519,0.0791350379586219,-1.3146700859069824,0.5992653965950012,0.171617511661098,0.5917372847160937,0.4165183903642497,103.0
1652966886.183049,-0.1535723954439163,-0.2090073227882385,-0.160353422164917,0.1279071271419525,-0.5600138902664185,-0.8185499906539917,0.2796268463134765,-1.2852426767349243,0.5790272355079651,0.1550071030834376,0.5944025983925185,0.4232234235891956,103.0
1652966886.193191,-0.14790740609169,-0.2286636233329773,-0.1899300217628479,0.1144296526908874,-0.5635031461715698,-0.8181503415107727,0.3945048451423645,-1.253011703491211,0.5273591876029968,0.1389624017743312,0.5986202206935977,0.4292293844476383,103.0
1652966886.203,-0.176935464143753,-0.2489082813262939,-0.2099567055702209,0.1018012166023254,-0.567478597164154,-0.817070722579956,0.4452029168605804,-1.1651471853256226,0.4474489092826843,0.1239541427165403,0.6034403541646297,0.4343814260878211,103.0
1652966886.2130651,-0.2036627829074859,-0.3119477033615112,-0.2843825817108154,0.0903510451316833,-0.5714523196220398,-0.8156462907791138,0.4194434285163879,-1.059606671333313,0.4094785153865814,0.1103225664131348,0.6082745099885176,0.4388995482074233,103.0
1652966886.223093,-0.1996167004108429,-0.4033794999122619,-0.3495302200317383,0.0797131434082984,-0.5747250318527222,-0.814454972743988,0.2897019386291504,-1.0100699663162231,0.3759924471378326,0.097562266386528,0.6122681293893127,0.4431870512310656,103.0
1652966886.2330508,-0.20073302090168,-0.4800708293914795,-0.4066008925437927,0.0697821155190467,-0.5767059922218323,-0.8139660358428955,0.1267723441123962,-0.9290177822113036,0.3232758641242981,0.085521878871996,0.6146908292080535,0.4471811309486294,103.0
1652966886.243005,-0.2268513590097427,-0.5208484530448914,-0.4396502375602722,0.0612935237586498,-0.5771191120147705,-0.8143565654754639,-0.0739597007632255,-0.7801681160926819,0.2165169268846511,0.0751245520349931,0.6151966141535932,0.4504510594607199,103.0
1652966886.252974,-0.2384878247976303,-0.5379130244255066,-0.4804244637489319,0.0545889250934124,-0.5758804082870483,-0.8157093524932861,-0.2667979300022125,-0.617665708065033,0.1578122973442077,0.0668223927410906,0.6136806294509908,0.4528258594238696,103.0
1652966886.2630792,-0.213797390460968,-0.5485718846321106,-0.5115350484848022,0.0492924191057682,-0.573334276676178,-0.8178374171257019,-0.3612171113491058,-0.4942316710948944,0.1162350326776504,0.0601988381344064,0.6105696789790639,0.4547454784346287,103.0
1652966886.272846,-0.1978700459003448,-0.5635297298431396,-0.4825395345687866,0.0452211387455463,-0.5705304741859436,-0.8200304508209229,-0.3268572092056274,-0.3784214556217193,0.0549243837594985,0.0550898798412007,0.6071516296314816,0.4560460613223419,103.0
1652966886.282837,-0.2228862941265106,-0.5933209657669067,-0.436244785785675,0.0426342487335205,-0.5683633089065552,-0.8216723799705505,-0.1887355595827102,-0.2375426441431045,-0.0353692956268787,0.0518406754395185,0.604515271299955,0.4563255291475488,103.0
1652966886.29276,-0.2481111139059066,-0.6275095343589783,-0.4331018328666687,0.0417055040597915,-0.5673406720161438,-0.8224263787269592,-0.0659547746181488,-0.0823623165488243,-0.0958805009722709,0.0506669191849865,0.6032728871848402,0.4556202878509622,103.0
1652966886.302793,-0.2516843974590301,-0.6486371159553528,-0.4221228361129761,0.0424711667001247,-0.5669212937355042,-0.8226763010025024,-0.0367292463779449,0.0693355947732925,-0.198433518409729,0.0515798179594112,0.602763718884772,0.4539154388737859,103.0
1652966886.312731,-0.2443776130676269,-0.655082643032074,-0.4316417574882507,0.0449910350143909,-0.5663593411445618,-0.8229294419288635,-0.0873377621173858,0.201951801776886,-0.2970868945121765,0.054617427842134,0.6020816702846095,0.450936454645345,103.0
1652966886.322679,-0.2385012209415435,-0.6515516638755798,-0.4514294862747192,0.0490786507725715,-0.564988911151886,-0.8236375451087952,-0.2216409742832183,0.3222518563270569,-0.3836676180362701,0.0595173058034873,0.6004198189390526,0.4469186646415077,103.0
1652966886.332777,-0.2381934523582458,-0.6112451553344727,-0.4460926055908203,0.054492924362421,-0.5623149871826172,-0.8251256942749023,-0.3712756633758545,0.4248429238796234,-0.4628576338291168,0.0659462033727693,0.5971826689711132,0.4420539401595451,103.0
1652966886.342599,-0.2453008741140365,-0.5414576530456543,-0.4258850216865539,0.0612646490335464,-0.558520495891571,-0.8272252082824707,-0.4706209003925323,0.5538715124130249,-0.5268312692642212,0.0739254621477956,0.592601092986138,0.4364752948492284,103.0
1652966886.4109368,-0.2517563700675964,-0.481020450592041,-0.3914064764976501,0.0692460387945175,-0.5541806221008301,-0.8295111656188965,-0.488383799791336,0.6465839147567749,-0.5653877854347229,0.0832850226753589,0.5873782676983216,0.4304185699661572,103.0
1652966886.4112968,-0.2549642324447632,-0.4341177940368652,-0.3505015969276428,0.0782674625515937,-0.5499957799911499,-0.8314919471740723,-0.4063184857368469,0.7436041831970215,-0.6207983493804932,0.0938524143547173,0.5823591826963378,0.4238430340158457,103.0
1652966886.4114652,-0.2554075121879577,-0.4197190999984741,-0.3156251907348633,0.0883543193340301,-0.5465726852416992,-0.8327375650405884,-0.2730222642421722,0.8307767510414124,-0.6835302710533142,0.1057055625705217,0.5782659699804893,0.4165218375003027,103.0
1652966886.411624,-0.2478218376636505,-0.4098471403121948,-0.3052793741226196,0.0993691012263298,-0.5440248250961304,-0.8331643342971802,-0.194323718547821,0.8971299529075623,-0.748539388179779,0.118706373322951,0.5752264336263205,0.4083870165069274,103.0
1652966886.41178,-0.2366299331188202,-0.3587790131568908,-0.3185188770294189,0.111279010772705,-0.5416952967643738,-0.8331765532493591,-0.1794266104698181,0.9538092017173768,-0.8190053105354309,0.1327741766211004,0.5724526123878049,0.3994377013403479,103.0
1652966886.412561,-0.2321626543998718,-0.2904648184776306,-0.336711049079895,0.1239778622984886,-0.5389297604560852,-0.8331771492958069,-0.2600503265857696,1.0152409076690674,-0.8666505813598633,0.147717446017424,0.5691660561628057,0.3899013541524893,103.0
1652966886.4127269,-0.2394277900457382,-0.2383734583854675,-0.3293261528015136,0.1374228149652481,-0.5352826118469238,-0.833419144153595,-0.3314822614192962,1.0488402843475342,-0.9526694416999816,0.1634199160737262,0.5648422710319602,0.379841027239391,103.0
1652966886.425089,-0.2575061023235321,-0.197509765625,-0.3226528167724609,0.1514880508184433,-0.5309695601463318,-0.8337401747703552,-0.3635059595108032,1.0910247564315796,-1.0004031658172607,0.1797361462023602,0.5597443299860564,0.3691752668869507,103.0
1652966886.432214,-0.2681066989898681,-0.1590721011161804,-0.3115555644035339,0.1661474853754043,-0.5263960957527161,-0.8338478207588196,-0.3417164981365204,1.1420443058013916,-1.0523916482925415,0.1966781156099725,0.5543562654049319,0.3581515105887641,103.0
1652966886.445818,-0.2622362971305847,-0.1203494668006897,-0.2751691341400146,0.1813036799430847,-0.5218889117240906,-0.8335232138633728,-0.2949170470237732,1.1565611362457275,-1.1019301414489746,0.2141786562783558,0.5490638747132158,0.3465739799612424,103.0
1652966886.454644,-0.2487670183181762,-0.0749481916427612,-0.2586280107498169,0.1968261152505874,-0.5176017880439758,-0.8326750993728638,-0.226527065038681,1.1798824071884155,-1.1537542343139648,0.2321174857258914,0.5440456447666016,0.3344425540120614,103.0
1652966886.462152,-0.2415298819541931,-0.0346626639366149,-0.2625307440757751,0.2127670794725418,-0.5135312080383301,-0.83127361536026,-0.180013358592987,1.2136234045028689,-1.1918104887008667,0.2505737070198198,0.5392950577682637,0.3217745224659853,103.0
1652966886.471784,-0.2230622768402099,-0.0066593885421752,-0.2774803042411804,0.2289674580097198,-0.5095527172088623,-0.8294154405593872,-0.1525523215532302,1.2099902629852295,-1.2265052795410156,0.2693503346403433,0.5346648833509334,0.3086642491959318,103.0
1652966886.482261,-0.2063375115394592,0.0253182053565979,-0.2855346798896789,0.2451711297035217,-0.5053282976150513,-0.8273659348487854,-0.1547036170959472,1.180142879486084,-1.288888692855835,0.2880839680574825,0.5297623597958876,0.2952186879312276,103.0
1652966886.492114,-0.2192228436470031,0.0504457354545593,-0.2900007367134094,0.2614439129829407,-0.5006486177444458,-0.8252260088920593,-0.165943294763565,1.155862808227539,-1.377892255783081,0.306811048216859,0.5243479163975518,0.2810708941782447,103.0
1652966886.501988,-0.2472957074642181,0.086684763431549,-0.2905937135219574,0.2780421674251556,-0.4953712224960327,-0.8229823112487793,-0.1885274350643158,1.1712154150009155,-1.4673960208892822,0.3258073927389343,0.5182621219774595,0.2661854968649529,103.0
1652966886.511622,-0.254483699798584,0.12688809633255,-0.2852388024330139,0.295011043548584,-0.4893736243247986,-0.8206594586372375,-0.2330588847398758,1.1617732048034668,-1.5443307161331177,0.3450955883186495,0.5113713341234503,0.2506734770684936,103.0
1652966886.521672,-0.2399126887321472,0.178142249584198,-0.2662314474582672,0.3119952082633972,-0.4824715256690979,-0.818462073802948,-0.2865596413612366,1.1314773559570312,-1.6132166385650637,0.364192488249017,0.503474187929162,0.2348476252857695,103.0
1652966886.531486,-0.2325818538665771,0.2002555131912231,-0.2587760388851166,0.3288648128509521,-0.4748207628726959,-0.8163290619850159,-0.301787406206131,1.082216739654541,-1.6673825979232788,0.3829678462912481,0.4947603671600461,0.2187173956106664,103.0
1652966886.542002,-0.2270293831825256,0.230526328086853,-0.2318287789821624,0.3452391922473907,-0.4666422605514526,-0.8142817616462708,-0.3120051324367523,1.002375245094299,-1.714955449104309,0.4010063917369456,0.4854905328876828,0.2024464051130043,103.0
1652966886.551703,-0.2416533827781677,0.2650061845779419,-0.1899721324443817,0.3611754477024078,-0.457992285490036,-0.8122778534889221,-0.3090989291667938,0.9512790441513062,-1.776505708694458,0.4183919517393549,0.4757353658963565,0.1858438783258684,103.0
1652966886.561726,-0.2596991658210754,0.2905716896057129,-0.1564656496047973,0.3769019246101379,-0.4488657414913177,-0.8102250099182129,-0.3140007257461548,0.9276469349861144,-1.8230364322662356,0.435407146837902,0.4654956076584747,0.1689775621750736,103.0
1652966886.571667,-0.2473841905593872,0.3291774988174438,-0.145431786775589,0.3923274278640747,-0.4392849802970886,-0.8081508874893188,-0.3253318071365356,0.8780055046081543,-1.8476136922836304,0.451950590438677,0.4548025904724618,0.1520317114850451,103.0
1652966886.5813751,-0.220511794090271,0.3691363334655761,-0.1296073496341705,0.407096266746521,-0.4292152225971222,-0.8062548637390137,-0.3363242745399475,0.7984198331832886,-1.8611201047897337,0.4675778968852375,0.4436237165486582,0.1353269976106406,103.0
1652966886.591464,-0.2052585482597351,0.3824717998504638,-0.0989230275154113,0.4210483431816101,-0.4188381433486938,-0.8045451641082764,-0.3280999660491943,0.7135117650032043,-1.871385216712952,0.4821425400867386,0.4321654625084507,0.1187391422172653,103.0
1652966886.6013808,-0.1981822252273559,0.375036358833313,-0.0722334384918212,0.4341746568679809,-0.4084794223308563,-0.802892804145813,-0.2590995728969574,0.6349306702613831,-1.875601291656494,0.4957237263788675,0.4207875331620046,0.1021638391588859,103.0
1652966886.611576,-0.1840551495552063,0.3806369304656982,-0.0418617129325866,0.4463842511177063,-0.3984611332416534,-0.8012301325798035,-0.1769041866064071,0.5321742296218872,-1.8879047632217407,0.5082959506540468,0.4098384085377541,0.0853699429145301,103.0
1652966886.621381,-0.1776286661624908,0.3886610865592956,-0.016766995191574,0.4576579332351684,-0.3889336585998535,-0.7995497584342957,-0.0829159170389175,0.4366681575775146,-1.8914659023284912,0.5198740404226462,0.3994738211203587,0.068232421962575,103.0
1652966886.6311889,-0.1770895719528198,0.401366114616394,0.0021737217903137,0.4680289030075073,-0.3797218799591064,-0.797972559928894,-0.0484119988977909,0.356482446193695,-1.8863868713378904,0.5304506821079794,0.3894956524550927,0.0509387718928522,103.0
1652966886.641471,-0.1850097179412841,0.4243345260620117,0.0265326797962188,0.4776122570037842,-0.370389461517334,-0.7966794371604919,-0.0704648345708847,0.2923236787319183,-1.8937522172927856,0.5400544858062817,0.3794282829029474,0.0337809979969944,103.0
1652966886.651324,-0.1926600933074951,0.4416143298149109,0.0372228026390075,0.4866511821746826,-0.3605107367038727,-0.7957403063774109,-0.1274263113737106,0.2440104633569717,-1.8929238319396973,0.5488837110224979,0.3688153968557427,0.0169868287448928,103.0
1652966886.6615682,-0.1786277294158935,0.4598419070243835,0.0456438958644866,0.494927167892456,-0.3499804437160492,-0.795336902141571,-0.2031636834144592,0.1527556478977203,-1.8804123401641848,0.5566454150888638,0.3575502186150208,0.0007820850726492,103.0
1652966886.6716142,-0.1748564839363098,0.4638393521308899,0.0769825875759124,0.50227952003479,-0.3388080596923828,-0.7955653667449951,-0.2589843273162842,0.0751195028424263,-1.8764610290527344,0.5631519702777613,0.3456497435612453,-0.0147968904847293,103.0
1652966886.681396,-0.1829198598861694,0.4507129192352295,0.1089028120040893,0.5088018178939819,-0.3271645009517669,-0.7962939739227295,-0.3189246356487274,0.0221345853060483,-1.8575092554092407,0.5685766953595479,0.3333013897815809,-0.0298162679630404,103.0
1652966886.691248,-0.1798166036605835,0.4583554267883301,0.1298338770866394,0.5147164463996887,-0.3148619532585144,-0.7974514961242676,-0.4260256588459015,-0.0168663430958986,-1.8268241882324217,0.5731712102213513,0.3203111930198839,-0.044048658834849,103.0
1652966886.70111,-0.1498849391937255,0.4675847887992859,0.1504721045494079,0.5198952555656433,-0.301793485879898,-0.7991430163383484,-0.4971714615821838,-0.0906484276056289,-1.7981241941452026,0.5767730129580013,0.3065733090768456,-0.0573351525475881,103.0
1652966886.71134,-0.1201488971710205,0.4756332635879516,0.1804905533790588,0.5238659381866455,-0.2882938683032989,-0.8015304803848267,-0.6142273545265198,-0.2187820523977279,-1.7326157093048096,0.5788892467357257,0.2924445721853543,-0.0697039920496707,103.0
1652966886.721468,-0.1098998188972473,0.5039412379264832,0.1837624311447143,0.5262816548347473,-0.2735603749752044,-0.8051039576530457,-0.8356809020042419,-0.3554267287254333,-1.6435707807540894,0.5789589925305753,0.2770926663892966,-0.0801166366426552,103.0
1652966886.731015,-0.1245958805084228,0.5232158899307251,0.1660014986991882,0.5271990299224854,-0.2576304674148559,-0.8097454309463501,-1.0302340984344482,-0.4762063920497894,-1.5879130363464355,0.5771253701382403,0.2605690957209216,-0.088875361545771,103.0
1652966886.7410998,-0.1491135358810424,0.5627665519714355,0.2269342690706253,0.5267990827560425,-0.2403009384870529,-0.8153147101402283,-1.2284427881240845,-0.5711379647254944,-1.5360255241394043,0.5736496497172678,0.2426758641263056,-0.0960160406422502,103.0
1652966886.750917,-0.1600661277770996,0.5897579193115234,0.2512781023979187,0.5254073739051819,-0.2218591570854187,-0.8214167952537537,-1.3226966857910156,-0.6111152768135071,-1.4862443208694458,0.5690545540833502,0.2237207262320272,-0.1018854501355236,103.0
1652966886.761065,-0.1470988988876342,0.5489395260810852,0.2524221539497375,0.5233501195907593,-0.2038228809833526,-0.8273819088935852,-1.1888384819030762,-0.6568577289581299,-1.4364128112792969,0.5640012354906898,0.2052612021238421,-0.1075545637427605,103.0
1652966886.7707992,-0.0944492816925048,0.4883676171302795,0.2931444942951202,0.5202457308769226,-0.187675729393959,-0.833139955997467,-0.9374537467956544,-0.7597295045852661,-1.38270366191864,0.5581963899164305,0.1887952890681024,-0.113862959452178,103.0
1652966886.780938,-0.0570601224899292,0.4380513429641723,0.3398735821247101,0.5159834623336792,-0.17440727353096,-0.8386555314064026,-0.5471957325935364,-0.8620553016662598,-1.3665920495986938,0.551557868901121,0.175303777008605,-0.1217060140787825,103.0
1652966886.791142,-0.0366817116737365,0.4287062287330627,0.3576895296573639,0.5103449821472168,-0.164467453956604,-0.8440961837768555,-0.1789939105510711,-1.0359045267105105,-1.37303626537323,0.5437988208904522,0.1652180834562625,-0.1316546959822621,103.0
1652966886.800743,-0.0431777834892272,0.475902795791626,0.3447768092155456,0.5029708743095398,-0.1571547091007232,-0.8498956561088562,0.0586135871708393,-1.2353001832962036,-1.3917806148529053,0.5343705577011894,0.1578089005998694,-0.1433376765537563,103.0
1652966886.810925,-0.1078498065471649,0.5333384275436401,0.3400790691375732,0.4941718280315399,-0.1513278633356094,-0.8560923337936401,0.1776878386735916,-1.3412377834320068,-1.4359270334243774,0.523517044033272,0.1519114674512455,-0.1562740409203957,103.0
1652966886.8205829,-0.1692355573177337,0.5312892198562622,0.3581520915031433,0.4845279157161712,-0.1461464613676071,-0.8624812364578247,0.2739139795303345,-1.4172300100326538,-1.459857702255249,0.5118451823238479,0.1466717790805931,-0.1700444376136941,103.0
1652966886.8306289,-0.1472992897033691,0.4732147455215454,0.3664561212062835,0.4740815162658691,-0.1424876004457473,-0.8688751459121704,0.4853609800338745,-1.4953259229660034,-1.4291728734970093,0.4994794351205178,0.1429742107973095,-0.1846149021918391,103.0
1652966886.8410912,-0.0579007863998413,0.3304866552352905,0.3575529456138611,0.4623502194881439,-0.1412290632724762,-0.8753780126571655,0.6850695610046387,-1.660997986793518,-1.3455144166946411,0.4859304582087897,0.1417028100907078,-0.1998195585093289,103.0
1652966886.850704,0.0245720446109771,0.2459309697151184,0.3680868446826935,0.4488928914070129,-0.1413869857788086,-0.8823292255401611,0.6781049966812134,-1.8202171325683596,-1.2633816003799438,0.4706301803226207,0.1418623335198935,-0.2146128220065904,103.0
1652966886.860976,0.0325952172279357,0.2293994426727295,0.347997784614563,0.4341711401939392,-0.141119122505188,-0.8897082805633545,0.4616816341876983,-1.9013255834579468,-1.1974244117736816,0.4539957039123073,0.1415917542653021,-0.2283545001848411,103.0
1652966886.870466,-0.0017253160476684,0.2632814645767212,0.2675461769104004,0.4188090562820434,-0.1386857032775879,-0.8974214196205139,0.0641107484698295,-1.9062750339508057,-1.07270610332489,0.4366384971849638,0.1391341763823183,-0.2398648725862692,103.0
1652966886.880732,-0.0345204472541809,0.3239392042160034,0.2479005008935928,0.4031727910041809,-0.1333222389221191,-0.9053601026535034,-0.3103358149528503,-1.8864802122116089,-0.984195351600647,0.4189532309995715,0.1337203922542369,-0.2487116559874612,103.0
1652966886.891051,-0.0771143436431884,0.3194876909255981,0.3246203660964966,0.387493371963501,-0.1253253072500229,-0.9133139848709106,-0.6295254230499268,-1.8461055755615237,-0.9005877375602722,0.4012536860677362,0.1256557170977477,-0.2555490058709035,103.0
1652966886.9004412,-0.1160051524639129,0.2277625799179077,0.3547980189323425,0.3717882335186004,-0.1159674599766731,-0.9210456013679504,-0.7042545676231384,-1.8107644319534304,-0.79825758934021,0.38365658959557,0.1162289733151969,-0.2608604967330532,103.0
1652966886.9105492,-0.1321194767951965,0.1475913524627685,0.4024484753608703,0.3564084470272064,-0.1071145758032798,-0.9281699657440186,-0.5852472186088562,-1.71048903465271,-0.712615966796875,0.3666293490024314,0.1073204717783372,-0.2654547414413692,103.0
1652966886.920388,-0.0987204313278198,0.0931866765022277,0.505844235420227,0.3415182530879974,-0.1004182323813438,-0.9344952702522278,-0.3709743320941925,-1.6558032035827637,-0.6269671320915222,0.3503784680867913,0.1005877662942482,-0.2701156615464657,103.0
1652966886.930416,-0.0267726480960845,0.1003984212875366,0.5649232268333435,0.3265163004398346,-0.096005342900753,-0.9403031468391418,-0.1929414123296737,-1.6877481937408447,-0.481020838022232,0.3342190640044453,0.096153439748714,-0.274407248969931,103.0
1652966886.940884,0.0128283500671386,0.1266082525253296,0.5372675061225891,0.3107037246227264,-0.0931756645441055,-0.9459288716316224,-0.1534464657306671,-1.7577913999557495,-0.3177986145019531,0.3173619112906063,0.0933110118990082,-0.2776514270458912,103.0
1652966886.950149,-0.0230900049209594,0.1758286952972412,0.5074790120124817,0.2941776514053345,-0.0907462239265441,-0.9514329433441162,-0.2135303914546966,-1.7812106609344482,-0.1704758703708648,0.2998704567759377,0.0908712375802907,-0.2794149340179886,103.0
1652966886.960493,-0.0891866087913513,0.2227367758750915,0.5175848603248596,0.2772817313671112,-0.088049940764904,-0.9567455649375916,-0.2960116863250732,-1.791143774986267,-0.0373055674135685,0.2820891790801521,0.0881641151563963,-0.2796923140162111,103.0
1652966886.970106,-0.129443734884262,0.2627843022346496,0.55756014585495,0.2601352632045746,-0.0845224112272262,-0.9618656635284424,-0.4609194099903106,-1.7845553159713743,0.0877497866749763,0.2641299398837473,0.0846233769020441,-0.2784314827430713,103.0
1652966886.980274,-0.1346278190612793,0.2130200862884521,0.5642049908638,0.243163600564003,-0.080165684223175,-0.9666669368743896,-0.4854370057582855,-1.725266456604004,0.1812640130519867,0.2464355305981611,0.0802518010468014,-0.2759092871097042,103.0
1652966886.990409,-0.0697774589061737,0.0432362556457519,0.495144784450531,0.2263173907995224,-0.0764741152524948,-0.9710469245910645,-0.4194672405719757,-1.7315067052841189,0.3550892472267151,0.2289777763862559,0.0765488559002443,-0.2722668914050261,103.0
1652966886.9999762,0.0369169861078262,-0.0603730082511901,0.5011321306228638,0.2089173793792724,-0.073535069823265,-0.9751646518707277,-0.3728182315826416,-1.8058621883392332,0.4656144082546234,0.2110477589044666,0.0736015074572421,-0.2673305153305279,103.0
1652966887.010478,0.0796365886926651,-0.0711831450462341,0.5142095685005188,0.1905660629272461,-0.0717504248023033,-0.9790487289428712,-0.1937695890665054,-1.881763577461243,0.5070130228996277,0.1922403890349161,0.0718121295210117,-0.2620112512060273,103.0
1652966887.01982,0.0150267928838729,-0.0119194388389587,0.497502863407135,0.1718323677778244,-0.0715232491493225,-0.9825263619422911,-0.0455646775662899,-1.8641688823699951,0.5394042730331421,0.1731372780319923,0.071584368677902,-0.2566680826162376,103.0
1652966887.030036,-0.0816017389297485,0.0774810910224914,0.5023113489151001,0.1534706503152847,-0.0723491534590721,-0.9855010509490968,0.0090123452246189,-1.7992507219314575,0.5808963775634766,0.1544876722335857,0.0724124196399354,-0.2511370094861402,103.0
1652966887.040343,-0.1452757120132446,0.1308528780937194,0.5106601715087891,0.1357542425394058,-0.0724276974797248,-0.9880915880203248,-0.2183616906404495,-1.7137901782989502,0.662224531173706,0.1365355305089538,0.0724911693256668,-0.2448813162509202,103.0
1652966887.0498018,-0.1490351557731628,0.1060124635696411,0.4225625395774841,0.1185786351561546,-0.0693673267960548,-0.9905186891555786,-0.6039422750473022,-1.684526801109314,0.7912515997886658,0.1191466595792975,0.0694230763170143,-0.2372260722705428,103.0
1652966887.060566,-0.0908398479223251,0.0482431650161743,0.3642160296440124,0.1014447286725044,-0.062610775232315,-0.9928690195083618,-0.9126551151275636,-1.6962734460830688,0.9203965067863464,0.1018199974604788,0.0626517552801092,-0.2278020167669221,103.0
1652966887.069818,-0.0631182640790939,-0.0233268141746521,0.4000455737113952,0.0839007645845413,-0.0544797666370868,-0.994983732700348,-0.8726351857185364,-1.735595941543579,0.9657015800476074,0.0841247404383624,0.0545067527488441,-0.2175408223165408,103.0
1652966887.07971,-0.063162475824356,-0.0522742867469787,0.4623610079288482,0.0659548640251159,-0.047505035996437,-0.9966911673545836,-0.6582869291305542,-1.7884451150894165,1.0106593370437622,0.0660774848799749,0.047522920931218,-0.207132933643649,103.0
1652966887.089476,-0.0777584314346313,-0.0212389826774597,0.4856569468975067,0.0475002825260162,-0.0430910214781761,-0.9979413151741028,-0.3443563878536224,-1.8338319063186648,1.0397900342941284,0.0475623742562608,0.043104366995863,-0.1966281857367611,103.0
1652966887.099541,-0.1151499897241592,0.0519453287124633,0.4968859255313873,0.0286632068455219,-0.0412432178854942,-0.998737931251526,-0.1473746001720428,-1.863303780555725,1.08866548538208,0.0286915521406927,0.0412549207342397,-0.1860015261538056,103.0
1652966887.109478,-0.1623266488313675,0.0924317240715026,0.4502897560596466,0.0098608620464801,-0.039523147046566,-0.9991700053215028,-0.2714250981807709,-1.81649386882782,1.173060417175293,0.00986873256212,0.0395334456114672,-0.1746779910664052,103.0
1652966887.1194072,-0.1669466197490692,0.0391362309455871,0.3200853765010834,-0.0084378570318222,-0.0352953188121318,-0.9993413090705872,-0.5790873169898987,-1.7824435234069824,1.2624893188476562,-0.0084432185007383,0.0353026528091172,-0.1625442976634454,103.0
1652966887.129482,-0.1032690852880477,-0.0497543811798095,0.253745436668396,-0.0266594644635915,-0.0278390627354383,-0.9992568492889404,-0.8483060598373413,-1.795088529586792,1.3248385190963743,-0.0266729628979711,0.027842659370263,-0.1497455314624293,103.0
1652966887.139326,-0.0687751471996307,-0.1045869588851928,0.278414249420166,-0.0449485667049884,-0.0191063806414604,-0.9988065958023072,-0.7822362184524536,-1.8216482400894165,1.3185970783233645,-0.044971930318449,0.0191075427665787,-0.136875309696404,103.0
1652966887.149325,-0.0947403684258461,-0.1029950976371765,0.3513735830783844,-0.0632948651909828,-0.0116824181750416,-0.9979264736175536,-0.5345022082328796,-1.8245378732681277,1.310276746749878,-0.0633415319968708,0.0116826841282676,-0.1241648876914738,103.0
1652966887.159285,-0.164934903383255,-0.068057894706726,0.3932156264781952,-0.0814029574394226,-0.0072903353720903,-0.9966546297073364,-0.1723104417324066,-1.7963312864303589,1.322658896446228,-0.0814952971164816,0.0072903998522313,-0.1113676924081721,103.0
1652966887.169197,-0.2386114746332168,0.0084254145622253,0.4431979954242706,-0.0991265103220939,-0.0056674890220165,-0.9950587153434752,0.0674613416194915,-1.7731654644012451,1.3832796812057495,-0.099291169626352,0.0056675191449247,-0.0980237267967444,103.0
1652966887.179124,-0.2648672461509704,0.0627146959304809,0.4218612015247345,-0.1164803579449653,-0.0050063319504261,-0.9931803941726683,0.099463477730751,-1.7207297086715698,1.492832064628601,-0.1167468447767807,0.0050063529801315,-0.0836693029213852,103.0
1652966887.189128,-0.2657899856567383,-0.0463064908981323,0.3171210289001465,-0.1333493739366531,-0.0036749723367393,-0.9910622835159302,-0.0051853656768798,-1.6765639781951904,1.5918580293655396,-0.1337486837211802,0.0036749806160451,-0.0683882869569219,103.0
1652966887.199202,-0.2294792830944061,-0.1903700232505798,0.1828919500112533,-0.1499609798192978,-0.0003052756364922,-0.9886918663978576,-0.2017751187086105,-1.7023459672927856,1.7080389261245728,-0.1505288197857862,0.0003052756434138,-0.0522336175265385,103.0
1652966887.209064,-0.1883902251720428,-0.2279505133628845,0.1588788628578186,-0.1669869273900985,0.0048479493707418,-0.9859471917152404,-0.2786039113998413,-1.7681728601455688,1.7062325477600098,-0.1677748881360842,-0.0048479683901585,-0.0357384053119952,103.0
1652966887.218994,-0.2230824083089828,-0.1664811968803405,0.2255955636501312,-0.1842509061098098,0.0102290175855159,-0.9828259944915771,-0.2022771835327148,-1.773458480834961,1.6415950059890747,-0.1853194757036435,-0.010229196366247,-0.0198036464631191,103.0
1652966887.228949,-0.2820082306861877,-0.1047094464302063,0.2220929265022277,-0.2012528330087661,0.0147997643798589,-0.9794275164604188,-0.0811592265963554,-1.7493829727172852,1.67756450176239,-0.2026592537240189,-0.014800304933025,-0.0038782794214151,103.0
1652966887.238914,-0.3349540531635284,-0.064115822315216,0.2350364476442337,-0.2175361216068267,0.0184730626642704,-0.9758774638175964,0.0404154099524021,-1.6455223560333252,1.6871583461761477,-0.2193274620857233,-0.0184741140253281,0.0125119510177455,103.0
1652966887.2488751,-0.3240998685359955,-0.1599944233894348,0.1952525675296783,-0.2325711995363235,0.022032581269741,-0.9723297953605652,0.0091289915144443,-1.5102567672729492,1.7418183088302612,-0.2347786076937733,-0.0220343635245099,0.0291636877198218,103.0
1652966887.258894,-0.214720070362091,-0.3571904897689819,0.034968689084053,-0.2466751337051391,0.0264479331672191,-0.968737244606018,-0.0771515667438507,-1.5015496015548706,1.7853777408599854,-0.2493369433929713,-0.0264510174428626,0.0461880305822865,103.0
1652966887.268948,-0.1707047820091247,-0.3896551132202148,-0.0672658681869506,-0.2606000900268554,0.0329946279525756,-0.9648828506469728,-0.3338513374328613,-1.491008996963501,1.7739521265029907,-0.2637907789822678,-0.0330006177694238,0.0628642896471268,103.0
1652966887.278751,-0.2553855776786804,-0.3172077536582947,-0.0648374184966087,-0.2738196849822998,0.0415372401475906,-0.9608836770057678,-0.4922002553939819,-1.3893028497695925,1.6563293933868408,-0.2776081936059389,-0.041549192392649,0.0782416758043595,103.0
1652966887.288698,-0.3507634997367859,-0.2123048305511474,-0.0385393276810646,-0.2858636677265167,0.0509447231888771,-0.9569151401519777,-0.5191507935523987,-1.2894368171691897,1.5937420129776,-0.2902954691747212,-0.0509667840902893,0.0922987726669393,103.0
1652966887.2987,-0.3650188446044922,-0.1252881288528442,0.0301318056881427,-0.2965869009494781,0.0598797798156738,-0.9531267285346984,-0.3501881659030914,-1.1358342170715332,1.5691895484924316,-0.3016750782953777,-0.0599156229792175,0.1060588395627585,103.0
1652966887.308598,-0.281395673751831,-0.2344990372657776,0.074797086417675,-0.3059150576591491,0.0658126398921012,-0.9497813582420348,0.046749472618103,-1.0760048627853394,1.535111904144287,-0.3115976269981961,-0.06586023991858,0.1203108634428906,103.0
1652966887.318598,-0.1179062724113464,-0.471104621887207,-0.0544503107666969,-0.3157331645488739,0.0688698515295982,-0.946345329284668,0.3472824096679687,-1.2366515398025513,1.686062216758728,-0.322021319560041,-0.0689244125161159,0.1361740573161889,103.0
1652966887.3284822,-0.11268150806427,-0.5061101913452148,-0.1188670098781585,-0.3264358639717102,0.0702525004744529,-0.9426050186157228,0.4625151753425598,-1.2544376850128174,1.636815905570984,-0.3333859364209715,-0.0703104149009846,0.1534613016148506,103.0
1652966887.338652,-0.2691863179206848,-0.3858842849731445,-0.0916448682546615,-0.3362518548965454,0.0719305053353309,-0.939021110534668,0.2371238768100738,-1.0540707111358645,1.4922834634780884,-0.3438615849157841,-0.0719926763042307,0.1693141359641858,103.0
1652966887.348466,-0.3180526494979858,-0.2879857420921325,-0.2912091612815857,-0.3440413773059845,0.0765332579612732,-0.9358302354812622,-0.1605095118284225,-0.8666527271270752,1.4840285778045654,-0.352295699444728,-0.0766081693466702,0.1833706926155157,103.0
1652966887.3585138,-0.2775270938873291,-0.1793245077133178,-0.3277358412742615,-0.3503720164299011,0.0847701206803321,-0.9327665567398072,-0.4578173458576202,-0.74488765001297,1.4529389142990112,-0.3593199824368916,-0.0848719764531288,0.1960353880866976,103.0
1652966887.3685222,-0.2220976054668426,-0.1833197474479675,-0.2052294164896011,-0.3559510409832001,0.0931078270077705,-0.929854691028595,-0.2085091173648834,-0.7432442307472229,1.3936265707015991,-0.3655939311464707,-0.0932428791584306,0.208001428761454,103.0
1652966887.378339,-0.1366437971591949,-0.2745028734207153,-0.1141547560691833,-0.3619217872619629,0.0969123095273971,-0.9271572828292848,0.5082172751426697,-0.8339123129844666,1.364673137664795,-0.3721654052781123,-0.0970646520979646,0.2213698816711458,103.0
1652966887.3882651,-0.1049931645393371,-0.3552827835083008,-0.0474236533045768,-0.3684717416763305,0.0925438851118087,-0.9250211715698242,1.4657491445541382,-0.8418559432029724,1.2514694929122925,-0.3790734039650807,-0.0926764935493001,0.237172414117374,103.0
1652966887.398323,-0.1154311001300811,-0.450810432434082,-0.049066811800003,-0.3750626146793365,0.0792028978466987,-0.923609733581543,2.223581552505493,-0.7913560271263123,1.1710838079452517,-0.3857396916475503,-0.0792859418400566,0.2555119462349329,103.0
1652966887.408893,-0.1123749613761901,-0.4438309669494629,-0.2213714718818664,-0.3810178935527801,0.0622222833335399,-0.922471523284912,2.338855504989624,-0.6817536950111389,1.1362439393997192,-0.3916972002165146,-0.0622625034282621,0.2750333780779662,103.0
1652966887.418439,-0.120332658290863,-0.3366662263870239,-0.3929894864559173,-0.3859386146068573,0.0472405776381492,-0.9213141202926636,1.7850182056427002,-0.5129241943359375,1.0289957523345947,-0.396692693788888,-0.047258167814222,0.2930028886926353,103.0
1652966887.428127,-0.139989286661148,-0.1692449450492859,-0.4800044596195221,-0.3895974457263946,0.0379725694656372,-0.920202136039734,1.0361852645874023,-0.3763886988162994,0.9596346020698548,-0.4004997793311464,-0.0379817000693594,0.307587338146621,103.0
1652966887.438139,-0.1598289310932159,-0.0645779371261596,-0.50322425365448,-0.3921577036380768,0.0361679382622242,-0.9191867113113404,0.1747807413339615,-0.256792813539505,0.9467888474464417,-0.4032551501237995,-0.0361758270016861,0.3186751099090043,103.0
1652966887.448086,-0.1845989525318145,-0.0267300605773925,-0.4553125500679016,-0.3937395811080932,0.0413263328373432,-0.9182925820350648,-0.441843718290329,-0.1755326390266418,0.942527949810028,-0.4050625569860284,-0.0413381035748798,0.3266873290960226,103.0
1652966887.458097,-0.1503268480300903,-0.0722531080245971,-0.349696546792984,-0.3949459195137024,0.049479853361845,-0.9173709750175476,-0.4871142506599426,-0.2003562301397323,0.9510892033576964,-0.4065362507657598,-0.0495000642825065,0.3334636005595955,103.0
1652966887.468017,-0.0895890891551971,-0.1487832069396972,-0.2333447188138961,-0.3967847526073456,0.0567089579999446,-0.9161582589149476,-0.2250653207302093,-0.3169051110744476,0.9726698398590088,-0.4087082507628439,-0.0567393966401866,0.3407863438813173,103.0
1652966887.4780731,-0.1112015545368194,-0.1764703392982483,-0.1899595111608505,-0.3992506265640259,0.0612668693065643,-0.9147924780845642,0.0528222098946571,-0.3335511982440948,0.9472212195396424,-0.4115191123978451,-0.0613052624205969,0.3493104862788513,103.0
1652966887.487869,-0.1779944002628326,-0.1529265642166137,-0.2508009076118469,-0.4014122486114502,0.0639417618513107,-0.9136627912521362,0.124261237680912,-0.2587387263774872,0.9061427712440492,-0.413957148330475,-0.0639854147918967,0.3582365187198115,103.0
1652966887.4978728,-0.2046506404876709,-0.0964047908782959,-0.3512380123138428,-0.4027559459209442,0.0671346262097358,-0.9128420352935792,-0.0893503800034523,-0.1624204516410827,0.8282647132873535,-0.415520982915696,-0.0671851563748855,0.3663190619429706,103.0
1652966887.5078192,-0.2046630382537841,-0.0429332256317138,-0.4479754269123077,-0.403247058391571,0.0726092010736465,-0.912205934524536,-0.4158791601657867,-0.065634898841381,0.7357177734375,-0.4162289592730117,-0.0726731531145633,0.3724328740978911,103.0
1652966887.517771,-0.1707757711410522,-0.0134109258651733,-0.4848031997680664,-0.4030309021472931,0.0798196718096733,-0.9116989374160768,-0.5284080505371094,-0.008107952773571,0.618778645992279,-0.4162362785138323,-0.0799046707923223,0.3766588233921648,103.0
1652966887.527708,-0.1086358726024627,-0.0372641682624816,-0.4455350041389465,-0.4027623534202575,0.0861904993653297,-0.9112374782562256,-0.3465271592140198,-0.0474617518484592,0.5044332146644592,-0.4161770301843318,-0.0862975759553741,0.3799106511513536,103.0
1652966887.537692,-0.0475886166095733,-0.0975801348686218,-0.4013445675373077,-0.4032779932022095,0.0895006582140922,-0.9106901288032532,0.0409819297492504,-0.1559368371963501,0.4085495471954345,-0.416872706249503,-0.0896205793663462,0.3834722858468715,103.0
1652966887.547802,-0.0661690235137939,-0.1678175330162048,-0.3644887506961822,-0.4046713709831238,0.0888081714510917,-0.9101396799087524,0.3799580633640289,-0.2023040056228637,0.257244348526001,-0.4183755831959879,-0.0889253269233464,0.3874141063206306,103.0
1652966887.5577369,-0.1082249283790588,-0.197719395160675,-0.3964647054672241,-0.406453937292099,0.0852311626076698,-0.9096872210502625,0.5438354015350342,-0.2250029295682907,0.1379483193159103,-0.4201948407069335,-0.0853346915549083,0.391177675109134,103.0
1652966887.567604,-0.1194631159305572,-0.1764872670173645,-0.4507657885551452,-0.408338338136673,0.0809232518076896,-0.9092366099357604,0.5015838146209717,-0.2023064643144607,0.0284836832433938,-0.4221053969984666,-0.0810118325473371,0.3940671919602436,103.0
1652966887.577527,-0.1287701427936554,-0.1595136523246765,-0.4857844114303589,-0.4101397097110748,0.0764216035604476,-0.9088152647018432,0.3581779301166534,-0.1713677197694778,-0.0896075367927551,-0.4239266182764716,-0.0764961873893804,0.3956269509978407,103.0
1652966887.5874882,-0.1290624439716339,-0.1129382848739624,-0.4895194172859192,-0.4115563929080963,0.0733969509601593,-0.9084240198135376,0.1887942999601364,-0.118550144135952,-0.1774079203605651,-0.4253827474172685,-0.0734630100255706,0.3956062306936323,103.0
1652966887.597474,-0.1227075457572937,-0.095184326171875,-0.4991855025291443,-0.4125401973724365,0.0715274065732956,-0.9081268906593324,0.0381869450211524,-0.0644211322069168,-0.2757081389427185,-0.4264041048327108,-0.0715885404821482,0.3939520318228319,103.0
1652966887.60746,-0.0858802199363708,-0.0889132022857666,-0.4787114560604095,-0.4131889343261719,0.0698979571461677,-0.9079588055610656,0.0711289793252945,-0.0376019291579723,-0.3545259237289428,-0.4270659081911098,-0.0699550012939483,0.3912237127010038,103.0
1652966887.617581,-0.0524920225143432,-0.1157636046409607,-0.4302521347999573,-0.4140301346778869,0.0665588676929473,-0.9078264832496644,0.3301738798618316,-0.0836767479777336,-0.4425500631332397,-0.4278881576328142,-0.0666081119557353,0.3883449250150697,103.0
1652966887.627324,-0.0672374665737152,-0.1505157947540283,-0.3866976201534271,-0.41524538397789,0.0597933083772659,-0.9077422618865968,0.6405394673347473,-0.0960178300738334,-0.5503889322280884,-0.4290308537555882,-0.0598289943056453,0.3859581629086444,103.0
1652966887.6373491,-0.1116136014461517,-0.1467044949531555,-0.3709543645381927,-0.4162793755531311,0.0502756237983703,-0.907845675945282,0.8686959147453308,-0.0561601668596267,-0.6605242490768433,-0.4299292457932948,-0.0502968267522864,0.383719173957848,103.0
1652966887.647308,-0.1280142068862915,-0.123845100402832,-0.4240455031394958,-0.4168618619441986,0.0396003015339374,-0.908106803894043,0.8155395984649658,-0.0069166673347353,-0.736499547958374,-0.4303502002310096,-0.0396106590915148,0.3809059390273468,103.0
1652966887.657301,-0.0967698097229003,-0.0884958505630493,-0.4706414937973022,-0.4171919226646423,0.0302423033863306,-0.9083150625228882,0.5339455008506775,-0.0127971936017274,-0.7826926112174988,-0.4305633873427342,-0.0302469152357961,0.3768836570293057,103.0
1652966887.667254,-0.0833199322223663,-0.0623607039451599,-0.4929186403751373,-0.4175955355167389,0.0241533685475587,-0.90831196308136,0.0793932378292083,-0.0324847698211669,-0.7908428311347961,-0.4309315840932612,-0.0241557169877417,0.3710502444060394,103.0
1652966887.677137,-0.1031074821949005,-0.0521374940872192,-0.4941270053386688,-0.4182090163230896,0.0214249715209007,-0.9080981016159058,-0.1942007541656494,-0.0647502988576889,-0.8378039598464966,-0.4315784380718546,-0.0214266101962422,0.3633983974476116,103.0
1652966887.687233,-0.1353037059307098,-0.0546810030937194,-0.4255978167057037,-0.4191243350505829,0.0201107431203126,-0.907706081867218,-0.2775309383869171,-0.0899611189961433,-0.9051722884178162,-0.4325740174721453,-0.0201120998170328,0.3544728137049942,103.0
1652966887.697102,-0.1711469292640686,-0.0608267188072204,-0.3444299399852752,-0.4201615750789642,0.0174035541713237,-0.9072824120521544,-0.0195244252681732,-0.0914090797305107,-1.0457706451416016,-0.4336935039129235,-0.0174044332913694,0.345042360858612,103.0
1652966887.706997,-0.1920526325702667,-0.0576388239860534,-0.2794533967971802,-0.4209844172000885,0.0117837181314826,-0.9069913029670716,0.2170589566230774,-0.0551774613559246,-1.1695815324783323,-0.4345625433288712,-0.0117839911400724,0.3354609690442433,103.0
1652966887.717598,-0.1809152662754058,-0.0522308945655822,-0.2847682237625122,-0.4214406013488769,0.0044642593711614,-0.9068450331687928,0.2452711462974548,-0.0265048015862703,-1.273086667060852,-0.4350379300090314,-0.0044642743806725,0.3254275972373374,103.0
1652966887.726986,-0.1524372100830078,-0.031702697277069,-0.3085047900676727,-0.4216746091842651,-0.0026524551212787,-0.906743347644806,0.0902451500296592,-0.0264284778386354,-1.3607648611068726,-0.4352930070586099,0.0026524581677622,0.3142408562693112,103.0
1652966887.736909,-0.1474194228649139,-0.0004921555519104,-0.28597491979599,-0.4217790961265564,-0.0085655050352215,-0.906658172607422,-0.0623241513967514,-0.0089227203279733,-1.418041110038757,-0.4354236763448343,0.008565609921468,0.301726556637912,103.0
1652966887.7468991,-0.1483771800994873,0.0093262791633605,-0.250704824924469,-0.4216910898685455,-0.0137910153716802,-0.9066346287727356,-0.1002422422170639,-0.0102921184152364,-1.4196594953536987,-0.4353537868405773,0.0137914528475732,0.2885078213049256,103.0
1652966887.7570338,-0.1278311610221862,-0.0099485516548156,-0.1970421969890594,-0.4216682910919189,-0.018793387338519,-0.9065553545951844,-0.0803742632269859,-0.0427861437201499,-1.3907243013381958,-0.4353665454475021,0.0187944928975554,0.2754149226771732,103.0
1652966887.766788,-0.1201989948749542,-0.0264620780944824,-0.1503294706344604,-0.4218999445438385,-0.0240632444620132,-0.90632301568985,-0.0304265413433313,-0.0736423283815383,-1.4021035432815552,-0.435674670481011,0.0240655678933933,0.2625495414984315,103.0
1652966887.77674,-0.1421498656272888,-0.0325103998184204,-0.14949432015419,-0.4221353530883789,-0.0298117250204086,-0.9060425162315368,-0.0230940598994493,-0.0488730669021606,-1.4085798263549805,-0.4360066163707299,0.0298161427485034,0.2497358525197557,103.0
1652966887.786677,-0.1650094389915466,-0.0306814312934875,-0.1747022271156311,-0.4218130111694336,-0.0353197529911994,-0.9059945940971376,-0.108156494796276,0.0273162424564361,-1.4315826892852783,-0.4357344957100051,0.0353271012294515,0.236708944565136,103.0
1652966887.7966871,-0.1705453097820282,-0.0122761726379394,-0.197119727730751,-0.4205800890922546,-0.0395135842263698,-0.9063945412635804,-0.3146412074565887,0.1238547712564468,-1.4625920057296753,-0.4344469735831394,0.0395238754533815,0.2227535743227759,103.0
1652966887.806597,-0.1451850235462188,0.0314316153526306,-0.2189233601093292,-0.4185356199741363,-0.0420782342553138,-0.9072250723838806,-0.4829538762569427,0.1902584582567215,-1.5095257759094238,-0.4322408801631444,0.0420906611251722,0.2076099368404003,103.0
1652966887.816576,-0.1144889593124389,0.0821737051010131,-0.1861669421195984,-0.4161811470985412,-0.0432184375822544,-0.9082540273666382,-0.6473408937454224,0.1888869255781173,-1.512783169746399,-0.4296695085986436,0.0432319031507884,0.1915390062844209,103.0
1652966887.826669,-0.1168680489063263,0.0672408938407898,-0.1500847786664962,-0.4139546155929565,-0.0439459793269634,-0.9092361330986024,-0.6034019589424133,0.1545415818691253,-1.5544096231460571,-0.4272339033396258,0.0439601355145026,0.1750738976344839,103.0
1652966887.8365068,-0.127922236919403,0.0298123955726623,-0.0942024663090705,-0.4119641780853271,-0.045537531375885,-0.9100614190101624,-0.4529469609260559,0.1186389625072479,-1.5772875547409058,-0.4250781471095883,0.0455532861098951,0.1586682569170035,103.0
1652966887.8464742,-0.1187476813793182,-0.0003653764724731,-0.0422995276749134,-0.4104117751121521,-0.048688631504774,-0.9105995297431946,-0.2915525436401367,0.0690142065286636,-1.61362886428833,-0.4234400562523226,0.0487078894811368,0.1426773527679407,103.0
1652966887.8564692,-0.1245375573635101,-0.0197924375534057,-0.0487809926271438,-0.4091232419013977,-0.0531019382178783,-0.9109326601028442,-0.2352461367845535,0.0386690869927406,-1.653544545173645,-0.4221265951816657,0.0531269268911939,0.1267838216113224,103.0
1652966887.8664122,-0.1260416507720947,-0.0134804248809814,-0.0844478011131286,-0.4078328013420105,-0.0569554008543491,-0.911278486251831,-0.432765781879425,0.0503044910728931,-1.6521871089935305,-0.4208055966248029,0.0569862384670217,0.1104319501035458,103.0
1652966887.876328,-0.1297456324100494,0.0147997140884399,-0.1098202466964721,-0.4062650501728058,-0.0582858286798,-0.91189444065094,-0.7530087828636169,0.0905576348304748,-1.6605331897735596,-0.4191201275357623,0.0583188818403991,0.0929201383945644,103.0
1652966887.886274,-0.1200322210788726,0.0701128840446472,-0.1195838898420333,-0.4043207466602325,-0.0562431327998638,-0.9128863215446472,-1.1852166652679443,0.1347024589776992,-1.614499807357788,-0.4169370089773127,0.0562728269963314,0.0740913658788258,103.0
1652966887.8964329,-0.090277075767517,0.1117830276489257,-0.0443251430988311,-0.4025359749794006,-0.0520646311342716,-0.9139223694801332,-1.1730196475982666,0.0578199289739131,-1.6655267477035522,-0.4148827819899557,0.0520881823866044,0.0543836074353348,103.0
1652966887.906231,-0.1004503369331359,0.0854457020759582,0.0842679291963577,-0.4015484452247619,-0.0497372895479202,-0.9144862294197084,-0.7684949636459351,-0.0295475721359252,-1.6870359182357788,-0.4137503676149355,0.0497578192344474,0.0350940131028476,103.0
1652966887.916218,-0.1370677053928375,0.0498419404029846,0.2013489454984665,-0.4011554718017578,-0.0521027147769928,-0.9145269989967346,-0.209958478808403,-0.0703583806753158,-1.7375246286392212,-0.4133736261670753,0.0521263190440004,0.0175225404606202,103.0
1652966887.926118,-0.1698105037212371,0.0148537158966064,0.2854923903942108,-0.4008986353874206,-0.0594486966729164,-0.9141915440559388,0.2225648313760757,-0.0796092972159385,-1.814549446105957,-0.4132730186706974,0.0594837707213555,0.0014076538536459,103.0
1652966887.936074,-0.1606820225715637,0.0073326230049133,0.2859995067119598,-0.4004293382167816,-0.0690805464982986,-0.9137200117111206,0.2492449134588241,-0.0821736603975296,-1.8378169536590576,-0.4130320215078227,0.0691356118610511,-0.0143117499281296,103.0
1652966887.946083,-0.0997194945812225,0.0305145978927612,0.1933745145797729,-0.4000057578086853,-0.0772551298141479,-0.9132508039474488,-0.0551262274384498,-0.1129283234477043,-1.7648568153381348,-0.4128317887776849,0.0773321824637139,-0.0303947935698154,103.0
1652966887.956073,-0.0621088743209838,0.05497807264328,0.1866861134767532,-0.3998356163501739,-0.0819192603230476,-0.912918746471405,-0.4221697449684143,-0.1437155306339264,-1.6892400979995728,-0.4128090876860484,0.0820111586789302,-0.0471666801548094,103.0
1652966887.966186,-0.0532512068748474,0.0799750089645385,0.2804273068904876,-0.3997211158275604,-0.083283744752407,-0.9128454327583312,-0.778548002243042,-0.138512298464775,-1.6058437824249268,-0.4127333492300381,0.0833803253504312,-0.0645767215168536,103.0
1652966887.9759312,-0.038677841424942,0.090556800365448,0.3329581618309021,-0.3998596668243408,-0.0821952000260353,-0.912883460521698,-0.7594518065452576,-0.1940434575080871,-1.5304012298583984,-0.4128453873241836,0.0822880349481898,-0.0821197616423364,103.0
1652966887.9858742,-0.0557946264743804,0.0770519971847534,0.4029394388198852,-0.4007177352905273,-0.0822607278823852,-0.9125012159347534,-0.4797055423259735,-0.2553722858428955,-1.4471651315689087,-0.4137879462213414,0.0823537819327803,-0.0983537898510049,103.0
1652966887.995842,-0.1111529469490051,0.0712604522705078,0.5386636257171631,-0.4018474817276001,-0.0857369899749755,-0.9116840362548828,-0.0199355501681566,-0.2302315086126327,-1.4180970191955566,-0.4151559313446401,0.0858423805144207,-0.1124079209257803,103.0
1652966888.0057812,-0.1486747860908508,0.0444384217262268,0.6027246117591858,-0.4021674394607544,-0.0925317332148552,-0.9108782410621644,0.2140741497278213,-0.1156014949083328,-1.3912416696548462,-0.4157763671662096,0.0926642871868463,-0.1248119881857699,103.0
1652966888.015801,-0.0799632966518402,0.0042340159416198,0.523813784122467,-0.401726096868515,-0.0992837399244308,-0.91036194562912,0.0550259128212928,-0.0875781178474426,-1.2601228952407837,-0.4155801972055244,0.0994475751824179,-0.1363725118017491,103.0
1652966888.02568,0.0301957428455352,-0.0070712566375732,0.4138399660587311,-0.4014725387096405,-0.1023470312356948,-0.9101345539093018,-0.4339162111282348,-0.1121641471982002,-1.0914855003356934,-0.4154393006772365,0.1025265595425649,-0.147866283864927,103.0
1652966888.0358272,0.0502273440361022,0.0163996815681457,0.391810655593872,-0.4013319909572601,-0.101100206375122,-0.9103358387947084,-0.7060548067092896,-0.0817348733544349,-0.9894872307777404,-0.4152283746348862,0.1012732283238706,-0.159794224891356,103.0
1652966888.045686,0.0124567151069641,0.0388714075088501,0.4615322351455688,-0.4007928371429443,-0.0984340906143188,-0.9108654260635376,-0.655972421169281,0.0008831454906612,-0.8545190095901489,-0.4145179648799064,0.0985937435488565,-0.1710774212426893,103.0
1652966888.055663,0.0130359530448913,0.0447279810905456,0.5238725543022156,-0.3998156487941742,-0.0966264605522155,-0.9114881753921508,-0.4147395193576813,0.0404649078845977,-0.7187947630882263,-0.4133673134545307,0.0967774567219285,-0.1804714912667366,103.0
1652966888.065658,0.0411002039909362,0.0424538850784301,0.5529022216796875,-0.3989034593105316,-0.0968017578125,-0.9118691682815552,-0.1451557874679565,0.0098813278600573,-0.6056100130081177,-0.4123742657235478,0.0969535816072849,-0.1876211768725,103.0
1652966888.075521,0.0380182266235351,0.0325008630752563,0.5382868051528931,-0.3983239233493805,-0.0980707108974456,-0.9119869470596312,-0.0922502279281616,0.0149442637339234,-0.4715925455093384,-0.4117933100142916,0.0982286036453173,-0.1929522755037409,103.0
1652966888.085476,0.0155209600925445,0.0073195099830627,0.4255452156066894,-0.3975705504417419,-0.0980458259582519,-0.9123182892799376,-0.2961833775043487,0.0637608096003532,-0.3361505568027496,-0.4109663066690973,0.0982035923693537,-0.1973922282286645,103.0
1652966888.0955238,0.0308971405029296,-0.0002752542495727,0.3295843601226806,-0.3965587019920349,-0.0946600213646888,-0.913115918636322,-0.6924551129341125,0.0988455563783645,-0.2230948358774185,-0.4097144503814184,0.0948019640566935,-0.2018884840003265,103.0
1652966888.105613,0.049828827381134,0.0216617584228515,0.2841242253780365,-0.3952572345733642,-0.0879877507686615,-0.9143466949462892,-0.874067485332489,0.1524939686059951,-0.1653110831975937,-0.4080238557825803,0.0881016783721933,-0.2068745189688412,103.0
1652966888.115398,0.0602855384349823,0.0419074296951293,0.3025774657726288,-0.3935526907444,-0.080760434269905,-0.9157478213310242,-0.7821170687675476,0.1879560947418213,-0.0972335040569305,-0.4058963408726482,0.0808484809136384,-0.2114697462226692,103.0
1652966888.125304,0.0779816210269928,0.031287670135498,0.3380248546600342,-0.3918090164661407,-0.0751921758055687,-0.916968822479248,-0.4485450983047485,0.1715030223131179,-0.0012775994837284,-0.4038063267350078,0.0752632101657594,-0.2143872086384396,103.0
1652966888.13528,0.0777829885482788,0.0201191902160644,0.363647997379303,-0.390496551990509,-0.0724645033478736,-0.917747974395752,-0.1555702090263366,0.1310805082321167,0.0665885284543037,-0.4022892657989898,0.0725280728714057,-0.2152227959606448,103.0
1652966888.145288,0.0337004363536834,-0.0055403709411621,0.3432842493057251,-0.3895658552646637,-0.072181336581707,-0.9181657433509828,0.0983680561184883,0.1017256528139114,0.1140136122703552,-0.4012666390178293,0.0722441657963697,-0.2144075284882862,103.0
1652966888.155252,-0.0076876878738403,-0.0058644413948059,0.2713212072849273,-0.3885219395160675,-0.0722244903445243,-0.9186045527458192,0.0222767516970634,0.1471171081066131,0.201261967420578,-0.4001312983678465,0.0722874330722846,-0.2126639730806738,103.0
1652966888.1651878,0.000713437795639,0.0093871355056762,0.1886476278305053,-0.3872795104980469,-0.0702241659164428,-0.9192840456962584,-0.2840814590454101,0.1596281081438064,0.2452713102102279,-0.3987188227005417,0.070282015695988,-0.21110752750347,103.0
1652966888.175262,0.0257410705089569,0.020481526851654,0.1177052408456802,-0.3859552145004272,-0.065123438835144,-0.9202160239219666,-0.58790522813797,0.1746267676353454,0.2785389721393585,-0.3971332052089896,0.0651695623414514,-0.2104396675515197,103.0
1652966888.185001,0.0373261272907257,0.0261238813400268,0.0920284986495971,-0.3844177424907684,-0.0583828538656234,-0.9213112592697144,-0.6181774735450745,0.195471704006195,0.2728086113929748,-0.3952886214138355,0.058416071881719,-0.210274225196039,103.0
1652966888.1950998,0.0625115036964416,0.0004002451896667,0.1557760387659073,-0.3829765021800995,-0.0528555065393447,-0.9222447276115416,-0.3395836353302002,0.1517199575901031,0.2731993198394775,-0.3935967088915345,0.0528801490634798,-0.2096505054949667,103.0
1652966888.205416,0.0699022412300109,-0.0352653861045837,0.1784158051013946,-0.3820817172527313,-0.049753688275814,-0.9227882027626038,-0.1559124886989593,0.0839555561542511,0.2861453592777252,-0.3925606332406232,0.0497742386551837,-0.2079296729100296,103.0
1652966888.2151551,0.0339547991752624,-0.0445326566696167,0.1243730783462524,-0.3815499544143677,-0.0482469648122787,-0.9230881929397584,0.002855050843209,0.0661664381623268,0.2530023157596588,-0.3919538358994565,0.0482657020784069,-0.2056366240363543,103.0
1652966888.2254848,-0.0065030753612518,-0.0173883438110351,0.0767035186290741,-0.3808107078075409,-0.0470861867070198,-0.9234533309936525,-0.0471790209412574,0.1161031052470207,0.263730376958847,-0.3911302500441083,0.0471036027388429,-0.2033634890615057,103.0
