1652967088.424942,-0.0165793299674987,-0.0738627314567565,0.0038729608058929,-0.5759652256965637,0.3009518384933471,-0.7600605487823486,0.058592215180397,-0.0156588125973939,0.0255656950175762,-0.6484672034917603,-0.3056906123335678,-0.0089526758129334,102.0
1652967088.434878,-0.0267825722694396,-0.0683258175849914,-0.0243391394615173,-0.5759701728820801,0.3012556731700897,-0.759936511516571,-0.0899249538779258,0.005873376969248,0.0062419874593615,-0.6485498904479372,-0.3060092190568156,-0.0088979296503238,102.0
1652967088.4449291,-0.0060557126998901,-0.0594565868377685,-0.0555097460746765,-0.5759755969047546,0.302808940410614,-0.7593147158622742,-0.2783553004264831,2.9336195439100266e-05,0.0215269327163696,-0.6489485183884217,-0.3076385951724013,-0.0099869512126328,102.0
1652967088.4547992,0.0083101987838745,-0.0771955251693725,-0.054597795009613,-0.5759372115135193,0.3055285811424255,-0.7582536935806274,-0.3559210002422333,0.0114681981503963,0.0405488274991512,-0.6495898475162657,-0.3104934992675198,-0.0118407761870113,102.0
1652967088.4648051,-0.0045223832130432,-0.104218304157257,-0.0033830106258392,-0.5757693648338318,0.3072770237922668,-0.7576743960380554,-0.0859345346689224,0.0408556461334228,-0.0135982958599925,-0.6498176271754473,-0.312330309268326,-0.0131982164019632,102.0
1652967088.474725,-0.001268982887268,-0.1457346081733703,0.0525455772876739,-0.5756505727767944,0.3061733245849609,-0.7582113146781921,0.3096882998943329,0.0285155195742845,-0.0325693227350711,-0.6493770212061163,-0.31117070207323,-0.012689920232007,102.0
1652967088.484873,-0.0001022815704345,-0.1742452383041381,0.0293940007686615,-0.5755508542060852,0.3028814196586609,-0.7596078515052795,0.4762423932552337,0.0228373929858207,-0.0409068837761879,-0.6484075680960295,-0.307714643579789,-0.0103817589636663,102.0
1652967088.494639,-0.0244255661964416,-0.1737893223762512,-0.0059675276279449,-0.5753974318504333,0.2992872297763824,-0.761147141456604,0.3568022847175598,0.0471605770289897,-0.0502790808677673,-0.6473051457321181,-0.3039455628459273,-0.007970603592336,102.0
1652967088.504638,-0.0500460863113403,-0.167450726032257,-0.0373578965663909,-0.5749233961105347,0.2978101670742035,-0.7620841264724731,-0.0496243350207805,0.1070785000920295,-0.0265111643821001,-0.6463171325912731,-0.3023979224789969,-0.007265206352048,102.0
1652967088.514573,-0.0673168897628784,-0.1684812307357788,-0.0700068771839141,-0.5739184617996216,0.2999568283557892,-0.7619996666908264,-0.5294872522354126,0.1616864651441574,0.0154971564188599,-0.6455294799024296,-0.3046473997834524,-0.0092012241934841,102.0
1652967088.524674,-0.0464069843292236,-0.1988470554351806,-0.0253323018550872,-0.5724284648895264,0.3043240010738373,-0.7613885402679443,-0.5690514445304871,0.1989099979400634,0.0313632041215896,-0.6446660087982835,-0.309228693633516,-0.0125694211867647,102.0
1652967088.534687,-0.0344207882881164,-0.2956162691116333,0.086573988199234,-0.570819079875946,0.3076673150062561,-0.7612531781196594,-0.2008476853370666,0.2004760354757309,0.0564116053283214,-0.6433995323873425,-0.3127404678204401,-0.0147899869891897,102.0
1652967088.544672,-0.0811671018600463,-0.3885441422462463,0.123968482017517,-0.5688421130180359,0.3080078661441803,-0.7625941634178162,0.1965569406747818,0.2778424620628357,0.0626343414187431,-0.6408914371439111,-0.3130983847458793,-0.0142471481794574,102.0
1652967088.554723,-0.1271253228187561,-0.3951691389083862,0.1466512084007263,-0.5662646293640137,0.304490178823471,-0.7659178972244263,0.7287691831588745,0.3842868506908417,0.0216819308698177,-0.6366360109271375,-0.3094031407739546,-0.01086954359245,102.0
1652967088.5645452,-0.1476421356201172,-0.3497476577758789,0.1493332684040069,-0.5625934600830078,0.2988936603069305,-0.7708120346069336,0.7334765791893005,0.5401616096496582,0.0589273050427436,-0.6304937088050885,-0.3035331056136175,-0.0058658311569283,102.0
1652967088.5745049,-0.1271970868110656,-0.3482193946838379,0.0423008501529693,-0.5576632022857666,0.2956355512142181,-0.7756361365318298,0.2334867268800735,0.664270281791687,0.1422286331653595,-0.6233478398480438,-0.3001207502590738,-0.0020107287329216,102.0
1652967088.58448,-0.1042993068695068,-0.3875275254249573,0.0390384793281555,-0.5515387058258057,0.2964107394218445,-0.7797088027000427,-0.1535845547914505,0.7668992280960083,0.2401469498872757,-0.6156518438071092,-0.3009323147812744,-0.0001610419200005,102.0
1652967088.594393,-0.1006987690925598,-0.4358993768692016,0.1527798175811767,-0.54447340965271,0.3009555637836456,-0.7829269170761108,-0.738795816898346,0.8316775560379028,0.3409575819969177,-0.6076544145449834,-0.305694508719227,-1.5078536070805602e-05,102.0
1652967088.604403,-0.0782099962234497,-0.4841768741607666,0.1248542964458465,-0.5367192029953003,0.3098991513252258,-0.7847898006439209,-0.996423363685608,0.8307209610939026,0.4858143627643585,-0.5998399298235131,-0.3150869557661642,-0.0015765872869166,102.0
1652967088.6144462,-0.0644948482513427,-0.5298795104026794,0.229935884475708,-0.528461754322052,0.320997953414917,-0.7859316468238831,-1.0515424013137815,0.8472592830657959,0.5821841359138489,-0.59196248929288,-0.3267830047515868,-0.0030909376115075,102.0
1652967088.62447,-0.1127411127090454,-0.4871023297309875,0.3226719498634338,-0.5198272466659546,0.3308161795139313,-0.7876168489456177,-0.6040058732032776,0.8600637912750244,0.6227579116821289,-0.5833731018154896,-0.3371683301105415,-0.0028021168101993,102.0
1652967088.6342568,-0.1401227712631225,-0.4463415145874023,0.4019442796707153,-0.5106036067008972,0.336886316537857,-0.7910699248313904,-0.0920501574873924,0.9266274571418762,0.682261049747467,-0.5731766827081907,-0.343607929227646,0.0009648295819339,102.0
1652967088.64426,-0.1407473087310791,-0.4187268018722534,0.3911454081535339,-0.5006254315376282,0.339994728565216,-0.7961016297340393,0.1924894303083419,0.9843330979347228,0.7729312777519226,-0.5613602984724204,-0.3469112935120511,0.0078958955034696,102.0
1652967088.654197,-0.125196099281311,-0.4030987620353699,0.3705978989601135,-0.4897789061069488,0.341758668422699,-0.8020709156990051,0.3213874399662018,1.062866449356079,0.8366817235946655,-0.5482084434187343,-0.3487876017835626,0.0165979652677058,102.0
1652967088.664148,-0.1289488971233368,-0.4295190572738647,0.3814484179019928,-0.4778321087360382,0.3436187505722046,-0.8084569573402405,0.2497316151857376,1.1844147443771362,0.8726682662963867,-0.5338067967665548,-0.3507675678974876,0.0259588488161504,102.0
1652967088.675236,-0.1504038572311401,-0.4312003850936889,0.3963318765163421,-0.4648305475711822,0.3460234999656677,-0.8149848580360413,0.180100679397583,1.2819596529006958,0.8969860076904297,-0.5183362860405015,-0.3533294435573659,0.0351832959146864,102.0
1652967088.684366,-0.1581527888774871,-0.4077269434928894,0.4266371130943298,-0.4508102238178253,0.3492112457752228,-0.8214752674102783,0.0358857065439224,1.396651029586792,0.8973950743675232,-0.5019070196415183,-0.3567292248738187,0.0441563330486628,102.0
1652967088.6942248,-0.1964885294437408,-0.4092929363250732,0.4069418013095855,-0.4356831014156341,0.3533121049404144,-0.8278591632843018,-0.0227875262498855,1.5199099779129028,0.8856818079948425,-0.4844474385294745,-0.361109201218304,0.0524268170174115,102.0
1652967088.70402,-0.204990804195404,-0.4353166818618774,0.405305415391922,-0.4195819497108459,0.356932133436203,-0.8345960378646851,0.0830994844436645,1.6095818281173706,0.888496994972229,-0.4658344865915566,-0.364981640309503,0.0608629418951621,102.0
1652967088.713819,-0.1997998356819152,-0.425929307937622,0.3890443742275238,-0.4026018977165222,0.3592008948326111,-0.8419539928436279,0.2542243599891662,1.6808946132659912,0.9146513938903807,-0.4460362106930396,-0.3674114907666281,0.0702845896216829,102.0
1652967088.723997,-0.1927874982357025,-0.3901823759078979,0.4009595513343811,-0.3849713206291199,0.3603929877281189,-0.8496552109718323,0.3303604125976562,1.7124013900756836,0.9372184872627258,-0.4254215941649978,-0.3686891703383894,0.0805811141352227,102.0
1652967088.733858,-0.2181097269058227,-0.3591297268867492,0.394433319568634,-0.3668664991855621,0.3609530627727508,-0.8573924899101257,0.360395073890686,1.7516018152236938,0.9421915411949158,-0.4043128274922359,-0.3692896423689633,0.0912496253862356,102.0
1652967088.743812,-0.237164169549942,-0.3069496154785156,0.3677697479724884,-0.3482240438461303,0.3612646758556366,-0.8650016784667969,0.3530431389808655,1.800239086151123,0.9590219259262084,-0.3827202407651824,-0.3696238239767211,0.1020846163799071,102.0
1652967088.753789,-0.2229195535182953,-0.2677066326141357,0.3716782629489898,-0.3290366530418396,0.36146080493927,-0.8723995685577393,0.3581413626670837,1.8214733600616453,0.9919195175170898,-0.360665444177783,-0.3698341552712162,0.113142438028758,102.0
1652967088.763916,-0.2209949195384979,-0.2136203050613403,0.3664467930793762,-0.3092938065528869,0.3615652918815613,-0.8795498609542847,0.3549101650714874,1.8810184001922607,1.0275776386260986,-0.3381440978079842,-0.3699462263670815,0.1245700333323645,102.0
1652967088.773642,-0.240946352481842,-0.1444101333618164,0.3364436626434326,-0.2887625098228454,0.3615238666534424,-0.8865194320678711,0.3723104596138,1.9377883672714236,1.0539443492889404,-0.3148884946023759,-0.3699017963607186,0.1363317635008303,102.0
1652967088.7836828,-0.2199882864952087,-0.0598748922348022,0.3229486048221588,-0.2676063179969787,0.3607824742794037,-0.8934332132339478,0.4956931173801422,1.9509073495864868,1.0842963457107544,-0.291021734519768,-0.3691067433984528,0.1485836696410371,102.0
1652967088.793611,-0.1957942396402359,-0.0097818970680236,0.3265938758850097,-0.2463444322347641,0.3582816123962402,-0.9005269408226013,0.683849573135376,1.9356415271759035,1.0857791900634766,-0.2670231219167081,-0.366426664731462,0.161467460196666,102.0
1652967088.80359,-0.2049700766801834,0.0332561731338501,0.3235287368297577,-0.2251751869916916,0.3540683388710022,-0.9077068567276,0.8115153908729553,1.914381504058838,1.0929396152496338,-0.243161731694474,-0.3619176756163328,0.1747204814417514,102.0
1652967088.813519,-0.2361734807491302,0.0592804551124572,0.3172956705093384,-0.2039815336465835,0.3486283719539642,-0.914794921875,0.8949515223503113,1.9190045595169067,1.0829209089279177,-0.2193915308426532,-0.356107248383337,0.1880703891220164,102.0
1652967088.823513,-0.2531989812850952,0.0858709216117858,0.3093833029270172,-0.1826530545949936,0.3425332009792328,-0.9215795397758484,0.8722225427627563,1.9148257970809937,1.108282208442688,-0.1956600004794531,-0.3496118938886074,0.2013659655803645,102.0
1652967088.833568,-0.2397027909755706,0.1381449699401855,0.279838889837265,-0.1613286733627319,0.3373943567276001,-0.9274362921714784,0.6662413477897644,1.880860924720764,1.161420822143555,-0.1722278677257222,-0.3441475755394766,0.214670695023574,102.0
1652967088.8434591,-0.2243709117174148,0.1883712410926818,0.236234426498413,-0.1400089710950851,0.3338339626789093,-0.9321761727333068,0.4803812205791473,1.88079833984375,1.2170788049697876,-0.1490814542627007,-0.3403679488186592,0.2279916379624242,102.0
1652967088.853378,-0.2190234363079071,0.2728619575500488,0.2560131847858429,-0.1183025985956192,0.3305499255657196,-0.9363446235656738,0.6347035765647888,1.8974770307540891,1.2662097215652466,-0.1256792218619028,-0.3368861864508188,0.2417732804783893,102.0
1652967088.863222,-0.1974041163921356,0.3415085077285766,0.3051551282405853,-0.0964649021625518,0.3248650133609772,-0.9408279657363892,0.8778818845748901,1.8802961111068728,1.3256994485855105,-0.1021748747631331,-0.3308689929175952,0.2562072351717691,102.0
1652967088.8733249,-0.1586844474077224,0.3979783058166504,0.3050877749919891,-0.0744088143110275,0.3158381581306457,-0.9458909034729004,1.3298808336257937,1.8830984830856323,1.3742034435272217,-0.0785036564546132,-0.3213399022747814,0.2713931646780937,102.0
1652967088.883277,-0.1218622103333473,0.411139965057373,0.2990930676460266,-0.0526220351457595,0.3016759753227234,-0.9519572257995604,1.857649087905884,1.791507363319397,1.4524450302124023,-0.0552215325023254,-0.3064500299814924,0.287224178885662,102.0
1652967088.893232,-0.134705439209938,0.4337225556373596,0.3368607461452484,-0.0317068956792354,0.2822798788547516,-0.9588080048561096,2.307180643081665,1.7053303718566897,1.5270615816116333,-0.0330570323942295,-0.2861697930930705,0.3037420397132525,102.0
1652967088.903339,-0.243523508310318,0.5127624869346619,0.3223310112953186,-0.0111303934827446,0.2601427435874939,-0.9655060172080994,2.3382785320281982,1.7303234338760376,1.5143095254898071,-0.0115275306468996,-0.2631700339065429,0.3200357740756572,102.0
1652967088.913106,-0.3062389492988586,0.5694879293441772,0.260194718837738,0.0094250179827213,0.2386761158704757,-0.9710534811019896,2.0858850479125977,1.7481317520141602,1.5214930772781372,0.0097056671468588,-0.241002338547416,0.3356154380377031,102.0
1652967088.923089,-0.3060722351074219,0.6089059710502625,0.2247998118400573,0.0297508295625448,0.2200244069099426,-0.97504061460495,1.7009016275405884,1.7150630950927734,1.5657079219818115,0.0305029368675754,-0.2218394891880747,0.3510067134981852,102.0
1652967088.933003,-0.3012852668762207,0.6555838584899902,0.1953350007534027,0.0496068187057971,0.2047351896762848,-0.9775595664978028,1.3189643621444702,1.6773303747177124,1.648267149925232,0.050702080802177,-0.2061931564455561,0.3667254107124247,102.0
1652967088.943347,-0.2782471776008606,0.6770731210708618,0.1758904010057449,0.0690339505672454,0.1922888904809951,-0.9789071679115297,1.0572704076766968,1.6154260635375977,1.7616411447525024,0.0704048869294399,-0.1934940343496794,0.3832530473982468,102.0
1652967088.952968,-0.2294127494096756,0.6746962666511536,0.1828596144914627,0.0876586213707923,0.1810929924249649,-0.9795515537261964,0.958233118057251,1.4908998012542725,1.8999861478805544,0.0892507789181607,-0.1820977046280059,0.4009313429621803,102.0
1652967088.9629688,-0.2051141858100891,0.6983737349510193,0.2067206650972366,0.1047724038362503,0.1700340807437896,-0.9798526167869568,0.928871214389801,1.316192626953125,2.0005054473876958,0.1065219593772432,-0.1708642590131959,0.4196444708543584,102.0
1652967088.973014,-0.2233352661132812,0.7190442085266113,0.2029588222503662,0.1202011331915855,0.1587812751531601,-0.9799695014953612,0.9116788506507874,1.167940616607666,2.069357395172119,0.1220484003768613,-0.1594561414356418,0.4390213630951228,102.0
1652967088.982881,-0.2612289190292358,0.7234025597572327,0.167341262102127,0.1342605799436569,0.1473254859447479,-0.9799333214759828,0.8820106983184814,1.063615322113037,2.1070749759674072,0.1361621314534671,-0.1478637006372293,0.4587387880654546,102.0
1652967088.992807,-0.2816232442855835,0.7287829518318176,0.1300262361764907,0.1472696363925933,0.1366821229457855,-0.979606866836548,0.6785193085670471,0.9925847053527832,2.1534664630889893,0.1492179945662863,-0.13711132250439,0.4788073361804586,102.0
1652967089.002753,-0.2742014527320862,0.7132988572120667,0.0423410236835479,0.1595163941383361,0.1279928088188171,-0.978862762451172,0.4212478399276733,0.92788428068161,2.1795992851257324,0.1615409468634127,-0.1283448729688259,0.4994641828978671,102.0
1652967089.012711,-0.2413023710250854,0.725004255771637,-0.0277909338474273,0.1706541925668716,0.1214951425790786,-0.977811872959137,0.1806026697158813,0.7946884036064148,2.1941335201263428,0.1727863100224536,-0.1217960430680853,0.5206147309742142,102.0
1652967089.0229058,-0.2175010293722152,0.7750017046928406,-0.0522166043519973,0.1801475435495376,0.1160593628883361,-0.976768672466278,0.201249361038208,0.6210971474647522,2.198648452758789,0.1823826508621054,-0.1163215034428601,0.5420088931571588,102.0
1652967089.032762,-0.2196759283542633,0.7521752715110779,-0.0459214076399803,0.1876935213804245,0.1091538071632385,-0.976143717765808,0.4049582183361053,0.420586884021759,2.199880599975586,0.1899621854622195,-0.1093717278330366,0.5630752766296263,102.0
1652967089.043137,-0.2333902716636657,0.6717322468757629,-0.0649241656064987,0.1932139098644256,0.09979048371315,-0.9760687947273254,0.6668547987937927,0.2357659041881561,2.2036867141723637,0.195424709939399,-0.0999568479754249,0.5836901925620618,102.0
1652967089.052573,-0.2374534755945205,0.5303665399551392,-0.1062726527452468,0.1966514885425567,0.0878094956278801,-0.9765335321426392,0.9130011200904846,0.0535762384533882,2.2047693729400635,0.1987193515479471,-0.0879227319426148,0.6037531501202378,102.0
1652967089.062467,-0.2517279386520386,0.3707448840141296,-0.1596769392490387,0.1983527094125747,0.0740751028060913,-0.977327525615692,0.9992289543151855,-0.052111841738224,2.1381406784057617,0.2002344970354337,-0.0741430132023992,0.623169966633916,102.0
1652967089.072476,-0.2812979221343994,0.2664439678192138,-0.3203234672546386,0.1990073025226593,0.0609850510954856,-0.9780986309051514,0.8254514336585999,-0.087202288210392,2.0362701416015625,0.2007235580085013,-0.0610229151451697,0.641802637335386,102.0
1652967089.082487,-0.3185974657535553,0.2125827074050903,-0.5031685829162598,0.1993500590324401,0.0494331791996955,-0.9786807298660278,0.7171723246574402,-0.0449294038116931,1.8119601011276243,0.2009436422406159,-0.0494533343187426,0.6590370395886911,102.0
1652967089.0924191,-0.3243467211723327,0.1622440814971923,-0.6303068399429321,0.2000944167375564,0.0397306419909,-0.9789707660675048,0.638069748878479,0.0509687885642051,1.5677735805511477,0.2016156629731276,-0.0397411016716039,0.6742739880019814,102.0
1652967089.102468,-0.2244396805763244,-0.0002922415733337,-0.8058077096939087,0.2013226300477981,0.0295930728316307,-0.9790778756141664,0.8477771878242493,0.080763965845108,1.3351913690567017,0.2027980724714281,-0.0295973944694986,0.6868969442752675,102.0
1652967089.11247,-0.1013011932373046,-0.2190500497817993,-0.9266224503517152,0.202375441789627,0.0177936982363462,-0.9791463613510132,1.0752336978912354,0.0800948217511177,1.151183843612671,0.2038156718656324,-0.0177946364853775,0.6970968194050193,102.0
1652967089.122315,-0.0775723904371261,-0.4322207570075989,-1.0578017234802246,0.2035032212734222,0.0043501458130776,-0.979064643383026,1.2075626850128174,0.1431531459093094,0.9514986872673036,0.204936657969469,-0.0043501595259364,0.7050138275752139,102.0
1652967089.1322432,-0.1228057742118835,-0.4942249059677124,-1.2223937511444092,0.2056457847356796,-0.0091278683394193,-0.9785839319229126,1.1983702182769775,0.3096135854721069,0.6586472988128662,0.2071323027990154,0.0091279947853891,0.7104585145153004,102.0
1652967089.1425428,-0.1407691240310669,-0.4229581356048584,-1.381001114845276,0.2097083628177642,-0.020961245521903,-0.9775393009185792,1.0248152017593384,0.5283358097076416,0.2664318680763244,0.2113238098174408,0.0209627803331011,0.7126980575277163,102.0
1652967089.152389,-0.0860927253961563,-0.3545509576797485,-1.4705785512924194,0.2154109925031662,-0.0295435059815645,-0.9760764837265016,0.709019124507904,0.6242532730102539,-0.1417746394872665,0.2172090108210597,0.0295478061710787,0.7114269864707917,102.0
1652967089.162252,0.0021191388368606,-0.4055469632148742,-1.497581958770752,0.2211932688951492,-0.0343241579830646,-0.9746257662773132,0.4319928288459778,0.5212472081184387,-0.4611933827400207,0.2231716015867771,0.0343309020238877,0.7072373289463015,102.0
1652967089.1720471,0.0039608776569366,-0.5113293528556824,-1.3743927478790283,0.2256686687469482,-0.0361297950148582,-0.9735339283943176,0.1985507905483245,0.3724226057529449,-0.7466576099395752,0.227780687726828,0.0361376611905665,0.7006138556414144,102.0
1652967089.182383,-0.1377036124467849,-0.5671932697296143,-1.224574327468872,0.2295615524053573,-0.0350540503859519,-0.9726626873016356,-0.0029181502759456,0.3796770572662353,-1.0369586944580078,0.2317722263184,0.0350612332533477,0.6917261146201583,102.0
1652967089.192117,-0.2369832843542099,-0.5281674265861511,-1.120590090751648,0.2340231239795684,-0.0313416756689548,-0.9717257022857666,-0.2105640172958374,0.4603617489337921,-1.2767932415008545,0.236331973834095,0.0313468103096264,0.6807105559885703,102.0
1652967089.2018828,-0.2318354398012161,-0.4434536695480346,-1.0295510292053225,0.239174947142601,-0.0249991621822118,-0.9706546068191528,-0.4272864758968353,0.5288332104682922,-1.4977892637252808,0.2415930558116941,0.025001767647806,0.6680261047085895,102.0
1652967089.211771,-0.2112895995378494,-0.3391108512878418,-0.9368788003921508,0.2449352741241455,-0.0160478763282299,-0.9694066047668456,-0.61615389585495,0.6004601716995239,-1.7207250595092771,0.2474854628029816,0.0160485644603185,0.6537073955426876,102.0
1652967089.221698,-0.2108502984046936,-0.2188532948493957,-0.7806712985038757,0.2511793076992035,-0.004622315056622,-0.9679295420646667,-0.8030819892883301,0.6536450982093811,-1.925698518753052,0.2539012093160664,0.0046223314276335,0.6379007334699651,102.0
1652967089.231842,-0.2259055376052856,-0.1162259578704834,-0.6261798739433289,0.2577658891677856,0.0083362078294157,-0.9661714434623718,-0.798498272895813,0.7223284244537354,-2.1036956310272217,0.2607185109969375,-0.0083363047956565,0.6205369157335174,102.0
1652967089.242038,-0.2546133399009704,-0.0568092465400695,-0.4696553945541382,0.2645773589611053,0.0207570474594831,-0.9641410708427428,-0.5769574046134949,0.7593141794204712,-2.2448689937591557,0.2678247650535604,-0.0207585382800682,0.6014173445083286,102.0
1652967089.25191,-0.2682740986347198,0.0453230738639831,-0.3009311556816101,0.2712190747261047,0.0303012374788522,-0.9620405435562134,-0.0987430140376091,0.738088071346283,-2.377063035964966,0.2747888077812564,-0.030305876682895,0.5802231495997283,102.0
1652967089.261687,-0.2779562175273895,0.1401145458221435,-0.1308709979057312,0.2771170437335968,0.0345880091190338,-0.9602134227752686,0.5977721810340881,0.6620572209358215,-2.480912923812866,0.2809650178942379,-0.0345949108157389,0.5562342668400472,102.0
1652967089.27169,-0.3198498487472534,0.1382174491882324,0.0019729286432266,0.2823895812034607,0.0326644964516162,-0.9587435722351074,1.2423964738845823,0.6240896582603455,-2.4991040229797363,0.2864413198401008,-0.0326703094611619,0.5298154866288899,102.0
1652967089.2816582,-0.3627828955650329,0.0841182470321655,0.0428148061037063,0.2874197661876678,0.0258802305907011,-0.9574549794197084,1.597791075706482,0.5863524079322815,-2.465503454208374,0.2916323899810391,-0.0258831204932434,0.5019537656117519,102.0
1652967089.2917728,-0.3609381020069122,0.1019679903984069,0.0557924956083297,0.2921972870826721,0.0181668270379304,-0.956185519695282,1.453720211982727,0.5310023427009583,-2.3976430892944336,0.2965740194273371,-0.0181678270335238,0.4742947444034907,102.0
1652967089.3015609,-0.3401198387145996,0.1753334999084472,0.0493239760398864,0.296479731798172,0.0129928942769765,-0.954950749874115,1.0454914569854736,0.4533554911613464,-2.310861587524414,0.3010307573173527,-0.0129932602302184,0.4481469680346237,102.0
1652967089.311545,-0.3309353590011596,0.3212875723838806,0.0763004198670387,0.300387293100357,0.0137264067307114,-0.9537185430526732,0.202200636267662,0.4415308535099029,-2.226310968399048,0.3051283289777799,-0.0137268378829196,0.4247143336009082,102.0
1652967089.3215098,-0.3060944974422455,0.4426507949829101,0.0569292455911636,0.3041566908359527,0.0225385054945945,-0.9523553848266602,-0.6969885230064392,0.4371912181377411,-2.152418375015259,0.3091341841924138,-0.0225404137325112,0.4045991722894872,102.0
1652967089.331599,-0.2524321675300598,0.5053885579109192,0.0604846999049186,0.3077453076839447,0.0397044979035854,-0.9506399631500244,-1.5410146713256836,0.4484981000423431,-2.0378875732421875,0.3130776888955621,-0.0397149358184783,0.3881904883261404,102.0
1652967089.3415,-0.1693441569805145,0.5066108703613281,0.0729726701974868,0.3108389377593994,0.0623727664351463,-0.9484138488769532,-1.8882744312286377,0.4189005196094513,-1.918492317199707,0.3167136486497554,-0.0624132792491371,0.3748569059082971,102.0
1652967089.351385,-0.0962720215320587,0.511936366558075,0.1499286890029907,0.3132215440273285,0.0846904441714286,-0.945896327495575,-1.5390403270721436,0.3714936971664428,-1.8471699953079224,0.3197728107347214,-0.0847920114712286,0.3624961599540138,102.0
1652967089.361335,-0.0515514314174652,0.5525941252708435,0.2768674194812774,0.3146893084049225,0.1019167602062225,-0.9437074065208436,-0.8693408370018005,0.3030376732349396,-1.8629246950149536,0.3218651684136404,-0.1020940243960337,0.34880610398284,102.0
1652967089.371307,-0.0273488461971282,0.627036452293396,0.3069847822189331,0.3151143789291382,0.1125251054763794,-0.9423592686653136,-0.1458401530981063,0.2170877307653427,-1.914360761642456,0.3227001698717576,-0.1127639345913006,0.3324222959466159,102.0
1652967089.381263,0.0013582408428192,0.6972630620002747,0.2950037717819214,0.3143461346626282,0.1173344701528549,-0.9420292377471924,0.3677281141281128,0.0829996913671493,-1.9644705057144165,0.3220719011200078,-0.117605379778581,0.3135810438109949,102.0
1652967089.391377,-0.0015858113765716,0.7480447292327881,0.2556554973125458,0.312132716178894,0.1195428594946861,-0.9424874782562256,0.4275570511817932,-0.048625711351633,-2.000248908996582,0.3198110295280617,-0.1198294287470686,0.2933542865860325,102.0
1652967089.4011822,-0.0291149318218231,0.7770107984542847,0.1809678673744201,0.3087780773639679,0.1227583289146423,-0.9431789517402648,0.1845881044864654,-0.147846832871437,-2.0266599655151367,0.3163831831503751,-0.1230687576235323,0.2731241214679362,102.0
1652967089.411155,-0.0316763520240783,0.7875060439109802,0.1280555874109268,0.3042441308498382,0.129238098859787,-0.9437865614891052,-0.2635806798934936,-0.282721072435379,-2.006227731704712,0.3118471693144627,-0.1296005915614167,0.2539055573441582,102.0
1652967089.421111,-0.0071339607238769,0.7941559553146362,0.1406634747982025,0.2981954216957092,0.1401135027408599,-0.9441651105880736,-0.8176282048225403,-0.4446130394935608,-1.8855818510055544,0.305915502582307,-0.1405760466480317,0.236863658503151,102.0
1652967089.431037,0.0043639242649078,0.8021187782287598,0.1717111319303512,0.2906495630741119,0.1553610116243362,-0.9441323280334472,-1.2693215608596802,-0.5864587426185608,-1.7621560096740725,0.2986414597340358,-0.1559928862025939,0.2225147165655238,102.0
1652967089.441184,0.0138995051383972,0.8239020109176636,0.2193070203065872,0.2816022634506225,0.1744155138731002,-0.943546175956726,-1.7387274503707886,-0.7407950758934021,-1.6364132165908811,0.2900350446145011,-0.1753121463659542,0.2105154407689403,102.0
1652967089.450968,0.0253383815288543,0.8014464974403381,0.2193130999803543,0.2707279324531555,0.1945662647485733,-0.9427886009216307,-1.600895881652832,-0.9412770867347716,-1.5732890367507937,0.2796325788049827,-0.1958152478851928,0.1996650098884899,102.0
1652967089.4610782,0.0039995610713958,0.7861559391021729,0.2838523089885711,0.258039653301239,0.2123329788446426,-0.9425127506256104,-1.2911527156829834,-1.0874098539352417,-1.5177381038665771,0.2672301758749766,-0.2139617612622684,0.1885847458529979,102.0
1652967089.470883,-0.051957830786705,0.805327296257019,0.3654495477676391,0.2439439594745636,0.2262099832296371,-0.9430378675460817,-0.8485136032104492,-1.1886334419250488,-1.556225299835205,0.2531301747044484,-0.2281850408629372,0.176294200165126,102.0
1652967089.4808722,-0.1054450422525405,0.8346981406211853,0.4040785431861877,0.2289191931486129,0.2367753386497497,-0.9442104697227478,-0.6629549264907837,-1.217525601387024,-1.6246716976165771,0.2378556168570632,-0.2390454537059784,0.1622803167971697,102.0
1652967089.4908009,-0.1152273714542388,0.8280637860298157,0.3436329960823059,0.2134635001420974,0.2470805197954177,-0.9451902508735656,-0.7768314480781555,-1.2275351285934448,-1.6805427074432373,0.2221155787380873,-0.249666197726439,0.1474030625566064,102.0
1652967089.500824,-0.0713847428560257,0.7812663912773132,0.2456647753715515,0.1972240209579467,0.259111225605011,-0.9454967379570008,-1.0570614337921145,-1.3372187614440918,-1.6618340015411377,0.2056442553627932,-0.262101885597632,0.1325183541179191,102.0
1652967089.51072,-0.0066282600164413,0.767597496509552,0.2514644265174866,0.1795561611652374,0.2731785476207733,-0.945057213306427,-1.2807717323303225,-1.50649094581604,-1.580854892730713,0.1877571495308771,-0.2766957054946571,0.1184445989295638,102.0
1652967089.520711,0.0100542902946472,0.763616144657135,0.3188610970973968,0.1601728051900863,0.2895373404026031,-0.943669855594635,-1.5968945026397705,-1.7048485279083252,-1.4647780656814575,0.1681315678173725,-0.2937434541660992,0.1055750201013747,102.0
1652967089.5307698,-0.0176718086004257,0.7148410081863403,0.322224885225296,0.1388723850250244,0.3061015009880066,-0.9418154358863832,-1.4357129335403442,-1.9184911251068115,-1.4177777767181396,0.1463968982022764,-0.3110952445895883,0.0932654892560597,102.0
1652967089.540623,-0.0822182446718216,0.6615650057792664,0.4286219775676727,0.1157265901565551,0.3189976513385772,-0.940663516521454,-0.9007376432418824,-2.093467712402344,-1.394087314605713,0.1224114346682891,-0.3246717108003428,0.0803618195011083,102.0
1652967089.550571,-0.1516433507204055,0.5694555640220642,0.5564066767692566,0.0909286588430404,0.3257649540901184,-0.9410681128501892,-0.2711042761802673,-2.244413375854492,-1.3737480640411377,0.0963238075688407,-0.3318207081432442,0.0665372885573552,102.0
1652967089.560561,-0.1840230971574783,0.4861395359039306,0.6032897233963013,0.0650350823998451,0.3282135725021362,-0.9423620700836182,-0.1031392216682434,-2.340193033218384,-1.296299695968628,0.068903589226877,-0.3344117521196498,0.0525949453037161,102.0
1652967089.570472,-0.1567034125328064,0.4533582925796509,0.5631150007247925,0.0386767163872718,0.33137047290802,-0.942707657814026,-0.4757891595363617,-2.397097587585449,-1.192468523979187,0.0410042679597235,-0.337755734463886,0.0396435644458001,102.0
1652967089.58046,-0.1333116143941879,0.4385116100311279,0.5391074419021606,0.0124010043218731,0.3387764692306518,-0.9407851696014404,-1.0660879611968994,-2.393771171569824,-1.0561895370483398,0.013180783567265,-0.3456161673728524,0.0279648282782214,102.0
1652967089.590399,-0.1207957565784454,0.428009033203125,0.5229472517967224,-0.0134205278009176,0.3512440621852875,-0.936187744140625,-1.5803933143615725,-2.40632700920105,-0.9239411950111388,-0.0143343137166534,-0.3588994968389432,0.0174016571908082,102.0
1652967089.600538,-0.1016823500394821,0.3590753078460693,0.5130797624588013,-0.039034180343151,0.3668030500411987,-0.9294793605804444,-1.7666723728179932,-2.46807599067688,-0.74910968542099,-0.0419710844975742,-0.3755702114515645,0.0079603544728133,102.0
1652967089.610526,-0.1329398453235626,0.2699803113937378,0.6355863809585571,-0.0645698979496955,0.3818697035312652,-0.9219578504562378,-1.555672526359558,-2.5201728343963623,-0.6203415989875793,-0.0699214535185904,-0.3918184623251181,-0.0003363580372018,102.0
1652967089.620294,-0.2245642840862274,0.2018713355064392,0.7617642879486084,-0.0899193435907363,0.3936465084552765,-0.9148535132408142,-1.1031644344329834,-2.494864225387573,-0.6111688613891602,-0.0979735551268114,-0.4045950262805511,-0.0080975612629516,102.0
1652967089.630208,-0.2831343114376068,0.1583629846572876,0.82159423828125,-0.1146775633096695,0.4010467529296875,-0.9088512063026428,-0.6722036004066467,-2.413538217544556,-0.6417015194892883,-0.1255152766781353,-0.4126592324848335,-0.0159149244869421,102.0
1652967089.640242,-0.2455313354730606,0.1226900219917297,0.8401056528091431,-0.1390206515789032,0.4045690298080444,-0.903878927230835,-0.3194468915462494,-2.4278688430786133,-0.6044921278953552,-0.1526086321836584,-0.4165075286650742,-0.023404070602092,102.0
1652967089.6502,-0.1859919279813766,0.0960773825645446,0.8428047895431519,-0.1632512211799621,0.4055167436599731,-0.8993915915489197,-0.0829697772860527,-2.4772469997406006,-0.491031676530838,-0.1795580245797164,-0.4175440740353675,-0.029663163071816,102.0
1652967089.660152,-0.1752950251102447,0.0874660015106201,0.8005217909812927,-0.187162235379219,0.4038391709327698,-0.8954799175262451,0.322564959526062,-2.4929020404815674,-0.3611823320388794,-0.2060416545129204,-0.4157095777573702,-0.0339756067650959,102.0
1652967089.670229,-0.1475312560796737,0.1244316101074218,0.8380182981491089,-0.2107603847980499,0.3975163996219635,-0.8930625915527344,0.9750127792358398,-2.5534043312072754,-0.2214720547199249,-0.2317568799837148,-0.4088086263121491,-0.0355870460647059,102.0
1652967089.680151,-0.0982887595891952,0.0923057794570922,0.8927347660064697,-0.2345206886529922,0.3866079151630401,-0.8919273614883423,1.398665189743042,-2.721717596054077,0.0555819198489189,-0.2571170971521362,-0.3969506534509931,-0.0334061088219869,102.0
1652967089.689934,-0.1494388282299041,-0.0698378682136535,0.8258618116378784,-0.2582455277442932,0.3759204149246216,-0.8899399638175964,1.0376838445663452,-2.7741353511810303,0.3787494301795959,-0.2824262949378042,-0.3853898490790561,-0.0275121513544662,102.0
1652967089.699985,-0.2717323005199432,-0.2090763449668884,0.6602851152420044,-0.2803917229175567,0.3717431426048279,-0.8849788308143616,0.1656267940998077,-2.650261640548706,0.6228070855140686,-0.3068287336711701,-0.3808860355280044,-0.0204306676198343,102.0
1652967089.709924,-0.3152755200862884,-0.1933044791221618,0.571062445640564,-0.3004013299942016,0.376660943031311,-0.8762907981872559,-0.7494739294052124,-2.541325330734253,0.8684260845184326,-0.3302552418091165,-0.3861891083938382,-0.013854374323663,102.0
1652967089.719876,-0.337933212518692,-0.0721678733825683,0.5871390104293823,-0.3182252645492553,0.38734832406044,-0.8652710914611816,-1.046751618385315,-2.3688836097717285,0.9704150557518004,-0.3524216159580651,-0.3977536221901058,-0.0076719525288585,102.0
1652967089.7297711,-0.3502227663993835,0.0196456909179687,0.7141151428222656,-0.3341491818428039,0.3991508781909942,-0.8538283705711365,-0.8949618339538574,-2.2767889499664307,1.0206022262573242,-0.3730308004744496,-0.4105905779498027,-0.0014741765663899,102.0
1652967089.7399812,-0.3785658180713653,-0.00650155544281,0.7291378378868103,-0.3488359451293945,0.4081760048866272,-0.8436266183853149,-0.3466851711273193,-2.2112972736358643,1.12356436252594,-0.3920861742489955,-0.4204551595282743,0.0067817631764503,102.0
1652967089.749769,-0.4261924624443054,0.0122890472412109,0.744234561920166,-0.3618782162666321,0.4130377769470215,-0.8357295989990234,0.1454078704118728,-2.033168315887451,1.209467530250549,-0.4086345117927383,-0.425787146108791,0.0181477088247099,102.0
1652967089.759575,-0.419715940952301,-0.1038469076156616,0.6671895980834961,-0.3727187812328338,0.4158182144165039,-0.8295636773109436,0.2006788402795791,-1.86113440990448,1.3661240339279177,-0.4222674523884538,-0.4288422900901793,0.0319336825024001,102.0
1652967089.769476,-0.3033281862735748,-0.2351686954498291,0.3984229862689972,-0.3818829953670501,0.4208519160747528,-0.8228299021720886,-0.0911609977483749,-1.9129047393798828,1.6501178741455078,-0.4345250547497383,-0.4343842429869019,0.0473137620028376,102.0
1652967089.779491,-0.2039506137371063,-0.211794912815094,0.2596863210201263,-0.3905470967292785,0.4298431277275085,-0.8140687346458435,-0.4261235296726227,-2.015466690063477,1.8011876344680786,-0.4473144042229419,-0.4443190188184929,0.063328289387272,102.0
1652967089.789423,-0.2274301350116729,-0.1368535161018371,0.3037006556987762,-0.3992025554180145,0.4406993687152862,-0.8040033578872681,-0.4684520959854126,-2.055126190185547,1.7731990814208984,-0.4608585305854841,-0.4563776278599731,0.07888120197913,102.0
1652967089.799417,-0.3172736465930938,-0.0733595490455627,0.346733808517456,-0.4076256453990936,0.4507973194122314,-0.7941178679466248,-0.2914570868015289,-1.986795425415039,1.7030091285705566,-0.4742358521623198,-0.4676583603233912,0.0941843821285969,102.0
1652967089.809492,-0.3854802846908569,0.0050187110900878,0.3214850127696991,-0.4152246713638305,0.459139347076416,-0.7853531241416931,-0.0898608416318893,-1.86077618598938,1.640713453292847,-0.4863515429182428,-0.4770261661053901,0.1097780856960385,102.0
1652967089.819284,-0.4057020843029022,0.0031096935272216,0.2594811022281647,-0.4218431115150451,0.4661964476108551,-0.7776305675506592,0.0295571684837341,-1.8052301406860352,1.665843844413757,-0.4970454826892881,-0.4849865265950809,0.1259808580409097,102.0
1652967089.829268,-0.4235889613628387,-0.0689340829849243,0.1368471980094909,-0.4277599453926086,0.473473846912384,-0.7699636220932007,-0.100538782775402,-1.7780715227127075,1.7061656713485718,-0.5071008389935083,-0.4932305537852999,0.1426078858786607,102.0
1652967089.8397942,-0.4426699876785278,-0.1866441965103149,-0.019068568944931,-0.4332455694675445,0.4821576178073883,-0.7614606618881226,-0.2488076835870742,-1.779524326324463,1.6931523084640503,-0.517288086561551,-0.5031158307932314,0.1583755395778291,102.0
1652967089.849527,-0.4515036344528198,-0.2009990215301513,-0.0720059871673584,-0.43861785531044,0.4913175106048584,-0.7524769306182861,-0.1882307529449463,-1.7820276021957395,1.6062477827072144,-0.5277501559762576,-0.5136017993184796,0.1733918629641642,102.0
1652967089.8592849,-0.4586716592311859,-0.1984273791313171,-0.0209438800811767,-0.4443740248680115,0.4987881481647491,-0.7441385388374329,0.0268615838140249,-1.7852181196212769,1.449021339416504,-0.5383328586505621,-0.5222000192168439,0.1878665891911874,102.0
1652967089.868986,-0.4592777788639068,-0.2572502493858337,-0.061000108718872,-0.4504054486751556,0.5042221546173096,-0.736814022064209,0.2229988127946853,-1.7558820247650146,1.3660733699798584,-0.5486780432579997,-0.528481026609865,0.2025349115169784,102.0
1652967089.879335,-0.4598713219165802,-0.3042105436325073,-0.1306214928627014,-0.4563426971435547,0.5084901452064514,-0.7301980257034302,0.3255779147148132,-1.6964735984802246,1.2721514701843262,-0.5585687392921743,-0.5334304376177237,0.2171450242359099,102.0
1652967089.889205,-0.4426313042640686,-0.3537635803222656,-0.1925647258758545,-0.4621539115905761,0.5115802884101868,-0.7243614196777344,0.3444403409957886,-1.6228349208831787,1.1899913549423218,-0.5679041947542562,-0.5370229548680026,0.23137316567395,102.0
1652967089.899177,-0.4066954255104065,-0.3141993880271911,-0.2873671054840088,-0.4677095115184784,0.5146162509918213,-0.7186222672462463,0.3104472458362579,-1.580985188484192,1.1004019975662231,-0.576966866139552,-0.5405600113520813,0.2446774575353843,102.0
1652967089.909096,-0.3923149108886719,-0.3087941408157348,-0.3670372366905212,-0.473606139421463,0.5171074271202087,-0.7129496335983276,0.4055003821849823,-1.5735352039337158,0.987288534641266,-0.5863562220534312,-0.5434680063540732,0.2570239744022614,102.0
1652967089.91908,-0.4445035457611084,-0.3867859244346618,-0.3519622683525085,-0.479751855134964,0.5175506472587585,-0.7085051536560059,0.7187091708183289,-1.482148289680481,0.8293377757072449,-0.5952132075161344,-0.5439859202710017,0.2694135686586166,102.0
1652967089.929028,-0.476221352815628,-0.5131468772888184,-0.3186624646186828,-0.4859521687030792,0.5141581296920776,-0.7067475318908691,1.3471412658691406,-1.384616732597351,0.6707000136375427,-0.6023481003911216,-0.5400257825647224,0.2831618389145638,102.0
1652967089.939021,-0.4227290749549866,-0.5793860554695129,-0.301641583442688,-0.4920658767223358,0.5064603090286255,-0.7080742716789246,1.7468540668487549,-1.2815548181533811,0.616442084312439,-0.6073188190891341,-0.5310746976837966,0.2994016747449727,102.0
1652967089.94904,-0.3578978776931762,-0.5976129174232483,-0.3753427565097809,-0.4978760778903961,0.4956736266613006,-0.7116369605064392,2.0831096172332764,-1.1761541366577148,0.5473924279212952,-0.6104714749919545,-0.5186102622541867,0.3176442112947472,102.0
1652967089.958958,-0.3139716982841491,-0.6186776161193848,-0.4788129329681396,-0.5031212568283081,0.4829480648040771,-0.7166800498962402,2.190725326538086,-1.012161135673523,0.4933283925056457,-0.6120780682648389,-0.5040183316111506,0.3366175078275877,102.0
1652967089.9688811,-0.2530471086502075,-0.5760930776596069,-0.5746808052062988,-0.50749671459198,0.4704632759094238,-0.7218804955482483,1.9038957357406616,-0.8400423526763916,0.4323035776615143,-0.6127501977984846,-0.4898157041279725,0.3544376724944004,102.0
1652967089.978858,-0.2091544270515442,-0.5317556858062744,-0.6697230339050293,-0.5112892985343933,0.4599300026893616,-0.7259805202484131,1.5268030166625977,-0.690580427646637,0.3245347738265991,-0.6135887953863686,-0.4779163587530265,0.3691064777945498,102.0
1652967089.988803,-0.1931424140930175,-0.5406858921051025,-0.726650595664978,-0.5145450234413147,0.4519161283969879,-0.7287079691886902,1.0849759578704834,-0.5544689297676086,0.2328462153673172,-0.6148121805385871,-0.4689121499736609,0.380027274696005,102.0
1652967089.998769,-0.211747944355011,-0.563265323638916,-0.7437711954116821,-0.5172255039215088,0.4469267427921295,-0.729886531829834,0.5646494030952454,-0.428884893655777,0.1636815220117569,-0.6164999317892329,-0.4633269118096938,0.3871486982100516,102.0
1652967090.0086532,-0.2383285760879516,-0.5472220182418823,-0.7179180383682251,-0.5191788077354431,0.4451213777065277,-0.7296029329299927,0.1432481855154037,-0.2687388956546783,0.1054273173213005,-0.6184627972121605,-0.4613098132274705,0.3906050381119239,102.0
1652967090.018775,-0.2443287372589111,-0.5522210597991943,-0.671114444732666,-0.5201976895332336,0.4456963539123535,-0.7285253405570984,-0.1500034034252166,-0.1257753521203994,0.0624438934028148,-0.6200880629349609,-0.4619520049661363,0.3912509848339118,102.0
1652967090.028636,-0.2209711074829101,-0.5346067547798157,-0.6496124267578125,-0.5206212997436523,0.4471588134765625,-0.7273255586624146,-0.1636375784873962,-0.0519338361918926,0.0213890988379716,-0.6212529447705489,-0.4635863649379442,0.3905231389476975,102.0
1652967090.038605,-0.189673364162445,-0.4775558114051819,-0.6052398681640625,-0.5209742784500122,0.4474946558475494,-0.7268661856651306,0.0746700540184974,-0.0170980915427207,-0.078036293387413,-0.6218729394229892,-0.4639618651016367,0.3898774691971911,102.0
1652967090.0486069,-0.1724075675010681,-0.4892973303794861,-0.5927342176437378,-0.5215316414833069,0.4448154866695404,-0.7281098365783691,0.437055379152298,0.0261606462299823,-0.1893942952156067,-0.6215697914231638,-0.4609682469863161,0.3904179331431843,102.0
1652967090.058487,-0.1653634309768676,-0.5204463601112366,-0.6023140549659729,-0.5222738981246948,0.4397468864917755,-0.7306522130966187,0.5813179612159729,0.0688806772232055,-0.3127646744251251,-0.6205932778923814,-0.4553168402975427,0.3915626651522562,102.0
1652967090.06848,-0.1903592944145202,-0.5184048414230347,-0.6511023044586182,-0.5232027769088745,0.433832436800003,-0.7335177659988403,0.4216103553771972,0.1660805195569992,-0.4942784011363983,-0.6195825293013135,-0.4487420228798084,0.3912944949219499,102.0
1652967090.07845,-0.2290613651275634,-0.5021618604660034,-0.7113544940948486,-0.5241430401802063,0.4273884892463684,-0.7366228699684143,0.4248785972595215,0.2981666624546051,-0.7267835736274719,-0.6184347804810058,-0.4416021623260276,0.3887130568647429,102.0
1652967090.08853,-0.2374585270881652,-0.4074202179908752,-0.699228823184967,-0.5245501399040222,0.422007143497467,-0.73943030834198,-0.0064995698630809,0.4688540399074554,-0.8337999582290649,-0.6170053089501666,-0.4356581344406518,0.3828829324386776,102.0
1652967090.09834,-0.2194132804870605,-0.2979004979133606,-0.7594469785690308,-0.5243459343910217,0.4179705679416656,-0.7418639063835144,-0.142859548330307,0.5982349514961243,-0.9731520414352416,-0.6152720345884075,-0.4312102502486913,0.3742616526127256,102.0
1652967090.108574,-0.1969348788261413,-0.3042307496070862,-0.610314130783081,-0.5240734219551086,0.413262128829956,-0.7446888089179993,-0.0410749912261962,0.6377722024917603,-1.094278335571289,-0.6132371250247943,-0.4260335038021001,0.3642729286288365,102.0
1652967090.118297,-0.220874011516571,-0.3807330131530761,-0.5430706739425659,-0.5236176252365112,0.4076184332370758,-0.7481122016906738,-0.0095729893073439,0.6992962956428528,-1.1233822107315063,-0.6106712914069381,-0.4198444645549536,0.3542053837368991,102.0
1652967090.1282191,-0.2457992434501648,-0.3831173181533813,-0.5626668930053711,-0.5227859616279602,0.401915580034256,-0.7517703771591187,-0.071690559387207,0.7545077800750732,-1.157008409500122,-0.6076363858671542,-0.4136078706756121,0.3438161781911102,102.0
1652967090.138197,-0.2464219331741333,-0.3209031224250793,-0.55938321352005,-0.5215986967086792,0.3969839215278625,-0.7552076578140259,-0.2670909464359283,0.8093163967132568,-1.1969025135040283,-0.6044362281821861,-0.4082283914455672,0.3323607644652422,102.0
1652967090.148152,-0.2564608454704284,-0.2467339038848877,-0.5681688785552979,-0.5200742483139038,0.3936846256256103,-0.7579810619354248,-0.5682064294815063,0.8916231393814087,-1.2858927249908447,-0.6013570598414643,-0.4046364895615614,0.31872424673452,102.0
1652967090.1582742,-0.2623817920684814,-0.1711568832397461,-0.5870862007141113,-0.5182579159736633,0.3919568061828613,-0.7601175308227539,-0.7744858264923096,0.9621572494506836,-1.3742241859436035,-0.5984152525695746,-0.4027576448832163,0.3026593101735121,102.0
1652967090.168082,-0.2582623958587646,-0.1043850183486938,-0.5019131898880005,-0.5163043141365051,0.3902951776981354,-0.7622989416122437,-0.7113749384880066,1.0200434923171997,-1.491690158843994,-0.5953273613389911,-0.4009521690898294,0.2852530181953051,102.0
1652967090.178103,-0.2461622953414917,-0.0728518962860107,-0.3903495073318481,-0.5144883990287781,0.3866873979568481,-0.7653591632843018,-0.4445517361164093,1.0454533100128174,-1.6332433223724363,-0.5918361645738096,-0.3970368644315444,0.2677232039562826,102.0
1652967090.1879802,-0.242756187915802,-0.090386152267456,-0.3530827760696411,-0.5129201412200928,0.3804570436477661,-0.7695229053497314,-0.2034067809581756,1.053953766822815,-1.7336233854293823,-0.5879170050880026,-0.3902904564465264,0.2506942748905806,102.0
1652967090.197996,-0.2413219213485717,-0.0792792439460754,-0.3244049549102783,-0.511485755443573,0.3726837635040283,-0.7742668986320496,-0.1588776409626007,1.0541390180587769,-1.821816086769104,-0.5837953893777755,-0.3818994577845672,0.233755444309461,102.0
1652967090.20788,-0.2357835173606872,-0.0379123091697692,-0.3129863440990448,-0.510188102722168,0.3650035858154297,-0.7787685394287109,-0.3135661482810974,1.0458048582077026,-1.8761563301086424,-0.5799672462187266,-0.3736366412704358,0.2158312244524961,102.0
1652967090.217956,-0.2225475907325744,0.0241143703460693,-0.3284555673599243,-0.5088977813720703,0.3587900400161743,-0.7824913859367371,-0.5959131717681885,1.049959421157837,-1.916166067123413,-0.5766252687927138,-0.3669713141392346,0.1962779076632935,102.0
1652967090.227987,-0.220284879207611,0.0957207083702087,-0.3277836143970489,-0.5075593590736389,0.3548374474048614,-0.7851585149765015,-0.8621873259544373,1.0490715503692627,-1.9396281242370603,-0.5738698410650207,-0.3627401899028243,0.1747785603956384,102.0
1652967090.238089,-0.2418116331100464,0.176625907421112,-0.2702192068099975,-0.5062199831008911,0.3520673811435699,-0.7872673869132996,-0.935268759727478,1.054259181022644,-1.9769989252090452,-0.57144491923765,-0.3597789933232787,0.1520250814498888,102.0
1652967090.247695,-0.276653528213501,0.2475950121879577,-0.1740771532058715,-0.5049169659614563,0.3490039110183716,-0.7894651293754578,-0.8164188265800476,1.0559567213058472,-2.017411947250366,-0.5690069494054419,-0.3565079817602875,0.1290166138794135,102.0
1652967090.257698,-0.2972229719161987,0.2823619842529297,-0.0946575701236724,-0.5037872195243835,0.3433453440666199,-0.7926616668701172,-0.3245561718940735,1.0184763669967651,-2.101702690124512,-0.5661598937243095,-0.3504764582410478,0.1072154318770933,102.0
1652967090.267519,-0.3165249824523926,0.3150671720504761,0.0140099227428436,-0.5029941201210022,0.3329596817493438,-0.7975805997848511,0.2249208688735962,1.0064408779144287,-2.184335470199585,-0.5626518345223701,-0.3394406273090655,0.0877600126780875,102.0
1652967090.2776232,-0.3114858865737915,0.3333391547203064,0.0910761356353759,-0.5024179816246033,0.3180272877216339,-0.8040117621421814,0.6594928503036499,0.9442963600158693,-2.2532448768615723,-0.5585193990186911,-0.3236480181020003,0.0706108056404151,102.0
1652967090.28752,-0.2618980407714844,0.3134059309959411,0.1002556681632995,-0.5022773742675781,0.3014472424983978,-0.8104609847068787,0.5983567237854004,0.8270921111106873,-2.287341594696045,-0.5548099677745996,-0.3062101460894925,0.0539904162346835,102.0
1652967090.297707,-0.2168579697608947,0.2643852233886719,0.078389286994934,-0.5028991103172302,0.2863110303878784,-0.8155479431152344,0.2514916956424713,0.6824867725372314,-2.301257848739624,-0.5525646827115743,-0.2903744678949388,0.0361169161913225,102.0
1652967090.307557,-0.1987041234970092,0.2411436438560485,0.1143511831760406,-0.504085123538971,0.2752667069435119,-0.8186124563217163,-0.3630562126636505,0.6091171503067017,-2.2983248233795166,-0.5519416667237727,-0.2788671266875881,0.0154975991333585,102.0
1652967090.3178282,-0.2115324139595031,0.2313722968101501,0.1193755567073822,-0.5055238604545593,0.2693115174770355,-0.8197054266929626,-1.025929570198059,0.58458012342453,-2.29780650138855,-0.5526186917722856,-0.2726780744066367,-0.0085260778648917,102.0
1652967090.3273969,-0.1949648857116699,0.2166855931282043,0.1720606088638305,-0.5069699287414551,0.2678197622299194,-0.8193009495735168,-1.3586748838424685,0.5437144041061401,-2.2617478370666504,-0.5541165426427868,-0.271129416822552,-0.0352430455162775,102.0
1652967090.3376389,-0.159432053565979,0.1956239342689514,0.3208498060703277,-0.508750319480896,0.2671628594398498,-0.8184113502502441,-1.2182708978652954,0.5002742409706116,-2.2630505561828613,-0.5561733602471769,-0.2704476729427913,-0.0622895871615101,102.0
1652967090.347398,-0.1410961151123047,0.157704472541809,0.4999434947967529,-0.5106067657470703,0.2637436389923095,-0.8183642625808716,-0.7487093806266785,0.5292102694511414,-2.2853407859802246,-0.5578336999398118,-0.2669012250135384,-0.0876930506882117,102.0
1652967090.357308,-0.1046875715255737,0.1233373284339904,0.5928616523742676,-0.512042224407196,0.2560763657093048,-0.8199010491371155,-0.2032295316457748,0.5534306168556213,-2.254286766052246,-0.5582519673002545,-0.258961031514392,-0.1102029005026949,102.0
1652967090.367423,-0.0197095274925231,0.0856034159660339,0.626154899597168,-0.5133104920387268,0.2443589866161346,-0.8226792216300964,0.2447077482938766,0.4864474534988403,-2.1786012649536133,-0.5578437129879532,-0.246858590983531,-0.1293672205894518,102.0
1652967090.3772268,0.0406689643859863,0.0574179887771606,0.6279516816139221,-0.5147137641906738,0.2311791777610778,-0.8256064057350159,0.3050470054149627,0.3879152834415436,-2.00143837928772,-0.5574746969484278,-0.2332895245840288,-0.1459568112068833,102.0
1652967090.387261,0.027902603149414,0.0935842394828796,0.6153701543807983,-0.5159702301025391,0.2198501974344253,-0.8279134631156921,0.0340678319334983,0.3604162335395813,-1.8146092891693115,-0.5573165664253658,-0.2216609136734483,-0.1615206847874286,102.0
1652967090.397111,-0.023651897907257,0.1508376598358154,0.5927296876907349,-0.5165703296661377,0.2122019231319427,-0.8295332789421082,-0.3269854485988617,0.3907317817211151,-1.631910800933838,-0.5569609762479274,-0.2138276567076991,-0.1772141329982017,102.0
1652967090.407116,-0.061336874961853,0.2144988775253296,0.5679299831390381,-0.516543984413147,0.2081625461578369,-0.8305724859237671,-0.5735301375389099,0.3900837898254394,-1.431912183761597,-0.5563765111545935,-0.2096959811749852,-0.1929289277596598,102.0
1652967090.417066,-0.0725001692771911,0.285886287689209,0.6132118105888367,-0.5159397721290588,0.2064598202705383,-0.8313726782798767,-0.6567406058311462,0.4372885823249817,-1.2736577987670898,-0.5554202271465597,-0.2079554357101765,-0.2079698746226374,102.0
1652967090.427034,-0.0515367984771728,0.2910676002502441,0.6717696189880371,-0.5146558284759521,0.2051987946033477,-0.8324799537658691,-0.5479022264480591,0.4724522531032562,-1.1589559316635132,-0.5537090354577348,-0.2066668146763031,-0.2217497932720262,102.0
1652967090.43715,0.0244280099868774,0.2417071461677551,0.6965330243110657,-0.5131059885025024,0.2035524696111679,-0.8338397145271301,-0.3848102688789367,0.4251641035079956,-1.0074158906936646,-0.5516322391774476,-0.2049849922105777,-0.2336528605474406,102.0
1652967090.446989,0.088064432144165,0.2080860137939453,0.6689656972885132,-0.51186203956604,0.2013803869485855,-0.8351306319236755,-0.2724713385105133,0.3299762904644012,-0.8650782108306885,-0.5498599420191921,-0.2027669706318737,-0.2434401833748055,102.0
1652967090.4568992,0.0996623039245605,0.2347211241722107,0.6403895616531372,-0.510932445526123,0.199454203248024,-0.8361615538597107,-0.2541812658309936,0.280452162027359,-0.7266327142715454,-0.5485013561187857,-0.2008008949338426,-0.2516871097841162,102.0
1652967090.466848,0.0858391523361206,0.2671648263931274,0.5845439434051514,-0.5098351240158081,0.1989185810089111,-0.8369585275650024,-0.4137415587902069,0.294265866279602,-0.5659596920013428,-0.5471219208688788,-0.2002543315295956,-0.2590812844589925,102.0
1652967090.476808,0.075657308101654,0.3004528880119324,0.5165112018585205,-0.5082440376281738,0.2014606148004531,-0.8373181223869324,-0.7895088195800781,0.3096243143081665,-0.3753713965415954,-0.5455436135316734,-0.2028488843912599,-0.2663260866162302,102.0
1652967090.486779,0.0828293561935424,0.2719312906265259,0.467309296131134,-0.506428599357605,0.2080294787883758,-0.8368117213249207,-1.122471570968628,0.2642565667629242,-0.2031694054603576,-0.5442256716537843,-0.2095599330813819,-0.2739083005666883,102.0
1652967090.496736,0.0834165811538696,0.2446213960647583,0.4581161439418793,-0.5044981837272644,0.2180465906858444,-0.8354264497756958,-1.401387095451355,0.2659814953804016,-0.0451555363833904,-0.5432682827349072,-0.2198124526371884,-0.2817189862950395,102.0
1652967090.5068588,0.0818694829940795,0.2423730492591858,0.4763867855072021,-0.5024169683456421,0.2287981808185577,-0.8338037133216858,-1.1471654176712036,0.2383568882942199,0.0367009043693542,-0.5422999234451396,-0.2308429327826786,-0.2885791946732606,102.0
1652967090.5166612,0.1016882061958313,0.2179049253463745,0.5448232889175415,-0.5002935528755188,0.2364114969968795,-0.8329561948776245,-0.5641194581985474,0.2269172817468643,0.1228376477956771,-0.5408782607551773,-0.2386709813690872,-0.2924878802431303,102.0
1652967090.52658,0.1270639896392822,0.1669082641601562,0.5748114585876465,-0.4981425106525421,0.2392755001783371,-0.8334274291992188,0.0331156179308891,0.2011690586805343,0.1832696348428726,-0.538729194695051,-0.2416196148549615,-0.2924265586946926,102.0
1652967090.536756,0.1405602097511291,0.1095136404037475,0.5243760347366333,-0.4962426126003265,0.2382430136203766,-0.8348554372787476,0.4233211576938629,0.1369642317295074,0.2283297926187515,-0.5362956975722827,-0.2405563719137911,-0.2893522482346365,102.0
1652967090.546496,0.126385360956192,0.0808514952659607,0.4170137047767639,-0.494763046503067,0.2359251379966735,-0.8363904356956482,0.3908304572105407,0.0620025359094142,0.2999058365821838,-0.5341798305002968,-0.2381704723761283,-0.2847521169410392,102.0
1652967090.556457,0.0810923874378204,0.0959869027137756,0.3040443956851959,-0.4937053322792053,0.2358726114034652,-0.8370299935340881,0.0159394275397062,0.0038596012163907,0.3769782483577728,-0.5329079533986912,-0.2381164113429103,-0.2806668179699815,102.0
1652967090.5664,0.0115871429443359,0.0944143533706665,0.2124843448400497,-0.4929409325122833,0.2388096004724502,-0.836647629737854,-0.3165192902088165,-0.0152894863858819,0.3961265683174133,-0.5324299535194044,-0.2411397956024459,-0.2779144879025749,102.0
1652967090.5765162,-0.0166992247104644,0.1363169550895691,0.2131745964288711,-0.4919372498989105,0.2445432990789413,-0.8355814218521118,-0.5409830212593079,0.0176972262561321,0.3925417065620422,-0.5320963225651443,-0.2470486583441535,-0.2767399510646685,102.0
1652967090.586312,0.0210533738136291,0.093551218509674,0.217702031135559,-0.491008847951889,0.2507428228855133,-0.8342891335487366,-0.4810075759887695,-0.0193442534655332,0.3711964786052704,-0.531947119948168,-0.2534475249170604,-0.2760998885827694,102.0
1652967090.596313,0.0696462392807006,0.0088025331497192,0.2209264934062957,-0.4904989004135132,0.2558038830757141,-0.8330517411231995,-0.2989320456981659,-0.0829248279333114,0.3705613017082214,-0.5321417445114419,-0.2586791563931588,-0.2748307775793122,102.0
1652967090.606256,0.0854507088661193,-0.0526126027107238,0.2095720171928405,-0.4904494881629944,0.2595900297164917,-0.8319088816642761,-0.1940369009971618,-0.1201525181531906,0.356941819190979,-0.5326981195839036,-0.2625976455020392,-0.2728661289008089,102.0
1652967090.616253,0.0595884919166564,-0.0349496603012084,0.1673241257667541,-0.4904661774635315,0.2628821730613708,-0.8308645486831665,-0.2008303701877594,-0.1007284894585609,0.3498548865318298,-0.5332627088162252,-0.2660082236626324,-0.2707021213431452,102.0
1652967090.626192,0.0235269963741302,0.010200560092926,0.099890112876892,-0.4902323186397552,0.2668091058731079,-0.8297500610351562,-0.3536643087863922,-0.0559602193534374,0.336832731962204,-0.5336415968158903,-0.2700805908396468,-0.2690631023841142,102.0
