1652956152.228754,0.0270961225032806,-0.055362582206726,-0.0083420723676681,0.413760781288147,0.0511582344770431,-0.9089471101760864,0.2337811440229416,0.2991373240947723,-0.0619920715689659,0.4271771793749709,-0.051180576376567,-0.0314996351200935,95.0
1652956152.238848,0.0332860946655273,-0.0692464113235473,-0.0068055652081966,0.4167108237743377,0.0490876659750938,-0.9077127575874328,0.2744004130363464,0.3607726693153381,-0.0638836771249771,0.430377380559567,-0.0491073999919363,-0.0331505625602316,95.0
1652956152.248714,0.0552218258380889,-0.0935395359992981,0.0048359036445617,0.4201657176017761,0.0466625094413757,-0.9062468409538268,0.3151728808879852,0.4127668738365173,-0.0603456683456897,0.4341329131743351,-0.0466794615900209,-0.0349640243421014,95.0
1652956152.258648,0.0783217251300811,-0.1219752430915832,0.0046856105327606,0.4240586459636688,0.0441119968891143,-0.9045597910881042,0.3021297752857208,0.4546164572238922,-0.0536726228892803,0.4383784755152635,-0.0441263167798267,-0.0367965505076208,95.0
1652956152.2685518,0.0926613211631774,-0.148277997970581,-0.0083144754171371,0.4282737374305725,0.0417007096111774,-0.902686357498169,0.2835574150085449,0.4860409498214721,-0.0435635298490524,0.4429942455205045,-0.0417128033044476,-0.0384945095974763,95.0
1652956152.278706,0.1131981015205383,-0.1787336468696594,-0.0104038678109645,0.4328071177005768,0.039349790662527,-0.9006273150444031,0.2787821292877197,0.5234647989273071,-0.0386516340076923,0.4479765188626249,-0.0393599535428718,-0.0400572994084304,95.0
1652956152.28857,0.1352282464504242,-0.2083628177642822,0.0140095390379428,0.4376172125339508,0.0369242988526821,-0.8984029293060303,0.2973329126834869,0.5538903474807739,-0.0337836407124996,0.4532790994995245,-0.036932696156281,-0.0416233613808588,95.0
1652956152.298487,0.1338526308536529,-0.2250771522521972,0.0226888358592987,0.4427007138729095,0.0342111885547637,-0.8960165977478027,0.3487086594104767,0.5959015488624573,-0.0447803288698196,0.4588975743714456,-0.0342178666364497,-0.043389558603321,95.0
1652956152.308371,0.1161237359046936,-0.2374708652496338,0.0165123902261257,0.4482988715171814,0.0310950335115194,-0.8933427333831787,0.3997537493705749,0.6699430346488953,-0.0509271696209907,0.4651040065916991,-0.0311000468705935,-0.0454710656815167,95.0
1652956152.31841,0.0958571434020996,-0.2357881069183349,0.01853459328413,0.4545731246471405,0.0276537612080574,-0.89028000831604,0.4277141392230987,0.7527356147766113,-0.0579019896686077,0.4720881794114719,-0.0276572870824315,-0.0478170093919442,95.0
1652956152.328382,0.0807121694087982,-0.2294648289680481,0.0052724126726388,0.4616004228591919,0.0240702386945486,-0.8867613673210144,0.4300145804882049,0.8397911787033081,-0.0531703494489192,0.4799492933219691,-0.024072562822204,-0.0502844337354772,95.0
1652956152.338461,0.0702826380729675,-0.212454080581665,-0.0196304451674222,0.4693139195442199,0.0205917507410049,-0.88279128074646,0.4183767735958099,0.9162960052490234,-0.063696913421154,0.4886263634938547,-0.0205932064724675,-0.0527808167052668,95.0
1652956152.348475,0.0652775168418884,-0.1913099288940429,-0.016860794275999,0.4775996804237366,0.0172880422323942,-0.8784074783325195,0.4179160296916961,0.9742128252983092,-0.0792961120605468,0.4980018585013489,-0.0172889042788694,-0.0553432448181859,95.0
1652956152.358241,0.0607865452766418,-0.1780488491058349,-0.0095533961430192,0.4863020777702331,0.0140089653432369,-0.87367844581604,0.4274646639823913,1.0227681398391724,-0.092276431620121,0.5079073203587118,-0.0140094233670319,-0.0581251625721247,95.0
1652956152.368177,0.0510446429252624,-0.152447760105133,-0.0229378342628479,0.4953267872333526,0.0107765821740031,-0.8686398267745972,0.4289246201515198,1.0644224882125854,-0.1050311103463172,0.5182441046087249,-0.0107767905056943,-0.0610672118512142,95.0
1652956152.378116,0.0535009503364563,-0.1332548260688781,-0.0227007549256086,0.5045892596244812,0.0074724862352013,-0.8633272051811218,0.4666321277618408,1.0804555416107178,-0.1178817003965377,0.528922463013078,-0.0074725555569359,-0.0642368004585172,95.0
1652956152.3881412,0.0652658939361572,-0.1177119016647338,-0.0152426324784755,0.5138967037200928,0.0038290615193545,-0.8578435182571411,0.5406748652458191,1.0875024795532229,-0.1403976529836654,0.5397254381323013,-0.0038290707838672,-0.0678908184098562,95.0
1652956152.398041,0.0838514566421508,-0.1070882081985473,-0.0094876140356063,0.5231889486312866,-0.0004458538023754,-0.8522166013717651,0.6473929286003113,1.094153642654419,-0.1602694392204284,0.5505887016472848,0.0004458538301324,-0.0722060571440576,95.0
1652956152.408053,0.10773766040802,-0.1106287837028503,-0.0215032361447811,0.532490611076355,-0.0055505922064185,-0.8464177250862122,0.7694187164306641,1.1009740829467771,-0.1826546490192413,0.5615499977943317,0.0055506208185252,-0.077386602711957,95.0
1652956152.418109,0.1383120417594909,-0.1087504625320434,-0.0503771677613258,0.5417416095733643,-0.0113598881289362,-0.8404682874679565,0.8488345742225647,1.0924445390701294,-0.1980210542678833,0.572549353328044,0.011360132435896,-0.0833299349564427,95.0
1652956152.427944,0.1682251691818237,-0.0966790318489074,-0.0676039531826973,0.550799548625946,-0.0173112023621797,-0.83445805311203,0.8364937901496887,1.0678277015686035,-0.2080332040786743,0.5834207698924921,0.0173120678042134,-0.0896367510540289,95.0
1652956152.437993,0.2050254940986633,-0.0857240557670593,-0.0606972724199295,0.5594702959060669,-0.022798815742135,-0.8285368084907532,0.7816039323806763,1.015427827835083,-0.2303269505500793,0.5939220734755536,0.0228007908355391,-0.0959259645544812,95.0
1652956152.447863,0.2306607365608215,-0.1008861660957336,-0.0571195147931575,0.5675874948501587,-0.0275972802191972,-0.8228504061698914,0.6970645189285278,0.9520062804222108,-0.2326801121234893,0.6038353526021867,0.0276007837285371,-0.1020134935024849,95.0
1652956152.457813,0.2245722413063049,-0.1104356050491333,-0.0358733013272285,0.5752934217453003,-0.0317841619253158,-0.8173292875289917,0.6592819094657898,0.9194087386131288,-0.2289738953113556,0.6133184716812881,0.0317895163891036,-0.1077139921590184,95.0
1652956152.4677792,0.1957511305809021,-0.1419002413749694,0.0345261469483375,0.5829048752784729,-0.0359757244586944,-0.8117435574531555,0.7000402808189392,0.9475637078285216,-0.2152796536684036,0.622763927264112,0.0359834880649192,-0.1134033283549932,95.0
1652956152.477699,0.166120171546936,-0.1664034128189087,0.114548809826374,0.5909140706062317,-0.0407725572586059,-0.8057035207748413,0.8100590705871582,1.0236560106277466,-0.2160318195819854,0.6328011518838964,0.0407838636932791,-0.1195459945040164,95.0
1652956152.487872,0.1693995594978332,-0.183014690876007,0.1762455552816391,0.599521279335022,-0.046439029276371,-0.7990103960037231,0.9381099343299866,1.1095436811447144,-0.2289287000894546,0.643712098594381,0.0464557363177619,-0.126497707581106,95.0
1652956152.497642,0.1971265077590942,-0.2037094235420227,0.2156441956758499,0.608781635761261,-0.0528481751680374,-0.7915756106376648,1.0173646211624146,1.197691559791565,-0.2258856296539306,0.6555982612177791,0.0528728045066418,-0.1342395167843691,95.0
1652956152.507625,0.2336604595184326,-0.2191903591156005,0.2118851244449615,0.6184971332550049,-0.0595718957483768,-0.7835256457328796,1.0161871910095217,1.2469240427017212,-0.2008404731750488,0.668229848781618,0.05960718791544,-0.1422442113455916,95.0
1652956152.5178208,0.2649856805801391,-0.221498966217041,0.2073892652988433,0.6282942891120911,-0.0661386474967002,-0.7751593589782715,0.9508518576622008,1.2467458248138428,-0.1425585597753524,0.6811321786035749,0.0661869591412374,-0.1497241184537278,95.0
1652956152.527732,0.2649992108345032,-0.2102300524711609,0.2142689079046249,0.6379090547561646,-0.0724231973290443,-0.7666986584663391,0.8511223196983337,1.243792176246643,-0.0609507746994495,0.6939630207611261,0.0724866592799358,-0.1562363701019697,95.0
1652956152.537965,0.2295674681663513,-0.1995337009429931,0.2255451381206512,0.6473093628883362,-0.0784046202898025,-0.7581841945648193,0.7596279978752136,1.2300035953521729,0.0257067363709211,0.7066744332215221,0.0784851711120171,-0.1615471153575701,95.0
1652956152.550596,0.1843140721321106,-0.1952475905418396,0.2402731478214264,0.6564909815788269,-0.0843130424618721,-0.7496071457862854,0.7040600776672363,1.227962613105774,0.1065360754728317,0.7192716169381418,0.0844132574149626,-0.1658282809542197,95.0
1652956152.5576,0.1467217803001403,-0.1781607866287231,0.2892412841320038,0.6655951142311096,-0.0902971923351287,-0.7408303022384644,0.6753643751144409,1.262272834777832,0.15940822660923,0.7319551858516388,0.0904203489530404,-0.1693518360697939,95.0
1652956152.567421,0.1400153040885925,-0.146837055683136,0.3775004744529724,0.6748955845832825,-0.096464104950428,-0.731580913066864,0.7036516666412354,1.3163669109344482,0.1767070591449737,0.7451168716133638,0.0966143412191105,-0.1727510992969991,95.0
1652956152.5773458,0.1544373035430908,-0.1127783060073852,0.4388992190361023,0.6844909191131592,-0.1028854250907898,-0.721724808216095,0.7184693217277527,1.387097716331482,0.1957883089780807,0.7589262506646615,0.1030678127258905,-0.1762539803157792,95.0
1652956152.587322,0.1554162502288818,-0.079470157623291,0.4316587448120117,0.6943151950836182,-0.1092405095696449,-0.711331844329834,0.6317496299743652,1.4367313385009766,0.2368574440479278,0.7732928432581108,0.1094589522841062,-0.1794192634276324,95.0
1652956152.597384,0.1352292895317077,-0.0498774051666259,0.4031172394752502,0.7042787671089172,-0.1150770559906959,-0.7005346417427063,0.5046108961105347,1.4824585914611816,0.2926051616668701,0.7880633578829552,0.1153325697089242,-0.1815704339671839,95.0
1652956152.607208,0.1044819355010986,-0.0372288823127746,0.3930246829986572,0.7142588496208191,-0.1204416453838348,-0.6894403696060181,0.3475552499294281,1.513848066329956,0.394789308309555,0.8030770949359048,0.1207347557057923,-0.1822365496375335,95.0
1652956152.617775,0.0583307147026062,-0.0352026224136352,0.4060263037681579,0.7240179181098938,-0.1255850344896316,-0.6782525777816772,0.219622865319252,1.5149778127670288,0.5100714564323425,0.8180231866548451,0.1259175109262088,-0.1811443316716351,95.0
1652956152.627259,0.0068798661231994,-0.0320332646369934,0.4226622581481933,0.7334002256393433,-0.1309599578380584,-0.6670633554458618,0.1417674720287323,1.499501347541809,0.6390470266342163,0.8327305800278442,0.1313372122166951,-0.1785721175334041,95.0
1652956152.6375651,-0.0366206169128418,-0.0161949396133422,0.4543840587139129,0.7421717643737793,-0.1369096785783767,-0.6560768485069275,0.1008317619562149,1.4430389404296875,0.759979248046875,0.8468939225989656,0.1373410318261736,-0.1747610665572169,95.0
1652956152.647496,-0.0820779800415039,0.0229817628860473,0.4915305078029632,0.7501687407493591,-0.1434012204408645,-0.6455098390579224,0.0422131866216659,1.3866510391235352,0.8597479462623596,0.8602459284446661,0.1438973120876274,-0.1699214645908435,95.0
1652956152.713674,-0.1301432847976684,0.0703786611557006,0.5349640846252441,0.757569432258606,-0.1502442508935928,-0.6352285146713257,0.0096029778942465,1.343071460723877,0.9232177138328552,0.8730115041570695,0.1508153202540525,-0.1643129383086704,95.0
1652956152.713674,-0.1834915876388549,0.1131632328033447,0.5720431804656982,0.7643479108810425,-0.1574160903692245,-0.6252939701080322,-0.0495415702462196,1.2886561155319214,1.0092211961746216,0.8851307615378226,0.158073574348484,-0.1579355366660788,95.0
1652956152.714096,-0.2446043491363525,0.1553055644035339,0.5731381773948669,0.7705289721488953,-0.1650570780038833,-0.6156632304191589,-0.1012335941195488,1.2635544538497925,1.106740951538086,0.8966570684966395,0.1658158899530216,-0.1506759003794415,95.0
1652956152.7143002,-0.3003173470497131,0.1971275806427002,0.5749155282974243,0.7761473655700684,-0.1731668561697006,-0.6063072681427002,-0.2018880248069763,1.2342394590377808,1.2438268661499023,0.9076396265317872,0.174044193754921,-0.1421240620097792,95.0
1652956152.714788,-0.349976897239685,0.2523049116134643,0.5561670064926147,0.7810376286506653,-0.1818231344223022,-0.5974282622337341,-0.3260543346405029,1.1749348640441897,1.396624207496643,0.9178170767012094,0.1828401740791375,-0.1318898567422659,95.0
1652956152.715013,-0.3835612535476684,0.3111028671264648,0.5314368605613708,0.7850046753883362,-0.1910285055637359,-0.5893011093139648,-0.458146870136261,1.0918434858322144,1.5567725896835327,0.9268489061147032,0.1922098488441939,-0.1196826639341259,95.0
1652956152.71692,-0.4159615039825439,0.3574176430702209,0.5139060616493225,0.7878639698028564,-0.2008414715528488,-0.582179605960846,-0.5533045530319214,0.9815300107002258,1.6990386247634888,0.9344150284073004,0.2022168130528635,-0.1056381315077265,95.0
1652956152.726804,-0.4497029185295105,0.3925739526748657,0.4923145174980163,0.7895771861076355,-0.2113086283206939,-0.5761219263076782,-0.600023090839386,0.8629876971244812,1.8090440034866333,0.9404412033567028,0.2129136341368938,-0.0903216992852933,95.0
1652956152.73679,-0.4766364693641662,0.4189974069595337,0.4648302793502807,0.7901129722595215,-0.2223680764436721,-0.571203887462616,-0.6202709078788757,0.7220441699028015,1.887600064277649,0.944840050643488,0.2242426959664644,-0.0742178473272617,95.0
1652956152.746698,-0.5020102262496948,0.4420012831687927,0.4348122477531433,0.7893789410591125,-0.2338387072086334,-0.5676268935203552,-0.6540869474411011,0.5530415773391724,1.941541075706482,0.9473792053814964,0.2360239938599627,-0.0574488793321019,95.0
1652956152.756633,-0.5152007341384888,0.464781641960144,0.4015272259712219,0.787325918674469,-0.2454297989606857,-0.5655812621116638,-0.7088729739189148,0.3735617101192474,1.991776466369629,0.9478560643851832,0.2479630198652839,-0.0400372344108195,95.0
1652956152.766813,-0.5166747570037842,0.4887484312057495,0.3742636144161224,0.7837951183319092,-0.2570303380489349,-0.565332293510437,-0.8023504614830017,0.1636524051427841,2.0626115798950195,0.9459336675805756,0.2599480383970305,-0.0215502215438047,95.0
1652956152.776497,-0.5445622801780701,0.5215474963188171,0.3397188186645508,0.7786015272140503,-0.2684755027294159,-0.5671864748001099,-0.9122134447097778,-0.0584293976426124,2.1213879585266118,0.9412185588716484,0.2718100777375838,-0.0016767548095669,95.0
1652956152.786518,-0.598845899105072,0.5519296526908875,0.3217569291591644,0.771880567073822,-0.2796884477138519,-0.5709421038627625,-0.953440010547638,-0.2472203522920608,2.159953355789185,0.9339348999223492,0.2834695913204438,0.0193010088897213,95.0
1652956152.796431,-0.6444957852363586,0.5724901556968689,0.3017636239528656,0.7637889385223389,-0.2908687889575958,-0.5762133002281189,-0.9570850133895874,-0.4173329770565033,2.1957907676696777,0.9244760515941508,0.2951347564774036,0.0407890614329508,95.0
1652956152.806477,-0.6816316843032837,0.5640028119087219,0.2601521909236908,0.7543092370033264,-0.302022248506546,-0.5829237103462219,-0.9850961565971376,-0.5963770151138306,2.223764657974243,0.9128675438661156,0.3068132645176012,0.0628123286567141,95.0
1652956152.816594,-0.7265763282775879,0.5451676845550537,0.1986088454723358,0.7435593008995056,-0.3126377165317535,-0.5910813212394714,-1.051574945449829,-0.7530672550201416,2.2109079360961914,0.8991514265931283,0.3179686946241339,0.0855348458595172,95.0
1652956152.826398,-0.7521134614944458,0.53178870677948,0.132933497428894,0.731758177280426,-0.3221271932125091,-0.6006364226341248,-1.165368914604187,-0.897169828414917,2.1699540615081787,0.8834929287436355,0.3279755954163129,0.1090509521827231,95.0
1652956152.8364658,-0.7604997754096985,0.5338529348373413,0.0660847723484039,0.7189653515815735,-0.3301533460617065,-0.6116269826889038,-1.25576913356781,-1.0383518934249878,2.102341890335083,0.8658934859238372,0.3364660383214449,0.1333079550470025,95.0
1652956152.84646,-0.7742978930473328,0.5330198407173157,0.0137774050235748,0.7053738832473755,-0.3366991281509399,-0.6237637996673584,-1.3491663932800293,-1.153855323791504,2.0096957683563232,0.8467219604173448,0.3434091305129604,0.1579560620198959,95.0
1652956152.8560991,-0.7782109975814819,0.5378378629684448,-0.0192891657352447,0.6911137700080872,-0.3415048718452453,-0.6369742155075073,-1.4587217569351196,-1.280650973320007,1.906159520149231,0.8261406732276407,0.3485175716266768,0.1828940308490507,95.0
1652956152.866137,-0.7726128697395325,0.5386635661125183,-0.0556813180446624,0.6761314868927002,-0.3442820310592651,-0.6513954997062683,-1.6032904386520386,-1.4223644733428955,1.7879961729049685,0.8040291352734648,0.351473957964139,0.2081156888872868,95.0
1652956152.875949,-0.7761419415473938,0.5444384813308716,-0.0615384876728057,0.660419225692749,-0.3448488414287567,-0.6670275330543518,-1.7011138200759888,-1.5636720657348633,1.6593339443206787,0.7804199944286793,0.3520777283902402,0.233464877601516,95.0
1652956152.885921,-0.7846701145172119,0.5201317667961121,-0.0875238478183746,0.6439840197563171,-0.3437505066394806,-0.6834617853164673,-1.7184957265853882,-1.6884009838104248,1.5434843301773071,0.7556672788571992,0.3509078948872222,0.2582781302587902,95.0
1652956152.8958712,-0.7732973098754883,0.496708333492279,-0.1279047429561615,0.6268739104270935,-0.3409978151321411,-0.7005351781845093,-1.798734426498413,-1.8175468444824217,1.4074074029922483,0.7299624936146939,0.3479781351477337,0.2823660487879293,95.0
1652956152.905865,-0.7474601864814758,0.4834637641906738,-0.1632420420646667,0.6090324521064758,-0.3360865414142608,-0.7184185981750488,-1.906200170516968,-1.9603620767593384,1.2545100450515747,0.7031807378275683,0.34275863652238,0.3058448081293188,95.0
1652956152.9157948,-0.7332289814949036,0.474331796169281,-0.2231585383415222,0.5904219150543213,-0.3288586437702179,-0.737057626247406,-2.0195415019989014,-2.0981266498565674,1.0884517431259155,0.6753824582047591,0.3350947280307803,0.3286090936875612,95.0
1652956152.925743,-0.7120625972747803,0.4736429452896118,-0.2274412214756012,0.571056067943573,-0.319342166185379,-0.7562509179115295,-2.111699342727661,-2.2343008518218994,0.9398928880691528,0.6467663730082757,0.32503522114124,0.3503888158367304,95.0
1652956152.936202,-0.6749372482299805,0.4725484251976013,-0.171019434928894,0.5506848692893982,-0.3079844117164612,-0.775816798210144,-2.145395517349243,-2.388305902481079,0.8136917352676392,0.6172815667623018,0.3130737479529898,0.3710140927965946,95.0
1652956152.9458652,-0.6598803400993347,0.4513664245605469,-0.1291718482971191,0.5290362238883972,-0.2952666282653808,-0.7955741882324219,-2.1451292037963867,-2.5590038299560547,0.7121509909629822,0.5868299104957935,0.2997345801823836,0.3902678446228674,95.0
1652956152.955821,-0.6635101437568665,0.3864920735359192,-0.151928037405014,0.505810558795929,-0.2816046476364136,-0.8153861165046692,-2.1302740573883057,-2.7397449016571045,0.6325827240943909,0.555235929995514,0.2854660403574933,0.4081790247188698,95.0
1652956152.9658089,-0.6634009480476379,0.3373170495033264,-0.1856692433357238,0.4811041951179504,-0.2668148577213287,-0.8350740075111389,-2.16337251663208,-2.872274398803711,0.529090940952301,0.5226768243450077,0.2700865719138925,0.4247927652668837,95.0
1652956152.975875,-0.6670213937759399,0.2721017599105835,-0.2089972794055938,0.4553819894790649,-0.2507500350475311,-0.8542550206184387,-2.161373853683472,-2.954486846923828,0.3858186900615692,0.489756170417602,0.2534549581442082,0.4397092500641245,95.0
1652956153.045692,-0.6781997680664062,0.2040790915489196,-0.2908082902431488,0.4291915595531463,-0.2332853227853775,-0.8725666403770447,-2.2173831462860107,-2.960455894470215,0.2053346782922744,0.4571245362663886,0.2354548604934035,0.4526966447070737,95.0
1652956153.055383,-0.6091835498809814,-0.2367199659347534,-0.3153673708438873,0.2442696392536163,-0.0722058564424514,-0.9670153260231018,-2.2219576835632324,-3.0825235843658447,-1.3452975749969482,0.247425741721893,0.0722687451180784,0.4653974145933224,95.0
1652956153.065423,-0.5938094854354858,-0.2767977714538574,-0.375762790441513,0.2152694761753082,-0.0474855042994022,-0.9753994941711426,-2.213233470916748,-3.08730149269104,-1.478307604789734,0.2172167180025226,0.0475033677534305,0.4567932768751259,95.0
1652956153.0780911,-0.5761464834213257,-0.3106324672698974,-0.4054506123065948,0.1858571469783783,-0.0230772159993648,-0.9823057651519777,-2.1572704315185547,-3.049146890640259,-1.5942058563232422,0.1869945288040258,0.0230792652463361,0.4461879103390087,95.0
1652956153.085458,-0.5909724235534668,-0.3722485303878784,-0.3596643805503845,0.1564173698425293,0.0002588592469692,-0.9876909852027892,-2.0067174434661865,-2.9806900024414062,-1.755523681640625,0.1570623301861354,-0.0002588592509254,0.4333239417847055,95.0
1652956153.095227,-0.5837670564651489,-0.464057981967926,-0.3456042408943176,0.127239391207695,0.0218890309333801,-0.991630494594574,-1.8704570531845093,-2.9013478755950928,-1.92592191696167,0.1276159906631085,-0.0218907790880962,0.4179139500231442,95.0
1652956153.10495,-0.5816145539283752,-0.5211997628211975,-0.3986736536026001,0.0982161462306976,0.0421367697417736,-0.9942726492881776,-1.7627681493759155,-2.8400800228118896,-2.101644277572632,0.0984624717157147,-0.0421492501626293,0.4000132588567589,95.0
1652956153.116201,-0.5448423027992249,-0.5429801344871521,-0.3783348202705383,0.0692105814814567,0.0608146823942661,-0.9957466721534728,-1.63641095161438,-2.792169570922852,-2.2927584648132324,0.0693946082016022,-0.0608522307265528,0.3795878809093668,95.0
1652956153.1249251,-0.4517183899879455,-0.5925384759902954,-0.3307063579559326,0.0398226641118526,0.0779597833752632,-0.9961608648300172,-1.5627697706222534,-2.803444623947144,-2.466291666030884,0.0399548654129208,-0.0780389680242192,0.3567090019152393,95.0
1652956153.13522,-0.4416142702102661,-0.66815584897995,-0.3286818265914917,0.0097752995789051,0.0936659500002861,-0.9955556988716124,-1.4779279232025146,-2.8117496967315674,-2.599609136581421,0.0098186226995422,-0.0938034553124384,0.3317295019593806,95.0
1652956153.145059,-0.4483763873577118,-0.7763340473175049,-0.2939609885215759,-0.0207550693303346,0.1076206564903259,-0.9939753413200378,-1.3665941953659058,-2.801394462585449,-2.721478223800659,-0.0208778354130637,-0.1078294927923983,0.3050096319000847,95.0
1652956153.1549869,-0.4449535608291626,-0.8753368854522705,-0.2395737767219543,-0.0513385236263275,0.1194260492920875,-0.9915148615837096,-1.215644359588623,-2.7364823818206787,-2.819810152053833,-0.0517316676151091,-0.1197117705940416,0.2767509257545468,95.0
1652956153.164773,-0.463745653629303,-0.970110297203064,-0.2392331212759018,-0.0810693949460983,0.1286526471376419,-0.9883704781532288,-1.0457037687301636,-2.561124086380005,-2.897162437438965,-0.0818400805675343,-0.1290102176931905,0.2473767684933812,95.0
1652956153.174879,-0.4627245962619781,-1.0523356199264526,-0.260629653930664,-0.1087475419044494,0.1352939307689666,-0.9848195314407348,-0.8742144107818604,-2.27417540550232,-2.973480224609375,-0.1099782645309702,-0.1357101177999966,0.2171001707309523,95.0
1652956153.184664,-0.4437023997306824,-1.0900505781173706,-0.2557350397109985,-0.1335223317146301,0.1396156400442123,-0.9811621904373168,-0.755365788936615,-1.930811882019043,-3.074958562850952,-0.1352550238645698,-0.1400732370707732,0.1859471359303077,95.0
1652956153.194701,-0.4254084825515747,-1.09507417678833,-0.2585853338241577,-0.1549595445394516,0.1424049288034439,-0.9776033759117126,-0.7594395875930786,-1.5676125288009644,-3.2182443141937256,-0.1572017443726513,-0.1428906869447254,0.1535641831202249,95.0
1652956153.205152,-0.3172159492969513,-1.1141542196273804,-0.2647302746772766,-0.1732930541038513,0.144826665520668,-0.9741635918617249,-0.8708281517028809,-1.2353187799453735,-3.3892781734466557,-0.176047495407179,-0.1453377939663758,0.1193830634617264,95.0
1652956153.214854,-0.2262649089097976,-1.1954725980758667,-0.2235227674245834,-0.1889419704675674,0.1475950181484222,-0.9708329439163208,-0.9882970452308656,-0.9466518759727478,-3.5426456928253174,-0.1922156451752454,-0.1481362223870751,0.0833576967369,95.0
1652956153.225093,-0.2314687222242355,-1.2689385414123535,-0.1087071895599365,-0.202033445239067,0.1500432342290878,-0.9678168892860411,-0.9712578654289246,-0.6421505212783813,-3.6513593196868896,-0.205796350578639,-0.1506120062007091,0.0458265238024318,95.0
1652956153.23482,-0.2013567686080932,-1.3075768947601318,0.0076238363981246,-0.2122784554958343,0.1515405923128128,-0.9653876423835754,-0.9239236116409302,-0.3202483355998993,-3.6734731197357178,-0.2164447514368668,-0.1521266840497463,0.0076749734846552,95.0
1652956153.2448049,-0.1728663742542266,-1.3165901899337769,0.1091339886188507,-0.2192234247922897,0.1524016559123993,-0.9636985063552856,-0.892940104007721,0.036132950335741,-3.633241653442383,-0.2236749590635297,-0.152997857633311,-0.0302629145121883,95.0
1652956153.254616,-0.170059323310852,-1.2915563583374023,0.1848375797271728,-0.2224424928426742,0.1528851836919784,-0.9628839492797852,-0.8565585017204285,0.4389391839504242,-3.5538017749786377,-0.2270340076852779,-0.1534871281057328,-0.0675651553754204,95.0
1652956153.2645512,-0.153446540236473,-1.2063239812850952,0.2521700263023376,-0.2216907739639282,0.1528440117835998,-0.9630638360977172,-0.741970956325531,0.8269860148429871,-3.451338052749634,-0.2262519013682909,-0.1534454661368536,-0.1038014947409245,95.0
1652956153.2749162,-0.1112344563007354,-1.1287078857421875,0.340792179107666,-0.2171651571989059,0.1518682986497879,-0.9642485976219176,-0.6095835566520691,1.1831969022750854,-3.364971399307251,-0.2215209684518052,-0.1524582269231736,-0.1387861535827301,95.0
1652956153.28457,-0.055629625916481,-1.093794822692871,0.4374814927577972,-0.2094155102968216,0.1502260267734527,-0.9662180542945862,-0.5301436185836792,1.469033122062683,-3.2768914699554443,-0.2134361315559622,-0.1507968838514201,-0.1727108057325967,95.0
1652956153.294569,-0.003871813416481,-1.0754122734069824,0.5259873867034912,-0.1987954080104828,0.1487562507390976,-0.9686856865882874,-0.5240763425827026,1.7279006242752075,-3.1592564582824707,-0.2024114246570248,-0.1493104044956155,-0.2055614199224196,95.0
1652956153.304325,0.0115454792976379,-1.0527386665344238,0.627457857131958,-0.1854193657636642,0.1480243355035781,-0.9714465737342834,-0.5408220887184143,1.9819954633712769,-2.98821234703064,-0.1886008591567057,-0.1485702994498136,-0.2369898179735271,95.0
1652956153.314446,-0.0141320973634719,-1.0175105333328247,0.7406426072120667,-0.1691564619541168,0.1480750441551208,-0.9744023084640504,-0.512787938117981,2.2537624835968018,-2.7669901847839355,-0.1718871597258411,-0.14862157998387,-0.266491324896896,95.0
1652956153.32438,-0.0411550551652908,-0.9575151801109314,0.8224673271179199,-0.1497018486261367,0.1484188586473465,-0.9775280952453612,-0.4125017821788788,2.5483062267303467,-2.506162166595459,-0.1519626165424205,-0.1489692333360827,-0.2934671872785976,95.0
1652956153.334319,-0.0509943217039108,-0.8655756711959839,0.8785237669944763,-0.1268621087074279,0.1484232395887375,-0.9807530641555786,-0.2510462701320648,2.846017599105835,-2.2262954711914062,-0.1286374528742766,-0.1489736620014578,-0.3175051926757509,95.0
1652956153.34426,-0.0600157156586647,-0.7615718245506287,0.8938302993774414,-0.1008118987083435,0.1475973278284073,-0.9838963150978088,-0.058340985327959,3.1041855812072754,-1.9525660276412964,-0.1021055892652832,-0.1481385498625148,-0.3385912348877675,95.0
1652956153.3544168,-0.0670718103647232,-0.6450884342193604,0.8756707310676575,-0.0719815194606781,0.1456305384635925,-0.9867169857025146,0.1327810287475586,3.309532165527344,-1.6921828985214231,-0.0728215223310175,-0.1461502706702615,-0.3568224579136192,95.0
1652956153.364204,-0.060159396380186,-0.5313091278076172,0.8662294149398804,-0.0410368703305721,0.1427427530288696,-0.9889087080955504,0.2625336945056915,3.433918237686157,-1.4524877071380615,-0.0414733319599072,-0.1432319907415092,-0.3724946401906744,95.0
1652956153.374126,-0.0580417811870574,-0.4291360378265381,0.8582724928855896,-0.0086543709039688,0.1394539475440979,-0.9901907444000244,0.3259994387626648,3.5100855827331543,-1.234917402267456,-0.008739882446604,-0.1399099542236981,-0.3859373034419878,95.0
1652956153.3839831,-0.0572783909738063,-0.3590129613876343,0.8324422836303711,0.0245940797030925,0.1362619251012802,-0.9903675317764282,0.3320610523223877,3.537078857421875,-1.003265619277954,0.0248281833372039,-0.1366871501600792,-0.3972260494451183,95.0
1652956153.393981,-0.0730177089571952,-0.3008266091346741,0.8031442761421204,0.0583387650549411,0.1332418471574783,-0.9893650412559508,0.3562292456626892,3.5535171031951904,-0.7773535847663879,0.0588976655494663,-0.1336392761390447,-0.4063318196172817,95.0
1652956153.404216,-0.1012765392661094,-0.2366923689842224,0.7897313237190247,0.0925027504563331,0.1300379782915115,-0.9871845841407776,0.3964863717556,3.565577745437622,-0.5661785006523132,0.0934307895802037,-0.1304072875368788,-0.4133550523514944,95.0
1652956153.414003,-0.1230401247739791,-0.1465955972671508,0.7826324701309204,0.1270074099302292,0.1264708936214447,-0.983806014060974,0.4305781126022339,3.58475923538208,-0.361686646938324,0.1283879193019273,-0.1268104868320023,-0.4184802762612455,95.0
1652956153.424185,-0.1408712416887283,-0.0685501098632812,0.7532573342323303,0.1617605239152908,0.1226429268717765,-0.9791793823242188,0.4231164455413818,3.5876152515411377,-0.1622462272644043,0.163721408595956,-0.1229524748338102,-0.4217286152006835,95.0
1652956153.433995,-0.1707081794738769,-0.0202577114105224,0.7080538868904114,0.1965718269348144,0.1187436133623123,-0.9732725620269777,0.3976636528968811,3.592000722885132,0.0343113727867603,0.199289037188002,-0.1190244498552972,-0.423101494917081,95.0
1652956153.444036,-0.2097036689519882,0.0342940092086792,0.671705424785614,0.2314474433660507,0.1144884154200553,-0.9660872220993042,0.4318176209926605,3.602566719055176,0.2147892713546753,0.2351402489862989,-0.1147400139973983,-0.4227780138861047,95.0
1652956153.45376,-0.2212441861629486,0.1004653573036193,0.6302685141563416,0.2662881314754486,0.1093249842524528,-0.9576735496520996,0.4860780537128448,3.601027250289917,0.3962051570415497,0.2712063315566336,-0.1095439370809727,-0.4209641282651851,95.0
1652956153.463815,-0.2146952450275421,0.138471782207489,0.586444079875946,0.3008921444416046,0.1033447310328483,-0.948042094707489,0.4823062121868133,3.5860705375671387,0.5534459352493286,0.3073269522576547,-0.1035295730959798,-0.4177685253198569,95.0
1652956153.473886,-0.2064245641231537,0.1636596918106079,0.5310723781585693,0.3350866734981537,0.0970709472894668,-0.9371734857559204,0.4307491481304168,3.5619356632232666,0.681262195110321,0.3433852681631233,-0.0972240456867613,-0.4133971704445744,95.0
1652956153.4836469,-0.1918216347694397,0.1683325171470642,0.4964377284049988,0.3686252236366272,0.0909035876393318,-0.9251226782798768,0.3289719223976135,3.510874032974243,0.812179684638977,0.3791788650419387,-0.091029248757672,-0.4077547780171021,95.0
1652956153.493916,-0.1889767944812774,0.1767902970314026,0.4948693811893463,0.4011960327625274,0.0848883092403411,-0.9120503067970276,0.2586379051208496,3.4435131549835205,0.9368204474449158,0.4144094053771625,-0.0849905895772114,-0.40083180501509,95.0
1652956153.503501,-0.1982286870479583,0.1947453618049621,0.4993845820426941,0.4326799511909485,0.0786030888557434,-0.8981144428253174,0.2130331248044967,3.3569252490997314,1.069788932800293,0.4489533382244823,-0.0786842538520688,-0.3927226800226037,95.0
1652956153.513737,-0.2053720355033874,0.2166354060173034,0.504440188407898,0.462879329919815,0.0718384757637977,-0.8835055232048035,0.1636553257703781,3.253536462783813,1.2086623907089231,0.4825938722462209,-0.0719004118670834,-0.3834160024887825,95.0
1652956153.523844,-0.2331732809543609,0.2516006827354431,0.5030748248100281,0.4915808737277984,0.0645368620753288,-0.8684372305870056,0.1197824105620384,3.126027584075928,1.3484381437301636,0.515083829448714,-0.0645817447416581,-0.3728549801635283,95.0
1652956153.5336,-0.2724871039390564,0.3011097908020019,0.5004446506500244,0.5187334418296814,0.0565164238214492,-0.8530659675598145,0.095146968960762,3.0097203254699707,1.474968194961548,0.5463404751067352,-0.0565465519695077,-0.3612327362961474,95.0
1652956153.543552,-0.2960492968559265,0.3477041125297546,0.5024384260177612,0.5444318652153015,0.0476561561226844,-0.8374502062797546,0.078671857714653,2.9039313793182373,1.6005979776382446,0.5764501283590899,-0.0476742128483718,-0.3486981847278417,95.0
1652956153.553316,-0.3139883279800415,0.3890181183815002,0.4590529501438141,0.568642258644104,0.0378953032195568,-0.8217115998268127,0.0414798185229301,2.7789466381073,1.725316882133484,0.6053513312002535,-0.0379043785328027,-0.3352760493961068,95.0
1652956153.563674,-0.322837769985199,0.4365867376327514,0.4411762952804565,0.591087281703949,0.0274821501225233,-0.806139349937439,0.0029438761994242,2.619478940963745,1.8307067155838013,0.6326830235896941,-0.0274856102873101,-0.3209439570035791,95.0
1652956153.573717,-0.3288857340812683,0.4775146245956421,0.4394295215606689,0.6117531657218933,0.0161216370761394,-0.7908843755722046,0.03200688585639,2.4756321907043457,1.927540898323059,0.6583754704201349,-0.0161223363976561,-0.3060883412304936,95.0
1652956153.583262,-0.3026937842369079,0.4992523193359375,0.4004962146282196,0.6305898427963257,0.0036175677087157,-0.7761077880859375,0.0219531878829002,2.2955284118652344,2.027867317199707,0.6823183269225265,-0.0036175756747888,-0.2908874752033134,95.0
1652956153.593412,-0.2690569162368774,0.5143985152244568,0.3539578020572662,0.6473069787025452,-0.0094600999727845,-0.762170672416687,-0.0795705094933509,2.0895066261291504,2.129284381866455,0.7040840397878685,0.0094602414890412,-0.2747893109299541,95.0
1652956153.6030989,-0.2760232090950012,0.5044553279876709,0.3207463324069977,0.6618874669075012,-0.0224370062351226,-0.7492673397064209,-0.2323150485754013,1.8842697143554688,2.2099173069000244,0.7235562821487587,0.0224388897875775,-0.2574348739434657,95.0
1652956153.613592,-0.304655909538269,0.502037525177002,0.291597843170166,0.674437403678894,-0.0351281203329563,-0.7374958992004395,-0.3623452186584472,1.6870644092559814,2.278528928756714,0.7407667302806105,0.0351353506698534,-0.2387746861287379,95.0
1652956153.623471,-0.3222947120666504,0.5103908777236938,0.260079950094223,0.6851029396057129,-0.0479370057582855,-0.7268673181533813,-0.404239147901535,1.5064163208007812,2.34132981300354,0.7558279827335345,0.0479553860248772,-0.2192715704268647,95.0
1652956153.633377,-0.3274972438812256,0.5025539994239807,0.2441108971834182,0.6940895915031433,-0.0612800680100917,-0.7172756195068359,-0.4134111404418945,1.3526710271835327,2.3956377506256104,0.7689715805687698,0.0613184856115677,-0.1993761855398744,95.0
1652956153.643379,-0.3452284336090088,0.4956667423248291,0.2158553153276443,0.7015668749809265,-0.0749709084630012,-0.7086489200592041,-0.4324783086776733,1.2155978679656982,2.4048030376434326,0.7803762856416926,0.0750413143895999,-0.1792815326197815,95.0
1652956153.653075,-0.3362841010093689,0.5041177868843079,0.1740568280220031,0.7076218724250793,-0.0886991396546363,-0.7010019421577454,-0.4572712182998657,1.0642683506011963,2.3968751430511475,0.7900977145615998,0.0888158630127775,-0.1591588681050109,95.0
1652956153.663055,-0.3104814887046814,0.4896652698516845,0.1646810173988342,0.7121843099594116,-0.1025014519691467,-0.6944687962532043,-0.4448310434818268,0.9034066796302797,2.393596172332764,0.7979916077540147,0.1026817954545011,-0.1391323110666232,95.0
1652956153.673815,-0.3140218257904053,0.4487299919128418,0.1361104249954223,0.7152974009513855,-0.1164113208651542,-0.689055860042572,-0.4392995834350586,0.7619807124137878,2.3660976886749268,0.8040818372292243,0.1166758622869654,-0.1193547081704077,95.0
1652956153.6831,-0.3203915953636169,0.4185733795166015,0.0852926969528198,0.7171506285667419,-0.1300772279500961,-0.6846714019775391,-0.4707459211349487,0.6184298992156982,2.3332412242889404,0.8085632839660192,0.1304468673906707,-0.0997655364017655,95.0
1652956153.6929932,-0.3116779327392578,0.4015564322471618,0.0439927130937576,0.7176989912986755,-0.1431595832109451,-0.6814789175987244,-0.5598553419113159,0.4761738777160644,2.297950506210327,0.8112790523009626,0.1436531481003656,-0.0799727234152849,95.0
1652956153.703175,-0.3078267574310303,0.3878678679466247,0.0182423442602157,0.7170369029045105,-0.155189961194992,-0.6795396208763123,-0.6817436814308167,0.3219267725944519,2.244823217391968,0.8122411438951892,0.1558197470250985,-0.0597006822901704,95.0
1652956153.713297,-0.3044423460960388,0.3730195164680481,-0.0044941455125808,0.715147852897644,-0.1660075336694717,-0.6789734959602356,-0.8019317984580994,0.1707068085670471,2.196220636367798,0.8113401479955378,0.1667796334869555,-0.0388229217938399,95.0
1652956153.723088,-0.311360239982605,0.3723306059837341,-0.0189419984817504,0.7120559811592102,-0.1757143437862396,-0.6797798871994019,-0.8755761981010437,0.0098524000495672,2.1415765285491943,0.8085835758482758,0.1766313528650451,-0.0175585276738608,95.0
1652956153.733063,-0.3163864612579345,0.3721535205841064,0.0045020431280136,0.7078353762626648,-0.1845404803752899,-0.6818459630012512,-0.8978486061096191,-0.1363127529621124,2.0692081451416016,0.8040977144563429,0.1856042844812697,0.0037098568039347,95.0
1652956153.742484,-0.3433263301849365,0.3370277285575866,-0.0108426362276077,0.7027469873428345,-0.1927858591079712,-0.6848212480545044,-0.8650456666946411,-0.2363993972539901,1.9879696369171145,0.7983162623119775,0.1940004830114129,0.0244329077225974,95.0
1652956153.752356,-0.3784335255622864,0.2829439043998718,-0.1239527761936187,0.6971132755279541,-0.2004490494728088,-0.6883699297904968,-0.8426918983459473,-0.3021318018436432,1.8838719129562376,0.7917087913814027,0.2018162492955056,0.0443614159100583,95.0
1652956153.762248,-0.3693309426307678,0.2387248277664184,-0.2427507787942886,0.6912761330604553,-0.2072003930807113,-0.6922465562820435,-0.8449715375900269,-0.3214354515075683,1.7431261539459229,0.7846967475151417,0.2087123705034768,0.063490098770775,95.0
1652956153.772324,-0.325223445892334,0.2140811681747436,-0.3046162724494934,0.6854681372642517,-0.2126719355583191,-0.6963505148887634,-0.8623735308647156,-0.3521230518817901,1.5737015008926392,0.7775229588684734,0.2143086379428719,0.0816106230817965,95.0
1652956153.782148,-0.282343327999115,0.1910154819488525,-0.3293594121932983,0.6796668767929077,-0.2167984098196029,-0.7007506489753723,-0.8546456098556519,-0.4013462662696838,1.3924318552017212,0.7701258835530318,0.2185336854631187,0.0985572137092732,95.0
1652956153.792087,-0.2634729743003845,0.1597461104393005,-0.3398886919021606,0.673888623714447,-0.2195900380611419,-0.705446183681488,-0.8635017275810242,-0.442533016204834,1.2269052267074585,0.7625233086765888,0.2213942262891957,0.1142431386704014,95.0
1652956153.802077,-0.2628325223922729,0.1224722862243652,-0.3604394197463989,0.6680296063423157,-0.2212408781051635,-0.7104849815368652,-0.8752832412719727,-0.4926065504550934,1.100443959236145,0.7546099988066204,0.2230866952546849,0.1289692816820729,95.0
1652956153.812251,-0.2760496735572815,0.0668079257011413,-0.4125090837478637,0.662112295627594,-0.2218140214681625,-0.7158252596855164,-0.9004818797111511,-0.5203306674957275,0.9832850098609924,0.7464371852959336,0.223674436836715,0.1429628641148737,95.0
1652956153.82202,-0.2887954115867615,0.025323748588562,-0.4617148041725158,0.656242311000824,-0.2212990820407867,-0.721368670463562,-0.9666411876678468,-0.5459721088409424,0.8842122554779053,0.7381584870158348,0.2231463806904795,0.1564156954057885,95.0
1652956153.832027,-0.2669790387153625,0.0097240209579467,-0.4615709781646728,0.6504170894622803,-0.2194287776947021,-0.7271922826766968,-1.0473196506500244,-0.5607823133468628,0.7682092785835266,0.7297249957251155,0.2212289424239213,0.169585958364224,95.0
1652956153.842088,-0.2317306995391845,-0.0209468007087707,-0.4107577502727508,0.6449387073516846,-0.2160275131464004,-0.7330662608146667,-1.086003661155701,-0.5270613431930542,0.5920049548149109,0.7215321412510834,0.2177440622929018,0.1820637488774307,95.0
1652956153.851952,-0.2120596766471862,-0.0423616766929626,-0.3297235369682312,0.6401906609535217,-0.2113073021173477,-0.7385831475257874,-1.0599476099014282,-0.482717901468277,0.4046663343906402,0.7141566237413829,0.2129122657943097,0.1931105774273337,95.0
1652956153.861888,-0.198524534702301,-0.0771509408950805,-0.2906443476676941,0.6360397934913635,-0.2057850658893585,-0.7437108755111694,-0.99737286567688,-0.4603966176509857,0.2491915374994278,0.707519384983504,0.2072658816542119,0.2024416185506635,95.0
1652956153.871892,-0.1852856278419494,-0.1078603267669677,-0.29453906416893,0.6323223114013672,-0.1998151838779449,-0.7484934329986572,-0.9170255661010742,-0.4397249817848205,0.1246203333139419,0.7014635912134594,0.2011693023334894,0.2101766548423599,95.0
1652956153.881881,-0.1718862652778625,-0.1362797021865844,-0.2827569246292114,0.6288259625434875,-0.1936987489461898,-0.7530330419540405,-0.8461924195289612,-0.4538562595844269,0.0411765798926353,0.6957549976291283,0.1949309035752251,0.2165808324263962,95.0
1652956153.891834,-0.1655882000923156,-0.1667278409004211,-0.2385970950126648,0.6253049969673157,-0.1877181977033615,-0.7574664950370789,-0.7661096453666687,-0.4708524346351623,-0.0034455563873052,0.6901103750817202,0.1888385296376412,0.2219290714779037,95.0
1652956153.901747,-0.1648229956626892,-0.1744890809059143,-0.1966553330421447,0.6217778921127319,-0.1820372939109802,-0.7617444396018982,-0.6962006092071533,-0.466091513633728,-0.0349179953336715,0.6845743925966792,0.1830579608870912,0.2264848669497879,95.0
1652956153.911841,-0.1420015096664428,-0.1782905459403991,-0.1838683187961578,0.6183503270149231,-0.1765442788600921,-0.7658165097236633,-0.6644206643104553,-0.4597793221473694,-0.072546862065792,0.6792606642804235,0.1774744721023138,0.2303864149449677,95.0
1652956153.9216762,-0.104161262512207,-0.1826981306076049,-0.1727726459503173,0.615025520324707,-0.1710078716278076,-0.7697401642799377,-0.6538116931915283,-0.4516550898551941,-0.0877543091773986,0.6741333425056325,0.1718525156306749,0.2339379064218376,95.0
1652956153.931814,-0.0906421542167663,-0.1758509874343872,-0.1449474096298217,0.6116382479667664,-0.1653858423233032,-0.7736576795578003,-0.6615996360778809,-0.4672553837299347,-0.095841035246849,0.6689705653470762,0.1661492314245878,0.2373569391219065,95.0
1652956153.9415998,-0.0918234586715698,-0.1665716171264648,-0.104812666773796,0.6082113981246948,-0.1596679091453552,-0.7775506377220154,-0.6514585614204407,-0.4526700675487518,-0.1051796749234199,0.6638016273879074,0.1603542410532314,0.2406975949456781,95.0
1652956153.9516978,-0.0974594950675964,-0.1629179716110229,-0.0655964612960815,0.6050278544425964,-0.1540537923574447,-0.7811585664749146,-0.6083961129188538,-0.4089644253253937,-0.1255514472723007,0.6590140535035287,0.154669747401434,0.2436916838375992,95.0
1652956153.961674,-0.0962752103805542,-0.1721962690353393,-0.0234927982091903,0.6022565960884094,-0.1487789005041122,-0.7843161225318909,-0.5159493088722229,-0.3541485667228699,-0.1655649244785308,0.6548431633087963,0.1493333114391628,0.2460285646608043,95.0
1652956153.971725,-0.0921529531478881,-0.1766269207000732,-0.0123697370290756,0.5999806523323059,-0.1439870744943618,-0.7869503498077393,-0.4383837282657623,-0.2893438935279846,-0.1893251538276672,0.6513977962448148,0.1444893045716299,0.2475391662159488,95.0
1652956153.981638,-0.0786924362182617,-0.163150668144226,-0.0239218175411224,0.5981626510620117,-0.1394387781620025,-0.7891503572463989,-0.4245440661907196,-0.2508098185062408,-0.2152997553348541,0.6485907683853394,0.1398946265577961,0.2484867804246354,95.0
1652956153.991398,-0.0610700845718383,-0.1398919820785522,-0.0342661142349243,0.5965620279312134,-0.134511336684227,-0.7912145256996155,-0.4884290397167206,-0.2288424670696258,-0.2361304759979248,0.6460451131152383,0.1349203065907741,0.2494251628087321,95.0
1652956154.001371,-0.0449509620666503,-0.1072365641593933,-0.032453179359436,0.5951675772666931,-0.1288779973983764,-0.7931998372077942,-0.556878387928009,-0.2076522260904312,-0.2674519121646881,0.6437170817685011,0.1292374604130845,0.2505539642938273,95.0
1652956154.011335,-0.0202206969261169,-0.0767125487327575,-0.0198266357183456,0.5938748121261597,-0.1226141527295112,-0.7951593995094299,-0.6064861416816711,-0.2034724056720733,-0.2912837266921997,0.6414901363399343,0.1229234855711812,0.2518096327230091,95.0
1652956154.021333,-0.0150004029273986,-0.0654442310333252,-0.0207374691963195,0.5925455689430237,-0.1159354969859123,-0.7971503734588623,-0.6414718627929688,-0.2150936424732208,-0.2896704077720642,0.6392184515307171,0.1161967982418607,0.2532284517988163,95.0
1652956154.031323,-0.0389177203178405,-0.0557953119277954,-0.0374913737177848,0.5912706255912781,-0.1089624762535095,-0.7990783452987671,-0.6764351725578308,-0.1766482442617416,-0.2913758754730224,0.6370320647621632,0.1091792530220472,0.2548224245497744,95.0
1652956154.041301,-0.0477906465530395,-0.0413549542427063,-0.0364385172724723,0.5903626680374146,-0.1018518880009651,-0.8006860613822937,-0.6628594398498535,-0.1308352202177047,-0.3037563860416412,0.6353370491472699,0.1020288110931088,0.2563929607478576,95.0
