1652965482.246911,0.0119969844818115,-0.0388652086257934,0.0260881185531616,0.1453517079353332,0.4209027588367462,-0.895384669303894,0.1786746382713318,-0.0575440302491188,0.0263015069067478,0.160930526354014,-0.4344403147715163,0.0796950197250239,64.0
1652965482.256877,0.0174316763877868,-0.0539313554763793,0.0377983450889587,0.1448150873184204,0.4190497100353241,-0.8963403105735779,0.2351154685020446,-0.0792013853788375,0.0397064909338951,0.1601785056464659,-0.4323984377252853,0.0796691404732319,64.0
1652965482.266831,0.0148235410451889,-0.0643633604049682,0.0436095595359802,0.1441273540258407,0.4166564643383026,-0.8975659608840942,0.2903523445129394,-0.0956237688660621,0.0399637520313262,0.159216616573756,-0.4297641965311326,0.0796130037616457,64.0
1652965482.276788,0.0129255503416061,-0.0673005580902099,0.0377870202064514,0.143355056643486,0.4139035642147064,-0.8989622592926025,0.3156482577323913,-0.1163275092840194,0.0502041727304458,0.1581357807580452,-0.4267380073206049,0.0795939854331623,64.0
1652965482.2867332,0.0229428857564926,-0.0725491642951965,0.0360069870948791,0.1424624472856521,0.4108160436153412,-0.900519073009491,0.3561093807220459,-0.1349738985300064,0.0622896030545234,0.156900055891784,-0.4233489284288265,0.0796529219747673,64.0
1652965482.296715,0.035713568329811,-0.0780088901519775,0.0531286299228668,0.1413647383451461,0.407289981842041,-0.902292013168335,0.4126500487327575,-0.1676188111305236,0.0720180124044418,0.1554095737404017,-0.4194847956014558,0.0797060266667306,64.0
1652965482.307042,0.0424275398254394,-0.0838721990585327,0.0672385692596435,0.140082910656929,0.4032203257083893,-0.9043174982070924,0.4783829748630523,-0.185763731598854,0.0753730610013008,0.1536831025082542,-0.41503321565748,0.0797538614712658,64.0
1652965482.316643,0.0518032312393188,-0.0964398384094238,0.0760469734668731,0.1385502368211746,0.3985012769699096,-0.906642496585846,0.542125403881073,-0.2196139991283416,0.0725059807300567,0.1516436513871585,-0.4098821993309793,0.0797029417736468,64.0
1652965482.326607,0.0683275610208511,-0.1096351742744445,0.0893213152885437,0.1366438120603561,0.3931004405021667,-0.9092857241630554,0.626031219959259,-0.2641369700431824,0.0817836374044418,0.1491598460193466,-0.404001061232915,0.0795441790987634,64.0
1652965482.336551,0.0781223475933075,-0.1344243884086609,0.1031816005706787,0.1343411058187484,0.3867932558059692,-0.912328600883484,0.7467353343963623,-0.3148078322410583,0.0949899032711982,0.1462001501237727,-0.3971516555688197,0.0793761681513333,64.0
1652965482.346519,0.0918926894664764,-0.1712034940719604,0.1296972632408142,0.131602868437767,0.3791985213756561,-0.915908932685852,0.905076801776886,-0.3730932474136352,0.1038883253931999,0.1427087954939477,-0.3889299682060171,0.0792036047465632,64.0
1652965482.3564548,0.1020055413246154,-0.2057076692581176,0.1574113070964813,0.1283107101917266,0.3697644770145416,-0.9202231168746948,1.127231478691101,-0.4386793673038482,0.109158381819725,0.1385411134071932,-0.3787555318665053,0.0788025289954928,64.0
1652965482.366561,0.0983294546604156,-0.2333369255065918,0.1730125844478607,0.1244031712412834,0.3582678437232971,-0.9252934455871582,1.3381232023239136,-0.4988950192928314,0.1376371532678604,0.1336458430811778,-0.3664119193221732,0.0782902188790933,64.0
1652965482.376554,0.0759283229708671,-0.2731305956840515,0.159002810716629,0.1202234774827957,0.3446896970272064,-0.930986225605011,1.5674831867218018,-0.5252357721328735,0.2073204070329666,0.1284248885022639,-0.3519081893983584,0.0780956534657267,64.0
1652965482.38637,0.037169724702835,-0.3837957978248596,0.2058830559253692,0.1166236773133277,0.3280981481075287,-0.9374169111251832,1.9530178308486936,-0.4225620925426483,0.3388035893440246,0.1237736449875635,-0.3342895560822829,0.0786397245983051,64.0
1652965482.3962789,0.027658075094223,-0.4577650427818298,0.2981660366058349,0.1135620847344398,0.3074552118778229,-0.9447618722915648,2.3563027381896973,-0.4733754694461822,0.3291124105453491,0.1196278681036795,-0.3125175514613002,0.0793928235273299,64.0
1652965482.406283,0.0541978403925895,-0.4300575852394104,0.3049344718456268,0.1102767288684845,0.283322274684906,-0.9526634216308594,2.630801200866699,-0.4442263841629028,0.4116136729717254,0.1152433275745449,-0.287256555818437,0.0801679132534496,64.0
1652965482.416234,0.0623346790671348,-0.3804810047149658,0.2891656756401062,0.1070379465818405,0.2571293711662292,-0.9604308009147644,2.760803461074829,-0.4950034022331238,0.4329858720302582,0.110989837297546,-0.2600505147964239,0.0813898158322065,64.0
1652965482.426189,0.0710799694061279,-0.3091498017311096,0.2551584839820862,0.1032365038990974,0.2297810167074203,-0.9677515029907228,2.8255507946014404,-0.5042983293533325,0.4626942276954651,0.1062747532378008,-0.2318526664554845,0.0828253033142645,64.0
1652965482.4361491,0.0342926234006881,-0.2385767698287964,0.2562639713287353,0.0996643602848053,0.2018657922744751,-0.974329113960266,2.8433268070220947,-0.4627989530563354,0.4938005805015564,0.1019356994323612,-0.2032625525682506,0.0846600419116811,64.0
1652965482.4462628,0.026624858379364,-0.1977669596672058,0.2450080960988998,0.0961321666836738,0.1736471801996231,-0.9801047444343568,2.8549087047576904,-0.4632237255573272,0.5114583969116211,0.0977708374363078,-0.1745319181515061,0.0868128250048265,64.0
1652965482.456018,0.0255364030599594,-0.1879154443740844,0.1887814104557037,0.0925666913390159,0.1451265662908554,-0.985073447227478,2.8663063049316406,-0.4311815798282623,0.5741828680038452,0.0936941992752793,-0.1456408982976727,0.0894719464530542,64.0
1652965482.4660358,-0.0182448700070381,-0.1845366358757019,0.140091061592102,0.0894424393773078,0.1163785606622695,-0.9891693592071532,2.861402034759521,-0.3571073412895202,0.6650627255439758,0.0901765320894818,-0.1166428772907502,0.0930750569215324,64.0
1652965482.475987,-0.0717398226261138,-0.2211472392082214,0.113782450556755,0.0871054977178573,0.087618201971054,-0.992338478565216,2.8385603427886963,-0.2578336000442505,0.6994344592094421,0.0875536032918317,-0.0877307005753878,0.0973984397876723,64.0
1652965482.48598,-0.09296565502882,-0.2720725536346435,0.0883741751313209,0.0855194330215454,0.0592239908874034,-0.994574785232544,2.784134864807129,-0.1645510643720626,0.7138802409172058,0.0857749482582201,-0.0592586662617078,0.1019777556217193,64.0
1652965482.495905,-0.0934534966945648,-0.325798749923706,0.0729045271873474,0.0848475992679596,0.031297642737627,-0.9959022998809814,2.7086684703826904,-0.0257041808217763,0.7288569808006287,0.0849914749252738,-0.0313027540445761,0.1068215902418549,64.0
1652965482.5058951,-0.1234647333621978,-0.355310320854187,0.0619377009570598,0.0856687724590301,0.0045752548612654,-0.9963131546974182,2.57149338722229,0.1644601672887802,0.6956856846809387,0.0857748093891873,-0.0045752707350644,0.1117072050660516,64.0
1652965482.5159612,-0.1287600100040435,-0.3826574683189392,0.0367791466414928,0.0879885852336883,-0.0211084745824337,-0.9958978295326232,2.488179922103882,0.3125976920127868,0.6848114132881165,0.0881221995125695,0.0211100419863381,0.1163587272427259,64.0
1652965482.5257769,-0.1234171465039253,-0.3833513855934143,0.0101218447089195,0.091755211353302,-0.0454002656042575,-0.9947460889816284,2.273222684860229,0.502655029296875,0.6500225067138672,0.0919795596807309,0.0454158766509605,0.1208674150437152,64.0
1652965482.535742,-0.1711630523204803,-0.3678725957870483,-0.0252506658434867,0.0973410978913307,-0.0673855543136596,-0.9929672479629515,2.058945655822754,0.6902134418487549,0.590099036693573,0.0977182966433863,0.0674366551052833,0.12496606742183,64.0
1652965482.545697,-0.1620277166366577,-0.3536728024482727,-0.0551145747303962,0.1044410988688469,-0.0875246748328208,-0.99067223072052,1.912541747093201,0.8357352614402771,0.5408306121826172,0.1050364806045823,0.0876368113421444,0.1285880444887406,64.0
1652965482.555642,-0.1629447340965271,-0.3235371708869934,-0.0680027306079864,0.1127281188964843,-0.1062832623720169,-0.9879252314567566,1.7779884338378906,0.9639496803283693,0.5024414658546448,0.1136145318767062,0.1064843864867724,0.131802144406744,64.0
1652965482.565616,-0.181582897901535,-0.2986570000648498,-0.0986037477850914,0.1223940923810005,-0.1234422475099563,-0.9847749471664428,1.5911407470703125,1.1106983423233032,0.4492504298686981,0.12365227177012,0.123757917583992,0.134559461514836,64.0
1652965482.575524,-0.1803132593631744,-0.249649167060852,-0.1323925554752349,0.1334688365459442,-0.1382069140672683,-0.981368899345398,1.3097678422927856,1.2657885551452637,0.3726799190044403,0.1351733676717522,0.1386507272965166,0.1367856794686755,64.0
1652965482.5856938,-0.1957381218671798,-0.216373860836029,-0.1538224667310714,0.1459792554378509,-0.1503615826368332,-0.9777941703796388,1.1085721254348757,1.3883144855499268,0.2854645848274231,0.1481998687813412,0.1509340077955933,0.1383366654035838,64.0
1652965482.5954862,-0.199746236205101,-0.1885754466056823,-0.1410577446222305,0.1597835123538971,-0.1607459336519241,-0.9739763736724854,0.9478636980056764,1.5361502170562744,0.2069772779941558,0.162604342490152,0.1614463624762057,0.1391997624976436,64.0
1652965482.605441,-0.2347397953271865,-0.1476921439170837,-0.1326710730791092,0.1751237660646438,-0.1694988161325454,-0.9698463082313538,0.7997008562088013,1.685372233390808,0.1160468459129333,0.178643611826129,0.170321110124811,0.1392937450341064,64.0
1652965482.615603,-0.2375784516334533,-0.1079769134521484,-0.1367050260305404,0.1918631792068481,-0.1766800880432129,-0.9653872847557068,0.6789228916168213,1.8118085861206052,0.0220082998275756,0.1961858287809972,0.1776124484632657,0.1386255524112077,64.0
1652965482.625348,-0.2349365502595901,-0.0745245218276977,-0.119588166475296,0.2097290754318237,-0.1829326748847961,-0.960494339466095,0.6500382423400879,1.9068914651870728,-0.063077837228775,0.2149810379806479,0.1839686477034585,0.1370768815138465,64.0
1652965482.635352,-0.2388901114463806,-0.0470627546310424,-0.0820459425449371,0.2285294532775879,-0.1889349967241287,-0.95502769947052,0.6538455486297607,2.004153251647949,-0.1443352550268173,0.234874410205579,0.1900774905305121,0.1345857683351012,64.0
1652965482.6452842,-0.2419854998588562,-0.0152641534805297,-0.0618690252304077,0.2482111304998397,-0.1948449611663818,-0.9489081501960754,0.6935468912124634,2.068317651748657,-0.2285249680280685,0.2558432339096034,0.1960993756057349,0.1310761331179336,64.0
1652965482.655406,-0.2416406869888305,0.0057196021080017,-0.0592011511325836,0.2684504389762878,-0.2008544951677322,-0.9421209096908568,0.716854453086853,2.1303870677948,-0.2917074859142303,0.2775861213801547,0.2022301147278269,0.1266242113546183,64.0
1652965482.6912131,-0.2579802870750427,0.0468062758445739,-0.0629378259181976,0.289276123046875,-0.206669807434082,-0.9346694350242616,0.7193983197212219,2.1837410926818848,-0.3614665865898132,0.3001454703877315,0.2081700545884263,0.1213295493789873,64.0
1652965482.695359,-0.2685343027114868,0.1765532493591308,-0.1398995816707611,0.3531900942325592,-0.2195823490619659,-0.9094175696372986,0.4780590832233429,2.2352094650268555,-0.5266270637512207,0.3704400998550902,0.2213863473940642,0.1021952976719205,64.0
1652965482.705148,-0.2846851944923401,0.2118492126464843,-0.1454251706600189,0.3745289742946625,-0.2211826145648956,-0.9004478454589844,0.3363746404647827,2.2292401790618896,-0.5862084031105042,0.3941686846729173,0.2230269532657244,0.0954100170395434,64.0
1652965482.737831,-0.2971333265304565,0.2342655658721923,-0.1394859105348587,0.395750880241394,-0.2214913368225097,-0.8912479281425476,0.2617685794830322,2.22370982170105,-0.6482523083686829,0.4178876339198609,0.2233435343326943,0.088431694013388,64.0
1652965482.738497,-0.3112280368804931,0.2632965445518493,-0.1320134252309799,0.4168493747711181,-0.2207393199205398,-0.8817657232284546,0.1821219474077224,2.218302011489868,-0.6937252879142761,0.4416059782747314,0.222572424171987,0.0812552900251495,64.0
1652965482.738666,-0.3302733600139618,0.2899814248085022,-0.1355634331703186,0.4378325939178467,-0.218974620103836,-0.8719820976257324,0.1100262552499771,2.226043701171875,-0.7368412613868713,0.4653357277721704,0.2207634625110732,0.074023347925807,64.0
1652965482.745229,-0.3438065648078918,0.3180500268936157,-0.1367584764957428,0.4586747884750366,-0.2162537276744842,-0.8618884682655334,0.0402410551905632,2.220552682876587,-0.7739078998565674,0.4890544405936471,0.2179757535239131,0.0668504965340484,64.0
1652965482.762477,-0.345417708158493,0.3558809161186218,-0.1373147964477539,0.4792373180389404,-0.212721899151802,-0.851516842842102,-5.536898970603943e-05,2.20141339302063,-0.8168346285820007,0.5126205637661679,0.2143597804744411,0.059635308248036,64.0
1652965482.7648048,-0.337340772151947,0.3960793614387512,-0.1342097818851471,0.4993433654308319,-0.2085332423448562,-0.8409340381622314,-0.0084877349436283,2.156001567840576,-0.85134357213974,0.535845325742364,0.2100749953095769,0.0523646037090225,64.0
1652965482.774661,-0.3468461036682129,0.4158601760864258,-0.1269266903400421,0.5187364220619202,-0.2044790536165237,-0.8301210403442383,0.1031307354569435,2.0864198207855225,-0.8757972717285156,0.558522008438186,0.2059314831112338,0.0446658316979968,64.0
1652965482.784672,-0.3597418665885925,0.445187509059906,-0.0990781486034393,0.5374457240104675,-0.2019168138504028,-0.8187683820724487,0.4635176658630371,2.0197105407714844,-0.9155758023262024,0.5808664751702137,0.203314656898205,0.0355526740302541,64.0
1652965482.7945971,-0.3359683752059936,0.4830189347267151,-0.0458287596702575,0.5552676916122437,-0.2033473551273346,-0.8064289093017578,1.132034420967102,1.9458917379379272,-0.9262533187866212,0.6030009017936973,0.2047754991822225,0.0232358046283051,64.0
1652965482.8043962,-0.3205560445785522,0.500220537185669,0.0259060114622116,0.5727380514144897,-0.2096066772937774,-0.7924872636795044,1.742310643196106,1.9642044305801392,-0.9484747052192688,0.6258051995683289,0.2111726765287639,0.0069520797575191,64.0
1652965482.814344,-0.3431847095489502,0.483928382396698,0.06967493891716,0.5901787877082825,-0.2194705605506897,-0.7768665552139282,2.180727481842041,1.9569350481033323,-0.960174322128296,0.6496747905554031,0.2212717717403629,-0.0128921256358146,64.0
1652965482.824368,-0.3550463318824768,0.4572075009346008,-0.0045115649700164,0.6071521043777466,-0.2311147600412368,-0.7602317333221436,2.326979160308838,1.9054445028305051,-0.9782487154006958,0.6739116331178198,0.2332233095840403,-0.0349866548948925,64.0
1652965482.8343968,-0.3463938236236572,0.450045645236969,-0.1227578371763229,0.6235392093658447,-0.2417137026786804,-0.7434873580932617,2.0949418544769287,1.84235942363739,-1.0190047025680542,0.6978784881358356,0.2441315295866704,-0.0573361150068355,64.0
1652965482.8443298,-0.3349037170410156,0.4221186637878418,-0.2004079222679138,0.6391639709472656,-0.2492686808109283,-0.7275537848472595,1.7364288568496704,1.730120062828064,-1.0522042512893677,0.7208150740616759,0.2519250321173991,-0.0782396506989317,64.0
1652965482.854212,-0.3226761221885681,0.4198723435401916,-0.1782586276531219,0.6539750099182129,-0.2534126043319702,-0.7128104567527771,1.3670716285705566,1.64472496509552,-1.1014841794967651,0.742378129595912,0.2562063833386929,-0.0971001861071299,64.0
1652965482.864315,-0.316222071647644,0.4142206907272339,-0.1141523420810699,0.6679982542991638,-0.2548510432243347,-0.6991632580757141,1.1557044982910156,1.5308085680007937,-1.13975989818573,0.7626067137271964,0.2576936485104268,-0.1143340376128577,64.0
1652965482.8743029,-0.3218328952789306,0.4109526872634887,-0.0602563023567199,0.6811926960945129,-0.2546088695526123,-0.686404287815094,1.036868691444397,1.4478839635849,-1.189752221107483,0.7815874342237447,0.257443219017988,-0.1307967937100515,64.0
1652965482.88448,-0.3263658285140991,0.4037789106369018,-0.0291196405887603,0.6938433051109314,-0.2528628706932068,-0.6742713451385498,0.9172809720039368,1.3781198263168335,-1.255942702293396,0.7997029711534764,0.2556381367596492,-0.1467806362886493,64.0
1652965482.894363,-0.3215807676315307,0.3988052606582641,-0.0130417943000793,0.7059801816940308,-0.2496230900287628,-0.6627822518348694,0.810514509677887,1.3028779029846191,-1.317237138748169,0.8169475724280308,0.2522909983193762,-0.1623287336876496,64.0
1652965482.904305,-0.29984050989151,0.4048546552658081,-0.0002308934926986,0.7175499200820923,-0.2449016273021698,-0.6520317196846008,0.6494249701499939,1.2207037210464478,-1.3834446668624878,0.8331998461292531,0.2474182348056152,-0.1773077853272223,64.0
1652965482.914115,-0.2772142291069031,0.4385704398155212,-0.0079498440027236,0.7284623980522156,-0.2381744980812072,-0.6423514485359192,0.3971971869468689,1.1206676959991455,-1.4181580543518066,0.8481331189488324,0.2404858182008828,-0.1909225547988352,64.0
1652965482.924266,-0.2658871412277221,0.4460923671722412,-0.0457177609205246,0.7386196851730347,-0.2293372303247451,-0.6339127421379089,0.1333740651607513,1.0217653512954712,-1.4802910089492798,0.8615381115800584,0.2313967038510589,-0.2027419347389581,64.0
1652965482.934499,-0.2700742483139038,0.4260748624801636,-0.0144480764865875,0.7480406165122986,-0.2183706164360046,-0.6266973614692688,-0.0901094898581504,0.9166086316108704,-1.5303906202316284,0.8734364604335398,0.2201444731634038,-0.2128806155118675,64.0
1652965482.944181,-0.2816004157066345,0.4005181193351745,0.0292888581752777,0.756682813167572,-0.2055126875638961,-0.6206413507461548,-0.2943510413169861,0.8108630180358887,-1.589038968086243,0.8838511362227948,0.2069875479357291,-0.2215200411377765,64.0
1652965482.954103,-0.2983343601226806,0.3788771629333496,0.0384308099746704,0.7645819187164307,-0.1908662021160125,-0.6156171560287476,-0.4571249186992645,0.7186807990074158,-1.6705026626586914,0.8929118949083965,0.1920444926303771,-0.2288986374629001,64.0
1652965482.964036,-0.3114635944366455,0.3574360013008117,0.0555812120437622,0.7717908024787903,-0.1748745143413543,-0.6113574504852295,-0.482459545135498,0.6148686408996582,-1.7672473192214966,0.900873580889056,0.1757783110716707,-0.2360298841221081,64.0
1652965482.97401,-0.3088288903236389,0.3700534701347351,0.1034425050020217,0.7782655358314514,-0.1578554213047027,-0.6077700257301331,-0.5645402669906616,0.5331578850746155,-1.83568811416626,0.907792747270169,0.1585184588450176,-0.2431385949223387,64.0
1652965482.984395,-0.2837021350860595,0.398066759109497,0.0726671665906906,0.7839157581329346,-0.1396380364894867,-0.604960560798645,-0.6764729619026184,0.4189316928386688,-1.921234488487244,0.9135410464529848,0.1400958570107597,-0.2498235105394593,64.0
1652965482.9940171,-0.2560626864433288,0.4255104660987854,0.050602450966835,0.7884724736213684,-0.120258904993534,-0.6031990051269531,-0.855861485004425,0.2921483516693115,-1.970966339111328,0.9177500752418192,0.1205506793701443,-0.2556473367870666,64.0
1652965483.004048,-0.2527240514755249,0.4474883675575256,0.0812243893742561,0.7920306324958801,-0.0991230383515358,-0.6023802161216736,-1.0083454847335815,0.1843318790197372,-2.02312445640564,0.920576295560115,0.099286079982145,-0.260305018639688,64.0
1652965483.013698,-0.253547191619873,0.4643653035163879,0.1450313627719879,0.7946391105651855,-0.0767330974340438,-0.6022130846977234,-1.080661058425903,0.078996405005455,-2.069394826889038,0.9222934554892376,0.0768085972384638,-0.2643642631591337,64.0
1652965483.023796,-0.2361951470375061,0.4719147682189941,0.2120487987995147,0.7960706949234009,-0.0536626353859901,-0.6028198599815369,-1.1140214204788208,-0.0561960451304912,-2.1065051555633545,0.922675053330446,0.0536884228678604,-0.2681592647842479,64.0
1652965483.033661,-0.2388533949851989,0.4511083364486694,0.2013188302516937,0.7963180541992188,-0.0299016814678907,-0.6041386723518372,-1.1463719606399536,-0.1583569794893264,-2.177351951599121,0.9217725943320888,0.0299061391868931,-0.2720744311986761,64.0
1652965483.043769,-0.2252172827720642,0.4348996877670288,0.2362894415855407,0.795377254486084,-0.0056986948475241,-0.6060879826545715,-1.1100202798843384,-0.287558376789093,-2.212712526321411,0.9196509745809252,0.0056987256840895,-0.2763355763175089,64.0
1652965483.053658,-0.1978427171707153,0.4026283025741577,0.2380261123180389,0.7931033968925476,0.018535116687417,-0.6088050007820129,-1.0684289932250977,-0.4216989874839782,-2.2524046897888184,0.9161110944420848,-0.0185361789632803,-0.2812012200285931,64.0
1652965483.063515,-0.1893676519393921,0.3492868542671203,0.218159019947052,0.7894195318222046,0.0427509322762489,-0.6123635172843933,-1.0520671606063845,-0.5601447224617004,-2.2683677673339844,0.9110405337029892,-0.0427639637093081,-0.2866869906433696,64.0
1652965483.073586,-0.1825764179229736,0.3407639265060425,0.2516529262065887,0.7842763066291809,0.0668894797563552,-0.6167953610420227,-1.1039183139801023,-0.7287384271621704,-2.2090165615081787,0.904371344337947,-0.0669394628205847,-0.29202469438862,64.0
1652965483.083456,-0.1777256727218628,0.3161154985427856,0.2462575137615203,0.7776707410812378,0.0909769237041473,-0.6220541596412659,-1.2019585371017456,-0.8680071234703064,-2.177219867706299,0.8961200243326851,-0.0911028907240998,-0.2965143442644534,64.0
1652965483.093488,-0.1728510856628418,0.2947202920913696,0.2462603151798248,0.7697597742080688,0.1152966246008873,-0.6278348565101624,-1.238488793373108,-0.9752867817878724,-2.1495046615600586,0.8866006668905985,-0.1155536090264139,-0.3006285800829736,64.0
1652965483.103743,-0.1398928165435791,0.2856777310371399,0.3285746574401855,0.7605441212654114,0.1394122987985611,-0.6341425776481628,-1.2947776317596436,-1.1037867069244385,-2.0907626152038574,0.8757819919127342,-0.1398678943742945,-0.3043366076363476,64.0
1652965483.113318,-0.1021660566329956,0.2728920578956604,0.3058003783226013,0.7500085234642029,0.1631936728954315,-0.6409797668457031,-1.302117109298706,-1.2372727394104004,-2.038024425506592,0.8636204744339286,-0.1639268646243454,-0.3077585494012416,64.0
1652965483.123596,-0.0761418342590332,0.2391694188117981,0.3102524876594543,0.738159716129303,0.1862379163503646,-0.6484100818634033,-1.243025541305542,-1.3667564392089844,-1.97286593914032,0.8500358153811562,-0.1873316766963031,-0.3113239024177287,64.0
1652965483.13326,-0.0730335116386413,0.1893061399459839,0.3568447530269623,0.7251026630401611,0.207928717136383,-0.6564996838569641,-1.1325522661209106,-1.4954715967178345,-1.8478357791900637,0.8350120883896318,-0.2094569115995141,-0.3152653868357524,64.0
1652965483.143633,-0.0711405873298645,0.1319061517715454,0.3624565005302429,0.7110942006111145,0.2278906852006912,-0.6651396751403809,-0.9727035164833068,-1.5869040489196775,-1.7850626707077026,0.8187772785313647,-0.2299108191932874,-0.3198539900230205,64.0
1652965483.1536589,-0.0524390935897827,0.0772544741630554,0.3935644924640655,0.69619220495224,0.2458244711160659,-0.6744529008865356,-0.8005668520927429,-1.6597591638565063,-1.655529499053955,0.8012574899069418,-0.2483701744448929,-0.3254698850274385,64.0
1652965483.1631489,-0.0301707983016967,0.0521160364151001,0.4110912084579468,0.6806530356407166,0.2618518471717834,-0.6842113137245178,-0.7128289937973022,-1.7469578981399536,-1.5422613620758057,0.7827911253174866,-0.2649404998063831,-0.3315348636924072,64.0
1652965483.173338,-0.0011515021324157,0.0420534014701843,0.3726661205291748,0.664405345916748,0.2764427065849304,-0.6943665742874146,-0.674109935760498,-1.8238725662231443,-1.419571042060852,0.7633515211718145,-0.280090595807219,-0.3375543610284702,64.0
1652965483.183352,-0.0038492679595947,0.0630345344543457,0.377112865447998,0.647693932056427,0.2900165617465973,-0.7045444846153259,-0.6705058813095093,-1.8651096820831297,-1.316677212715149,0.7433810838812142,-0.2942441515941094,-0.3431290514889162,64.0
1652965483.1931272,0.0024910569190979,0.0915231704711914,0.3986866772174835,0.6306114196777344,0.3028513491153717,-0.7145699858665466,-0.6833487153053284,-1.9118179082870483,-1.2201175689697266,0.7230647132880329,-0.3076830833105388,-0.3482628044775296,64.0
1652965483.203229,0.0158817172050476,0.0977014303207397,0.4001587331295013,0.6131314039230347,0.3148375153541565,-0.7245323657989502,-0.6569258570671082,-1.9739452600479128,-1.1007239818572998,0.7023096546690685,-0.3202854460509848,-0.3528704560927664,64.0
1652965483.213029,0.0059490799903869,0.0654894709587097,0.3956232964992523,0.5954151153564453,0.325674831867218,-0.7344499230384827,-0.6034296154975891,-1.9884692430496216,-0.9805310964584352,0.6812285105017254,-0.3317253909634641,-0.3570422475004823,64.0
1652965483.2232652,0.0099771618843078,0.0246673226356506,0.4190362989902496,0.5776846408843994,0.3352055549621582,-0.7442564368247986,-0.5204662680625916,-2.0045552253723145,-0.8591279983520508,0.6600533007005898,-0.3418234040254964,-0.361005785840668,64.0
1652965483.232943,0.0578013658523559,-0.0293043255805969,0.4400468170642853,0.5598134398460388,0.3430646955966949,-0.7542648911476135,-0.3750748336315155,-2.0720934867858887,-0.7130292654037476,0.6384887024543878,-0.3501776546913041,-0.3647353803966499,64.0
1652965483.243075,0.074135422706604,-0.0995346307754516,0.412273108959198,0.5417856574058533,0.3487741947174072,-0.7647384405136108,-0.2021448910236358,-2.1064186096191406,-0.5771249532699585,0.6163804849689433,-0.3562628437480218,-0.3684672885418102,64.0
1652965483.253072,0.0692998766899108,-0.1408676505088806,0.4043872952461242,0.5237177610397339,0.3526926934719085,-0.7754530906677246,-0.1219144910573959,-2.1364259719848637,-0.4549174308776855,0.5940038194308502,-0.3604471727570842,-0.3720583522076965,64.0
1652965483.262741,0.0815838575363159,-0.1343185901641845,0.4153850674629211,0.5055744051933289,0.3556720018386841,-0.7860610485076904,-0.1303444653749466,-2.1736059188842773,-0.3458538055419922,0.5715620173315481,-0.3636329884058851,-0.3748784742569249,64.0
1652965483.2733011,0.0708035230636596,-0.1183161735534668,0.4125043749809265,0.4873325824737549,0.3583237826824188,-0.7963109016418457,-0.1568278074264526,-2.1811540126800537,-0.2491005063056945,0.5491874988342559,-0.3664718478278758,-0.3767117468028045,64.0
1652965483.283366,0.061527281999588,-0.121462881565094,0.4133631289005279,0.4691582322120666,0.3606083393096924,-0.806134045124054,-0.1538554579019546,-2.191728115081787,-0.177467867732048,0.5270681156512221,-0.3689200468410303,-0.377784490514562,64.0
1652965483.292937,0.06331267952919,-0.1666300892829895,0.4190860688686371,0.4510153830051422,0.3618281781673431,-0.815883219242096,0.0001775240525603,-2.195458173751831,-0.050346553325653,0.5049857954026694,-0.3702281886566295,-0.3783639814447525,64.0
1652965483.302819,0.0604373216629028,-0.2939015030860901,0.3587798178195953,0.4330777525901794,0.3609924614429474,-0.8259104490280151,0.1998437643051147,-2.1901183128356934,0.0640042573213577,0.4829483460513223,-0.3693318880356332,-0.3788169793512841,64.0
1652965483.312547,0.089842140674591,-0.3842625617980957,0.299547016620636,0.415483295917511,0.3582287728786468,-0.836089551448822,0.3160471320152282,-2.1749751567840576,0.1827326565980911,0.4611936771048388,-0.3663700728913756,-0.3789251226571443,64.0
1652965483.322912,0.140805184841156,-0.4102241396903991,0.2727364301681518,0.398059070110321,0.3546896576881408,-0.8460166454315186,0.2788638174533844,-2.1832263469696045,0.2905909419059753,0.4397782941247021,-0.3625821148726052,-0.3780804003142593,64.0
1652965483.33248,0.190766155719757,-0.3865163922309875,0.2525505423545837,0.3806298077106476,0.3516058921813965,-0.8552743792533875,0.128127634525299,-2.213940143585205,0.3817717730998993,0.4187200776545277,-0.3592859662652744,-0.3757341307196691,64.0
1652965483.342667,0.2279664576053619,-0.3084330558776855,0.2540217339992523,0.3629302382469177,0.3498295247554779,-0.8636555671691895,-0.0816144049167633,-2.276932954788208,0.4856017827987671,0.3978198114525611,-0.3573891102418918,-0.3716255045212257,64.0
1652965483.352718,0.2396726012229919,-0.2251266241073608,0.2335944473743438,0.3449679911136627,0.3489860594272613,-0.8713241815567017,-0.1613682955503463,-2.350621700286865,0.6742050647735596,0.3769775764860471,-0.3564889214129392,-0.3653690220677456,64.0
1652965483.3623118,0.2121329307556152,-0.2485925555229187,0.1722137033939361,0.3268228471279144,0.347348004579544,-0.8789404034614563,-0.0778528973460197,-2.460028886795044,0.9198723435401917,0.355995038264758,-0.354741526536218,-0.3571183007036971,64.0
1652965483.373038,0.1868253052234649,-0.2448452115058899,0.1087567508220672,0.3081393837928772,0.3446123600006103,-0.8867313265800476,-0.1128777861595153,-2.64552903175354,1.2429327964782717,0.3344461683508221,-0.3518258046557059,-0.3459459560313071,64.0
1652965483.382289,0.160138189792633,-0.2373248934745788,0.0470266640186309,0.2887602150440216,0.3420723378658294,-0.8942058086395264,-0.2743753492832184,-2.8159751892089844,1.6272565126419067,0.3123527607600872,-0.3491213995555134,-0.3309142768654102,64.0
1652965483.392849,0.1394190788269043,-0.3025636076927185,0.0187813937664031,0.2694097459316253,0.3402578234672546,-0.9009122848510742,-0.4806948900222778,-2.8820700645446777,2.0375709533691406,0.2905767822493931,-0.3471910692177541,-0.3112009709068741,64.0
1652965483.402398,0.0980664193630218,-0.3181602954864502,0.0655647814273834,0.2512684166431427,0.3413412570953369,-0.9057319164276124,-1.0488020181655884,-2.752408027648926,2.2399237155914307,0.2706149361807993,-0.3483434993447585,-0.2870860663971845,64.0
1652965483.4120831,0.0662757903337478,-0.2504931688308716,0.1582162976264953,0.2353295385837555,0.3471547067165375,-0.9078015089035034,-1.3577502965927124,-2.48577094078064,2.26238751411438,0.2536468344683922,-0.3545354179377721,-0.2605806513340017,64.0
1652965483.422255,0.071718230843544,-0.2181876301765442,0.2075953483581543,0.2208538949489593,0.354309469461441,-0.9086739420890808,-1.3253884315490725,-2.501868963241577,2.3335540294647217,0.2384275844912777,-0.3621755376004074,-0.2334028060677523,64.0
1652965483.432053,0.0466269999742507,-0.0932207107543945,0.3218548893928528,0.2064553797245025,0.360670655965805,-0.9095563888549804,-1.2266865968704224,-2.600393772125244,2.49240517616272,0.223202699005582,-0.3689868341497776,-0.2052556174589751,64.0
1652965483.4420462,-0.0053126811981201,0.0936489105224609,0.4788864552974701,0.1915463060140609,0.3667402863502502,-0.9103909134864808,-1.277680516242981,-2.721909284591675,2.665369033813477,0.2073753291936116,-0.375502736213322,-0.1754503768317367,64.0
1652965483.45193,-0.134078249335289,0.2043169140815735,0.6025844812393188,0.1773064881563186,0.3733217716217041,-0.910600483417511,-1.1919257640838623,-2.5363752841949463,2.54697322845459,0.1923075605353498,-0.3825871124341795,-0.145201819069017,64.0
1652965483.461887,-0.2834036350250244,0.1597266793251037,0.5230519771575928,0.1642325669527053,0.3787881731986999,-0.9107947945594788,-0.9191760420799256,-2.385026216506958,2.3503732681274414,0.1784008004080398,-0.3884865433875391,-0.1172934135827557,64.0
1652965483.471888,-0.2792710065841675,0.1176114678382873,0.355714201927185,0.1517381519079208,0.3820786774158478,-0.9115872979164124,-0.5533052682876587,-2.2994425296783447,2.2428345680236816,0.1649425989081889,-0.3920445873810279,-0.0915261618390904,64.0
1652965483.481893,-0.3169703483581543,-0.0569813847541809,0.2224657237529754,0.1400752961635589,0.3821636736392975,-0.9134165644645692,-0.19458569586277,-2.101625204086304,2.1719448566436768,0.1521676777037489,-0.392136569419832,-0.067382209080131,64.0
1652965483.491963,-0.3533831238746643,-0.1880207061767578,0.1215797066688537,0.1301623731851577,0.3800681531429291,-0.9157543182373048,0.0130726844072341,-1.8705666065216064,2.1137378215789795,0.141191026803725,-0.389869972148539,-0.0443972119321644,64.0
1652965483.5018148,-0.3213675618171692,-0.3015525937080383,0.0116331577301025,0.1217674314975738,0.3767029047012329,-0.9182960391044616,0.1431462615728378,-1.6814179420471191,2.0336456298828125,0.1318324166252822,-0.386234418047962,-0.0224126197522999,64.0
1652965483.511569,-0.3044730126857757,-0.3930184245109558,-0.0845156908035278,0.1147758364677429,0.3730440437793731,-0.9206870198249816,0.1284264475107193,-1.4668917655944824,1.936337113380432,0.1240234116507206,-0.3822877364773477,-0.00145430127451,64.0
1652965483.521494,-0.2793803513050079,-0.4065850377082824,-0.1588872671127319,0.109138123691082,0.3699772655963897,-0.9226081371307372,0.090004488825798,-1.2968281507492063,1.8494690656661987,0.1177458637525788,-0.3789845389065401,0.018582249528081,64.0
1652965483.531482,-0.2387653887271881,-0.4317339062690735,-0.2235223948955536,0.1044728606939315,0.3672448396682739,-0.924238383769989,0.0778964161872863,-1.1473937034606934,1.74273943901062,0.1125589274684995,-0.3760451242522075,0.0376076333506571,64.0
1652965483.541459,-0.2177277952432632,-0.4395325779914856,-0.3066751062870025,0.1006471812725067,0.3653145432472229,-0.9254271388053894,-0.05096435546875,-1.018385648727417,1.6327365636825562,0.108331756424472,-0.3739706728802665,0.0555430636822456,64.0
1652965483.5513868,-0.2016703784465789,-0.4034639596939087,-0.3885660171508789,0.0975444689393043,0.3651589453220367,-0.9258207082748412,-0.2478885948657989,-0.9046244025230408,1.530079364776611,0.1049727178425359,-0.3738035387753025,0.0725365102853292,64.0
1652965483.561476,-0.1887266337871551,-0.376115083694458,-0.4248373508453369,0.0950377359986305,0.3667317926883697,-0.9254596829414368,-0.4003697633743286,-0.7948917746543884,1.4235061407089231,0.1023337411758623,-0.375493610059131,0.0886212955091091,64.0
1652965483.571314,-0.1983779966831207,-0.3435989022254944,-0.4180300831794739,0.0932755246758461,0.3695985376834869,-0.9244980216026306,-0.4926933050155639,-0.67768794298172,1.3111214637756348,0.1005528883208534,-0.378576940740952,0.1036992511962798,64.0
1652965483.581429,-0.1926568746566772,-0.3159722089767456,-0.4227473437786102,0.0921015217900276,0.3733240365982055,-0.9231178164482116,-0.5713518857955933,-0.5783553123474121,1.1961065530776978,0.0994431329806372,-0.3825895409248686,0.1176537193714418,64.0
1652965483.591844,-0.2019607424736023,-0.2946251034736633,-0.4232478737831116,0.0914871841669082,0.3777460753917694,-0.9213783144950868,-0.6169553995132446,-0.4729389548301697,1.0643880367279053,0.0989694254873796,-0.3873607891793454,0.1303621693774662,64.0
1652965483.601367,-0.1999746263027191,-0.2817729711532593,-0.4085705578327179,0.0913320928812027,0.3825389146804809,-0.9194141626358032,-0.619914710521698,-0.3839446306228637,0.9220279455184937,0.0990124432352683,-0.39254266269597,0.1416883697060755,64.0
1652965483.6112309,-0.1983923912048339,-0.2921416759490967,-0.3944600820541382,0.0914893746376037,0.3871815502643585,-0.9174530506134032,-0.5676785707473755,-0.2905276119709015,0.7826985716819763,0.0993924494800423,-0.3975727396564932,0.1514666230549728,64.0
1652965483.621319,-0.2089030444622039,-0.3045909404754638,-0.3743295669555664,0.0921733751893043,0.3916481435298919,-0.9154866337776184,-0.5572901368141174,-0.1618766635656356,0.646293580532074,0.10034422909165,-0.4024221628985194,0.1597653928256464,64.0
1652965483.631487,-0.2168924212455749,-0.3093215823173523,-0.3643003404140472,0.093433603644371,0.3960995376110077,-0.9134414792060852,-0.5377278327941895,-0.0517932549118995,0.4994323849678039,0.101932944803418,-0.407265023251682,0.1665463411267214,64.0
1652965483.6412148,-0.2083405554294586,-0.2925687432289123,-0.3564926087856293,0.0951203778386116,0.4004225432872772,-0.9113802313804626,-0.4990537464618683,0.0532929524779319,0.3685643672943115,0.1039930763929527,-0.4119779206257195,0.1717769572053731,64.0
1652965483.651115,-0.1983893811702728,-0.2849650382995605,-0.3392229080200195,0.0972541868686676,0.40428626537323,-0.909447193145752,-0.4179995357990265,0.1474751085042953,0.2478303909301757,0.1065328342951807,-0.4161983493473951,0.1756477220537231,64.0
1652965483.661099,-0.2098760902881622,-0.2829999327659607,-0.3271217048168182,0.0997992157936096,0.4075354039669037,-0.9077196717262268,-0.337788313627243,0.2507317364215851,0.1224868595600128,0.1095051606823651,-0.4197535408992944,0.178096457641889,64.0
1652965483.671217,-0.2107969224452972,-0.27130126953125,-0.3264898657798767,0.1027037352323532,0.4102452397346496,-0.9061737060546876,-0.2822002172470093,0.3322912454605102,0.0114130266010761,0.1128562120983807,-0.4227229422813142,0.1792011361889935,64.0
1652965483.681241,-0.202807992696762,-0.2518179416656494,-0.3307732343673706,0.1057316213846206,0.4126060307025909,-0.9047524929046632,-0.2387696802616119,0.3882908523082733,-0.1129786968231201,0.1163348102315895,-0.4253131335383249,0.1789537434889793,64.0
1652965483.691086,-0.205021396279335,-0.2280675172805786,-0.3323442637920379,0.1087690293788909,0.4148026704788208,-0.9033870100975036,-0.2148028910160064,0.4440528750419616,-0.2278187423944473,0.1198245778327916,-0.4277259194996712,0.1773640959989309,64.0
1652965483.7010942,-0.1994795948266983,-0.2084384560585022,-0.3366129696369171,0.1118484213948249,0.4171182513236999,-0.9019436240196228,-0.2387545704841613,0.5000426769256592,-0.337735116481781,0.1233783539065428,-0.4302722359412646,0.1745774888829508,64.0
1652965483.710892,-0.190244510769844,-0.1836768984794616,-0.3351011276245117,0.1148966774344444,0.4198483228683471,-0.9002922773361206,-0.2763145267963409,0.5447059273719788,-0.4372130334377289,0.1269353546765213,-0.4332782074773899,0.1707043518955092,64.0
1652965483.720887,-0.1777040362358093,-0.1646849513053894,-0.3329697549343109,0.1178133562207222,0.423026978969574,-0.8984254002571106,-0.3095901906490326,0.5659816861152649,-0.5308607220649719,0.1303891632250836,-0.4367833390133659,0.1658120472462017,64.0
1652965483.731097,-0.1685632914304733,-0.1449052095413208,-0.3201060891151428,0.1205439418554306,0.4267954528331756,-0.8962783217430115,-0.3781242370605469,0.5891541242599487,-0.6111840605735779,0.133691625708394,-0.4409463001237452,0.1600660268054736,64.0
1652965483.740931,-0.1655834913253784,-0.1264266967773437,-0.3129876554012298,0.1231030896306037,0.4312889575958252,-0.8937759399414062,-0.4574049413204193,0.6107907295227051,-0.6962196230888367,0.1368725430699581,-0.445920938558782,0.1535410908649666,64.0
1652965483.750739,-0.1695587635040283,-0.1102221608161926,-0.3007403612136841,0.1254151314496994,0.4365892112255096,-0.8908764719963074,-0.5358503460884094,0.6269370317459106,-0.7591497302055359,0.1398581642565008,-0.4518039911054829,0.14629265937055,64.0
1652965483.760685,-0.1706036776304245,-0.0986700654029846,-0.2831717431545257,0.1275434494018554,0.4426412284374237,-0.8875817656517029,-0.6040384769439697,0.6416909098625183,-0.8291157484054565,0.14272068467762,-0.4585420373237648,0.1384683339915456,64.0
1652965483.770632,-0.1816639006137848,-0.0995678901672363,-0.2686577141284942,0.1294789016246795,0.4493216574192047,-0.8839373588562012,-0.662266194820404,0.6658883094787598,-0.8872753977775574,0.1454453701982124,-0.4660058986719581,0.1300436589057118,64.0
1652965483.780675,-0.196340411901474,-0.0999240279197692,-0.2554720640182495,0.1313533037900924,0.4563996791839599,-0.8800259232521057,-0.6859095096588135,0.69561767578125,-0.9255234599113464,0.1481668569073223,-0.4739446463162716,0.1211006100235485,64.0
1652965483.790605,-0.2044820189476013,-0.1017895936965942,-0.2389572262763977,0.1332845985889434,0.4638869166374206,-0.8758105635643005,-0.7516494989395142,0.7364119291305542,-0.9692960381507874,0.1510254723408749,-0.4823777464978918,0.1118168246365682,64.0
1652965483.80058,-0.2124084234237671,-0.1052034497261047,-0.2378648221492767,0.1352295130491256,0.4719803035259247,-0.8711759448051453,-0.8107362389564514,0.7760632038116455,-1.0186505317687988,0.1539973931208026,-0.4915356719321764,0.1020644600124327,64.0
1652965483.810536,-0.2168605178594589,-0.1027981042861938,-0.2303737103939056,0.1371639519929886,0.480785608291626,-0.8660434484481812,-0.8985542058944702,0.8197662830352783,-1.0716599225997925,0.1570752876781937,-0.5015504482450536,0.0918885444482312,64.0
1652965483.820496,-0.2257972657680511,-0.1040785312652587,-0.2162105143070221,0.1391426622867584,0.49036505818367,-0.8603379726409912,-0.9877557754516602,0.8752650022506714,-1.118617296218872,0.1603418580775459,-0.5125085956979737,0.0812793305750625,64.0
1652965483.830425,-0.2446128278970718,-0.0996882915496826,-0.1995729804039001,0.1412193477153778,0.5008424520492554,-0.8539402484893799,-1.108903884887695,0.956650972366333,-1.1853339672088623,0.1638904962957552,-0.5245718087982064,0.0701594658772823,64.0
1652965483.84042,-0.269173264503479,-0.0761049389839172,-0.1861201524734497,0.1437918692827224,0.5132532119750977,-0.8461058139801025,-1.4248450994491575,1.104427695274353,-1.2451200485229492,0.1683371743196026,-0.5389710893729397,0.0587497773645991,64.0
1652965483.850321,-0.2757418751716614,-0.0647183060646057,-0.1810525059700012,0.1468356847763061,0.5281745791435242,-0.8363437652587891,-1.6947498321533203,1.2275285720825195,-1.3193014860153198,0.173797288918484,-0.5564494091138249,0.0470931603848768,64.0
1652965483.860275,-0.2734966278076172,-0.0657048225402832,-0.1531222462654113,0.1502819806337356,0.5450441241264343,-0.8248286247253418,-1.8606812953948972,1.3648319244384766,-1.4100042581558228,0.1802209672155039,-0.5764417360497303,0.0350202665952361,64.0
1652965483.870399,-0.2880497574806213,-0.1080348491668701,-0.1152484416961669,0.1539556086063385,0.5620256662368774,-0.8126652836799622,-1.7092963457107544,1.5026146173477173,-1.496336579322815,0.1872265128852275,-0.5968328334977756,0.0218508131262763,64.0
1652965483.880207,-0.2818947732448578,-0.1930723190307617,-0.0745560526847839,0.1577188074588775,0.5765090584754944,-0.8017244338989258,-1.3062838315963743,1.6131038665771484,-1.5775911808013916,0.1942440408388379,-0.6144497984582538,0.0070105845834261,64.0
1652965483.890142,-0.2935768663883209,-0.2407113909721374,-0.0423696041107177,0.1618478447198867,0.5883442163467407,-0.7922476530075073,-1.0567175149917605,1.784997820854187,-1.6354833841323853,0.2015166169029793,-0.6290096297686139,-0.0094986173340186,64.0
1652965483.900134,-0.3104672133922577,-0.217480719089508,-0.0766570568084716,0.166668489575386,0.5990873575210571,-0.7831448912620544,-1.019191861152649,1.975594401359558,-1.7152860164642334,0.2096910452815719,-0.6423608028450347,-0.0272397259808109,64.0
1652965483.910073,-0.3028892874717712,-0.2000589370727539,-0.1403247117996215,0.1719232052564621,0.6100358963012695,-0.7734976410865784,-1.0584044456481934,2.0860440731048584,-1.7693520784378052,0.2187118664059912,-0.6561058925539064,-0.0458322519520926,64.0
1652965483.920131,-0.2708112597465515,-0.1799173951148986,-0.1561214923858642,0.1775496155023574,0.6214991807937622,-0.7630299925804138,-1.1371897459030151,2.227078676223755,-1.767954707145691,0.2286219283843397,-0.6706549244443788,-0.0645200265389002,64.0
1652965483.930006,-0.2906823456287384,-0.1349232196807861,-0.1323587894439697,0.183794617652893,0.6334268450737,-0.7516582012176514,-1.1884374618530271,2.388944625854492,-1.7892390489578247,0.2398133408328474,-0.6859737687510323,-0.0832690224839556,64.0
1652965483.9401631,-0.2937129139900207,-0.0409156680107116,-0.1314044594764709,0.1906704306602478,0.6462053656578064,-0.7389611005783081,-1.3657174110412598,2.5083439350128174,-1.774936318397522,0.2525172225468906,-0.7026016997917163,-0.1017147043086075,64.0
1652965483.949925,-0.2804049253463745,0.0344918370246887,-0.1342241764068603,0.1977481544017791,0.6602555513381958,-0.7245399951934814,-1.5521639585494995,2.591829776763916,-1.7744286060333252,0.2664400316281245,-0.721159009801472,-0.1193293877711386,64.0
1652965483.959764,-0.2830671072006225,0.1133907437324523,-0.1112248301506042,0.204469159245491,0.6752658486366272,-0.7086665630340576,-1.6463868618011477,2.6301512718200684,-1.801806092262268,0.2808977876738081,-0.741325118592865,-0.1366310014225366,64.0
1652965483.969826,-0.2691525220870971,0.1776533126831054,-0.0736547708511352,0.2105741649866104,0.690521776676178,-0.6919813752174377,-1.6638929843902588,2.6541707515716557,-1.7981019020080566,0.2954026716840856,-0.7622101707234878,-0.153838743959825,64.0
1652965483.98013,-0.2634329795837402,0.2418586015701294,-0.0024366378784179,0.2162986844778061,0.7056683301925659,-0.6747199296951294,-1.6504902839660645,2.685990810394287,-1.7859416007995603,0.3102249042435874,-0.7833659867520725,-0.1706746076417992,64.0
1652965483.989733,-0.2498259544372558,0.2767231464385986,0.0825392603874206,0.2217040956020355,0.7201339602470398,-0.6574604511260986,-1.5463610887527466,2.744003772735596,-1.7644212245941162,0.3252380239633188,-0.8039954079337156,-0.1875277126447731,64.0
1652965483.999734,-0.2315055578947067,0.3063637018203735,0.1574903130531311,0.2267296612262725,0.7332719564437866,-0.6410194635391235,-1.278492093086243,2.7641866207122803,-1.7542405128479004,0.3399687099412532,-0.8231217103614595,-0.2050120038705623,64.0
1652965484.009804,-0.1881172209978103,0.3544439077377319,0.2051166296005249,0.2312997132539749,0.7444835305213928,-0.6262944936752319,-1.036390781402588,2.733738660812378,-1.737592697143555,0.3537769363548757,-0.839760944737181,-0.2234349694805684,64.0
1652965484.019627,-0.159910649061203,0.42270028591156,0.2108570337295532,0.2348466366529464,0.7544901371002197,-0.6128553152084351,-0.90211284160614,2.6735382080078125,-1.7974075078964231,0.3659409468604043,-0.8548768689834136,-0.2432268323207103,64.0
1652965484.029625,-0.0913734436035156,0.4836286306381225,0.1873990297317505,0.2367898225784301,0.7641237378120422,-0.6000379323959351,-0.8798116445541382,2.5696465969085693,-1.8684914112091064,0.3758639780298903,-0.869681820620357,-0.2644869470216239,64.0
1652965484.039588,0.0053640156984329,0.5316033959388733,0.1826115846633911,0.2367167919874191,0.7739923596382141,-0.5872827172279358,-0.927931785583496,2.3817262649536133,-1.974249005317688,0.3831512094480633,-0.8851221770140776,-0.2870595073205003,64.0
1652965484.049547,0.0834695398807525,0.5753849744796753,0.1709137558937072,0.2343253791332245,0.7843016386032104,-0.5744237303733826,-1.0175522565841677,2.220994234085083,-2.054450273513794,0.3873248852376256,-0.9015696312874036,-0.3110196281906183,64.0
1652965484.0594811,0.1464840769767761,0.5857763290405273,0.1696671843528747,0.2302403002977371,0.795069694519043,-0.5611181259155273,-1.1065021753311155,2.085496664047241,-2.0678985118865967,0.3893746683341689,-0.91912250882531,-0.33560152473804,64.0
1652965484.0697188,0.1992956548929214,0.5565512180328369,0.1648070812225341,0.2251581996679306,0.806140124797821,-0.5472128987312317,-1.2385690212249756,1.9644310474395752,-1.996909737586975,0.3903496056327186,-0.937599703661366,-0.3595682001760624,64.0
1652965484.08219,0.2131870985031128,0.5030589699745178,0.1389741897583007,0.2197048515081405,0.8177213072776794,-0.5320354104042053,-1.4505486488342283,1.888450264930725,-1.909372448921204,0.3916214129033707,-0.9574411205104082,-0.3815880602555682,64.0
1652965484.089367,0.1952623128890991,0.3884220123291015,0.147117018699646,0.2141768932342529,0.8296743035316467,-0.5155277252197266,-1.6095770597457886,1.790467381477356,-1.7680485248565674,0.3937554886851624,-0.9785240394028152,-0.4012282244627855,64.0
1652965484.099266,0.1557040214538574,0.2561387419700622,0.1414858102798462,0.2090574353933334,0.8419126272201538,-0.4974717795848846,-1.820034623146057,1.7343900203704834,-1.5968894958496094,0.3978318235877645,-1.0008178864771649,-0.4173037909579659,64.0
1652965484.109268,0.093361496925354,0.1221892237663269,0.1349726915359497,0.2047190815210342,0.853934109210968,-0.4784209430217743,-1.836324691772461,1.6672821044921875,-1.3818293809890747,0.4043292782980728,-1.0234991393320765,-0.4295836693986485,64.0
1652965484.119437,0.0485090911388397,-0.0034862756729125,0.2031919956207275,0.2014757692813873,0.864572286605835,-0.46035036444664,-1.5893532037734983,1.5624483823776243,-1.1474053859710691,0.4125425789436791,-1.044298535327235,-0.4387495764030148,64.0
1652965484.129208,0.0269557237625122,-0.059059202671051,0.2960008382797241,0.1991338580846786,0.8728375434875488,-0.4455336630344391,-1.1601394414901731,1.4023146629333496,-0.9501761794090272,0.4203194727534922,-1.0609868792456727,-0.446807971400779,64.0
1652965484.139533,0.0190947353839874,-0.0346361398696899,0.3437392115592956,0.1970461159944534,0.8787949085235596,-0.4346173703670501,-0.7712705135345459,1.2075318098068235,-0.864922046661377,0.4256598463069837,-1.0733310157629534,-0.4556248697213693,64.0
1652965484.149308,0.0298084616661071,0.0240577459335327,0.322044312953949,0.1946636885404586,0.883125364780426,-0.4268439710140228,-0.5269070863723755,1.033920407295227,-0.7654510736465454,0.4278766203496844,-1.082482942004172,-0.4657211482977061,64.0
1652965484.159049,0.0711666792631149,0.1073880493640899,0.2877975702285766,0.1923679858446121,0.8864119648933411,-0.4210323989391327,-0.3966689109802246,0.8271754384040833,-0.6616458296775818,0.428573747299454,-1.089535387573773,-0.4754410152581226,64.0
1652965484.1690578,0.1094047129154205,0.1912517547607422,0.2398186922073364,0.1897439807653427,0.8891637921333313,-0.4163951277732849,-0.3326479196548462,0.6254484057426453,-0.6197203993797302,0.4275694563417428,-1.095514528449662,-0.4846964711515255,64.0
1652965484.180563,0.125048279762268,0.2609760165214538,0.219044804573059,0.1867041438817978,0.8915508389472961,-0.4126483798027038,-0.2980627715587616,0.4366566240787506,-0.56443852186203,0.4248922626111029,-1.10075781962333,-0.4936878082963046,64.0
1652965484.189419,0.1435644030570984,0.3242426514625549,0.2131168246269226,0.1833247691392898,0.8937251567840576,-0.4094477295875549,-0.2719208598136902,0.2541699111461639,-0.5129607319831848,0.4209701474119153,-1.1055813581027631,-0.5019169283642583,64.0
1652965484.19914,0.1602504998445511,0.3451835215091705,0.1683490872383117,0.1796543896198272,0.895539402961731,-0.4071036279201507,-0.1778925955295562,0.0780087411403656,-0.4611648619174957,0.4155945699899908,-1.10964196602924,-0.5097632524941152,64.0
1652965484.2088618,0.1611146926879882,0.327588677406311,0.1755977272987365,0.1758605241775512,0.8967288732528687,-0.4061409533023834,-0.0341589450836181,-0.0809430405497551,-0.3909419476985931,0.4086302613229685,-1.1123222364525338,-0.5174994066391863,64.0
1652965484.219106,0.1570987254381179,0.3178157210350036,0.1875877976417541,0.1721250414848327,0.8971595764160156,-0.4067897200584411,0.1202857568860054,-0.1995399892330169,-0.3225035071372986,0.4002859032916351,-1.1132963677742662,-0.5252214836237242,64.0
1652965484.2288651,0.1430240869522094,0.3076972365379333,0.185395061969757,0.1684994548559188,0.8969260454177856,-0.4088172614574432,0.2297447919845581,-0.3002923429012298,-0.2639551758766174,0.3909477738926696,-1.1127679339681549,-0.5328606752217153,64.0
1652965484.2389832,0.1338922083377838,0.2887291312217712,0.1746266484260559,0.1650276035070419,0.8962809443473816,-0.4116387069225311,0.2719745635986328,-0.368344098329544,-0.2154009491205215,0.3812854473649896,-1.1113111083701903,-0.5399239995207799,64.0
1652965484.248577,0.1157999336719513,0.234216034412384,0.166818082332611,0.161696508526802,0.8954071998596191,-0.414849579334259,0.2988499104976654,-0.4164139330387115,-0.1700763404369354,0.371657643085388,-1.109344898880161,-0.5462659499327168,64.0
1652965484.258441,0.0897924900054931,0.1623721718788147,0.1608522534370422,0.1585749238729477,0.894384503364563,-0.4182468354701996,0.30268594622612,-0.4524664580821991,-0.1248774379491806,0.3623970308710476,-1.107053298633,-0.5517725880465103,64.0
1652965484.3102431,0.0840252935886383,0.1115943491458892,0.1400984525680542,0.1557666808366775,0.8932419419288635,-0.421729177236557,0.3166104555130005,-0.4711047112941742,-0.071628101170063,0.3538101731649563,-1.1045054193235813,-0.5562411789591131,64.0
1652965484.3184671,0.0540809780359268,0.0748069882392883,0.0809696912765502,0.146221250295639,0.8881615996360779,-0.4356468021869659,0.1298026889562606,-0.3627188503742218,0.0102921789512038,0.3238266770871588,-1.0933290232970607,-0.5663032787171163,64.0
1652965484.328478,0.0473438948392868,0.0475683510303497,0.0624383091926574,0.1448253989219665,0.8875585794448853,-0.4373388588428497,0.1283482760190963,-0.3446695506572723,0.0247155539691448,0.3197855786059624,-1.0920184384659106,-0.5668629547188342,64.0
1652965484.338523,0.0364546775817871,0.0124982297420501,0.0625764727592468,0.1436448991298675,0.8869015574455261,-0.4390576481819153,0.1516181826591491,-0.3358251750469208,0.0454277582466602,0.316190075560163,-1.0905942020679529,-0.567081835952587,64.0
1652965484.348269,0.0221497118473052,-0.0368804931640625,0.0715747475624084,0.1427216231822967,0.8860515356063843,-0.4410705864429474,0.19507797062397,-0.3186791539192199,0.068836823105812,0.3129470319730421,-1.088757385537686,-0.5670683640932376,64.0
1652965484.3582458,0.0109953433275222,-0.0819412171840667,0.0473098754882812,0.142050415277481,0.885093629360199,-0.4432052671909332,0.181628480553627,-0.2975339293479919,0.0895269215106964,0.3101628437699966,-1.0866950833387126,-0.5667306260111049,64.0
1652965484.368001,0.0146622657775878,-0.1003898382186889,0.028762936592102,0.1416488885879516,0.8842161297798157,-0.4450813829898834,0.1463554352521896,-0.2839424014091491,0.1089166775345802,0.3081182431743967,-1.0848131104137244,-0.5657606661626958,64.0
1652965484.378014,0.0102342665195465,-0.0904074311256408,0.0290070176124572,0.1414077132940292,0.8835142850875854,-0.4465493559837341,0.0960685685276985,-0.2668885588645935,0.1163982972502708,0.306677163718741,-1.083312567934291,-0.5642546741972371,64.0
