1652965108.510008,0.0106991529464721,0.0032511353492736,0.0468641370534896,0.3666659295558929,-0.1534009873867035,-0.9176187515258788,-0.1256165504455566,0.6067110896110535,1.491795778274536,0.3801478292248235,0.1540090872485186,-0.0664213943411297,84.0
1652965108.520061,0.0558645725250244,-0.0561275482177734,0.0931535959243774,0.3697945773601532,-0.1575456857681274,-0.915658950805664,-0.1776696294546127,0.5814752578735352,1.5615309476852417,0.3838262784396837,0.1582048061398041,-0.051572936386525,84.0
1652965108.529912,0.0399212837219238,-0.1543871760368347,0.1836277842521667,0.3724322021007538,-0.1620366126298904,-0.9138043522834778,-0.1143481880426406,0.569158136844635,1.6258957386016846,0.38700854640309,0.1627541904045605,-0.0360915067417877,84.0
1652965108.539792,-0.0591017603874206,-0.2031944990158081,0.1978055834770202,0.3751417696475982,-0.1674405932426452,-0.9117194414138794,-0.0533173903822898,0.6333789825439453,1.682697057723999,0.3903518142527676,0.1682330321963516,-0.0203237206756597,84.0
1652965108.549776,-0.1032770276069641,-0.16348397731781,0.1646967083215713,0.3783929646015167,-0.1731805801391601,-0.9093004465103148,-0.0906751453876495,0.7127260565757751,1.720433235168457,0.3943391703228801,0.1740581410452177,-0.0041974937833701,84.0
1652965108.559732,-0.0910536348819732,-0.0923986434936523,0.1268408596515655,0.3820081651210785,-0.1787817776203155,-0.9067010879516602,-0.1414134204387664,0.7612624168395996,1.798425555229187,0.3987466052419754,0.1797481441503307,0.0126422355860278,84.0
1652965108.569715,-0.1054275631904602,-0.0757157206535339,0.0712072551250457,0.3858077824115753,-0.1838171333074569,-0.904081642627716,-0.313746303319931,0.8141075372695923,1.846368789672852,0.4033435087237593,0.1848683547143033,0.0304829374093862,84.0
1652965108.579629,-0.115590900182724,-0.0499045252799987,0.0031414031982421,0.3899591565132141,-0.1869792938232422,-0.9016488194465636,-0.5922359228134155,0.8802497386932373,1.9154763221740725,0.4082023293266432,0.1880863000344352,0.0498206233197154,84.0
1652965108.589744,-0.105762243270874,-0.0485002398490905,-0.0592140555381774,0.3943974673748016,-0.1881003975868225,-0.8994825482368469,-0.8428739905357361,0.9097706079483032,1.9478529691696167,0.4132255719022069,0.1892276591451483,0.0706780609614185,84.0
1652965108.599577,-0.0755962133407592,-0.0492141246795654,-0.0866813361644744,0.3988994061946869,-0.1877021938562393,-0.8975784778594971,-0.939133644104004,0.9184830784797668,1.9945399761199951,0.4182016514978906,0.1888222322373405,0.0927362011671194,84.0
1652965108.609561,-0.0483716428279876,-0.112177550792694,-0.0935668349266052,0.4028943181037903,-0.1876526772975921,-0.8958027958869934,-0.8540294170379639,0.8032038807868958,2.0141725540161133,0.4226525311762129,0.1887718193802679,0.1150244761746341,84.0
1652965108.619381,-0.0717470943927764,-0.1217395067214965,-0.1190305650234222,0.4057619869709015,-0.1884340345859527,-0.8943432569503784,-0.8211666941642761,0.7028877139091492,2.039756774902344,0.4259251541309362,0.1895673769485891,0.1372342956766877,84.0
1652965108.6295009,-0.1280989646911621,-0.059030532836914,-0.1792173534631729,0.4079603850841522,-0.1894960105419159,-0.8931179046630859,-0.7998259663581848,0.6600369215011597,2.065852403640747,0.4284797010513272,0.1906488382825397,0.1596065007127381,84.0
1652965108.639652,-0.1618182957172393,-0.0108232498168945,-0.2750900387763977,0.409682035446167,-0.1909286379814148,-0.892024040222168,-0.7832287549972534,0.6076234579086304,2.0666863918304443,0.4305380621537755,0.1921080964482729,0.1819814995890251,84.0
1652965108.6493812,-0.1752808094024658,0.0620706677436828,-0.3125953674316406,0.410754382610321,-0.192241683602333,-0.8912485241889954,-0.8309275507926941,0.5110828280448914,2.0557918548583984,0.4318609007526186,0.1934459287751,0.2044248185740052,84.0
1652965108.6594791,-0.1936741173267364,0.1519171595573425,-0.2498408257961273,0.410806655883789,-0.1915501654148101,-0.891373336315155,-1.241842269897461,0.3895283341407776,2.0277116298675537,0.4318560365421797,0.1927413206589738,0.2274846633901386,84.0
1652965108.669359,-0.2048046588897705,0.2560112476348877,-0.1318561136722564,0.4105236232280731,-0.187647670507431,-0.8923332691192627,-1.3887592554092407,0.3838041424751282,1.8684154748916624,0.4311852895332388,0.1887667206879958,0.251260615673888,84.0
1652965108.679332,-0.2403854131698608,0.2774595022201538,-0.1193152368068695,0.4110091626644134,-0.1825494021177292,-0.8931669592857361,-1.3353734016418457,0.4418880939483642,1.645183801651001,0.4312795386010716,0.1835788046959328,0.2733009123437122,84.0
1652965108.689484,-0.2047924399375915,0.2828346490859985,-0.1826475411653518,0.4119762182235718,-0.1783601492643356,-0.893567681312561,-1.026052713394165,0.3935410678386688,1.465133547782898,0.4320021080225178,0.1793196251243254,0.2925607568111468,84.0
1652965108.699162,-0.1508520543575287,0.2931035161018371,-0.2887049317359924,0.4127538502216339,-0.176245629787445,-0.8936284184455872,-0.7351306676864624,0.3367208838462829,1.3358192443847656,0.4326936972476043,0.1771710677128194,0.3091335728447246,84.0
1652965108.709035,-0.1487897634506225,0.2964416146278381,-0.3462167382240295,0.4133618772029876,-0.1760763823986053,-0.8933807015419006,-0.5209019780158997,0.3138163685798645,1.2689589262008667,0.4333599472828793,0.1769991206279415,0.3236982367973106,84.0
1652965108.718984,-0.1644431948661804,0.3321674466133117,-0.2956961393356323,0.4138785898685455,-0.1775399446487426,-0.8928516507148743,-0.2999874353408813,0.2931249141693115,1.2539736032485962,0.4340622264457223,0.1784861239469861,0.3370891634505577,84.0
1652965108.72888,-0.1592390537261963,0.3293113112449646,-0.2370109409093856,0.4139387309551239,-0.1807594448328018,-0.8921775221824646,-0.1566462367773056,0.2067154794931411,1.2182470560073853,0.4344059516230527,0.1817585639603052,0.3493594291265407,84.0
1652965108.739148,-0.122500479221344,0.4149327278137207,-0.2379175573587417,0.413027822971344,-0.1842931509017944,-0.8918766975402832,-0.1509875506162643,0.0749190971255302,1.1451400518417358,0.4336940792422292,0.1853526402866041,0.3608547978158837,84.0
1652965108.7488542,-0.0768734216690063,0.5032100081443787,-0.3250467777252197,0.4111629426479339,-0.187160238623619,-0.8921412825584412,-0.2065932899713516,-0.0518052913248539,1.0453884601593018,0.4318581990063894,0.1882705048217561,0.3717503398065039,84.0
1652965108.758944,-0.0615445971488952,0.5446696281433105,-0.3935627937316894,0.4081937372684479,-0.188697338104248,-0.8931803703308105,-0.3606417179107666,-0.2055248022079467,0.9215623736381532,0.4286694027006021,0.1898354840991204,0.3819868693604028,84.0
1652965108.768703,-0.1020300388336181,0.5704942941665649,-0.3864399194717407,0.4042455852031708,-0.1883433908224105,-0.8950487375259399,-0.4868334829807281,-0.3108227550983429,0.8212882280349731,0.4242222481931536,0.1894750784632339,0.3918464251316687,84.0
1652965108.778719,-0.1592583954334259,0.5875270962715149,-0.3095129132270813,0.399660587310791,-0.1870690733194351,-0.8973720073699951,-0.4815670847892761,-0.3953285813331604,0.730962872505188,0.4189950910505282,0.1881777007541786,0.4010403119172925,84.0
1652965108.789089,-0.1887018084526062,0.6334365606307983,-0.2104178369045257,0.3944055140018463,-0.1857766360044479,-0.8999618291854858,-0.3858233094215393,-0.5034042000770569,0.6530187129974365,0.4130372148963023,0.1868621992691941,0.4092295538721184,84.0
1652965108.799108,-0.1832979917526245,0.6365219354629517,-0.1713585555553436,0.3883455693721771,-0.1854987442493438,-0.9026505351066588,-0.1890196949243545,-0.6377525329589844,0.5679028630256653,0.4062905039805025,0.1865793912274327,0.4160406163991964,84.0
1652965108.808759,-0.1549804210662841,0.6269833445549011,-0.2135031223297119,0.3810240626335144,-0.185666799545288,-0.9057309031486512,-0.2153399735689163,-0.7954074144363403,0.4400297999382019,0.3982070084985828,0.1867504199868394,0.4214988852079727,84.0
1652965108.8187962,-0.1243016421794891,0.648212730884552,-0.2753632962703705,0.3723790049552917,-0.1843077540397644,-0.909595787525177,-0.4077220857143402,-0.9650607705116272,0.2815463840961456,0.3885744983417034,0.185367496752591,0.4260712004282243,84.0
1652965108.8286572,-0.1312460303306579,0.7034639716148376,-0.282320499420166,0.3626607954502105,-0.1798529624938964,-0.9144014716148376,-0.7298351526260376,-1.1042907238006592,0.0943615958094596,0.3775805809817475,0.1808369706312509,0.4299580124927652,84.0
1652965108.83857,-0.1616350412368774,0.7632388472557068,-0.2278223484754562,0.35179004073143,-0.1716527491807937,-0.9202060103416444,-1.062061429023743,-1.2744694948196411,-0.0765777006745338,0.3651507869856728,0.1725070812227055,0.4333527119248953,84.0
1652965108.848558,-0.209171861410141,0.8104163408279419,-0.1620301455259323,0.3396191895008087,-0.160342276096344,-0.9267950654029846,-1.2811678647994995,-1.4295607805252075,-0.2190072834491729,0.3512491646130913,0.1610374081757417,0.4361118244448508,84.0
1652965108.858536,-0.2655257284641266,0.8804663419723511,-0.0886216163635253,0.3261183500289917,-0.1467299461364746,-0.9338721036911012,-1.435628890991211,-1.5706074237823486,-0.3099327683448791,0.3359716918265137,0.1472616211858983,0.438208004533659,84.0
1652965108.868617,-0.3103582262992859,0.8507457971572876,-0.0349576473236084,0.3113042414188385,-0.1330111175775528,-0.9409557580947876,-1.2696471214294434,-1.7068994045257568,-0.3543026149272918,0.3195033846446092,0.1334064793714642,0.4394513449472315,84.0
1652965108.8784242,-0.3263607621192932,0.7721776962280273,0.0207291767001152,0.2950344085693359,-0.1200639009475708,-0.9479131698608398,-1.266795635223389,-1.8495469093322756,-0.3623176217079162,0.3017422570755204,0.1203542505309347,0.4399032143879067,84.0
1652965108.888416,-0.3106749951839447,0.7499063014984131,0.0925132110714912,0.2770903706550598,-0.1075889095664024,-0.9548013210296632,-1.1199835538864136,-2.0297091007232666,-0.3846682012081146,0.2824486972194885,0.1077975634149008,0.4397983968249347,84.0
1652965108.898343,-0.2956740856170654,0.7300761342048645,0.1199790686368942,0.2571455836296081,-0.0967094153165817,-0.9615213871002196,-0.9633607268333436,-2.236363887786865,-0.3826301991939544,0.2613206646014028,0.0968608019534475,0.4388842458859441,84.0
1652965108.9085422,-0.3146135210990906,0.748714029788971,0.1505015790462494,0.2351457476615905,-0.0869944989681243,-0.9680591225624084,-0.8668429851531982,-2.40942907333374,-0.3691700398921966,0.2382893166655889,0.0871046059310496,0.4374934381283107,84.0
1652965108.918287,-0.3552339673042297,0.76069176197052,0.1649062037467956,0.2114808708429336,-0.0783278495073318,-0.9742384552955629,-0.7385364770889282,-2.534830331802368,-0.3256496489048004,0.2137567325710471,0.0784081665332346,0.4359145066203113,84.0
1652965108.928299,-0.396463394165039,0.6472358703613281,0.1450638473033905,0.1868228912353515,-0.0725693553686142,-0.9797096252441406,-0.318036675453186,-2.5802905559539795,-0.2270839214324951,0.1884298528632854,0.0726332006743588,0.434282961622269,84.0
1652965108.938363,-0.4079913198947906,0.4837920069694519,0.1510811448097229,0.1613482236862182,-0.0699196606874466,-0.9844176173210144,-0.2059159874916076,-2.656578302383423,-0.1328736543655395,0.1624577480198155,0.0699767535245724,0.4329228426318156,84.0
1652965108.948162,-0.3660683035850525,0.4150283336639404,0.2093155086040496,0.134821355342865,-0.0682785287499427,-0.9885146617889404,-0.068146675825119,-2.7471938133239746,-0.0645127072930336,0.1355514497477108,0.0683316943155084,0.4322044063421255,84.0
1652965108.958092,-0.3183931112289428,0.3471380472183227,0.1918990314006805,0.1075929403305053,-0.0693099349737167,-0.9917761087417604,0.3040516376495361,-2.77227783203125,0.013481656089425,0.1080625011548715,0.069365546304016,0.431821456227425,84.0
1652965108.968103,-0.2895282506942749,0.2225316762924194,0.1803350895643234,0.0799945592880249,-0.0741797089576721,-0.994031310081482,0.6596819758415222,-2.7914278507232666,0.1244997829198837,0.0803018337757324,0.0742479066719787,0.4320287087229018,84.0
1652965108.978095,-0.271603375673294,0.048138678073883,0.1895474344491958,0.052273541688919,-0.0832089409232139,-0.9951601624488832,1.1466165781021118,-2.782113552093506,0.2526674270629883,0.0524795381175448,0.0833052611170633,0.4333453373182759,84.0
1652965108.9880152,-0.2849394381046295,-0.1694439649581909,0.1636920571327209,0.0242430139333009,-0.0959430336952209,-0.9950915575027466,1.3452916145324707,-2.819397211074829,0.351689875125885,0.0243577788801634,0.0960908422755527,0.4358609875550909,84.0
1652965108.9979382,-0.2778857350349426,-0.2186357975006103,0.1185009032487869,-0.004142484627664,-0.1096203029155731,-0.993964910507202,1.4064127206802368,-2.813131093978882,0.4247825741767883,-0.0041676125458184,0.1098410391365706,0.4396446883044793,84.0
1652965109.007971,-0.2655750215053558,-0.2807494401931762,0.0143280550837516,-0.031345747411251,-0.1244812533259391,-0.9917266964912416,1.6748898029327393,-2.575746536254883,0.5120077729225159,-0.0315967236796878,0.1248050010741267,0.4446315359017678,84.0
1652965109.0178962,-0.2025712877511978,-0.6388928294181824,-0.0807742327451706,-0.0567670948803424,-0.1421719193458557,-0.988212823867798,1.9020910263061523,-2.4558701515197754,0.547652006149292,-0.0573811363997179,0.1426552842126875,0.4508106255023937,84.0
1652965109.027886,-0.0601136907935142,-0.9391192197799684,-0.1357162594795227,-0.0816252008080482,-0.1602126955986023,-0.983701765537262,1.806187391281128,-2.4283547401428223,0.5347572565078735,-0.0827879296314159,0.1609061240373735,0.4576104933514161,84.0
1652965109.03799,-0.0541175976395607,-1.009933352470398,-0.2439041435718536,-0.1056266650557518,-0.1751937568187713,-0.9788514375686646,1.3133563995361328,-2.298128366470337,0.4694229662418365,-0.1074928379019804,0.1761025685560849,0.4641805629637313,84.0
1652965109.047768,-0.1536832749843597,-0.931182861328125,-0.4124849736690521,-0.1274904310703277,-0.184072658419609,-0.974609375,0.6137388944625854,-2.014709711074829,0.4222559928894043,-0.1300732486423168,0.1851283166061302,0.4698050405828674,84.0
1652965109.057677,-0.2275802791118621,-0.926576554775238,-0.571035623550415,-0.1459091007709503,-0.1864411532878875,-0.9715710282325744,-0.0016254344955086,-1.6319087743759155,0.3963662981986999,-0.1490645336592573,0.1875385352353543,0.4743252477495351,84.0
1652965109.067679,-0.2038503289222717,-1.1202043294906616,-0.6663920879364014,-0.1608194708824157,-0.1831715553998947,-0.969837725162506,-0.5421739220619202,-1.3208805322647097,0.3526680767536163,-0.1643257584353539,0.1842116206333896,0.4776608806221489,84.0
1652965109.0776749,-0.093471884727478,-1.3108458518981934,-0.6566129922866821,-0.1727024316787719,-0.1756624281406402,-0.9691834449768066,-0.8670480251312256,-1.033341407775879,0.257849782705307,-0.1763428211698812,0.1765786244799017,0.4795176959402688,84.0
1652965109.087636,-0.0488357543945312,-1.437373399734497,-0.5495458841323853,-0.1819992065429687,-0.1667321771383285,-0.9690597057342528,-0.8606060743331909,-0.821792721748352,0.1774537414312362,-0.1856475129433678,0.1675145201291081,0.4800291465841622,84.0
1652965109.0975242,-0.0686860829591751,-1.450108528137207,-0.4665803611278534,-0.1892484724521637,-0.1593504399061203,-0.9689130187034608,-0.6027601957321167,-0.6317552924156189,0.1050460040569305,-0.1928919127306812,0.1600326447405962,0.4800462135455632,84.0
1652965109.1075249,-0.097643569111824,-1.3768999576568604,-0.4654918313026428,-0.1944706887006759,-0.1547779440879821,-0.9686201214790344,-0.3299715518951416,-0.4222105741500854,0.0254843346774578,-0.198136657992997,0.155402683147609,0.4798116782981841,84.0
1652965109.117686,-0.1160697489976883,-1.2906324863433838,-0.5284740924835205,-0.197330504655838,-0.1527087539434433,-0.9683701395988464,-0.1362574845552444,-0.1820942163467407,-0.0692578107118606,-0.2010235948889824,0.1533085993022502,0.4791379003562224,84.0
1652965109.1276631,-0.0967752188444137,-1.281692624092102,-0.6139928102493286,-0.197780430316925,-0.1513575464487075,-0.968490481376648,-0.21505668759346,0.0624087415635585,-0.1533716320991516,-0.2014452818790669,0.1519414916543585,0.4776901051379754,84.0
1652965109.13748,-0.0714132636785507,-1.239903688430786,-0.6541671752929688,-0.1956307888031005,-0.1492843776941299,-0.9692485332489014,-0.3167581260204315,0.3163128197193146,-0.2487609237432479,-0.1991618510324499,0.1498445034180668,0.4751824211457147,84.0
1652965109.147495,-0.0464958846569061,-1.1673530340194702,-0.6346916556358337,-0.1911139786243438,-0.1463142037391662,-0.9706016778945924,-0.4138005375862121,0.5189671516418457,-0.3539613783359527,-0.194415510082213,0.1468413487899707,0.4714954961219423,84.0
1652965109.157281,-0.0487893819808959,-1.0533140897750854,-0.5909904837608337,-0.1846395581960678,-0.1424537599086761,-0.972427487373352,-0.5341579914093018,0.6942306756973267,-0.4496539533138275,-0.1876411987791122,0.1429400122237479,0.466579919678258,84.0
1652965109.167324,-0.0844260901212692,-0.9237844944000244,-0.5483955144882202,-0.1764686703681945,-0.1377312093973159,-0.9746224284172058,-0.6237773895263672,0.8575248122215271,-0.515856146812439,-0.1791229956481381,0.1381704263313369,0.4607295796652642,84.0
1652965109.177219,-0.1223247200250625,-0.7916099429130554,-0.5063376426696777,-0.1666462123394012,-0.132212147116661,-0.977112591266632,-0.7010660767555237,1.014593482017517,-0.570068359375,-0.1689243299701082,0.1326003850778269,0.4542160215992802,84.0
1652965109.187249,-0.1364366114139557,-0.678227961063385,-0.4655254483222961,-0.1552656590938568,-0.126332476735115,-0.97976154088974,-0.6860418319702148,1.1613160371780396,-0.6082029342651367,-0.1571659357571303,0.1266709617882306,0.4472291953271061,84.0
1652965109.19713,-0.1188229322433471,-0.6243842840194702,-0.4316937923431396,-0.1426669359207153,-0.1208422407507896,-0.9823662042617798,-0.6412935256958008,1.256160020828247,-0.6681538820266724,-0.1442195755737204,0.1211383009111504,0.4398847571983774,84.0
1652965109.207127,-0.1232872009277343,-0.5190121531486511,-0.3758200407028198,-0.1290321350097656,-0.1156045421957969,-0.9848788380622864,-0.598466157913208,1.3603085279464722,-0.7252139449119568,-0.1302712480879332,0.1158636018322887,0.4320880816416108,84.0
1652965109.2172542,-0.1539510190486908,-0.4125590920448303,-0.3275946974754333,-0.1144205704331398,-0.1111870408058166,-0.9871906638145448,-0.4885830581188202,1.4384294748306274,-0.7874293327331543,-0.1153903597340389,0.1114174193453192,0.4238736721395051,84.0
1652965109.227041,-0.162758469581604,-0.299180269241333,-0.2908403575420379,-0.0991739109158515,-0.1078260391950607,-0.989210844039917,-0.3772128522396087,1.4708667993545532,-0.8450143337249756,-0.0999217013530363,0.1080360800831359,0.4152923489655857,84.0
1652965109.2369971,-0.170375719666481,-0.1732502579689026,-0.2639323472976684,-0.0836526006460189,-0.1052693054080009,-0.9909190535545348,-0.3129082918167114,1.4802279472351074,-0.9019308686256408,-0.0842195138622569,0.1054647096931905,0.4062621464540237,84.0
1652965109.2471,-0.1881294846534729,-0.0616285800933837,-0.2528530359268188,-0.0681113451719284,-0.1027530580759048,-0.9923722147941588,-0.3539468050003052,1.471540451049805,-0.9553051590919496,-0.0685274033057054,0.1029347350151152,0.3967286358942335,84.0
1652965109.256884,-0.2064433991909027,0.0413597226142883,-0.2535209357738495,-0.0525745339691638,-0.0995216816663742,-0.9936454892158508,-0.4188365042209625,1.4712022542953491,-1.0094605684280396,-0.052861465200391,0.0996867079256562,0.3867044087027107,84.0
1652965109.266895,-0.2066244781017303,0.1089563369750976,-0.2585003972053528,-0.0370583720505237,-0.0952898785471916,-0.9947595000267028,-0.5307700037956238,1.466125726699829,-1.0545141696929932,-0.037236378785156,0.0954346769165825,0.3761898428928367,84.0
1652965109.276847,-0.2032752931118011,0.1611111760139465,-0.2390124201774597,-0.021685030311346,-0.0899975970387458,-0.9957059025764464,-0.5901640057563782,1.4324051141738892,-1.1167510747909546,-0.0217751077207001,0.0901195292105717,0.3651979217269975,84.0
1652965109.28677,-0.1958943158388137,0.1838830709457397,-0.2264515459537506,-0.0067118871957063,-0.0839885398745536,-0.9964441061019896,-0.6594517230987549,1.379904866218567,-1.1916130781173706,-0.0067357371485868,0.084087595381405,0.3535666950415679,84.0
1652965109.2966928,-0.2051735967397689,0.2470474243164062,-0.2008586674928665,0.007770633790642,-0.0771869868040084,-0.9969863295555116,-0.700397789478302,1.337451696395874,-1.271198272705078,0.0077939649194144,0.0772638372850842,0.3412937549270429,84.0
1652965109.306702,-0.2252579629421234,0.3026538491249084,-0.1878996044397354,0.0217209700495004,-0.0700044557452201,-0.9973101615905762,-0.712338924407959,1.282522439956665,-1.3486711978912354,0.021776110745558,0.0700617586826948,0.3283181192623918,84.0
1652965109.316859,-0.2324270009994506,0.3608726263046264,-0.1650728285312652,0.0350850783288478,-0.0623289234936237,-0.9974387884140016,-0.7531747221946716,1.2206003665924072,-1.414265751838684,0.0351606718186177,0.0623693492485366,0.3147409684032136,84.0
1652965109.32665,-0.2384836822748184,0.4125261306762695,-0.1542600095272064,0.0477030277252197,-0.054098755121231,-0.9973954558372498,-0.7886943221092224,1.1467037200927734,-1.475015640258789,0.0477911776824893,0.0541251778185795,0.3006612618425942,84.0
1652965109.336695,-0.2228630930185318,0.4689659476280212,-0.1553452312946319,0.0594414509832859,-0.0451552644371986,-0.9972099661827089,-0.8334362506866455,1.0740479230880735,-1.5267198085784912,0.0595373111028383,0.0451706238214798,0.2861926042907822,84.0
1652965109.346526,-0.173062652349472,0.5060001015663147,-0.1361667662858963,0.0703557282686233,-0.0363338515162467,-0.9968600273132324,-0.737768292427063,0.9818044900894164,-1.5849487781524658,0.0704605029264623,0.0363418516247171,0.2712432346108558,84.0
1652965109.356501,-0.1250393390655517,0.514030396938324,-0.0607269629836082,0.0797207355499267,-0.0286132637411355,-0.9964064955711364,-0.5584917664527893,0.7956271767616272,-1.6418280601501465,0.079838179109626,0.0286171699275158,0.2557093655503712,84.0
1652965109.366475,-0.14844711124897,0.5096233487129211,0.0080838501453399,0.0871372893452644,-0.0227628201246261,-0.9959362149238586,-0.3525905013084411,0.6179370880126953,-1.673997163772583,0.0872706075507778,0.022764785502499,0.2396131590248616,84.0
1652965109.3765,-0.2084147632122039,0.5403281450271606,0.0460172146558761,0.0929667428135871,-0.01847511716187,-0.9954977631568908,-0.219320148229599,0.4949999153614044,-1.6957614421844482,0.0931171194739592,0.0184761685903678,0.2231200008730517,84.0
1652965109.386555,-0.2343578338623047,0.5863364338874817,0.0526046492159366,0.0976695865392685,-0.0151138184592127,-0.9951041340827942,-0.1379744261503219,0.3981167674064636,-1.692953109741211,0.0978367511866453,0.0151143941047403,0.2064804131901965,84.0
1652965109.396295,-0.2303744554519653,0.6095291376113892,0.0389942452311515,0.1012850776314735,-0.0121693108230829,-0.9947829842567444,-0.1343992054462433,0.2895770668983459,-1.6960787773132324,0.1014665959501039,0.0121696108476819,0.1898242731477784,84.0
1652965109.406317,-0.1974335461854934,0.6198687553405762,0.0278616547584533,0.1039887145161628,-0.0095053482800722,-0.9945330619812012,-0.0526374839246273,0.2100244611501693,-1.71140718460083,0.1041817743127223,0.0095054911151504,0.1730566336177029,84.0
1652965109.416247,-0.1215557754039764,0.6076268553733826,0.0520192384719848,0.1053661927580833,-0.0073110037483274,-0.9944066405296326,-0.0274139549583196,0.0343935079872608,-1.7282421588897705,0.1055649666942348,0.0073110690628724,0.1560400202939531,84.0
1652965109.426264,-0.0914598703384399,0.6179324388504028,0.0884410515427589,0.1049791499972343,-0.0056621362455189,-0.9944583177566528,0.0652448758482933,-0.1295288354158401,-1.7416279315948486,0.105174625406775,0.0056621665837267,0.1388338459702325,84.0
1652965109.436213,-0.1283324509859085,0.6100073456764221,0.1121755987405777,0.1031707003712654,-0.0050436593592166,-0.994650900363922,0.1749600619077682,-0.2474015802145004,-1.7303240299224854,0.1033559338779963,0.0050436807646131,0.1215251383817639,84.0
1652965109.446138,-0.178537905216217,0.6261544227600098,0.1433170884847641,0.1002755761146545,-0.0055760187096893,-0.9949440956115724,0.2747385799884796,-0.350189208984375,-1.7005608081817627,0.1004459541439618,0.005576047582511,0.1042782025082333,84.0
1652965109.456229,-0.2043236494064331,0.6336078643798828,0.1603747010231018,0.0964134857058525,-0.0069018094800412,-0.9953174591064452,0.3045417666435241,-0.4528215825557709,-1.664785385131836,0.0965657906156289,0.0069018643007867,0.0873161317061437,84.0
1652965109.466086,-0.1887993067502975,0.6121640205383301,0.1469657272100448,0.0915397778153419,-0.0079123927280306,-0.99576997756958,0.2007644921541214,-0.5483174920082092,-1.6474405527114868,0.0916709865455819,0.0079124756232161,0.0706994483434154,84.0
1652965109.476035,-0.1286351233720779,0.5919990539550781,0.1222572326660156,0.0858036950230598,-0.0079078897833824,-0.9962806701660156,0.0872299969196319,-0.6379579305648804,-1.6647282838821411,0.0859120201852258,0.0079079718881315,0.0541507383707421,84.0
1652965109.4860091,-0.0637211352586746,0.5852199196815491,0.1637806147336959,0.0789036303758621,-0.0071949381381273,-0.9968562722206116,0.0521897263824939,-0.7848607897758484,-1.7088524103164673,0.0789877794106178,0.0071950000357198,0.0373761339971677,84.0
1652965109.495962,-0.0595973879098892,0.5604906678199768,0.2055338621139526,0.0703090578317642,-0.0067576239816844,-0.9975023865699768,0.0871984437108039,-0.9717838168144226,-1.750019907951355,0.0703687203078614,0.0067576752015068,0.0201352141202566,84.0
1652965109.505909,-0.1125311180949211,0.5708265900611877,0.2117737680673599,0.0599493309855461,-0.006619363091886,-0.9981794953346252,0.0580275058746337,-1.1322169303894043,-1.7921329736709597,0.0599866138752598,0.0066194112950095,0.0024892333849359,84.0
1652965109.515857,-0.1699668169021606,0.572135865688324,0.1683186292648315,0.0482779629528522,-0.005751512479037,-0.9988173842430116,-0.0684414803981781,-1.2344087362289429,-1.8272664546966555,0.0482975372993862,0.0057515441138331,-0.0155388264925331,84.0
1652965109.525985,-0.1905859559774398,0.5588982701301575,0.1269764900207519,0.035632949322462,-0.0035939319059252,-0.9993584752082824,-0.2115083634853363,-1.3207305669784546,-1.879063844680786,0.0356407231114647,0.0035939395987369,-0.0339279325031292,84.0
1652965109.53578,-0.1799017637968063,0.5350935459136963,0.1078550517559051,0.0221716593950986,-5.172651799512096e-05,-0.9997541904449464,-0.4051265716552734,-1.3872218132019043,-1.9505395889282229,0.0221734757426518,5.172651840577839e-05,-0.0528742847082441,84.0
1652965109.545724,-0.1377100199460983,0.5051754117012024,0.1448415964841842,0.0079645328223705,0.0047708163037896,-0.9999569058418274,-0.4680043160915375,-1.4635509252548218,-2.047844648361206,0.0079647073264939,-0.0047708344192264,-0.072698294095991,84.0
1652965109.555692,-0.0866600051522255,0.440044641494751,0.2148529589176178,-0.007349394261837,0.008673028089106,-0.9999353885650636,-0.2852509617805481,-1.5857402086257937,-2.104680061340332,-0.0073497369580122,-0.00867313646372,-0.0934013502263666,84.0
1652965109.565884,-0.1242281943559646,0.3455792665481567,0.3339810669422149,-0.0240414571017026,0.0098452130332589,-0.999662458896637,-0.0380358397960662,-1.7083046436309814,-2.108391523361206,-0.0240449393576262,-0.0098453719548474,-0.114443044745117,84.0
1652965109.57566,-0.2299809753894806,0.2798483371734619,0.45122030377388,-0.041457612067461,0.0087558617815375,-0.9991018772125244,0.1081797629594802,-1.7535310983657837,-2.029064416885376,-0.0414710888349724,-0.0087559740911031,-0.1350653991425988,84.0
1652965109.585701,-0.2704809606075287,0.27304208278656,0.4953798651695251,-0.0591088868677616,0.0063596325926482,-0.9982312917709352,0.1822758167982101,-1.753339171409607,-1.846091866493225,-0.0591445565977101,-0.0063596752565713,-0.1543296864988099,84.0
1652965109.595546,-0.2374012172222137,0.2664222121238708,0.4985009729862213,-0.0761973932385444,0.0026281489990651,-0.9970892667770386,0.34962198138237,-1.6784918308258057,-1.5386515855789185,-0.0762715820759566,-0.002628151917811,-0.1710205921501116,84.0
1652965109.6055532,-0.2087711840867996,0.2177451848983764,0.5105488896369934,-0.0927882567048072,-0.0019124272512272,-0.995684027671814,0.2979806363582611,-1.6584970951080322,-1.223926663398743,-0.0929220908000505,0.0019124284193035,-0.1844562503951533,84.0
1652965109.615396,-0.1346335411071777,0.2164981365203857,0.5101763606071472,-0.1088814586400985,-0.0053698513656854,-0.9940402507781982,0.2056734263896942,-1.5925559997558594,-0.908050537109375,-0.1090993303615024,0.0053698770080001,-0.1947839772165124,84.0
1652965109.6254458,-0.0401330813765525,0.1593164801597595,0.5252780914306641,-0.1244787275791168,-0.0083713876083493,-0.992186963558197,0.2309241890907287,-1.5728771686553955,-0.6248552799224854,-0.1248068502010152,0.0083714851519194,-0.2020839596983911,84.0
1652965109.635568,-0.0434503406286239,0.0788608193397522,0.5961666703224182,-0.1400976032018661,-0.0115872053429484,-0.99006986618042,0.2725298404693603,-1.5949103832244873,-0.4038593173027038,-0.1405694857141157,0.0115874643214266,-0.2068048486718607,84.0
1652965109.645608,-0.1365109980106353,0.0490339398384094,0.6541828513145447,-0.1557100564241409,-0.014687018468976,-0.9876936078071594,0.2633206248283386,-1.5754722356796265,-0.2393158972263336,-0.1563632333648362,0.0146875465758511,-0.2095252384674143,84.0
1652965109.65525,-0.2036015689373016,0.0751488804817199,0.647636353969574,-0.1709559112787246,-0.017570462077856,-0.98512202501297,0.2721382677555084,-1.5313454866409302,-0.1155575141310691,-0.1718265741660779,0.0175713654487366,-0.2108405279654189,84.0
1652965109.665282,-0.1888352930545807,0.0990277528762817,0.5782378911972046,-0.1857527196407318,-0.0208953768014907,-0.9823743104934692,0.3944953382015228,-1.4952125549316406,0.0024847034364938,-0.1868791356627109,0.0208968982365917,-0.2107786952108203,84.0
1652965109.675235,-0.1291732341051101,0.0260376334190368,0.4956620037555694,-0.2003097534179687,-0.0246689636260271,-0.9794219732284546,0.3733113706111908,-1.4797593355178833,0.0996659249067306,-0.2017363106940087,0.0246714664840253,-0.2095040094950488,84.0
1652965109.6851912,-0.0374436378479003,-0.0460706353187561,0.4787867665290832,-0.2147536128759384,-0.0279505867511034,-0.976268231868744,0.3740948736667633,-1.4925907850265503,0.1735574603080749,-0.2165254925398237,0.0279542267672632,-0.2074157846309059,84.0
1652965109.695136,0.0058628469705581,-0.1154322028160095,0.5333256721496582,-0.2295414060354232,-0.0313420481979846,-0.9727941155433656,0.4311074018478393,-1.53999662399292,0.2400522828102111,-0.2317224072326679,0.0313471822507555,-0.2045058792505453,84.0
1652965109.705232,-0.0342847853899002,-0.149593710899353,0.600253701210022,-0.2446458339691162,-0.0353733375668525,-0.9689670205116272,0.5399364233016968,-1.5601685047149658,0.3027588129043579,-0.2473124220993088,0.0353807202916306,-0.2007466229082866,84.0
1652965109.715068,-0.0696619153022766,-0.1282331347465515,0.6157351136207581,-0.2597905695438385,-0.040143109858036,-0.964830219745636,0.6243374943733215,-1.5528807640075684,0.422659695148468,-0.263022353370077,0.0401539000525751,-0.1958127267252936,84.0
1652965109.7250109,-0.0908209681510925,-0.0656446814537048,0.6304318308830261,-0.2746117711067199,-0.0448453240096569,-0.9605088829994202,0.6448134779930115,-1.4859166145324707,0.5688741207122803,-0.2784735363762603,0.0448603686648481,-0.1893986348412951,84.0
1652965109.734978,-0.0883918106555938,-0.1131070256233215,0.5822256207466125,-0.2889427542686462,-0.049297172576189,-0.9560762643814088,0.6419602632522583,-1.4517881870269775,0.7324958443641663,-0.2934897237838569,0.0493171601956593,-0.1812938503724226,84.0
1652965109.744934,-0.0279863476753234,-0.173105239868164,0.5034939050674438,-0.3029920160770416,-0.0522610023617744,-0.9515590667724608,0.4878508448600769,-1.428218126296997,0.8727061748504639,-0.308265784282292,0.0522848191594595,-0.1719707257819268,84.0
1652965109.754839,0.0028820037841796,-0.2195847630500793,0.46003058552742,-0.3168163001537323,-0.0531702563166618,-0.9469954371452332,0.3016985356807709,-1.3887090682983398,0.9585660099983216,-0.3228441805824949,0.0531953401270638,-0.1620613334019511,84.0
1652965109.764861,-0.0643459856510162,-0.2323261499404907,0.4535301029682159,-0.3302004933357239,-0.0519798062741756,-0.9424784779548644,0.1255581527948379,-1.3410590887069702,1.0035851001739502,-0.3369895602222237,0.0520032431401304,-0.1520824705395948,84.0
1652965109.77502,-0.1400351524353027,-0.2070749402046203,0.4634225368499756,-0.3429665565490722,-0.0490396283566951,-0.9380666613578796,-0.0096482746303081,-1.2771410942077637,1.0456666946411133,-0.3505130412950263,0.0490593049535842,-0.1422790388945223,84.0
1652965109.784801,-0.1708212792873382,-0.1644561290740966,0.4827710390090942,-0.3551186323165893,-0.0447522588074207,-0.9337494373321532,-0.0905407220125198,-1.2266169786453247,1.1151092052459717,-0.3634219736756336,0.0447672104135107,-0.1324028366290013,84.0
1652965109.794688,-0.1678037643432617,-0.1607230305671692,0.4755689799785614,-0.3667878806591034,-0.0397169478237628,-0.9294564127922058,-0.0762651860713958,-1.1782889366149902,1.2351884841918943,-0.3758652494382689,0.0397273979003525,-0.1218502447373452,84.0
1652965109.804874,-0.120507001876831,-0.251081109046936,0.4487433433532715,-0.378043383359909,-0.0345588065683841,-0.9251426458358764,0.015198684297502,-1.1668565273284912,1.3785738945007324,-0.3879259956583383,0.0345656907307817,-0.109867958850844,84.0
1652965109.814718,-0.0652568042278289,-0.3582714796066284,0.4024566411972046,-0.3892567157745361,-0.0294250342994928,-0.9206591844558716,0.0532737672328949,-1.1645548343658447,1.4882019758224487,-0.4000075962483365,0.0294292827783549,-0.0964680911055208,84.0
1652965109.824637,-0.065387487411499,-0.326927125453949,0.3452073931694031,-0.4000665843486786,-0.0238420478999614,-0.916175901889801,0.0417017973959445,-1.1066950559616089,1.5278756618499756,-0.4117136272952441,0.0238443074451919,-0.08247125052159,84.0
1652965109.834776,-0.1122885644435882,-0.2770866751670837,0.2848659753799438,-0.4101417660713196,-0.0178218968212604,-0.9118476510047911,0.0054947924800217,-1.0332525968551636,1.5645556449890137,-0.4226809450247276,0.0178228403473804,-0.0682809963035002,84.0
1652965109.845078,-0.1723498106002807,-0.2095040082931518,0.263426810503006,-0.4194165468215942,-0.0108328303322196,-0.9077292680740356,-0.1080115288496017,-0.9672658443450928,1.5958576202392578,-0.4328296124679878,0.0108330423042298,-0.0541579981911939,84.0
1652965109.854834,-0.2201898396015167,-0.1264007091522216,0.2711712718009949,-0.4279882311820984,-0.0023877101484686,-0.9037811160087584,-0.2195839285850525,-0.904045343399048,1.6700336933135986,-0.4422670189743964,0.0023877125324509,-0.040161849973325,84.0
1652965109.86438,-0.2519022822380066,-0.1106031537055969,0.2539786100387573,-0.4357960522174835,0.0071602961979806,-0.9000169634819031,-0.242763265967369,-0.8390601873397827,1.790145754814148,-0.4509349578748639,-0.0071603571697652,-0.0256614678436375,84.0
1652965109.87504,-0.2270614504814148,-0.1858458518981933,0.193057969212532,-0.4428908824920654,0.017787966877222,-0.8963990211486816,-0.3187085390090942,-0.8051683902740479,1.927107095718384,-0.4588986542561975,-0.0177889053290803,-0.0102139699259237,84.0
1652965109.88493,-0.1552785038948059,-0.2289047837257385,0.1300853192806244,-0.4493356943130493,0.0299640968441963,-0.8928603529930115,-0.400614321231842,-0.7525693774223328,2.043769121170044,-0.4662475749180075,-0.0299685833986672,0.005871191970592,84.0
1652965109.894702,-0.0999990999698638,-0.2346647381782531,0.0782641917467117,-0.4551156163215637,0.0430889427661895,-0.889389157295227,-0.4341970980167389,-0.7238480448722839,2.10075044631958,-0.4729772439276589,-0.0431022870015193,0.0224152146261944,84.0
1652965109.903997,-0.1080664694309234,-0.1844959259033203,0.0586433410644531,-0.4604149460792541,0.0569114387035369,-0.8858776092529297,-0.4928822219371795,-0.706131637096405,2.119381904602051,-0.4793047444865793,-0.0569422068507991,0.0390328016252356,84.0
1652965109.914132,-0.1556677520275116,-0.1109043955802917,0.0285963043570518,-0.4651817977428436,0.0717149302363395,-0.8823054432868958,-0.6207655668258667,-0.6786753535270691,2.126080274581909,-0.4851970234803697,-0.0717765446484385,0.0552487572097016,84.0
1652965109.923949,-0.1868122220039367,-0.0320913791656494,-0.0073070973157882,-0.4692088663578033,0.0883159860968589,-0.8786599636077881,-0.8665904998779297,-0.6300199031829834,2.093043804168701,-0.4904801626611016,-0.0884311994185321,0.0704547285481735,84.0
1652965109.933887,-0.2406335175037384,0.0136681199073791,-0.0648787170648574,-0.4726996123790741,0.1079695150256156,-0.8745842576026917,-1.3847802877426147,-0.6361196041107178,2.0608060359954834,-0.4955086180898979,-0.1081803982118013,0.083551206515831,84.0
1652965109.943958,-0.3121941685676574,0.0280102491378784,-0.2031412124633789,-0.4753271639347076,0.1338815540075302,-0.8695629835128784,-2.264814853668213,-0.5269867181777954,2.0599493980407715,-0.5002503934803513,-0.1342847705323028,0.0930257024546256,84.0
1652965109.953761,-0.3744748830795288,0.0982327461242675,-0.3778940439224243,-0.4761110246181488,0.1685587167739868,-0.8630795478820801,-3.484083652496338,-0.3662877976894378,2.0222384929656982,-0.5041030950648311,-0.1693672747292693,0.0972301302759563,84.0
1652965109.966472,-0.3540169298648834,0.192963421344757,-0.4738394021987915,-0.4747794270515442,0.2136007249355316,-0.8537910580635071,-4.775904178619385,-0.2159843146800995,1.9291787147521973,-0.507502119929001,-0.2152592723804145,0.0944743848471585,84.0
1652965109.973732,-0.2071518898010254,0.1742355227470398,-0.5079566240310669,-0.4720472991466522,0.2682715356349945,-0.8397628664970398,-5.9972991943359375,-0.2250994741916656,1.8060526847839355,-0.5121005537779791,-0.2715983599963539,0.0841717194309132,84.0
1652965109.983734,-0.0620570182800293,0.0914814472198486,-0.4530840218067169,-0.4692082107067108,0.329960823059082,-0.8191273212432861,-6.85282564163208,-0.3384028673171997,1.6791645288467407,-0.5201904590795384,-0.3362620768878154,0.0667432238491369,84.0
1652965109.993623,-0.0772362947463989,-0.0445253849029541,-0.3731684386730194,-0.4664343297481537,0.3934168219566345,-0.7922513484954834,-6.950448989868164,-0.3900454938411712,1.5548495054244995,-0.532102968527461,-0.4043451595099712,0.044343691756956,84.0
1652965110.0036922,-0.2135134637355804,-0.1071030497550964,-0.2679842710494995,-0.4625881910324096,0.4527529180049896,-0.7622511982917786,-6.558474540710449,-0.265202909708023,1.457301139831543,-0.545456423865002,-0.46985040948586,0.0203995685778798,84.0
1652965110.013744,-0.3179078102111816,-0.1003870368003845,-0.119349718093872,-0.4573454558849334,0.5058547258377075,-0.7314000129699707,-5.816648960113525,-0.1864669620990753,1.44145667552948,-0.5588160025375004,-0.53037255611956,-0.0027710400079904,84.0
1652965110.023633,-0.2901464700698852,-0.1783523559570312,-0.0859756469726562,-0.4511712491512298,0.549980103969574,-0.7028274536132812,-4.71471118927002,-0.1862019747495651,1.393272876739502,-0.5706864471363636,-0.5823403964354211,-0.0217922711952691,84.0
1652965110.033656,-0.1276960372924804,-0.2479625344276428,-0.0762529969215393,-0.4451035857200622,0.5849046111106873,-0.6780628561973572,-3.625972270965576,-0.3059808313846588,1.3518551588058472,-0.580885033911892,-0.6247624845689345,-0.035371608968658,84.0
1652965110.043682,-0.0339022576808929,-0.2950090765953064,-0.043316900730133,-0.4395779371261596,0.6122407913208008,-0.6572156548500061,-2.8545055389404297,-0.4089146852493286,1.3099342584609983,-0.5895118225348416,-0.6588915416461438,-0.0436912756527787,84.0
1652965110.05344,-0.0755882859230041,-0.3380424380302429,-0.0362419486045837,-0.4344214797019958,0.6352409720420837,-0.6385505795478821,-2.584134101867676,-0.4528901278972626,1.2635447978973389,-0.5973983689853293,-0.6883204749261275,-0.0492774410434598,84.0
1652965110.063622,-0.144234150648117,-0.3394204974174499,-0.1288015246391296,-0.4292063415050506,0.6571217775344849,-0.6196553707122803,-2.72815465927124,-0.4070550203323364,1.215414047241211,-0.6057782466357677,-0.7169939830890635,-0.055443049015905,84.0
1652965110.074328,-0.1572897136211395,-0.3425871729850769,-0.2345929741859436,-0.4235360026359558,0.6792187690734863,-0.5993988513946533,-2.9019343852996826,-0.2851546704769134,1.1116220951080322,-0.6151426274098412,-0.7466976297592779,-0.0642956719135843,84.0
1652965110.083552,-0.0880275070667266,-0.3728141188621521,-0.2510230541229248,-0.4178318083286285,0.700882613658905,-0.5780830979347229,-2.944131374359131,-0.2346315681934356,0.986847460269928,-0.625857093377109,-0.776634120209128,-0.0761035705117641,84.0
1652965110.093375,0.0103737711906433,-0.4118216037750244,-0.1608086228370666,-0.4126259088516235,0.7207298278808594,-0.5570351481437683,-2.6820385456085205,-0.2577009499073028,0.878058135509491,-0.6375572234123158,-0.8048545687699822,-0.0890975158484373,84.0
1652965110.14473,0.0553691685199737,-0.4441052079200744,-0.0378062725067138,-0.4080607891082763,0.7372385263442993,-0.538484513759613,-2.0829341411590576,-0.2893536686897278,0.7839260697364807,-0.6484711333669215,-0.8289739458688348,-0.1004156987681269,84.0
1652965110.153551,-0.107017695903778,-0.454012393951416,-0.0692979097366333,-0.3931959271430969,0.7744216918945312,-0.4956488907337188,-0.6577282547950745,-0.3282315135002136,0.5006515979766846,-0.6706392874406376,-0.8858005241277344,-0.1023857124251844,84.0
1652965110.163311,-0.0686983466148376,-0.4482637047767639,-0.1096673011779785,-0.3910794258117676,0.7797263860702515,-0.4889616072177887,-0.7845005989074707,-0.2359354048967361,0.4062012434005737,-0.6746288830157604,-0.8942286889812033,-0.1039448910133907,84.0
1652965110.173264,0.026235282421112,-0.4429740309715271,-0.0976784229278564,-0.389211356639862,0.7850257754325867,-0.4819222390651703,-0.795514702796936,-0.1871459633111953,0.3341788947582245,-0.6793716913356646,-0.9027377049084478,-0.1073534557375775,84.0
1652965110.1834831,0.1027677357196807,-0.4362252056598663,-0.0471603274345397,-0.3876950144767761,0.7898054718971252,-0.4752891063690185,-0.7144798040390015,-0.1708671301603317,0.2640882432460785,-0.6842432028664196,-0.9104917664717512,-0.1113185359309805,84.0
1652965110.19296,0.1606664061546325,-0.4169721007347107,0.0003960132598876,-0.386633813381195,0.79368656873703,-0.4696551561355591,-0.5306227207183838,-0.1845068782567978,0.2211070209741592,-0.6887454186498231,-0.9168454732694378,-0.1147662597495782,84.0
1652965110.202911,0.1798087954521179,-0.4018641114234924,0.0156340599060058,-0.385909229516983,0.7963622808456421,-0.4657049179077148,-0.2770751118659973,-0.1979510486125946,0.184843823313713,-0.6919716019843397,-0.921256633784988,-0.1164336252717405,84.0
1652965110.2129111,0.1488659381866455,-0.3721624612808227,0.0189340710639953,-0.3855144679546356,0.7978383302688599,-0.4635004103183746,-0.096129298210144,-0.1869506984949112,0.1454156190156936,-0.6938005994090652,-0.9237010397527792,-0.1162456663196489,84.0
1652965110.2231522,0.1140503287315368,-0.3300005197525024,0.0243151783943176,-0.3853821158409118,0.7984234094619751,-0.4626020789146423,0.033190868794918,-0.1750705987215042,0.0965764299035072,-0.6945856503460657,-0.924672135095691,-0.1149422086591644,84.0
1652965110.232944,0.0913349390029907,-0.3213486671447754,-0.0012339353561401,-0.3855243623256683,0.7983987927436829,-0.462525874376297,0.0806668996810913,-0.134383738040924,0.0453600734472274,-0.6948481775199954,-0.9246312668014464,-0.1133414025730745,84.0
1652965110.243813,0.0906736552715301,-0.3065936863422394,-0.0206257104873657,-0.3859159350395202,0.7980151176452637,-0.4628612995147705,0.1069070398807525,-0.0926911532878875,-0.017883077263832,-0.694990934672256,-0.9239943255912644,-0.1121561199404221,84.0
1652965110.253048,0.0945960581302642,-0.2966980040073395,-0.0343174934387207,-0.3866034746170044,0.7973941564559937,-0.463357537984848,0.0906751975417137,-0.0607894137501716,-0.0640357360243797,-0.6953393760081771,-0.922964672293904,-0.111605914453754,84.0
1652965110.262708,0.0735345184803009,-0.2764110863208771,-0.0484601855278015,-0.3875450789928436,0.7966747879981995,-0.4638080596923828,0.0555744692683219,-0.010993093252182,-0.1282847672700882,-0.6960580691396704,-0.9217734997138892,-0.1120200871552756,84.0
1652965110.2726278,0.0502228736877441,-0.256050705909729,-0.0706172585487365,-0.388723760843277,0.7958215475082397,-0.464286208152771,0.0401778705418109,0.0435455180704593,-0.194412425160408,-0.6970454871556333,-0.9203631079923316,-0.113496201380608,84.0
1652965110.282573,0.035805732011795,-0.225279301404953,-0.0946161150932312,-0.3902063369750976,0.7949028611183167,-0.4646163582801819,-0.0258722528815269,0.0901111513376236,-0.2566545009613037,-0.6985697227452957,-0.9188474703420908,-0.1162521982000778,84.0
1652965110.292685,0.0167444944381713,-0.160800814628601,-0.1214905977249145,-0.391958087682724,0.7939453125,-0.4647790789604187,-0.0504042953252792,0.1669432967901229,-0.3354550898075104,-0.7006039087033069,-0.9172708886802798,-0.1203920640288547,84.0
1652965110.302769,0.0267714262008667,-0.1050201058387756,-0.1277391910552978,-0.3939894437789917,0.7926560640335083,-0.4652619063854217,-0.0215422865003347,0.2294247895479202,-0.4119786322116852,-0.7026404321675908,-0.915153331709468,-0.1254912861200389,84.0
1652965110.312813,0.085185557603836,-0.086664080619812,-0.1032737493515014,-0.3963275253772735,0.7907889485359192,-0.4664517939090729,0.0913784727454185,0.23744797706604,-0.4600433111190796,-0.7042992491130636,-0.9120969074407062,-0.1305555643279291,84.0
1652965110.322428,0.1403671503067016,-0.1341524720191955,-0.0710444450378418,-0.3990035951137543,0.788268506526947,-0.4684323966503143,0.1874320358037948,0.189514011144638,-0.4759381115436554,-0.7055293092269173,-0.9079900040364997,-0.1348094051606871,84.0
1652965110.3323689,0.1360929906368255,-0.1673799455165863,-0.0546832680702209,-0.4019621014595032,0.7853654623031616,-0.4707731306552887,0.2202221304178238,0.1667890399694442,-0.4887519478797912,-0.7067156926356921,-0.9032863123384556,-0.1385486694889601,84.0
1652965110.342332,0.0728431642055511,-0.1808322370052337,-0.0460143089294433,-0.4050574898719787,0.7824643850326538,-0.4729458391666412,0.1656145453453064,0.1625868380069732,-0.4969542026519775,-0.7082304093313676,-0.8986136570882118,-0.1425111436106772,84.0
1652965110.352315,0.0016772747039794,-0.1443191170692443,-0.0373986959457397,-0.4080950915813446,0.7799218893051147,-0.4745316207408905,0.0556616224348545,0.1863521486520767,-0.4905922412872314,-0.7102684576669389,-0.8945409786320869,-0.147360966110655,84.0
1652965110.3624349,-0.0532769262790679,-0.0849905908107757,-0.0232868790626525,-0.4109564423561096,0.777894914150238,-0.4753884077072143,-0.0401975288987159,0.210273191332817,-0.4893195331096649,-0.7128317918772493,-0.8913089024606483,-0.1531988991935866,84.0
1652965110.3722038,-0.0918824672698974,-0.0293768644332885,-0.0199494957923889,-0.4136564433574676,0.7762970924377441,-0.4756585955619812,-0.1156867519021034,0.2327067106962204,-0.4777452051639557,-0.7157918205297872,-0.8887701403469589,-0.1598512432885453,84.0
1652965110.382189,-0.1152911782264709,0.0140016078948974,0.0053679943084716,-0.4161266386508941,0.775042712688446,-0.4755494892597198,-0.1633102148771286,0.2416956722736358,-0.4515905678272247,-0.7188548204815226,-0.8867826979667554,-0.1668460296576443,84.0
1652965110.392313,-0.128759890794754,0.0326806008815765,0.0453824400901794,-0.4182829260826111,0.7740296125411987,-0.4753075838088989,-0.1570682823657989,0.2437748610973358,-0.404432862997055,-0.7216693902152066,-0.8851810228155536,-0.1736226886250889,84.0
1652965110.402137,-0.1358324289321899,0.0358174443244934,0.0753073096275329,-0.4199994206428528,0.7731879949569702,-0.4751637578010559,-0.1295953840017318,0.2263764292001724,-0.3251372575759887,-0.72385109351681,-0.8838528573993657,-0.1794480051289269,84.0
1652965110.412053,-0.1304606199264526,0.0636196136474609,0.0942459106445312,-0.421114057302475,0.7724685072898865,-0.4753475785255432,-0.0615934357047081,0.2222817540168762,-0.2418582290410995,-0.7249744817484903,-0.8827191258365511,-0.1837948231926228,84.0
1652965110.422054,-0.1016484498977661,0.0741051435470581,0.0949780941009521,-0.4216364324092865,0.7717210650444031,-0.476097971200943,0.0241656806319952,0.2015471905469894,-0.1561228185892105,-0.7248068704745991,-0.8815429532937794,-0.1863061669885323,84.0
1652965110.4320989,-0.0801675021648407,0.0805484056472778,0.0977389812469482,-0.4216177463531494,0.7709742784500122,-0.4773226976394653,0.0798894017934799,0.1829682290554046,-0.0770545974373817,-0.7235099477964732,-0.8803695665134932,-0.1870956907946483,84.0
1652965110.441992,-0.0658163428306579,0.087688148021698,0.0869788527488708,-0.421152651309967,0.7703208923339844,-0.4787862002849579,0.0999107807874679,0.1661426424980163,-0.0208613649010658,-0.7214438744412727,-0.8793442410440429,-0.1866743237908843,84.0
1652965110.4519072,-0.0521787106990814,0.0945255756378173,0.0613379478454589,-0.4203706979751587,0.769853949546814,-0.4802220165729522,0.0851183161139488,0.1565609574317932,0.0202772803604602,-0.7190380742506164,-0.8786123118001431,-0.185645605207371,84.0
1652965110.461925,-0.0357861518859863,0.0975854992866516,0.0227977037429809,-0.4194140434265136,0.7697132229804993,-0.481283038854599,0.0263665840029716,0.1463330835103988,0.0399564430117607,-0.7168157596178398,-0.8783918391418742,-0.184706164678919,84.0
1652965110.471836,-0.0188896656036376,0.1042925715446472,-0.001594066619873,-0.4183509051799774,0.7699045538902283,-0.4819018840789795,-0.0305715333670377,0.1585762202739715,0.0418707653880119,-0.7149227018323304,-0.8786916051042061,-0.1842197518155146,84.0
