1652964752.441174,0.0082564949989318,0.0098681449890136,-0.0793297886848449,-0.1387802362442016,0.8656762838363647,-0.480983167886734,0.0442921221256256,0.1205921545624733,0.0311358645558357,-0.2809050702900427,-1.0464997857466891,0.4685332554493731,85.0
1652964752.451147,0.014160543680191,0.0344942808151245,-0.0985563397407531,-0.1383365988731384,0.8655700087547302,-0.4813020229339599,0.0302225761115551,0.0959355384111404,-0.0088318288326263,-0.2798774213790092,-1.0462874963027275,0.4685859494842458,85.0
1652964752.461145,0.0199062228202819,0.0607016086578369,-0.1120271682739257,-0.138421282172203,0.8655520677566528,-0.4813100099563598,-0.0081551726907491,0.0579056032001972,-0.0592601150274276,-0.2800355268280329,-1.0462516833345084,0.4676279997265073,85.0
1652964752.471043,0.0338363349437713,0.0850657224655151,-0.0990137457847595,-0.1390457302331924,0.8656154274940491,-0.4810159206390381,-0.0399672985076904,0.0059182457625865,-0.094922088086605,-0.2813963816440622,-1.046378128864331,0.4657699748406825,85.0
1652964752.4810128,0.0401805490255355,0.0902354419231414,-0.0845755338668823,-0.1400341093540191,0.8657035231590271,-0.4805704057216644,-0.0452230460941791,-0.0287894010543823,-0.11085045337677,-0.2835404570047174,-1.0465541138819672,0.4634717722177585,85.0
1652964752.490968,0.0587139278650283,0.0818655788898468,-0.0517167448997497,-0.1412487477064132,0.865696907043457,-0.4802266359329223,-0.0069221295416355,-0.0723940879106521,-0.1028456762433052,-0.2860622242418606,-1.0465409425403425,0.4611482913862517,85.0
1652964752.501058,0.0826257318258285,0.0685364305973053,0.0064221024513244,-0.1425775587558746,0.865297257900238,-0.4805541038513183,0.1082803606986999,-0.1489351838827133,-0.0814823284745216,-0.2884210707834145,-1.0457431297458415,0.4596909505333232,85.0
1652964752.5109038,0.0920120030641555,0.0641733109951019,0.0587216019630432,-0.1440750211477279,0.8642674088478088,-0.48195880651474,0.2591989040374756,-0.2253037989139557,-0.0602458640933036,-0.2904807191419414,-1.0436921401618136,0.4594425383125721,85.0
1652964752.5208712,0.0884467512369155,0.0678929388523101,0.0982780456542968,-0.1456977725028991,0.8626137375831604,-0.4844271838665008,0.3736469149589538,-0.2838163673877716,-0.0302131306380033,-0.2921566327421704,-1.040414037421744,0.4604392477705032,85.0
1652964752.530784,0.0865586400032043,0.0667567253112793,0.1299211382865905,-0.1472886502742767,0.860496461391449,-0.4877008199691772,0.4799264967441559,-0.3172263503074646,-0.0073697161860764,-0.2932963006756484,-1.0362433232834127,0.4625977322235877,85.0
1652964752.540762,0.0807346701622009,0.0380773544311523,0.1378562450408935,-0.1489109843969345,0.8581002950668335,-0.4914158582687378,0.4982892572879791,-0.3429732620716095,0.0085879452526569,-0.294229143645071,-1.0315585575562771,0.4653509583701224,85.0
1652964752.5507112,0.0803662538528442,0.0292951464653015,0.1327377557754516,-0.1504041403532028,0.8558335304260254,-0.4949017465114593,0.446597158908844,-0.3448789119720459,0.0294907540082931,-0.2950373973356753,-1.0271601819897782,0.4684314649911508,85.0
1652964752.5607271,0.0739521384239196,0.019771933555603,0.1318725347518921,-0.1517109721899032,0.8538758158683777,-0.497875452041626,0.3687841296195984,-0.326333999633789,0.0475794784724712,-0.2957784202314063,-1.0233871094720342,0.4714471608469732,85.0
1652964752.570775,0.0715545117855072,0.0100023746490478,0.1368970274925232,-0.1527313143014907,0.8523303866386414,-0.5002061128616333,0.2979907095432281,-0.2956535816192627,0.0785315707325935,-0.2963456965412499,-1.0204250294782775,0.4744347061452402,85.0
1652964752.580596,0.0693807899951934,0.0018886923789978,0.1537405252456665,-0.1532889008522033,0.8510966300964355,-0.5021327137947083,0.2614843547344208,-0.2786186635494232,0.1259254515171051,-0.2962898065255084,-1.0180705396408232,0.4778701369665833,85.0
1652964752.590592,0.063838392496109,-0.0107163786888122,0.1691093444824218,-0.1531939059495926,0.8500405550003052,-0.5039471983909607,0.2683492600917816,-0.2330024093389511,0.1915065199136734,-0.2951114858201033,-1.0160623039276078,0.4822173663679289,85.0
1652964752.600545,0.0692736804485321,-0.0505168437957763,0.1703349351882934,-0.1524188667535781,0.8490133285522461,-0.5059100985527039,0.27448171377182,-0.2050424069166183,0.2525389790534973,-0.2926275762901537,-1.0141151324869224,0.4877154439623689,85.0
1652964752.6104631,0.0728790163993835,-0.0839803218841552,0.1644181609153747,-0.1510040462017059,0.8480178117752075,-0.50799959897995,0.2875111103057861,-0.1646218001842498,0.3091621696949005,-0.2889340636985501,-1.012233862420418,0.4942774973026451,85.0
1652964752.6204472,0.0642557442188263,-0.1177248954772949,0.162732720375061,-0.148911565542221,0.8470636010169983,-0.5102046728134155,0.2887622714042663,-0.1216003000736236,0.3564867973327636,-0.2839781105724293,-1.010435842408392,0.5018031718890986,85.0
1652964752.630405,0.0541813820600509,-0.1326753497123718,0.1582944393157959,-0.1461613923311233,0.8461306691169739,-0.5125424265861511,0.2963078320026397,-0.0524164885282516,0.399491399526596,-0.2777957990536601,-1.0086830398786473,0.5101378114398027,85.0
1652964752.640523,0.0448805689811706,-0.1378893256187439,0.1419036388397216,-0.1427352130413055,0.8452485799789429,-0.5149579048156738,0.2837670147418976,0.0091414162889122,0.439545065164566,-0.2703903517987757,-1.0070301378296955,0.5191753891982315,85.0
1652964752.650316,0.0409294962882995,-0.1405386924743652,0.1182653903961181,-0.1386468261480331,0.8445184826850891,-0.5172675251960754,0.2514047622680664,0.0865795388817787,0.4698913097381592,-0.2618812896091924,-1.0056654053880454,0.5287169582758894,85.0
1652964752.660307,0.0291823893785476,-0.1683574318885803,0.0947476625442504,-0.1340103149414062,0.8440037965774536,-0.5193256139755249,0.1983362138271331,0.1668567955493927,0.4758772850036621,-0.2525376822416146,-1.0047050230216006,0.5382958470854463,85.0
1652964752.670257,0.0167774856090545,-0.1875742077827453,0.0612313151359558,-0.1289143413305282,0.8436912894248962,-0.5211201906204224,0.1676662564277649,0.2551270723342895,0.4791615605354309,-0.242510612873389,-1.0041226666354983,0.5476912950063922,85.0
1652964752.680177,0.0068062990903854,-0.1889631152153015,0.0228669047355651,-0.1233834996819496,0.8435273766517639,-0.5227220058441162,0.1298901140689849,0.324205994606018,0.4811437427997589,-0.2317976682537318,-1.003817348930998,0.5569716392914761,85.0
1652964752.690085,0.0020500123500823,-0.1726018190383911,-0.0093187093734741,-0.1175285801291465,0.8434709906578064,-0.5241601467132568,0.112876109778881,0.3881430625915527,0.4679729044437408,-0.2205744198875905,-1.0037124149492955,0.5660377529177322,85.0
1652964752.700094,0.0038728788495063,-0.1534326672554016,-0.0353302955627441,-0.1114016100764274,0.8434358239173889,-0.5255527496337891,0.1106475740671157,0.4507374763488769,0.4656905829906463,-0.2088785871254531,-1.0036468869933206,0.5749202464519727,85.0
1652964752.710177,0.0062840580940246,-0.1627349853515625,-0.0496925711631774,-0.1050237193703651,0.8433175683021545,-0.527053713798523,0.1286658644676208,0.4964296817779541,0.4681582152843475,-0.1966893833440382,-1.0034268302694165,0.583797998241679,85.0
1652964752.719998,-0.0047684907913208,-0.2260257005691528,-0.0646927952766418,-0.0983962416648864,0.8431505560874939,-0.5285975933074951,0.0986355170607566,0.5416041016578674,0.4589231610298157,-0.1840394476080849,-1.0031161385145366,0.5926711799256873,85.0
1652964752.730051,-0.0159973204135894,-0.2922210097312927,-0.0925322771072387,-0.0915466845035553,0.8432343006134033,-0.5296935439109802,0.0252379365265369,0.6307352781295776,0.4387567639350891,-0.1711389152724269,-1.0032718914110277,0.6010726394633064,85.0
1652964752.7399511,-0.0100863575935363,-0.3648262619972229,-0.1007312536239624,-0.0843655914068222,0.8438801169395447,-0.5298575162887573,-0.133733868598938,0.7218204736709595,0.4156264066696167,-0.1578977291606919,-1.004474472818545,0.608771485764602,85.0
1652964752.7499518,0.0170173346996307,-0.390592098236084,-0.084060788154602,-0.0768318250775337,0.8453981876373291,-0.528581976890564,-0.3209699988365173,0.824695348739624,0.4055095911026001,-0.1443437009767288,-1.007310156581076,0.6156744347241768,85.0
1652964752.760154,0.0505002737045288,-0.3866887092590332,-0.0315220952033996,-0.0688108578324318,0.8479894995689392,-0.5255274176597595,-0.5509624481201172,0.9023480415344238,0.427185595035553,-0.1301960866577507,-1.012180442346261,0.6222369381286996,85.0
1652964752.770005,0.0719172954559326,-0.3763927817344665,0.0425342321395874,-0.0600002147257328,0.8514782786369324,-0.5209460258483887,-0.6554577946662903,0.9817675948143004,0.4941469728946686,-0.1146702285086087,-1.0187979360073722,0.6294406608797736,85.0
1652964752.779957,0.0583225488662719,-0.4269447922706604,0.1145594716072082,-0.0500523373484611,0.8552892804145813,-0.5157278180122375,-0.6917667984962463,1.1041932106018066,0.5946317911148071,-0.0967488470064384,-1.0261089000648334,0.6383217341791062,85.0
1652964752.789754,0.048972699791193,-0.5300540328025818,0.2410770654678344,-0.038398403674364,0.8587002158164978,-0.5110377073287964,-0.4972592294216156,1.2296479940414429,0.7418318390846252,-0.0749971768125752,-1.0327279763258297,0.6501022314278103,85.0
1652964752.799731,0.0971479415893554,-0.629875659942627,0.4448187351226806,-0.0247755497694015,0.8606927990913391,-0.5085214972496033,-0.1535133123397827,1.3200197219848633,0.9230746030807496,-0.0486822571112487,-1.036628931279597,0.6658949175672486,85.0
1652964752.809715,0.1814610362052917,-0.6819033622741699,0.6287615895271301,-0.0091893607750535,0.8604199886322021,-0.5095027089118958,0.3507828116416931,1.306166410446167,1.1649491786956787,-0.0180339857026517,-1.0360933209126126,0.6862806744106523,85.0
1652964752.819695,0.2643856108188629,-0.6835291981697083,0.7052462100982666,0.0084262322634458,0.857101321220398,-0.515079140663147,0.9433404207229614,1.230238914489746,1.4416593313217163,0.0163576441300396,-1.0296161534687076,0.7115950851424913,85.0
1652964752.829612,0.2560064196586609,-0.6531449556350708,0.6865349411964417,0.0280359163880348,0.8509408235549927,-0.5245130062103271,1.2902519702911377,1.237727165222168,1.6687594652175903,0.0534005061547683,-1.017773807211955,0.7406986356083471,85.0
1652964752.839567,0.1462906301021576,-0.627994179725647,0.6288771629333496,0.0494948662817478,0.8430619835853577,-0.535534143447876,1.4036887884140017,1.3564106225967407,1.7899389266967771,0.0921596857804104,-1.0029514838073803,0.7712354398844066,85.0
1652964752.84969,0.0709705650806427,-0.6092981100082397,0.5937238931655884,0.0724315047264099,0.8345446586608887,-0.5461583733558655,1.3393361568450928,1.4767577648162842,1.8646438121795652,0.1318505638029481,-0.9873057704868272,0.8016988964520031,85.0
1652964752.8598409,0.0530373752117157,-0.5921506881713867,0.5605364441871643,0.0964987277984619,0.8258925080299377,-0.5555084943771362,1.2342780828475952,1.5754015445709229,1.9301307201385496,0.1719960788561429,-0.971783268060432,0.8317433662677504,85.0
1652964752.869451,0.0752412676811218,-0.5582172274589539,0.5194689035415649,0.1214750036597251,0.8172926902770996,-0.5632731318473816,1.0918725728988647,1.6302332878112793,1.9955403804779053,0.21240609354012,-0.9566968607011592,0.8614916710144414,85.0
1652964752.879575,0.1095941662788391,-0.5091028809547424,0.4959391951560974,0.147257000207901,0.8086110949516296,-0.5696171522140503,1.034318208694458,1.671394109725952,2.074591398239136,0.252980591399819,-0.9417875495443602,0.8911932892399522,85.0
1652964752.889344,0.0957737863063812,-0.455014169216156,0.5083916783332825,0.1737879663705825,0.7991645932197571,-0.5754423141479492,1.1047582626342771,1.6927205324172974,2.1497557163238525,0.2932976329942049,-0.925904124339621,0.920461361179007,85.0
1652964752.899322,0.0629011541604995,-0.3839070200920105,0.5504971146583557,0.2008164525032043,0.7882023453712463,-0.58173006772995,1.3096051216125488,1.7106810808181765,2.20928955078125,0.3323972512171523,-0.9078824230187624,0.9483687002234475,85.0
1652964752.909243,0.0246954262256622,-0.3259135484695434,0.5652240514755249,0.228218987584114,0.7750622630119324,-0.5892322063446045,1.5539755821228027,1.705540657043457,2.271420478820801,0.3695241846097406,-0.8868136691643392,0.9741080444187412,85.0
1652964752.919359,-0.0320607125759124,-0.2532132863998413,0.5444643497467041,0.2558766305446625,0.759628176689148,-0.5979065895080566,1.797590970993042,1.7275480031967163,2.304898977279663,0.4043702026574549,-0.8627411673488211,0.9972466790214491,85.0
1652964752.929198,-0.1075705289840698,-0.2014822959899902,0.5082623958587646,0.2836416661739349,0.7419818639755249,-0.6074623465538025,2.0082151889801025,1.772972583770752,2.2950167655944824,0.4368424006106017,-0.8360216642085088,1.0172273114811816,85.0
1652964752.939098,-0.1402187943458557,-0.1451537609100341,0.4587880373001098,0.3113308250904083,0.7222728133201599,-0.6175719499588013,2.2391433715820312,1.823246717453003,2.281336069107056,0.4669387821497703,-0.8070830039146066,1.0337892983033974,85.0
1652964752.9490771,-0.1088101863861084,-0.1013258099555969,0.3988484740257263,0.3386532962322235,0.7003642916679382,-0.6283341646194458,2.446310520172119,1.789534091949463,2.2682912349700928,0.4943354992330102,-0.7759077156730997,1.0469886202686007,85.0
1652964752.959038,-0.065031349658966,-0.0378193259239196,0.3557798266410827,0.3653395771980285,0.676477313041687,-0.6394571661949158,2.5847408771514893,1.74203360080719,2.259861707687378,0.5190700668604522,-0.7429687901254756,1.0573669408829771,85.0
1652964752.9689631,-0.0374687612056732,6.23464584350586e-05,0.3178152441978454,0.3911979794502258,0.6511637568473816,-0.6503461003303528,2.648024320602417,1.6760762929916382,2.2373409271240234,0.5415384224793108,-0.7091168280820707,1.065540333526345,85.0
1652964752.97896,-0.0678556263446807,0.0193475484848022,0.2741857767105102,0.4160001277923584,0.6251367926597595,-0.6604149341583252,2.579326868057251,1.625719666481018,2.172344923019409,0.5621203401712818,-0.6753068079997134,1.0720652409864424,85.0
1652964752.988884,-0.1422644853591919,0.0664016008377075,0.2200081348419189,0.4396582543849945,0.5995873212814331,-0.668726921081543,2.4152889251708984,1.622641921043396,2.0619258880615234,0.5815985588395041,-0.642985358493557,1.0775213856523649,85.0
1652964752.998873,-0.1917264759540558,0.1203916668891906,0.1648929119110107,0.4622495770454407,0.5749905705451965,-0.6750638484954834,2.2596707344055176,1.6385583877563477,1.9197715520858765,0.6004171855382772,-0.6125926509479785,1.081859387934871,85.0
1652964753.008808,-0.1617728173732757,0.1860676407814026,0.1324449777603149,0.4836722016334533,0.5513625144958496,-0.6797504425048828,2.192103624343872,1.6222738027572632,1.7777299880981443,0.6184315437702814,-0.5839965709463893,1.0848563248770664,85.0
1652964753.018764,-0.0746700763702392,0.2169121503829956,0.1180137395858764,0.5036709308624268,0.5277535915374756,-0.6839531064033508,2.283594846725464,1.5420950651168823,1.6522819995880127,0.6347475866472676,-0.5559536714060508,1.0858264263453437,85.0
1652964753.028759,-0.0224905014038085,0.2508040070533752,0.1298860311508178,0.5220632553100586,0.5036742687225342,-0.6883039474487305,2.4089884757995605,1.460227131843567,1.515228033065796,0.6489048754178236,-0.5278466884576202,1.0842853235986336,85.0
1652964753.038749,-0.0357954502105712,0.2614599466323852,0.139725923538208,0.5388929843902588,0.479063868522644,-0.6928869485855103,2.512819766998291,1.3747562170028689,1.3717715740203855,0.6610260370013065,-0.4995879192332751,1.0802148288043787,85.0
1652964753.048648,-0.1002388596534729,0.277070939540863,0.1272651553153991,0.5542489290237427,0.4544915556907654,-0.6973131895065308,2.561302423477173,1.3361090421676636,1.1967239379882812,0.6715836068580099,-0.4718013151064475,1.07391241637881,85.0
1652964753.058841,-0.1873478889465332,0.2739008665084839,0.0892002582550048,0.5683445930480957,0.4303311109542846,-0.7012842297554016,2.599981546401977,1.3167539834976196,1.0110642910003662,0.6810708325131578,-0.4448595713562897,1.0655437498714633,85.0
1652964753.0685558,-0.2654743194580078,0.2817060351371765,0.0683496296405792,0.5813007354736328,0.4069159626960754,-0.7046338319778442,2.5782463550567627,1.2843188047409058,0.8300120234489441,0.6897813051570689,-0.4190753347462838,1.0553385566297464,85.0
1652964753.078587,-0.3097573518753052,0.3511173129081726,0.0568649768829345,0.5931893587112427,0.3845108449459076,-0.7073032259941101,2.5778117179870605,1.2783777713775637,0.6638044118881226,0.6978757225403001,-0.3946778854595772,1.043812154028003,85.0
1652964753.08852,-0.2206083536148071,0.389825701713562,0.049435019493103,0.6041533350944519,0.3622166514396667,-0.7097871899604797,2.756659746170044,1.1799356937408447,0.5302349925041199,0.7051759803150702,-0.3706449533698961,1.030198650347094,85.0
1652964753.0985131,-0.0703908205032348,0.3567681312561035,0.0809744000434875,0.6133595705032349,0.3388712704181671,-0.7134117484092712,2.95248818397522,0.912511706352234,0.4805894196033478,0.7101303286655963,-0.3457169223097009,1.0144714155935166,85.0
1652964753.108449,-0.1148008704185485,0.3150303363800049,0.0723564326763153,0.6207518577575684,0.3150795996189117,-0.7179081439971924,2.926967144012451,0.788952648639679,0.4023103415966034,0.7129479272099881,-0.3205405156044757,0.997677893081284,85.0
1652964753.118439,-0.2462691068649292,0.2913321852684021,0.042900800704956,0.6274641752243042,0.2928842008113861,-0.7214621901512146,2.654188632965088,0.7934883236885071,0.2958459258079529,0.7158270622876635,-0.2972419293624633,0.981290868394644,85.0
1652964753.1285129,-0.2854105830192566,0.2719697952270508,0.0216594338417053,0.6337993144989014,0.2731557190418243,-0.7236604690551758,2.367969036102295,0.7679746747016907,0.2246109694242477,0.7192965739044207,-0.276671993101154,0.9661356883958078,85.0
1652964753.138336,-0.3056412935256958,0.2570928931236267,0.0150696039199829,0.6398240327835083,0.2561096847057342,-0.7245916128158569,2.0066940784454346,0.7697877287864685,0.160409614443779,0.7233505270861036,-0.2589955026514969,0.9527010970616984,85.0
1652964753.148283,-0.3372865915298462,0.2737233638763428,0.0200022011995315,0.6457430124282837,0.2421744018793106,-0.7241322994232178,1.6488221883773804,0.7766551971435547,0.0837149173021316,0.7282368352296242,-0.2446063390140956,0.9411994161064798,85.0
1652964753.158459,-0.333855926990509,0.3301571607589721,0.0162827968597412,0.6516202092170715,0.2310317456722259,-0.7225064039230347,1.404288649559021,0.8473804593086243,-0.0235683917999267,0.7338575110771068,-0.2331379822703899,0.931077291711903,85.0
1652964753.168212,-0.2021326422691345,0.3382102847099304,0.0540030449628829,0.657439649105072,0.2217538505792617,-0.7201377153396606,1.3334308862686155,0.7855145335197449,-0.0936597138643264,0.7399162599187266,-0.2236127392891432,0.9212849090178732,85.0
1652964753.178168,-0.0623548030853271,0.2903395891189575,0.0970845222473144,0.6623609662055969,0.2124706506729126,-0.7184248566627502,1.424780249595642,0.6387160420417786,-0.0895302146673202,0.7448175874474301,-0.2141026433692237,0.9110565417728782,85.0
1652964753.188129,-0.0781568884849548,0.2283546328544616,0.1378176510334015,0.6664900779724121,0.2026975750923156,-0.7174292802810669,1.4788745641708374,0.5845202207565308,-0.0881206020712852,0.748606812395204,-0.204111898309691,0.9003548449454973,85.0
1652964753.198149,-0.1464227437973022,0.1784225702285766,0.1797003746032714,0.670440137386322,0.1923394948244094,-0.7166000604629517,1.562897562980652,0.5650911331176758,-0.0657977238297462,0.7521309934999878,-0.1935455977010455,0.8892272169361307,85.0
1652964753.2080278,-0.2204212546348571,0.1221343874931335,0.2084801942110061,0.6743854880332947,0.181412473320961,-0.715747058391571,1.5888580083847046,0.5770671963691711,-0.0410132780671119,0.7556532668323959,-0.1824225682070182,0.8778575850664161,85.0
1652964753.218032,-0.2960829734802246,0.1084456443786621,0.2110210359096527,0.6786056160926819,0.1704640537500381,-0.7144484519958496,1.5532987117767334,0.633192777633667,-0.0322645269334316,0.7596741517004523,-0.1713005936370933,0.8666487128991889,85.0
1652964753.227956,-0.3238152265548706,0.102213978767395,0.1926110684871673,0.6833733916282654,0.1600654125213623,-0.7123060822486877,1.4451419115066528,0.7154392004013062,-0.0408905819058418,0.7646709545130937,-0.1607569183704339,0.8559328637011683,85.0
1652964753.23813,-0.2677429914474487,0.1223055720329284,0.1870831847190857,0.6884278059005737,0.150471806526184,-0.7095247507095337,1.3553646802902222,0.7226030826568604,-0.0423971302807331,0.770307971320503,-0.1510454974650439,0.8458885512266059,85.0
1652964753.247888,-0.1685459017753601,0.1637771725654602,0.1777379512786865,0.6934635043144226,0.1412165760993957,-0.7065170407295227,1.3532010316848757,0.7092728018760681,-0.0184063501656055,0.7760743737230521,-0.1416901920634468,0.8361765848628184,85.0
1652964753.257918,-0.0977692008018493,0.1772493720054626,0.1771818250417709,0.6981872916221619,0.1313967406749725,-0.7037538290023804,1.422404170036316,0.6371397376060486,0.0482839979231357,0.7814275729654004,-0.1317778079320047,0.8264890090032739,85.0
1652964753.267932,-0.1489247679710388,0.1753263473510742,0.1926606595516204,0.702696681022644,0.1208007037639617,-0.7011594176292419,1.457349181175232,0.6426244974136353,0.0949776172637939,0.7864932235533318,-0.1210964553888858,0.8167624502839598,85.0
1652964753.27801,-0.2593817710876465,0.1768085956573486,0.2159473598003387,0.707517147064209,0.1098278611898422,-0.6981098651885986,1.4638153314590454,0.7078990936279297,0.1344501972198486,0.7920906786555063,-0.1100498595693093,0.8071825867697144,85.0
1652964753.287725,-0.3198974728584289,0.1610563397407531,0.1897596418857574,0.7127349972724915,0.098677322268486,-0.6944578289985657,1.4465380907058716,0.74822598695755,0.1618311703205108,0.7983858524846671,-0.0988381720783469,0.797822562774337,85.0
1652964753.297709,-0.3280044198036194,0.1612904667854309,0.1083999201655387,0.7182174324989319,0.087843433022499,-0.6902515888214111,1.3317649364471436,0.7920576333999634,0.1808288395404815,0.8052510443864357,-0.0879568018526267,0.7890276778477268,85.0
1652964753.307637,-0.3082239627838135,0.1711701154708862,0.0376234203577041,0.723919153213501,0.0778094008564949,-0.6854828596115112,1.22607159614563,0.8210065364837646,0.1710503697395324,0.812662775745864,-0.0778881307689722,0.7809952335692661,85.0
1652964753.317631,-0.2819645404815674,0.1915944814682006,-0.0077470242977142,0.7296268939971924,0.068614438176155,-0.6803945302963257,1.1491855382919312,0.8258897066116333,0.1391110718250274,0.8203000485219792,-0.0686683913711942,0.7734366618085656,85.0
1652964753.327536,-0.2204163670539856,0.2062345743179321,0.0042249523103237,0.7351563572883606,0.0599230602383613,-0.6752439141273499,1.1584932804107666,0.7763417959213257,0.1319130063056945,0.8278516864748133,-0.0599589794894811,0.7659349246403965,85.0
1652964753.337672,-0.1783439517021179,0.192367136478424,0.0296942219138145,0.7400504946708679,0.0508874878287315,-0.6706233620643616,1.2241010665893557,0.6651654839515686,0.155319258570671,0.8345740783725412,-0.0509094752506662,0.7580868198674314,85.0
1652964753.347474,-0.2275508642196655,0.1893890500068664,0.0291586518287658,0.7443813681602478,0.0413980670273304,-0.6664703488349915,1.2395975589752195,0.6190192103385925,0.1862293928861618,0.8405648294762151,-0.041409900907651,0.7500747237319213,85.0
1652964753.357396,-0.293752372264862,0.2052341103553772,-0.003156516700983,0.7484490275382996,0.0320414863526821,-0.6624178886413574,1.1259604692459106,0.598668098449707,0.2021268606185913,0.8463002726040236,-0.032046969754869,0.74251521766024,85.0
1652964753.367562,-0.3134323954582214,0.2451117634773254,-0.0385456085205078,0.7524582743644714,0.0237141419202089,-0.6582129001617432,0.9406622052192688,0.5963186621665955,0.2058518230915069,0.8521079375483731,-0.0237163654905079,0.7361155024477724,85.0
1652964753.377368,-0.2854432463645935,0.2923092842102051,-0.0696600377559661,0.756344735622406,0.0167884044349193,-0.6539579033851624,0.7264710664749146,0.5732383728027344,0.1977661997079849,0.8578702350575437,-0.0167891929829152,0.731179666353176,85.0
1652964753.387316,-0.2426847219467163,0.3166480660438537,-0.0990801155567169,0.7598966360092163,0.0112963635474443,-0.6499457955360413,0.5177724957466125,0.5147766470909119,0.1774533241987228,0.8632286653312986,-0.0112966035331657,0.7277281462152934,85.0
1652964753.397275,-0.2109650373458862,0.3358426094055176,-0.1238014698028564,0.762997567653656,0.0074075129814445,-0.6463589668273926,0.3031861186027527,0.4501592814922333,0.1455893963575363,0.867970173725084,-0.007407580919912,0.7256421456415671,85.0
1652964753.407228,-0.1897255182266235,0.3508062362670898,-0.1204387247562408,0.7656990885734558,0.004975551739335,-0.6431798338890076,0.1569387167692184,0.3824193477630615,0.1178909167647361,0.8721421488663652,-0.0049755721757064,0.7247666828182034,85.0
1652964753.4172,-0.1890279054641723,0.3529281616210937,-0.0963684916496276,0.7679159045219421,0.0035188281908631,-0.6405410766601562,0.055202230811119,0.3099619150161743,0.0972492918372154,0.8755885266278348,-0.0035188354970458,0.7246823299266112,85.0
1652964753.42713,-0.2159038782119751,0.3614941835403442,-0.0738080739974975,0.7697674036026001,0.0026258779689669,-0.6383191347122192,0.0263570640236139,0.274344652891159,0.0770871862769126,0.878480826189312,-0.0026258810673364,0.7249420275854463,85.0
1652964753.437248,-0.2414389252662658,0.3718941211700439,-0.0812256038188934,0.7714530229568481,0.0020325519144535,-0.6362830996513367,-0.0025299778208136,0.2580101490020752,0.0585473254323005,0.8811240515725974,-0.0020325533232894,0.7252679486160785,85.0
1652964753.447103,-0.2222822904586792,0.3859601020812988,-0.0874113142490387,0.7729873061180115,0.0018095703562721,-0.6344189643859863,-0.0513864681124687,0.2238953709602356,0.0508525744080543,0.8835383972869401,-0.0018095713063354,0.725836281723203,85.0
1652964753.457056,-0.1868259310722351,0.400934636592865,-0.0746905803680419,0.7741824984550476,0.0018604227807372,-0.6329597234725952,-0.0766564011573791,0.1560657322406768,0.0444503389298915,0.8854246015425491,-0.0018604238047404,0.7266568327528444,85.0
1652964753.467008,-0.1702126264572143,0.4129884839057922,-0.0579629838466644,0.7749795317649841,0.0021922013256698,-0.6319826245307922,-0.1229970082640647,0.093521811068058,0.0377074815332889,0.8866855877700541,-0.0021922029735868,0.7276664750175326,85.0
1652964753.4769778,-0.1550559997558593,0.4337590932846069,-0.0418273210525512,0.7753105759620667,0.0027954089455306,-0.6315740346908569,-0.1745651364326477,0.0090663153678178,0.0550249516963958,0.8872114411759678,-0.0027954125772747,0.7291176686387064,85.0
1652964753.4868932,-0.1509519219398498,0.4519467353820801,-0.0424146056175231,0.7751585245132446,0.0036420787218958,-0.6317563056945801,-0.2525146305561065,-0.0612418837845325,0.0772852152585983,0.8869740978640415,-0.0036420867615249,0.7311581468563871,85.0
1652964753.496844,-0.1492038965225219,0.4695504903793335,-0.0320529043674469,0.774509072303772,0.0047702463343739,-0.6325448751449585,-0.3207698464393616,-0.1499554961919784,0.1031410470604896,0.8859525352952653,-0.0047702643703689,0.7339248982924829,85.0
1652964753.5069718,-0.1492193341255188,0.4820901751518249,-0.0076443552970886,0.7733038663864136,0.0060575264506042,-0.634006679058075,-0.379559576511383,-0.2344920635223388,0.1391379386186599,0.8840579606432933,-0.0060575633130507,0.7374224746718856,85.0
1652964753.516806,-0.1607822775840759,0.4720786213874817,0.0203246474266052,0.7715763449668884,0.0072633209638297,-0.6360952854156494,-0.3881184458732605,-0.3164945244789123,0.1855584233999252,0.8813473858046811,-0.0072633846814283,0.7413858445854214,85.0
1652964753.526757,-0.1677445769309997,0.4500561356544494,0.0598739385604858,0.7693223357200623,0.0082718906924128,-0.6388073563575745,-0.4294550120830536,-0.4007911384105682,0.2264287322759628,0.8778208721068517,-0.0082719848880689,0.7458156478942964,85.0
1652964753.536711,-0.1653811931610107,0.4479417204856872,0.1017486453056335,0.7664554119110107,0.0091828256845474,-0.6422318816184998,-0.4508362114429474,-0.5059322118759155,0.2827085256576538,0.8733545420547881,-0.0091829547145308,0.7508175954793807,85.0
1652964753.5466828,-0.1631692051887512,0.458189845085144,0.1258727312088012,0.762839674949646,0.0097779622301459,-0.646513819694519,-0.4893840551376343,-0.6338359713554382,0.3515880405902862,0.867749947489767,-0.0097781184535692,0.7564040545057611,85.0
1652964753.556659,-0.187116265296936,0.484247088432312,0.1433666348457336,0.7584359049797058,0.0102894492447376,-0.651666522026062,-0.5791296362876892,-0.7436780333518982,0.427971214056015,0.860971412965363,-0.0102896305202084,0.7629612167161655,85.0
1652964753.5665731,-0.2091759443283081,0.5157257914543152,0.156293898820877,0.7532585263252258,0.0110035380348563,-0.6576324701309204,-0.6951268315315247,-0.8651458621025085,0.4955304265022278,0.8530717310174348,-0.0110037596615613,0.7707692750691301,85.0
1652964753.5766969,-0.2159099578857422,0.5361908674240112,0.1696605086326599,0.7473431825637817,0.0117665706202387,-0.6643341183662415,-0.7116392254829407,-0.9630271196365356,0.5772436857223511,0.8441322319684,-0.0117668418561441,0.779632631125577,85.0
1652964753.58651,-0.1923002004623413,0.5062916278839111,0.1976663172245025,0.7406858801841736,0.012096332386136,-0.6717426776885986,-0.6816232204437256,-1.0985625982284546,0.6753436326980591,0.8341712764573453,-0.0120966278255535,0.7889877591202755,85.0
1652964753.5964808,-0.150430142879486,0.4900057315826416,0.2449992597103119,0.7328124046325684,0.010875447653234,-0.6803438067436218,-0.523410439491272,-1.2769988775253296,0.8051402568817139,0.822509752514674,-0.0108756620209398,0.798448051792615,85.0
1652964753.606408,-0.1612056493759155,0.4597838521003723,0.2922894060611725,0.7236751914024353,0.0075000813230872,-0.6901000142097473,-0.3280396461486816,-1.4172234535217283,0.9317670464515686,0.8091423109340719,-0.0075001514092589,0.8074686448752096,85.0
1652964753.61639,-0.1988332867622375,0.4396383166313171,0.3484289944171905,0.7135122418403625,0.0020196824334561,-0.7006399035453796,-0.1440836489200592,-1.5402822494506836,1.0602442026138306,0.7945004381224968,-0.002019683858961,0.8160325099514246,85.0
1652964753.626344,-0.1996583342552185,0.4262024164199829,0.3663457334041595,0.7022676467895508,-0.0053837485611438,-0.7118927240371704,-0.0019955486059188,-1.649781346321106,1.1930363178253174,0.7785920433136004,0.0053837744619009,0.8244364600610837,85.0
1652964753.636313,-0.2117156982421875,0.38187175989151,0.3287354409694671,0.690093994140625,-0.0143737746402621,-0.723577082157135,0.0875585675239563,-1.7188310623168943,1.3033015727996826,0.7617173947763697,0.0143742695845359,0.8330271966592147,85.0
1652964753.646336,-0.2357615828514099,0.3396065831184387,0.2958611249923706,0.6773661971092224,-0.024544509127736,-0.735236406326294,0.1817907989025116,-1.7091025114059448,1.4149105548858645,0.7444539528042763,0.0245469747095206,0.8420191895487709,85.0
1652964753.656477,-0.2499218583106994,0.2415332198143005,0.2780992686748504,0.664396345615387,-0.0361100584268569,-0.7465075850486755,0.3103365004062652,-1.6902525424957275,1.4989186525344849,0.7272661548702317,0.0361179099775045,0.8511399952175216,85.0
1652964753.6661692,-0.2210161089897155,0.1962286829948425,0.2966934144496918,0.6513292193412781,-0.0491347536444664,-0.7572027444839478,0.4944649636745453,-1.6218944787979126,1.5887486934661863,0.7103733839652209,0.0491545454592596,0.8601422802702875,85.0
1652964753.676398,-0.186709463596344,0.1333904862403869,0.3225237727165222,0.6384154558181763,-0.0643602311611175,-0.766996443271637,0.7499667406082153,-1.5362730026245115,1.6613893508911133,0.6941622577316997,0.0644047443600274,0.8684666469031839,85.0
1652964753.686139,-0.1774475574493408,0.0981667041778564,0.3182898759841919,0.6258729100227356,-0.0810461863875389,-0.775702714920044,0.8294757008552551,-1.407758355140686,1.6822693347930908,0.6789016226421388,0.0811351756831055,0.8763449658631065,85.0
1652964753.696318,-0.1685037612915039,0.0987259745597839,0.263891190290451,0.6141214966773987,-0.0976771339774131,-0.7831436991691589,0.776521623134613,-1.2417281866073608,1.6622929573059082,0.6650166081005574,0.0978331233621539,0.8843768188543729,85.0
1652964753.705786,-0.1653535962104797,0.0948555469512939,0.1736679077148437,0.6033572554588318,-0.1123885735869407,-0.7895117998123169,0.4150766432285309,-1.0745024681091309,1.5937844514846802,0.6525371946496009,0.1126265299923618,0.8935118435704288,85.0
1652964753.716209,-0.169884979724884,0.1346275210380554,0.0786120146512985,0.5937436819076538,-0.12241992354393,-0.7952873110771179,-0.2155241966247558,-0.9059928059577942,1.4860858917236328,0.6413071567577868,0.1227277816126212,0.905183476674418,85.0
1652964753.7259278,-0.1738805770874023,0.1573356389999389,-0.024297147989273,0.5854253768920898,-0.1262917667627334,-0.8008292317390442,-0.925136148929596,-0.7520433068275452,1.371683120727539,0.6312454474285166,0.1266299170759058,0.9200906771135384,85.0
1652964753.7359009,-0.1385266780853271,0.1515596508979797,-0.0816354379057884,0.5781323909759521,-0.1235952004790306,-0.806527853012085,-1.6329723596572876,-0.666060745716095,1.2850998640060425,0.6219232098774125,0.1239120527282383,0.9384263672323891,85.0
1652964753.7458491,-0.0676817297935485,0.0909011363983154,-0.0622953176498413,0.5712217688560486,-0.115515299141407,-0.8126266002655029,-2.127156972885132,-0.6833947896957397,1.2272953987121582,0.6126914872991384,0.1157737554815811,0.959678780336549,85.0
1652964753.755832,-0.0410008430480957,0.0368480086326599,0.0285350978374481,0.564117968082428,-0.1036235243082046,-0.8191661238670349,-2.449951648712158,-0.7407166361808777,1.1792376041412354,0.6030672131848412,0.1038098721542732,0.9827216950170188,85.0
1652964753.765806,-0.068655788898468,0.0151126980781555,0.1221939772367477,0.556845486164093,-0.0892043858766555,-0.8258121609687805,-2.613797187805176,-0.7640560269355774,1.104933261871338,0.5932689372737086,0.0893231209583469,1.006502654159507,85.0
1652964753.775809,-0.1133099794387817,0.0312477946281433,0.1631744056940078,0.549696147441864,-0.0733763575553894,-0.8321358561515808,-2.634089708328247,-0.7545706629753113,1.0485384464263916,0.5837801480454999,0.0734423583005823,1.0300252403596588,85.0
1652964753.785841,-0.1560208201408386,-0.003703236579895,0.1459088772535324,0.5428768992424011,-0.0576061867177486,-0.8378342390060425,-2.5017130374908447,-0.7307580709457397,1.0084547996520996,0.5749346304794986,0.0576380934799386,1.0526756712011052,85.0
1652964753.7956738,-0.1219082474708557,-0.0461542606353759,0.1286792010068893,0.5361233949661255,-0.0425432585179805,-0.843066930770874,-2.35745620727539,-0.7753002047538757,0.9931731820106506,0.5664136144493624,0.0425561039529996,1.0741884124335424,85.0
1652964753.805637,-0.0411810874938964,-0.060994267463684,0.1321329772472381,0.5288519859313965,-0.0290750432759523,-0.8482158780097961,-2.0843894481658936,-0.8731715083122253,0.9997010827064514,0.5575109184167281,0.0290791422261738,1.0943706450115416,85.0
1652964753.815584,-0.0259488821029663,-0.0561550855636596,0.1369773596525192,0.5207914113998413,-0.0178366657346487,-0.8534976243972778,-1.81928813457489,-0.9725186228752136,1.0146459341049194,0.5478748225514787,0.0178376112841328,1.1130907576247793,85.0
1652964753.825599,-0.0628872513771057,-0.0329570770263671,0.1343074440956115,0.511968731880188,-0.0082087367773056,-0.8589648604393005,-1.6797683238983154,-1.0618780851364136,1.0087385177612305,0.5374951666842465,0.0082088293640285,1.1306774717872197,85.0
1652964753.835489,-0.1079289317131042,-0.0069401264190673,0.1125021874904632,0.5025975704193115,0.0011148242047056,-0.8645197749137878,-1.6825507879257202,-1.1118690967559814,0.9878343939781188,0.5266011486468456,-0.0011148244414209,1.1477113219168862,85.0
1652964753.84547,-0.1214385628700256,-0.0089885592460632,0.0650071948766708,0.4929138123989105,0.0109511222690343,-0.8700092434883118,-1.7108371257781982,-1.16491436958313,0.9734902381896972,0.5154694632846795,-0.010951340753701,1.16458264236333,85.0
1652964753.855599,-0.0835471153259277,-0.0692309141159057,0.0475404262542724,0.4825797379016876,0.0206511802971363,-0.8756085634231567,-1.5887316465377808,-1.2642505168914795,1.0338590145111084,0.5037152575453727,-0.0206526491768983,1.181397357926209,85.0
1652964753.8653889,-0.0670011043548584,-0.2029650807380676,0.0711430832743644,0.4712217152118683,0.028527408838272,-0.8815533518791199,-1.3762271404266355,-1.386586308479309,1.105329155921936,0.4908929634700831,-0.0285312798747674,1.197809563036598,85.0
1652964753.875348,-0.051172912120819,-0.2873153686523437,0.1211351230740547,0.4589030742645263,0.034275721758604,-0.8878249526023865,-1.1068239212036133,-1.4945309162139893,1.159103512763977,0.4770638823850777,-0.0342824365149704,1.213573694723551,85.0
1652964753.885312,-0.0256785750389099,-0.3265746235847473,0.1376276016235351,0.4456767737865448,0.0376196689903736,-0.8944031596183777,-0.865981936454773,-1.5837465524673462,1.2130547761917114,0.4622828065945757,-0.0376285475145889,1.2285367473563735,85.0
1652964753.8952742,-0.0467157363891601,-0.2846411466598511,0.1257721483707428,0.4317408204078674,0.0394500941038131,-0.9011346101760864,-0.7476446032524109,-1.637331247329712,1.2315024137496948,0.4467947792474193,-0.0394603341153301,1.2430146243259697,85.0
1652964753.905221,-0.0834997296333313,-0.2543814182281494,0.0832295417785644,0.4174688756465912,0.0408244915306568,-0.907773733139038,-0.7141141295433044,-1.638839840888977,1.2390679121017456,0.4310414244282404,-0.0408358407189029,1.2572506793812244,85.0
1652964753.915159,-0.118498682975769,-0.2998961806297302,0.0192981176078319,0.4032887518405914,0.0423322133719921,-0.9140930771827698,-0.7435317039489746,-1.5987483263015747,1.2188907861709597,0.4155034453674286,-0.0423448677631343,1.2714011744015283,85.0
1652964753.925291,-0.117683857679367,-0.34563809633255,-0.0282759927213192,0.3895192146301269,0.0448471158742904,-0.9199258089065552,-0.8331964015960693,-1.5364433526992798,1.170056939125061,0.4005355013359701,-0.0448621615222506,1.2854829514481705,85.0
1652964753.9349442,-0.0670373737812042,-0.3796408772468567,-0.0517000332474708,0.3761804699897766,0.0482211150228977,-0.9252907633781432,-0.8362715840339661,-1.4777936935424805,1.1084610223770142,0.3861434142484636,-0.0482398215897048,1.299187089381974,85.0
1652964753.9450622,-0.0295762717723846,-0.4144259691238403,-0.0465875938534736,0.363316535949707,0.0518061853945255,-0.9302242994308472,-0.7973758578300476,-1.4268008470535278,1.0507577657699585,0.3723496485101952,-0.051829386255876,1.3122279611937195,85.0
1652964753.955003,-0.0100387632846832,-0.4081422686576843,-0.0442676469683647,0.3508743941783905,0.0553761273622512,-0.9347837567329408,-0.7435778975486755,-1.365362286567688,0.9876499176025392,0.3590805759187869,-0.0554044680357953,1.32446365600316,85.0
1652964753.964983,-0.0158294737339019,-0.4162742495536804,-0.063950166106224,0.3391479551792145,0.0583807900547981,-0.9389197826385498,-0.6075546741485596,-1.2710436582565308,0.9493107795715332,0.3466270336927796,-0.0584140061235656,1.335854219034839,85.0
1652964753.974967,-0.0557188689708709,-0.4834527969360351,-0.0896186381578445,0.3283934593200683,0.0604744367301464,-0.9426031112670898,-0.4947471916675567,-1.1405423879623413,0.9232965111732484,0.3352397807457294,-0.0605113580321845,1.3464895730003494,85.0
1652964753.9848552,-0.0645106732845306,-0.559633195400238,-0.1195489913225174,0.3187220990657806,0.0615961849689483,-0.9458446502685548,-0.363689512014389,-1.0316154956817627,0.8955756425857544,0.3250207647516254,-0.061635203338285,1.356444275899424,85.0
1652964753.9950051,-0.0443809628486633,-0.5921813249588013,-0.1547822058200836,0.3100670278072357,0.0616731494665145,-0.9487122297286988,-0.2189312577247619,-0.9212016463279724,0.8578788638114929,0.315885619438097,-0.0617123123627452,1.3657163532736605,85.0
1652964754.00481,-0.0511236786842346,-0.5987159609794617,-0.1978127360343933,0.3023901879787445,0.0605905205011367,-0.951256513595581,-0.0888328477740287,-0.8120518922805786,0.8076619505882263,0.3077832189225891,-0.0606276564809597,1.3741049193107937,85.0
1652964754.014853,-0.0734181106090545,-0.5621539950370789,-0.2402687221765518,0.2956776916980743,0.0588875748217105,-0.9534710049629213,-0.0191424451768398,-0.7136672735214233,0.7231321334838867,0.3007029450841716,-0.0589216609711658,1.381559140643399,85.0
1652964754.025036,-0.0926883518695831,-0.5178961753845215,-0.295655608177185,0.2900760471820831,0.0571760721504688,-0.9552940726280212,0.0190842356532812,-0.5782676339149475,0.632915735244751,0.2948030002722597,-0.0572072706153209,1.3880654061032245,85.0
1652964754.089958,-0.1048349440097808,-0.5350773930549622,-0.3906130194664001,0.2820810675621032,0.0536685213446617,-0.9578883051872252,0.0496736392378807,-0.3519988656044006,0.4363521635532379,0.2863869456620652,-0.0536943170690749,1.398089059363836,85.0
1652964754.097798,-0.1481618881225586,-0.4731051921844482,-0.4952942728996277,0.274443656206131,0.0436799600720405,-0.9606106281280518,0.2830853164196014,-0.0129239913076162,-0.1829102337360382,0.278283756390134,-0.0436938625520371,1.4026364725331568,85.0
1652964754.104574,-0.1571474969387054,-0.4364887475967407,-0.5200917720794678,0.2743502557277679,0.0416372306644916,-0.9607279896736144,0.2918510735034942,0.0147466771304607,-0.3285164535045624,0.278161585487622,-0.0416492718189509,1.399392928675806,85.0
1652964754.1144118,-0.1682264804840088,-0.3818832635879516,-0.526849091053009,0.2743819057941437,0.0397581160068511,-0.9607985615730286,0.3369687497615814,0.0261127837002277,-0.4624295234680176,0.2781726596053692,-0.0397685981432404,1.394759662050533,85.0
1652964754.1259298,-0.1769807636737823,-0.3401710987091064,-0.5227141976356506,0.2743318676948547,0.0375915803015232,-0.960900068283081,0.4246483743190765,0.0002891756594181,-0.5956045389175415,0.2780966363980554,-0.0376004403884258,1.3886598488541586,85.0
1652964754.134446,-0.1928077936172485,-0.3074489235877991,-0.5196691155433655,0.273938775062561,0.0346990749239921,-0.9611209630966188,0.5629034638404846,-0.031113488599658,-0.7319642901420593,0.2776577359925165,-0.0347060414578506,1.3809377641090277,85.0
1652964754.144228,-0.2165420055389404,-0.2917012572288513,-0.5066428184509277,0.2732742130756378,0.0308280736207962,-0.9614420533180236,0.6968950629234314,-0.0515003055334091,-0.8769053816795349,0.2769302578719367,-0.0308329596202154,1.3715127720097111,85.0
1652964754.154097,-0.2359026670455932,-0.2783494591712951,-0.4850135445594787,0.2724169790744781,0.0261513199657201,-0.96182382106781,0.8193203210830688,-0.0704172700643539,-1.0366042852401731,0.2760009786475759,-0.0261543011467593,1.3602816153191877,85.0
1652964754.163961,-0.2324170768260955,-0.2524797916412353,-0.4800910651683807,0.2713422775268554,0.0208473764359951,-0.9622570872306824,0.9132023453712464,-0.0983036011457443,-1.1917660236358645,0.2748486551144835,-0.0208488861040661,1.347255416766308,85.0
1652964754.174248,-0.2351416945457458,-0.2131803631782531,-0.4863068163394928,0.2700080573558807,0.0151917804032564,-0.9627382159233092,0.9788719415664672,-0.1302812397480011,-1.351211667060852,0.2734337734080094,-0.0151923647809792,1.332490708530727,85.0
1652964754.1837769,-0.2385855913162231,-0.1655918359756469,-0.4745829105377197,0.268325001001358,0.0092662293463945,-0.963283896446228,1.053348183631897,-0.1809629648923874,-1.4962515830993652,0.2716657969575656,-0.009266361797295,1.3160780423065312,85.0
1652964754.1937609,-0.2484710812568664,-0.1321914792060852,-0.4569705724716186,0.2662170827388763,0.0030369157902896,-0.963908314704895,1.1200162172317505,-0.2350363135337829,-1.6387057304382324,0.2694676151665415,-0.0030369205635903,1.2981304591098624,85.0
1652964754.203988,-0.2556826174259186,-0.1274067759513855,-0.4366499483585357,0.2636782824993133,-0.0036728545092046,-0.9646036624908448,1.208242416381836,-0.2960385084152221,-1.7695517539978027,0.2668352860504452,0.0036728626769408,1.2786933213823812,85.0
1652964754.213664,-0.2675026357173919,-0.1311214566230774,-0.4179871082305908,0.2606362104415893,-0.0109373778104782,-0.9653751254081726,1.298816800117493,-0.3621411025524139,-1.89217746257782,0.2636972673076278,0.0109375962210466,1.25782265425285,85.0
1652964754.223709,-0.2804944515228271,-0.1349425315856933,-0.3980001509189605,0.2571790516376495,-0.0189767070114612,-0.9661774039268494,1.4177647829055786,-0.4237114787101745,-1.9977387189865112,0.2601498487303883,0.0189778470779545,1.2356049434162668,85.0
1652964754.233571,-0.292945921421051,-0.1530395746231079,-0.3839499354362488,0.2532273232936859,-0.028006762266159,-0.9670013189315796,1.5341923236846924,-0.5039746165275574,-2.085651636123657,0.2561175693164332,0.0280104249416586,1.2121852615205502,85.0
1652964754.243664,-0.2926569581031799,-0.1270947456359863,-0.3644075393676758,0.2486811727285385,-0.0382413007318973,-0.9678301811218262,1.6948894262313845,-0.5893692970275879,-2.165003776550293,0.2515063569578224,0.0382506289197359,1.1876481311794485,85.0
1652964754.253593,-0.2922086715698242,-0.1126458644866943,-0.3348447382450104,0.2434873878955841,-0.0498445332050323,-0.9686224460601808,1.8340057134628296,-0.686947762966156,-2.2600200176239014,0.2462722869153166,0.049865195878096,1.1619588505455758,85.0
1652964754.263486,-0.2849906086921692,-0.0967146754264831,-0.3097984790802002,0.2376273572444915,-0.0625464394688606,-0.9693406224250792,1.936679482460022,-0.7919987440109253,-2.3559892177581787,0.2404024548677338,0.0625872925096183,1.1350759392301746,85.0
1652964754.273756,-0.287734180688858,-0.0919596552848815,-0.2987576127052307,0.2312003821134567,-0.0758455768227577,-0.9699452519416808,1.9708143472671509,-0.8841529488563538,-2.4753835201263428,0.2339978467035667,0.0759184843904376,1.1070356824769363,85.0
1652964754.283445,-0.2822617888450622,-0.0830272436141967,-0.3046966791152954,0.2243852168321609,-0.0888731926679611,-0.9704394936561584,1.912135481834412,-0.9582605361938475,-2.61812424659729,0.2272269778403183,0.0889906065144456,1.0778077180116636,85.0
1652964754.2934651,-0.2886726558208465,-0.0668537616729736,-0.305669367313385,0.2174446284770965,-0.1009772792458534,-0.9708354473114014,1.8185245990753172,-0.9989666938781738,-2.780838966369629,0.220340350336006,0.1011496725265643,1.0473641249529118,85.0
1652964754.303555,-0.3068988621234894,-0.0618299841880798,-0.2892340421676636,0.2106769382953643,-0.112041525542736,-0.9711137413978576,1.7284953594207764,-1.0242068767547607,-2.9387755393981934,0.2136331727824412,0.1122772763772618,1.0155633907654098,85.0
1652964754.313254,-0.3111008703708648,-0.0679146647453308,-0.2619696855545044,0.2042283117771148,-0.1221702620387077,-0.9712699055671692,1.6559854745864868,-1.0448354482650757,-3.090085983276367,0.207250178090633,0.1224762309672796,0.982444934297376,85.0
1652964754.3233562,-0.2969641983509063,-0.070437490940094,-0.2299656569957733,0.1979804337024688,-0.1315302550792694,-0.9713411331176758,1.5847017765045166,-1.0740019083023071,-3.233182191848755,0.2010675947256167,0.1319124958774441,0.9480490953381134,85.0
1652964754.333286,-0.2875575125217438,-0.0677331089973449,-0.2001088559627533,0.1920375078916549,-0.1400400102138519,-0.9713446497917176,1.4971636533737185,-1.080828070640564,-3.374091863632202,0.1951856888718073,0.1405018188827697,0.9124252633664804,85.0
1652964754.3435102,-0.2632858157157898,-0.0675545334815979,-0.1709769964218139,0.1864272803068161,-0.147656962275505,-0.9713096022605896,1.4185945987701416,-1.1009610891342163,-3.496602296829224,0.1896278411321084,0.148198840750066,0.8756698803051802,85.0
1652964754.353672,-0.238939106464386,-0.0544583797454834,-0.1455191969871521,0.1810472309589386,-0.1544685214757919,-0.9712679386138916,1.337995529174805,-1.1171271800994873,-3.6154167652130127,0.1842879777988715,0.1550894943736635,0.8378745223038302,85.0
1652964754.363271,-0.2380514293909073,-0.0369999408721923,-0.121408462524414,0.1759786605834961,-0.1605738997459411,-0.9712092876434326,1.275658369064331,-1.1255334615707395,-3.737633466720581,0.1792505861766413,0.1612720647342939,0.7990144939342381,85.0
1652964754.373238,-0.2546369731426239,-0.0195631384849548,-0.1005641818046569,0.1712324172258377,-0.1660068035125732,-0.9711442589759828,1.1993900537490845,-1.134400725364685,-3.855459690093994,0.1745264127528896,0.1667788938587157,0.7590603517059097,85.0
1652964754.383062,-0.2725991010665893,0.0005456805229187,-0.078925535082817,0.1668556779623031,-0.1704182773828506,-0.9711419939994812,1.0702104568481443,-1.122140407562256,-3.973870754241944,0.1701525611963114,0.1712541441228617,0.7181316388660469,85.0
1652964754.3932428,-0.2750526964664459,0.0162233114242553,-0.0518033802509307,0.1629158407449722,-0.1735536307096481,-0.971255660057068,0.9412126541137696,-1.1251052618026731,-4.10111141204834,0.166190229554823,0.1744369217730766,0.6762009963076111,85.0
1652964754.403201,-0.2744231224060058,0.0421602129936218,-0.030936449766159,0.1592344790697097,-0.1752707809209823,-0.9715577960014344,0.7904189229011536,-1.129814386367798,-4.211351871490479,0.1624517301488839,0.1761807978888691,0.6332869116683463,85.0
1652964754.413404,-0.2811863422393799,0.0544384717941284,-0.0088452249765396,0.1557437926530838,-0.1753893494606018,-0.9721021056175232,0.6116766333580017,-1.13414204120636,-4.319666385650635,0.1588633466512136,0.1763012411796659,0.5895435190906849,85.0
1652964754.423157,-0.3017710447311401,0.0576376914978027,0.010896474123001,0.1523416638374328,-0.1734025180339813,-0.97299724817276,0.345977246761322,-1.1302505731582642,-4.421362400054932,0.1553085898601131,0.1742834844350238,0.5451436867237268,85.0
1652964754.432987,-0.3291509747505188,0.0560290813446044,0.0278791487216949,0.1490819603204727,-0.1681379079818725,-0.9744250774383544,-0.0652701929211616,-1.1074843406677246,-4.529873371124268,0.1518175404026813,0.168940375115362,0.5001999780004591,85.0
1652964754.4429631,-0.3543847799301147,0.0537886023521423,0.0091733634471893,0.1460565030574798,-0.158083826303482,-0.9765638709068298,-0.6326864361763,-1.052271604537964,-4.676992416381836,0.1484612125265765,0.1587497802749923,0.4547921267036654,85.0
1652964754.452889,-0.3702359795570373,0.0873612165451049,-0.0595240145921707,0.1433835178613662,-0.1420445442199707,-0.9794204831123352,-1.2693510055541992,-0.9523885846138,-4.825183391571045,0.1453636810506667,0.1425265941020959,0.4088469743830734,85.0
1652964754.463182,-0.3789443671703338,0.166546881198883,-0.079625554382801,0.1409377157688141,-0.1194558143615722,-0.9827852845191956,-1.9261325597763064,-0.8640264272689819,-5.002164363861084,0.1424353026749959,0.1197417574304946,0.3623027485924607,85.0
1652964754.473311,-0.3861383497714996,0.2423733472824096,-0.0502922311425209,0.1381066888570785,-0.0903785079717636,-0.9862850904464722,-2.553294897079468,-0.8046752214431763,-5.182986736297607,0.1391225695259092,0.0905020006638279,0.314952410677221,85.0
1652964754.4831629,-0.4009885489940643,0.3034690618515014,0.0150041915476322,0.1342343538999557,-0.0557145997881889,-0.9893821477890016,-3.0212936401367188,-0.7631800770759583,-5.348435401916504,0.1348515235456158,0.0557434656627959,0.2666690933726967,85.0
1652964754.4930758,-0.4451669752597809,0.3576981425285339,0.1196919456124305,0.1286843717098236,-0.0173969846218824,-0.9915329813957214,-3.271911144256592,-0.7690321207046509,-5.485511302947998,0.1290618499480541,0.0173978627344648,0.2172839939191483,85.0
1652964754.5027518,-0.5085301995277405,0.407874047756195,0.2320138663053512,0.120712786912918,0.0222433768212795,-0.99243825674057,-3.3466455936431885,-0.8175463080406189,-5.586572170257568,0.1210379796871473,-0.0222452109257929,0.1666610479218321,85.0
1652964754.512882,-0.5804339051246643,0.4331896901130676,0.3317181766033172,0.1105241999030113,0.0610431060194969,-0.9919970631599426,-3.134828329086304,-0.7629752159118652,-5.656239986419678,0.1109582382413143,-0.0610810790489112,0.1147606594524607,85.0
1652964754.523242,-0.6370366811752319,0.369245707988739,0.3954204320907593,0.0986759960651397,0.0956990048289299,-0.9905073046684264,-2.69414496421814,-0.7497462630271912,-5.683675765991211,0.0992940579124329,-0.0958456871138752,0.0614652347442874,85.0
1652964754.532609,-0.6487114429473877,0.3643060326576233,0.4633826911449432,0.0851432532072067,0.1248741969466209,-0.9885125756263732,-2.14853572845459,-0.7202059626579285,-5.626068115234375,0.0859206387934803,-0.1252010344542857,0.0072432936986846,85.0
1652964754.5428262,-0.662720799446106,0.3795714974403381,0.5309870839118958,0.0705576315522193,0.1469304263591766,-0.9866271018981934,-1.4713948965072632,-0.7159944176673889,-5.510927200317383,0.0713924367731615,-0.1474642938769474,-0.0471526170952493,85.0
1652964754.553041,-0.6824965476989746,0.4204124212265014,0.6003410220146179,0.0551008209586143,0.1615608632564544,-0.9853233098983764,-0.8158207535743713,-0.7253764867782593,-5.332873821258545,0.0558633831110789,-0.1622720915864999,-0.1010262031414961,85.0
1652964754.562746,-0.6706529259681702,0.400343120098114,0.6190159320831299,0.0393357314169406,0.1686427742242813,-0.9848920106887816,-0.152617946267128,-0.742493212223053,-5.083827018737793,0.0399179133676674,-0.1694525563226695,-0.15337055013974,85.0
1652964754.573117,-0.6388056874275208,0.3250308036804199,0.6308271288871765,0.0236932914704084,0.1695726811885833,-0.9852328300476074,0.2459310293197631,-0.7349207401275635,-4.809294700622559,0.0240437844400844,-0.1703960568386137,-0.2033555538612468,85.0
1652964754.582386,-0.6049587726593018,0.1816592216491699,0.639406681060791,0.0088893612846732,0.1666235923767089,-0.98598051071167,0.4589713215827942,-0.6955035924911499,-4.483832359313965,0.009015513133999,-0.1674043995980581,-0.2504449189740261,85.0
1652964754.592744,-0.5531131029129028,0.0810280442237854,0.6708765029907227,-0.0045651667751371,0.1624059677124023,-0.9867134690284728,0.401149034500122,-0.6197129487991333,-4.038341999053955,-0.0046266059346672,-0.1631285034989413,-0.2935610099815723,85.0
1652964754.602352,-0.480388730764389,0.0437912344932556,0.7407534122467041,-0.0160712990909814,0.1585080474615097,-0.987226903438568,0.305120050907135,-0.4871964752674103,-3.474055767059326,-0.0162777979729865,-0.1591794193222286,-0.3314903363509133,85.0
1652964754.612604,-0.3696359395980835,0.0351293087005615,0.8627421855926514,-0.0250327065587043,0.1548969596624374,-0.9876134395599364,0.3205267190933227,-0.3214544057846069,-2.794977188110352,-0.0253412387694126,-0.1555231527888902,-0.3631181809391363,85.0
1652964754.622944,-0.2199455052614212,0.0076257586479187,1.0463327169418335,-0.0315652005374431,0.1504751294851303,-0.9881097674369812,0.4332514107227325,-0.2845999598503113,-1.9982876777648928,-0.0319341742617937,-0.1510488617557157,-0.3872321501320056,85.0
1652964754.6322742,-0.0918444171547889,0.0521917343139648,1.1423063278198242,-0.0370619036257267,0.1444215625524521,-0.9888219237327576,0.7032690048217773,-0.3632753491401672,-1.1489907503128052,-0.0374633317448299,-0.1449283787382149,-0.4028442828020142,85.0
1652964754.6426492,-0.0582947880029678,0.0361336469650268,0.9808007478713988,-0.0421386398375034,0.1361425966024398,-0.9897926449775696,0.8823860883712769,-0.4263320863246918,-0.4491887986660003,-0.042547505873409,-0.1365667067629161,-0.4103956194604349,85.0
1652964754.6525888,-0.0979110598564148,-0.0086865425109863,0.7274063229560852,-0.0463913865387439,0.1281234472990036,-0.9906725883483888,0.6790004372596741,-0.3503017723560333,0.0048657972365617,-0.0467939872270049,-0.1284766055122339,-0.4120956213402387,85.0
1652964754.662269,-0.1281021535396576,-0.0834051966667175,0.5735880136489868,-0.0492050647735595,0.12317406386137,-0.9911644458770752,0.3155914843082428,-0.2635708451271057,0.2327492088079452,-0.0496029697122336,-0.123487669233998,-0.4105422189775978,85.0
1652964754.6727982,-0.1129027903079986,-0.1267352700233459,0.4649455547332763,-0.0512055642902851,0.1225636079907417,-0.9911388158798218,-0.1683941185474395,-0.2105582356452942,0.2826307415962219,-0.0516174698596145,-0.1228725534048893,-0.4078339713499416,85.0
1652964754.682029,-0.081758975982666,-0.1041150093078613,0.3795268833637237,-0.052564226090908,0.1263172477483749,-0.9905962347984314,-0.5423455834388733,-0.1221044361591339,0.2199071943759918,-0.0530135001573099,-0.1266556035377208,-0.4054585242179759,85.0
1652964754.692874,-0.0558679439127445,-0.0912335515022277,0.3439767956733703,-0.0532172247767448,0.1326772570610046,-0.9897295832633972,-0.6865962147712708,-0.0550345852971077,0.0966947078704834,-0.0537177290606852,-0.1330696316753268,-0.4042016676698955,85.0
1652964754.701952,-0.0262527130544185,-0.0918792486190795,0.3629859685897827,-0.0535813495516777,0.1389061361551284,-0.9888549447059632,-0.5430311560630798,-0.0380446873605251,0.0088546797633171,-0.054132307758742,-0.1393567496093186,-0.4040453524650471,85.0
1652964754.711999,0.0088912695646286,-0.1111681461334228,0.3876134753227234,-0.0541946962475776,0.142965167760849,-0.98824280500412,-0.2725269496440887,-0.0862889066338539,-0.0005425503477454,-0.0547845765062548,-0.1434567118698295,-0.404270017013896,85.0
1652964754.722184,0.0292594134807586,-0.1209805607795715,0.3811872005462646,-0.0552452132105827,0.1443560421466827,-0.987982451915741,-0.0143709909170866,-0.1253645122051239,0.0116382548585534,-0.0558590315196304,-0.1448621706397244,-0.4042983104150019,85.0
1652964754.7319078,0.0281215757131576,-0.1240200996398925,0.3338500261306762,-0.0564877465367317,0.1434754282236099,-0.9880404472351074,0.1843202710151672,-0.1293821483850479,0.0168095789849758,-0.0571093224864132,-0.1439722903368552,-0.4040742153267678,85.0
1652964754.7424212,0.0214160270988941,-0.1130796670913696,0.2908244132995605,-0.0577167682349681,0.1411824375391006,-0.9882997274398804,0.2760390639305115,-0.1187988594174385,0.0155897764489054,-0.0583338112529759,-0.1416557124893568,-0.4037755173581396,85.0
1652964754.753045,0.0236370339989662,-0.1152058243751525,0.2417830526828766,-0.0587323307991027,0.1383133977651596,-0.9886454939842224,0.2969699203968048,-0.0899174138903617,0.0188873000442981,-0.0593371279552457,-0.1387582358785429,-0.4034385040384315,85.0
1652964754.7619638,0.0424188114702701,-0.1319871544837951,0.2001567780971527,-0.0594934746623039,0.1355365961790084,-0.9889845252037048,0.2647296190261841,-0.0722894221544265,0.0203887559473514,-0.0600837167121129,-0.1359550404070568,-0.4030676910631869,85.0
1652964754.771644,0.0661373287439346,-0.1482099294662475,0.1797666251659393,-0.0600949227809906,0.1332674473524093,-0.9892565011978148,0.2050950527191162,-0.0514083728194236,0.0445396341383457,-0.060673004778715,-0.1336651045198696,-0.4026036680118227,85.0
1652964754.7816172,0.0725883692502975,-0.1699993014335632,0.1764196157455444,-0.0604119412600994,0.1316400915384292,-0.9894550442695618,0.1309834122657776,-0.0317198894917964,0.0767401009798049,-0.0609800740550849,-0.132023294125644,-0.4019073633884856,85.0
1652964754.791544,0.0700616985559463,-0.1643908023834228,0.1729231923818588,-0.0605250373482704,0.1308335363864898,-0.9895551204681396,0.0534478724002838,-0.0152197433635592,0.131526380777359,-0.0610877858036018,-0.1312096933123602,-0.4008000155809194,85.0
1652964754.801583,0.0621173419058322,-0.1402541995048523,0.1493853330612182,-0.0603016279637813,0.1308423280715942,-0.9895675778388976,-0.0382660701870918,0.0202866904437541,0.1936919093132019,-0.0608620928467895,-0.1312185694855893,-0.3991350062380521,85.0
1652964754.811751,0.0605796091258525,-0.1115508079528808,0.1270378530025482,-0.0596794188022613,0.1319190561771392,-0.9894623160362244,-0.1494234800338745,0.0491654761135578,0.2563768625259399,-0.060242017604748,-0.1323047115885482,-0.3969052639986909,85.0
1652964754.821774,0.06316539645195,-0.079822838306427,0.1251413822174072,-0.0586336143314838,0.1339375972747802,-0.9892536401748656,-0.2211184501647949,0.0851470157504081,0.3221070766448974,-0.0592012946181414,-0.1343413292141371,-0.3941411245367103,85.0
1652964754.831514,0.0572146587073802,-0.0600025653839111,0.1325931400060653,-0.0572147443890571,0.1364498436450958,-0.9889934062957764,-0.2389304637908935,0.1052120700478553,0.3812433779239654,-0.0577870819544475,-0.1368768506871565,-0.3907463005530426,85.0
1652964754.841888,0.053561121225357,-0.0536332130432128,0.1363487839698791,-0.0555448457598686,0.1389502882957458,-0.9887403845787048,-0.2137110531330108,0.1194645687937736,0.4398935735225677,-0.0561183947508034,-0.1394013405251799,-0.3867322059034037,85.0
1652964754.8518,0.0518155321478843,-0.0650301575660705,0.144815593957901,-0.0537077002227306,0.1409510225057602,-0.9885587096214294,-0.1340154409408569,0.1236819475889206,0.4879090487957001,-0.0542759395992601,-0.1414219577546055,-0.3821588566203037,85.0
1652964754.861726,0.0349132269620895,-0.0600329637527465,0.1514708846807479,-0.0517284981906414,0.1419556438922882,-0.9885205030441284,-0.0157228112220764,0.1343890279531479,0.5335178375244141,-0.0522815231611446,-0.142436783544746,-0.3770518442756673,85.0
1652964754.8710651,0.016531229019165,-0.0606059432029724,0.149887815117836,-0.0495665855705738,0.1416161060333252,-0.9886799454689026,0.1357311606407165,0.1394184082746505,0.5785010457038879,-0.0500921672027634,-0.142093780649463,-0.3714099789688407,85.0
1652964754.880893,0.0150210633873939,-0.0599647760391235,0.132172480225563,-0.0473697781562805,0.1401206254959106,-0.989000678062439,0.2200213372707367,0.1378447413444519,0.6196551322937012,-0.0478600347384884,-0.1405832473765923,-0.3652794121778314,85.0
1652964754.890863,0.0160557366907596,-0.0534964799880981,0.1008307933807373,-0.0451085492968559,0.1380608230829239,-0.9893959760665894,0.2497099936008453,0.1478073596954345,0.6346650123596191,-0.0455604578174161,-0.1385032242029577,-0.358859943975529,85.0
1652964754.900972,0.0147768072783946,-0.0397539138793945,0.0744049698114395,-0.0427309870719909,0.1359984874725341,-0.9897871017456056,0.2256720960140228,0.1586878150701522,0.6318542957305908,-0.0431451065889616,-0.1364212443513692,-0.3523788777143946,85.0
1652964754.910845,0.0183019563555717,-0.0344976782798767,0.0592176765203475,-0.0403509847819805,0.1342179924249649,-0.9901299476623536,0.1865816861391067,0.1494785994291305,0.6319730877876282,-0.0407306826088962,-0.1346242662192158,-0.3459510701974422,85.0
