1652964914.9290051,-0.0442579686641693,-0.014163851737976,-0.0109374523162841,-0.4493943452835083,0.5485961437225342,-0.7050439119338989,-0.1434851586818695,1.5228854417800903,-0.3639186322689056,-0.5674658757353424,-0.5806842437876205,-0.0264466057155728,82.0
1652964914.938816,-0.0553655326366424,0.015751838684082,-0.0330216288566589,-0.44056037068367,0.5481888651847839,-0.7109116911888123,-0.2004650831222534,1.5348334312438965,-0.3497761785984039,-0.5547875154452117,-0.5801972104627295,-0.0311042822343198,82.0
1652964914.948774,-0.0817025899887085,0.0646456480026245,-0.041237473487854,-0.4314046800136566,0.548592209815979,-0.7161958813667297,-0.3265042603015899,1.5528364181518557,-0.325294554233551,-0.5421498327081257,-0.5806795218776342,-0.0361170813170518,82.0
1652964914.958722,-0.1064607799053192,0.1138110160827636,-0.018979012966156,-0.4220120906829834,0.5499390959739685,-0.7207446098327637,-0.418069064617157,1.5517290830612185,-0.3002988994121551,-0.5297061814800034,-0.582291332738574,-0.0416011916978495,82.0
1652964914.968689,-0.1224019527435302,0.1637431979179382,0.0137601494789123,-0.4125253856182098,0.5518525838851929,-0.724763035774231,-0.4349817335605621,1.5216833353042605,-0.2751227021217346,-0.5174543499164291,-0.5845841160666346,-0.0471548993878685,82.0
1652964914.978633,-0.1311162114143371,0.2146070003509521,0.0429103970527648,-0.4031244814395904,0.5538455843925476,-0.7285230159759521,-0.4116226136684418,1.4716243743896484,-0.2500975131988525,-0.5054076287521886,-0.5869758335834485,-0.0523652542431987,82.0
1652964914.988617,-0.1215459704399108,0.2535417675971985,0.0640182495117187,-0.3940027356147766,0.5560073852539062,-0.731859028339386,-0.4488320350646972,1.3936214447021484,-0.2193614542484283,-0.4938617143385772,-0.5895744897369262,-0.0572611617970216,82.0
1652964914.9988232,-0.0807835161685943,0.2798750400543213,0.0748366713523864,-0.3851893842220306,0.558479368686676,-0.734663188457489,-0.4377724528312683,1.339366793632507,-0.1939698010683059,-0.4829039361357977,-0.5925515001799276,-0.061986442215433,82.0
1652964915.00853,-0.0439684092998504,0.2170479297637939,0.0961076617240905,-0.3766248226165771,0.5605848431587219,-0.7374946475028992,-0.3413188755512237,1.2809418439865112,-0.1833440661430359,-0.4721561952691528,-0.5950918810935475,-0.0661334687287108,82.0
1652964915.019373,-0.0279074609279632,0.1555027961730957,0.109982430934906,-0.3684701025485992,0.5626707673072815,-0.7400211691856384,-0.4203826189041137,1.2116574048995972,-0.1605370938777923,-0.4619808894378192,-0.597612964156536,-0.0699977806497264,82.0
1652964915.0286489,-0.0041282474994659,0.1366116404533386,0.0900477766990661,-0.3604957461357116,0.5657597184181213,-0.7415919899940491,-0.5732296109199524,1.189168930053711,-0.1538223922252655,-0.4524744879946996,-0.6013542778458802,-0.0743153531980262,82.0
1652964915.038484,0.0079092383384704,0.0974233150482177,0.1014937162399292,-0.3525900244712829,0.5700303316116333,-0.7421224117279053,-0.7147217392921448,1.189304232597351,-0.1437859982252121,-0.4435383509868595,-0.6065427571391497,-0.0793486047717749,82.0
1652964915.048506,-0.0168946683406829,0.0606929063796997,0.182613730430603,-0.344372421503067,0.575015664100647,-0.7421351671218872,-0.7443919777870178,1.227634072303772,-0.1126222163438797,-0.4344591993723939,-0.612623298224715,-0.0845262869415146,82.0
1652964915.058457,-0.045490026473999,-0.0194514989852905,0.2854454517364502,-0.335644006729126,0.5799262523651123,-0.742313027381897,-0.670405387878418,1.2938250303268433,-0.086183413863182,-0.4246484459958523,-0.61863818257812,-0.0892623101673931,82.0
1652964915.0684118,-0.0507086217403411,-0.1698257327079773,0.4001895785331726,-0.3260461091995239,0.5844447612762451,-0.7430465221405029,-0.5976418852806091,1.3855290412902832,0.0115208094939589,-0.4134979940686277,-0.6241956190148098,-0.092866890416675,82.0
1652964915.0784578,-0.1025385558605194,-0.2799021005630493,0.5620724558830261,-0.3148045539855957,0.5889589786529541,-0.7443287968635559,-0.575390100479126,1.547833800315857,0.0960540696978569,-0.4001223821753669,-0.6297700972755799,-0.0950610994415473,82.0
1652964915.088515,-0.1521776616573333,-0.3032214045524597,0.6555200815200806,-0.3017712831497192,0.5937779545783997,-0.745896577835083,-0.5647022724151611,1.695429444313049,0.2635044455528259,-0.3844443078130271,-0.6357460466052514,-0.0957739407992032,82.0
1652964915.098357,-0.1482190489768982,-0.3515103459358215,0.6630557775497437,-0.2865648865699768,0.5986934304237366,-0.747961699962616,-0.4799346923828125,1.8318942785263064,0.4680972695350647,-0.3658772583437203,-0.6418689306381774,-0.0939527547715633,82.0
1652964915.1083,-0.1318721175193786,-0.4049115777015686,0.7017197608947754,-0.2687015831470489,0.6037611365318298,-0.7505144476890564,-0.4507500529289245,2.0331218242645264,0.6532617807388306,-0.3438045003220356,-0.6482108934503087,-0.0893552525296654,82.0
1652964915.118273,-0.1006273478269577,-0.5184463858604431,0.754534900188446,-0.2483869194984436,0.6086699962615967,-0.7535414695739746,-0.3565402030944824,2.184924364089966,0.8294365406036377,-0.3184103284041576,-0.6543832349880294,-0.0822128837466639,82.0
1652964915.128047,-0.096689835190773,-0.6510851383209229,0.7233254909515381,-0.2257741391658783,0.6130239963531494,-0.7571179270744324,-0.2038230001926422,2.350117444992065,1.0036436319351196,-0.2898065096358449,-0.659882482550854,-0.0722739219816843,82.0
1652964915.138172,-0.1724360883235931,-0.7277172207832336,0.6730684638023376,-0.2007786333560943,0.6161770820617676,-0.7615863084793091,-0.0309060923755168,2.525132894515991,1.1194688081741333,-0.2577671954925189,-0.6638796207953791,-0.0597498743468727,82.0
1652964915.148387,-0.2391827553510666,-0.72255539894104,0.6568779349327087,-0.1736285239458084,0.6181159615516663,-0.766671895980835,0.1153503209352493,2.6535277366638184,1.296025633811951,-0.2227135858900714,-0.6663437328958788,-0.0447941951334312,82.0
1652964915.158296,-0.2482570558786392,-0.6872305870056152,0.65223228931427,-0.1444889158010482,0.6188706755638123,-0.772089421749115,0.259222000837326,2.721477031707764,1.4776099920272827,-0.185000271296609,-0.6673041372883642,-0.0270990588794402,82.0
1652964915.168375,-0.2460603415966034,-0.6038451194763184,0.6681752800941467,-0.1136198416352272,0.6183390021324158,-0.7776550650596619,0.3839497566223144,2.7811996936798096,1.639157772064209,-0.1450791799318048,-0.6666274790112536,-0.0069017484528663,82.0
1652964915.17817,-0.2569389939308166,-0.4940808415412903,0.6697121262550354,-0.0813941359519958,0.6166495084762573,-0.7830187678337097,0.4746335744857788,2.8140971660614014,1.770900845527649,-0.1035771572503906,-0.6644795788821174,0.0152597654802559,82.0
1652964915.187993,-0.287749707698822,-0.3786042332649231,0.6008203029632568,-0.0480657294392585,0.6136114597320557,-0.7881438136100769,0.59161376953125,2.84152626991272,1.880906105041504,-0.0609105511124549,-0.6606262319113984,0.0388185096587146,82.0
1652964915.197947,-0.3144685626029968,-0.2522637844085693,0.5272017121315002,-0.0137632749974727,0.6092728972434998,-0.7928411364555359,0.6638072729110718,2.877204418182373,1.9840209484100344,-0.0173576918082454,-0.6551433329819378,0.063476647207,82.0
1652964915.207889,-0.3273122012615204,-0.1625943183898925,0.4713746905326843,0.0213276743888854,0.6036222577095032,-0.7969850897789001,0.7495056390762329,2.910287857055664,2.0443315505981445,0.0267540585787088,-0.6480366517070131,0.0886909723686719,82.0
1652964915.217832,-0.3102633655071258,-0.0923599004745483,0.4280489683151245,0.0567843727767467,0.596441388130188,-0.8006454706192017,0.8589122891426086,2.9016337394714355,2.078447103500366,0.0708046816838026,-0.6390602059179951,0.1138338844229145,82.0
1652964915.227953,-0.2858109474182129,-0.0319046974182128,0.3774544596672058,0.0921921655535698,0.5876029133796692,-0.8038802146911621,0.9582045078277588,2.862344741821289,2.120391607284546,0.114185101601496,-0.6280931738593495,0.1386344435486104,82.0
1652964915.237756,-0.285599797964096,0.0217375755310058,0.3095558881759643,0.1272745877504348,0.5773764252662659,-0.8064970970153809,1.01220440864563,2.81882905960083,2.115161895751953,0.1565207469791614,-0.6155117722051252,0.1627437672207824,82.0
1652964915.247694,-0.2876109480857849,0.078417420387268,0.2675364017486572,0.1617564260959625,0.5659749507904053,-0.8083978891372681,1.0680183172225952,2.7749102115631104,2.086301326751709,0.1974869648313748,-0.6016153675620523,0.1856378864250734,82.0
1652964915.257684,-0.2778158783912658,0.1370951533317566,0.2453717589378357,0.1953726112842559,0.553318977355957,-0.8097330331802368,1.171797752380371,2.703965425491333,2.0487873554229736,0.2367551730235874,-0.586343511433667,0.207002954160994,82.0
1652964915.267789,-0.252617597579956,0.2075850963592529,0.2138908505439758,0.227959394454956,0.5391151309013367,-0.8107955455780029,1.2807034254074097,2.6221985816955566,2.026333808898926,0.2740796192497732,-0.5693861485119646,0.22677311279712,82.0
1652964915.277768,-0.2487919926643371,0.2738457918167114,0.1767029166221618,0.2593663036823272,0.5235839486122131,-0.8115349411964417,1.3551602363586426,2.539340019226074,1.9652307033538816,0.3093397505793074,-0.5510521582745841,0.2447625950194289,82.0
1652964915.28764,-0.2417291700839996,0.3257558345794678,0.1333759427070617,0.2895044088363647,0.5072490572929382,-0.8117176294326782,1.3657687902450562,2.4493424892425537,1.9117588996887207,0.342592553376106,-0.5319896834545088,0.2610310857662354,82.0
1652964915.297856,-0.2293756008148193,0.3839003443717956,0.0766159296035766,0.3182122409343719,0.4907211065292358,-0.8111311793327332,1.3174707889556885,2.3598849773406982,1.82642924785614,0.3738567274309234,-0.5129171677071009,0.2757374824800961,82.0
1652964915.3076448,-0.2097483575344085,0.4265497326850891,0.0134113430976867,0.3454295098781585,0.4745952785015106,-0.8095911145210266,1.2316811084747314,2.273855447769165,1.707781434059143,0.4032856117384331,-0.4945041577375314,0.2888647028386083,82.0
1652964915.317621,-0.1806439161300659,0.4696658849716186,-0.0478335320949554,0.3709362745285034,0.4591037034988403,-0.8072360754013062,1.177380919456482,2.1738078594207764,1.5633587837219238,0.4307375357483168,-0.4769860272570905,0.3002239226091525,82.0
1652964915.327557,-0.1490792632102966,0.5043848156929016,-0.0926655530929565,0.3946694433689117,0.443846583366394,-0.8045099377632141,1.2159053087234497,2.0673930644989014,1.414188265800476,0.4560761993412866,-0.4598866988018037,0.3094968383313116,82.0
1652964915.337535,-0.1270650625228881,0.5162201523780823,-0.0998675227165222,0.4166005849838257,0.4284045100212097,-0.8018189072608948,1.288605809211731,1.951041579246521,1.286400556564331,0.4791803037308572,-0.4427263120886319,0.3165906272490853,82.0
1652964915.3474932,-0.1354887783527374,0.4845022559165954,-0.1246921122074127,0.436819314956665,0.4127017557621002,-0.7992910146713257,1.3376706838607788,1.8328619003295896,1.1645935773849487,0.5001586229177049,-0.4254182094508588,0.3216621651902424,82.0
1652964915.357452,-0.1495925784111023,0.4612302184104919,-0.166896104812622,0.4553481638431549,0.3972275257110595,-0.7967862486839294,1.3059756755828855,1.7164045572280884,1.0371516942977903,0.5191855907227234,-0.4084938166440651,0.3250633650009598,82.0
1652964915.367467,-0.1592119932174682,0.458267331123352,-0.2125734388828277,0.4722765684127807,0.3829225599765777,-0.793930172920227,1.1734799146652222,1.6177536249160769,0.8887259364128113,0.5366308369404245,-0.392957935420701,0.3272739111828893,82.0
1652964915.377383,-0.1426253318786621,0.4728532433509826,-0.2501408755779266,0.4877638220787048,0.3701817691326141,-0.7906022071838379,1.0776588916778564,1.5179429054260254,0.7538325786590576,0.5527912315333625,-0.3792046899539369,0.3285515371528493,82.0
1652964915.3873348,-0.1277527213096618,0.4568344950675964,-0.2584321200847626,0.5017609000205994,0.3586366176605224,-0.7871567606925964,0.9747284650802612,1.4007469415664673,0.6515423655509949,0.5674910633633601,-0.3668069266260093,0.3290902471781117,82.0
1652964915.397578,-0.1392165422439575,0.456911563873291,-0.2620060443878174,0.514506459236145,0.3482792377471924,-0.783571720123291,0.8985931873321533,1.3159372806549072,0.5465459227561951,0.5810127657482976,-0.3557347972354655,0.329025405034307,82.0
1652964915.407333,-0.1270673871040344,0.4496399164199829,-0.2558484375476837,0.5260541439056396,0.3389020562171936,-0.7800079584121704,0.8386867642402649,1.2168117761611938,0.4613588452339172,0.5933521485776465,-0.3457496478035686,0.3283641179429701,82.0
1652964915.417213,-0.1258771419525146,0.4697444438934326,-0.2396027743816375,0.5365979671478271,0.3301942348480224,-0.7765529155731201,0.8338525891304016,1.136427402496338,0.3837642073631286,0.6046600233490057,-0.3365093400786795,0.3271095321641508,82.0
1652964915.427164,-0.1400865912437439,0.4770814776420593,-0.194983422756195,0.5461381673812866,0.3218297362327575,-0.7734071612358093,0.8523627519607544,1.045045256614685,0.3067002892494201,0.6148387342291305,-0.327661415736387,0.3250125135723568,82.0
1652964915.437245,-0.1506873369216919,0.4823257327079773,-0.1827382743358612,0.5546789765357971,0.3137960135936737,-0.7706252336502075,0.8671278953552246,0.9614251852035522,0.212676852941513,0.6238767038106466,-0.3191883623014208,0.3220123072521119,82.0
1652964915.447176,-0.1430819630622863,0.5031577944755554,-0.1924277544021606,0.5620881915092468,0.3061209917068481,-0.7683402895927429,0.8955745697021484,0.8382371664047241,0.1235437169671058,0.6315957108603303,-0.3111157166050158,0.3180199929429363,82.0
1652964915.457062,-0.1272510886192321,0.5215053558349609,-0.1807492077350616,0.5682300329208374,0.2983792424201965,-0.7668666243553162,0.9761013388633728,0.686198890209198,0.0910755172371864,0.6377009061701816,-0.3029940778383237,0.3130992303793637,82.0
1652964915.466992,-0.1513258218765258,0.5177069306373596,-0.1445086300373077,0.5731092095375061,0.2904284596443176,-0.7662878632545471,1.0028698444366455,0.5503842234611511,0.0382413305342197,0.6421578862657819,-0.294674566641276,0.3074653397205019,82.0
1652964915.476965,-0.1802998781204223,0.5342193841934204,-0.1206502914428711,0.5768757462501526,0.282866507768631,-0.7662903666496277,0.966863751411438,0.4325156509876251,-0.0285345036536455,0.6453010155480527,-0.2867813520799543,0.3013188423746659,82.0
1652964915.486957,-0.1836724877357483,0.5661666989326477,-0.127497911453247,0.579531192779541,0.2760880291461944,-0.7667587399482727,0.8938726782798767,0.304612249135971,-0.0846331119537353,0.6472151858047284,-0.2797215509523274,0.2950216258668782,82.0
1652964915.4968429,-0.1705484986305236,0.5992711782455444,-0.1433764100074768,0.5811014771461487,0.2700701355934143,-0.7677129507064819,0.8452507853507996,0.1887011080980301,-0.1364212185144424,0.6479186932628012,-0.2734658877710748,0.2886579848279947,82.0
1652964915.506989,-0.1557191610336303,0.6279512047767639,-0.1151960790157318,0.5817292332649231,0.2647779881954193,-0.7690797448158264,0.7793002128601074,0.0873820483684539,-0.1784675419330597,0.6475823223458037,-0.2679736972339221,0.2822922191512982,82.0
1652964915.516825,-0.1535598635673523,0.6259297728538513,-0.0970527529716491,0.581523060798645,0.2601082324981689,-0.7708272337913513,0.7485055327415466,-0.0024477017577737,-0.2240874916315078,0.646320277938913,-0.2631342772390814,0.2759235727519361,82.0
1652964915.526748,-0.1581908464431762,0.5963606238365173,-0.1171710789203643,0.580630362033844,0.255995512008667,-0.7728742957115173,0.6836496591567993,-0.0595369264483451,-0.2723104953765869,0.6443077047937643,-0.2588773897408759,0.2693989757078481,82.0
1652964915.536675,-0.1562212109565735,0.5886558890342712,-0.0982854664325714,0.5791337490081787,0.2527654469013214,-0.7750571966171265,0.6051924228668213,-0.1370402425527572,-0.3182375133037567,0.6417157807855844,-0.2555374664222772,0.2630083706678804,82.0
1652964915.5467892,-0.1508762240409851,0.6005008220672607,-0.0888613611459732,0.5769931674003601,0.2499941885471344,-0.777548611164093,0.6362599730491638,-0.1974397152662277,-0.3619270026683807,0.6384046306952122,-0.2526742582727535,0.2563884417133311,82.0
1652964915.556655,-0.1285240650177002,0.5990296006202698,-0.049499288201332,0.5742179751396179,0.2468259632587433,-0.780609130859375,0.7084025740623474,-0.2910791337490082,-0.3470212817192077,0.6342227829516305,-0.249403498804128,0.2493293574633208,82.0
1652964915.5665932,-0.1442978978157043,0.6274263858795166,0.0249523222446441,0.5708420276641846,0.2428699880838394,-0.7843171954154968,0.8079954385757446,-0.366586834192276,-0.3124072253704071,0.629154385308282,-0.2453233256764742,0.2419963763674688,82.0
1652964915.576663,-0.1638491153717041,0.6552721261978149,0.0664371848106384,0.5669710040092468,0.2376552671194076,-0.7887102365493774,0.9001232385635376,-0.458792120218277,-0.2278545349836349,0.6232708395301026,-0.2399512372305864,0.2345359431756079,82.0
1652964915.586522,-0.1596354246139526,0.6693089604377747,0.0900640338659286,0.5625589489936829,0.2317133396863937,-0.7936223149299622,0.8676615953445435,-0.5468230247497559,-0.1362754255533218,0.6166407017707607,-0.2338385916440777,0.2277570148369874,82.0
1652964915.596521,-0.156435489654541,0.6611217260360718,0.0379956364631652,0.5576958060264587,0.2257525473833084,-0.7987560033798218,0.7245576977729797,-0.6275186538696289,-0.0312669798731803,0.609520598156155,-0.2277154567954888,0.2223105528042575,82.0
1652964915.606423,-0.161146342754364,0.6388751864433289,-0.0065600275993347,0.552320659160614,0.2210986316204071,-0.8037769198417664,0.439798504114151,-0.7209452390670776,0.0207801610231399,0.6020541590636264,-0.2229408359823219,0.2189198182183891,82.0
1652964915.616403,-0.1443235874176025,0.5802009105682373,-0.0737256407737732,0.5463316440582275,0.2187909930944442,-0.808487594127655,0.1102706715464592,-0.785254955291748,0.0260889083147048,0.5942614313600306,-0.2205752687468771,0.2175656944323693,82.0
1652964915.626373,-0.0802676677703857,0.5446793437004089,-0.0674671977758407,0.5396639704704285,0.2187123298645019,-0.8129746317863464,-0.0821598917245864,-0.8783596158027649,0.0065753189846873,0.586025121627878,-0.2204946628153368,0.217697724276602,82.0
1652964915.6363358,-0.0468126535415649,0.5453513860702515,0.0278743803501129,0.5321031212806702,0.2194858640432357,-0.8177359700202942,-0.0889823734760284,-0.9887220859527588,0.0151192722842097,0.576869143781282,-0.2212874604132612,0.2183086283804645,82.0
1652964915.6461592,-0.057235300540924,0.5432435274124146,0.0864914804697036,0.5237116813659668,0.219828724861145,-0.823043942451477,-0.0016565276309847,-1.0795572996139526,0.0404512584209442,0.5666915482925,-0.22163889850316,0.2188309740306407,82.0
1652964915.656228,-0.0929252505302429,0.5549992918968201,0.1008889824151992,0.5146628618240356,0.2193319797515869,-0.8288640379905701,0.0777919590473175,-1.1628929376602173,0.0820343941450119,0.5556640222401152,-0.2211297226771389,0.2191175597315337,82.0
1652964915.666202,-0.1070973873138427,0.5440711379051208,0.0649092495441436,0.5050923228263855,0.21861432492733,-0.8349188566207886,0.0633003637194633,-1.22245454788208,0.1058225482702255,0.5440583871833989,-0.2203942201918059,0.2195769059006717,82.0
1652964915.6763349,-0.1158463358879089,0.5222640633583069,0.006480649113655,0.4949356615543365,0.2182813435792923,-0.8410659432411194,-0.1209986358880996,-1.2767491340637207,0.1067424044013023,0.5318927574890079,-0.2200530049081628,0.22060667504263,82.0
1652964915.6860929,-0.1119120419025421,0.5620160698890686,0.0003831535577774,0.4842111766338348,0.2196638584136963,-0.8469281792640686,-0.2691929042339325,-1.325313925743103,0.0623531378805637,0.5193706037115903,-0.2214698999359088,0.2224145452868587,82.0
1652964915.696193,-0.0510148406028747,0.5540800094604492,0.0378124266862869,0.4727067053318023,0.2216938436031341,-0.8528776168823242,-0.2571743130683899,-1.4364476203918457,0.0564310662448406,0.5060996730114509,-0.2235511898014479,0.224260191157959,82.0
1652964915.706043,-0.0272295475006103,0.5264176726341248,0.132041186094284,0.4600297808647156,0.2233055233955383,-0.8593644499778748,-0.1784587949514389,-1.5646722316741943,0.0724449530243873,0.4914980692231714,-0.2252043169250903,0.2259206608685649,82.0
1652964915.7161698,-0.0790344476699829,0.5150138139724731,0.1795766353607177,0.4463745057582855,0.2240946590900421,-0.8663321733474731,-0.0778219401836395,-1.64974045753479,0.0816981047391891,0.4757701984033771,-0.2260139646857459,0.2272477120167108,82.0
1652964915.725952,-0.0997458398342132,0.4909900426864624,0.1891021579504013,0.4318991303443908,0.224288985133171,-0.8735889196395874,-0.0720045939087867,-1.7484841346740725,0.1190931051969528,0.4591546300582567,-0.2262133750903738,0.2284814590955675,82.0
1652964915.735931,-0.1083103418350219,0.4629563093185425,0.1649196445941925,0.416568398475647,0.2246525138616562,-0.88090980052948,-0.1697348803281784,-1.8288642168045044,0.1659202724695205,0.4417206814361328,-0.2265864156511158,0.2302661962052181,82.0
1652964915.746011,-0.1442190110683441,0.4636511206626892,0.1104176044464111,0.4006124138832092,0.2265422791242599,-0.8877996802330017,-0.4314489066600799,-1.883960247039795,0.1813607513904571,0.423886185777894,-0.2285261858587917,0.2331630100739939,82.0
1652964915.755787,-0.1691890954971313,0.4846633672714233,0.0645681321620941,0.3841243684291839,0.2308725714683532,-0.8939498662948608,-0.6750772595405579,-1.919713020324707,0.1672124415636062,0.4058393006030167,-0.2329743863762493,0.2370972862503197,82.0
1652964915.765758,-0.1551935076713562,0.4909798502922058,0.0973611325025558,0.3671380579471588,0.2367453426122665,-0.8995339274406433,-0.7605922818183899,-1.9823254346847532,0.1879913806915283,0.3875060433538398,-0.2390145911314697,0.24163064116169,82.0
1652964915.775754,-0.1626480221748352,0.4694036245346069,0.1747398823499679,0.3494461178779602,0.2425727695226669,-0.9050115346908568,-0.6868770718574524,-2.0751712322235107,0.2395275384187698,0.3684868303360459,-0.2450169516606458,0.2464281898680679,82.0
1652964915.785838,-0.1917963325977325,0.431307852268219,0.2065810263156891,0.3308954238891601,0.2471085786819458,-0.910739004611969,-0.5156981945037842,-2.17803692817688,0.2987472116947174,0.3484971231658283,-0.249695159086373,0.2511959221009875,82.0
1652964915.795836,-0.2097567915916443,0.3816712498664856,0.1877281665802002,0.3115023672580719,0.2501228153705597,-0.9167359471321106,-0.3843457102775574,-2.2634565830230717,0.3563431203365326,0.3275548169235666,-0.2528071113463336,0.2559159524205966,82.0
1652964915.8056278,-0.2544924318790436,0.3472018241882324,0.1692410707473755,0.2913881540298462,0.2523593008518219,-0.9227175712585448,-0.3632234930992126,-2.3330745697021484,0.4026841819286346,0.3058824823496946,-0.2551176855124773,0.2608489522889794,82.0
1652964915.815774,-0.2803942859172821,0.3242285251617431,0.1147961318492889,0.2707507014274597,0.2547717690467834,-0.9283239841461182,-0.424420565366745,-2.3691928386688232,0.4097434282302856,0.2837837251765246,-0.2576116743872378,0.2660110033786599,82.0
1652964915.8255692,-0.2543741464614868,0.3183138966560364,0.0719168782234191,0.2496439218521118,0.2584969699382782,-0.9331973195075988,-0.5893632173538208,-2.4006590843200684,0.3888747096061706,0.26139387045739,-0.2614659541914729,0.2714610511570385,82.0
1652964915.835388,-0.2350238114595413,0.324296772480011,0.0860668718814849,0.2280810326337814,0.2631915807723999,-0.937394917011261,-0.5894370079040527,-2.4447672367095947,0.3673545122146606,0.2386758464438946,-0.2663289345154047,0.2767612425734831,82.0
1652964915.845474,-0.2223468869924545,0.2904805541038513,0.147049605846405,0.205882653594017,0.2673638761043548,-0.9413442015647888,-0.461683839559555,-2.515266895294189,0.38738813996315,0.2153208116165156,-0.2706562583871698,0.2817738512119306,82.0
1652964915.855438,-0.2425192296504974,0.2479215860366821,0.1976023316383361,0.1830099374055862,0.2703694999217987,-0.9452024698257446,-0.342844009399414,-2.5867233276367188,0.431619256734848,0.1912533269873623,-0.2737768196123886,0.2867922970460455,82.0
1652964915.8653312,-0.27905935049057,0.2003200650215149,0.1724176108837127,0.1596287786960601,0.2722235023975372,-0.9489009380340576,-0.2249165177345276,-2.6337897777557373,0.4597215354442596,0.1666644249421379,-0.2757030379695791,0.2918713045629263,82.0
1652964915.87525,-0.2699316740036011,0.1192254424095153,0.102365642786026,0.1360510438680648,0.2734430730342865,-0.952217936515808,-0.1614789515733719,-2.6215503215789795,0.4866466224193573,0.1419175493998635,-0.276970726905388,0.2970666815134346,82.0
1652964915.8854609,-0.2252022624015808,0.0357865691184997,0.0873575210571289,0.1127297282218933,0.273100882768631,-0.9553574919700624,0.1193103045225143,-2.5657196044921875,0.4906573295593261,0.1174543212018092,-0.2766149793103162,0.3021162497143611,82.0
1652964915.895306,-0.1708429157733917,-0.0774991512298584,0.1536988019943237,0.0895745903253555,0.2709380686283111,-0.9584200382232666,0.1845955699682235,-2.5884900093078613,0.5498955845832825,0.0931899739670291,-0.2743674057891703,0.3072814584225964,82.0
1652964915.905191,-0.2502523958683014,0.0029790997505187,0.1723072826862335,0.0667349472641944,0.2690227031707763,-0.9608190655708312,0.1165420189499855,-2.4899351596832275,0.5636749267578125,0.0693449413126147,-0.2723781761774542,0.312907392742381,82.0
1652964915.915282,-0.3365182876586914,0.1226166486740112,0.1289868950843811,0.044892318546772,0.2678484618663788,-0.9624146223068236,0.0695561319589614,-2.413305282592773,0.6204671263694763,0.0466117203685395,-0.2711592086237494,0.3189202086577001,82.0
1652964915.925261,-0.3333786427974701,0.1266984939575195,0.1621514558792114,0.0235184207558631,0.2673682272434234,-0.9633073806762696,-0.0153718087822198,-2.4315903186798096,0.7755692601203918,0.0244093939285564,-0.2706607933813973,0.3260869645702661,82.0
1652964915.9354758,-0.3138397336006164,-0.0090929269790649,0.1651530563831329,0.0023162902798503,0.2672504782676697,-0.9636242985725404,0.0278046894818544,-2.468191146850586,0.9412402510643004,0.0024037230027492,-0.2705386049503356,0.3350188036453021,82.0
1652964915.9451308,-0.2937381565570831,-0.2196696996688842,0.0860168039798736,-0.0187771096825599,0.2666748762130737,-0.9636036157608032,0.1217895746231079,-2.4677178859710693,1.037299394607544,-0.0194838757953106,-0.2699413066383289,0.3452987026335065,82.0
1652964915.955415,-0.288915604352951,-0.3320372104644775,-0.0216517448425292,-0.0395450964570045,0.2652888298034668,-0.96335768699646,0.2312106043100357,-2.4209680557250977,1.0038574934005735,-0.0410262026753214,-0.2685034849483509,0.3559683930267155,82.0
1652964915.964939,-0.2662039399147033,-0.2672215700149536,-0.1534638404846191,-0.0598611198365688,0.2632050514221191,-0.9628809690475464,0.3078170120716095,-2.3311543464660645,0.8674557209014893,-0.0620888566540162,-0.2663429084681263,0.36584054458041,82.0
1652964915.974959,-0.2487772852182388,-0.1599939465522766,-0.2693890035152435,-0.079912282526493,0.260248988866806,-0.9622288942337036,0.4253809452056885,-2.276195287704468,0.6731301546096802,-0.0828589926543984,-0.2632800629868043,0.3740227498262058,82.0
1652964915.9848971,-0.2573662102222442,-0.1314043402671814,-0.3597324192523956,-0.1002692803740501,0.256521999835968,-0.9613233208656312,0.439331978559494,-2.291931390762329,0.4921991229057312,-0.1039275918512638,-0.2594220686267118,0.3804339491322088,82.0
1652964915.994878,-0.2998753190040588,-0.1957244277000427,-0.4589495658874511,-0.121221475303173,0.2531847953796386,-0.9597930908203124,0.3499493896961212,-2.2929065227508545,0.3000485897064209,-0.1256343806735936,-0.2559708995411785,0.3849815830365562,82.0
1652964916.004781,-0.306189477443695,-0.338631808757782,-0.510084867477417,-0.1424952149391174,0.250502347946167,-0.9575717449188232,0.2533394992351532,-2.270406723022461,0.0925418958067894,-0.1477248646492158,-0.2531991054648084,0.3874041586191198,82.0
1652964916.014744,-0.2862146198749542,-0.4804139137268066,-0.4200880527496338,-0.1639654338359832,0.2485335171222686,-0.9546446800231934,0.1729836463928222,-2.242039680480957,-0.062157142907381,-0.1700958098111361,-0.2511659686350371,0.3878715098827363,82.0
1652964916.024894,-0.3264319002628326,-0.5514424443244934,-0.3355975747108459,-0.1851647794246673,0.2473254948854446,-0.9510752558708192,0.0391007587313652,-2.163339138031006,-0.1417941451072693,-0.1922845565645995,-0.2499190237028482,0.3869746605610625,82.0
1652964916.034624,-0.3610728681087494,-0.5794121623039246,-0.3070574998855591,-0.2053638845682144,0.2476550638675689,-0.9468329548835754,-0.1884882003068924,-2.0342962741851807,-0.1435600817203521,-0.2135872906016134,-0.2502591712154593,0.3853575334874385,82.0
1652964916.044639,-0.3787484169006347,-0.5978066921234131,-0.268833726644516,-0.2241415828466415,0.2505842447280884,-0.9417898058891296,-0.4910021126270294,-1.885635256767273,-0.107746921479702,-0.2336486385646185,-0.2532837033464196,0.3833041617668391,82.0
1652964916.054632,-0.3818520307540893,-0.6283186674118042,-0.2289806902408599,-0.2412405759096145,0.2562329173088074,-0.9360275864601136,-0.7362874746322632,-1.7238531112670898,-0.0456931367516517,-0.2522388018589764,-0.2591229798483467,0.3809840798332072,82.0
1652964916.064572,-0.3639215230941772,-0.6803204417228699,-0.1614165306091308,-0.2564703226089477,0.2634520828723907,-0.9299548268318176,-0.8128772377967834,-1.5461927652359009,0.0032458733767271,-0.2690986169704667,-0.2665989574719508,0.3787048139008788,82.0
1652964916.07447,-0.3374454379081726,-0.7520573139190674,-0.0854906439781189,-0.269915372133255,0.2707171142101288,-0.9240443706512452,-0.7273066639900208,-1.380911350250244,0.0442191399633884,-0.2841954443503856,-0.2741378700224307,0.3767625538885227,82.0
1652964916.084426,-0.3339201509952545,-0.8078517317771912,-0.0717034935951232,-0.281573623418808,0.2768732011318207,-0.9187260270118712,-0.5719902515411377,-1.190447211265564,0.0826776176691055,-0.2973935495792071,-0.2805385731788677,0.3754576183716924,82.0
1652964916.094641,-0.3357721865177154,-0.8197928667068481,-0.0821892321109771,-0.2913182377815246,0.2817284166812897,-0.9142006039619446,-0.428316980600357,-1.0068209171295166,0.1218348741531372,-0.3084860224785848,-0.2855950258106758,0.3749030804505375,82.0
1652964916.1044068,-0.3021984696388244,-0.8164498209953308,-0.0867503881454467,-0.2993640005588531,0.2856639623641968,-0.9103720188140868,-0.341818630695343,-0.8509666323661804,0.1708021163940429,-0.3176984065691528,-0.289699203889976,0.3751033895423665,82.0
1652964916.114468,-0.2600996792316437,-0.8194031715393066,-0.1334781050682068,-0.3059098124504089,0.2893618941307068,-0.9070219993591307,-0.3496629893779754,-0.7128670811653137,0.2119346261024475,-0.3252878955655685,-0.293560146935772,0.3759032676864767,82.0
1652964916.124311,-0.236982524394989,-0.8193026185035706,-0.2205231785774231,-0.311082661151886,0.293811172246933,-0.9038266539573668,-0.4587075710296631,-0.5568922758102417,0.1809747368097305,-0.3314841578651097,-0.2982115729703279,0.3765276203170868,82.0
1652964916.134181,-0.2312769889831543,-0.7903931736946106,-0.3017407655715942,-0.3150028884410858,0.2989331781864166,-0.9007841348648072,-0.5730205178260803,-0.4011703133583069,0.0973070114850997,-0.3364062153818245,-0.3035745240535934,0.3761290611487772,82.0
1652964916.144268,-0.2231636047363281,-0.7413997054100037,-0.3502958118915558,-0.3177757263183594,0.3047178387641907,-0.8978672623634338,-0.6732838749885559,-0.2481588274240493,-0.0189176760613918,-0.3401652612925076,-0.3096421495585939,0.3743733181959892,82.0
1652964916.154177,-0.2150743305683136,-0.698574960231781,-0.3392722904682159,-0.319654643535614,0.3106163144111633,-0.895175039768219,-0.6947596073150635,-0.127123475074768,-0.1295368671417236,-0.342973690696329,-0.3158413449233836,0.3712041308907532,82.0
1652964916.164164,-0.2040590643882751,-0.6508065462112427,-0.3274846374988556,-0.3208584785461426,0.3162389099597931,-0.8927724957466125,-0.683076024055481,-0.0277701020240783,-0.2000291049480438,-0.3450203914711374,-0.3217622980508703,0.3671321268281786,82.0
1652964916.174144,-0.1943739652633667,-0.6063339710235596,-0.3279978632926941,-0.3212967813014984,0.321238249540329,-0.8908278942108154,-0.5774134993553162,0.0792871117591857,-0.2289353162050247,-0.3461504642903391,-0.3270367428077287,0.3627263815013508,82.0
1652964916.1840692,-0.1827611029148101,-0.579094648361206,-0.3079239726066589,-0.3209620416164398,0.3253037631511688,-0.8894721865653992,-0.5275024175643921,0.1718827784061432,-0.2723185420036316,-0.3463038604789881,-0.3313329392879599,0.3583033626239064,82.0
1652964916.19408,-0.1781571209430694,-0.5354626178741455,-0.321174144744873,-0.3199965357780456,0.3289256691932678,-0.8884875774383545,-0.514583170413971,0.2779671251773834,-0.3569207787513733,-0.3456960932197868,-0.3351657082151577,0.3533519659417715,82.0
1652964916.2039871,-0.177174299955368,-0.4913088083267212,-0.4093474745750427,-0.3183243572711944,0.3322753608226776,-0.8878415822982788,-0.5356505513191223,0.3965909481048584,-0.4372333586215973,-0.3442601350599294,-0.3387149809106906,0.3475609360571531,82.0
1652964916.2139878,-0.1626261472702026,-0.4349694848060608,-0.4200764298439026,-0.3159352540969848,0.3355885446071625,-0.8874487280845642,-0.557268500328064,0.5058140754699707,-0.5315428376197815,-0.34201349648912,-0.3422299308399056,0.3407732930988257,82.0
1652964916.2238998,-0.1578138470649719,-0.3816445469856262,-0.4088553488254547,-0.3129350543022156,0.3383597731590271,-0.8874594569206238,-0.4668916463851928,0.6016185879707336,-0.6044660210609436,-0.3390060714970625,-0.3451733197450583,0.3332439981597733,82.0
1652964916.234057,-0.1517006456851959,-0.3577432036399841,-0.3750682771205902,-0.3094657063484192,0.3400493562221527,-0.8880300521850586,-0.3620102405548095,0.6595470905303955,-0.6512470841407776,-0.3353250782633138,-0.346969385100971,0.3255013792820041,82.0
1652964916.243845,-0.1655888557434082,-0.3512828350067138,-0.3709979951381683,-0.3056025207042694,0.3410145044326782,-0.8889972567558289,-0.3380027115345001,0.7324257493019104,-0.701693594455719,-0.3311058472397474,-0.3479958957011251,0.3175627682182561,82.0
1652964916.253782,-0.1903553009033203,-0.3188732862472534,-0.4480210840702057,-0.3011760711669922,0.3423234820365906,-0.8900042772293091,-0.4715980589389801,0.8316634297370911,-0.7692644000053406,-0.3263022188071795,-0.3493886682256734,0.308864785033057,82.0
1652964916.263912,-0.2015671730041504,-0.2618508338928222,-0.4973790943622589,-0.2962355315685272,0.3450353741645813,-0.8906149864196777,-0.6903634071350098,0.9142475724220276,-0.8792735934257507,-0.3211075910952214,-0.3522764646221238,0.2986497928901571,82.0
1652964916.2737222,-0.2025258839130401,-0.2054398655891418,-0.5423550605773926,-0.2911111712455749,0.3492550849914551,-0.8906599283218384,-0.8732232451438904,0.9729124903678894,-1.0027896165847778,-0.3159031960906171,-0.3567760042278267,0.2865565450691779,82.0
1652964916.283688,-0.2149989008903503,-0.1549676060676574,-0.544547975063324,-0.2860539555549621,0.3542251288890838,-0.890335738658905,-0.923326849937439,1.0197604894638062,-1.143626689910889,-0.3108706266135616,-0.3620853312013642,0.2727153302823827,82.0
1652964916.293658,-0.225303828716278,-0.1258233785629272,-0.4845436215400696,-0.2812879681587219,0.3586281239986419,-0.8900915384292603,-0.8246591091156006,1.015794277191162,-1.2659791707992554,-0.3060897501624782,-0.3667978364005178,0.2576405805332599,82.0
1652964916.303605,-0.2299203276634216,-0.1022902131080627,-0.4288588166236877,-0.277037650346756,0.3614607751369476,-0.8902787566184998,-0.6345173120498657,1.011467218399048,-1.365636706352234,-0.301682582551052,-0.3698341165085896,0.2419025674477135,82.0
1652964916.3135571,-0.2522642016410827,-0.0707090497016906,-0.3900975286960602,-0.2731416821479797,0.36255544424057,-0.8910371661186218,-0.4940132200717926,1.0112403631210327,-1.4441754817962646,-0.2974491943105765,-0.3710084406703274,0.2257968468903917,82.0
1652964916.32365,-0.2712240517139435,-0.0298379063606262,-0.3786466717720032,-0.269471138715744,0.3626554906368255,-0.8921133875846863,-0.4470848143100738,1.0242247581481934,-1.5153942108154297,-0.2933449896988833,-0.3711158050810327,0.2092061741438457,82.0
1652964916.3337111,-0.2722825706005096,0.0155558586120605,-0.3770073354244232,-0.2658949196338653,0.3624809980392456,-0.893256664276123,-0.4514348208904266,1.0372925996780396,-1.576271414756775,-0.289316986344347,-0.3709285447547936,0.1919898636136006,82.0
1652964916.343438,-0.2608643472194671,0.0517711043357849,-0.3372573852539062,-0.2624510824680328,0.3622665703296661,-0.8943614363670349,-0.4495060741901397,1.0404192209243774,-1.6415122747421265,-0.285437570688009,-0.3706984906506763,0.1741298740649657,82.0
1652964916.353397,-0.2541855275630951,0.0662283301353454,-0.2734124362468719,-0.259318470954895,0.3617150485515594,-0.8954976797103882,-0.3966489732265472,1.0144811868667605,-1.698036789894104,-0.2818702312038502,-0.3701068585854816,0.1557090775806096,82.0
1652964916.3633652,-0.252158373594284,0.0644687414169311,-0.2301942706108093,-0.2565239071846008,0.3605043292045593,-0.8967899084091187,-0.3195305168628692,0.9957143664360046,-1.739027976989746,-0.2786070611559423,-0.3688085247106117,0.1370149027600403,82.0
1652964916.373455,-0.2668512463569641,0.0722728371620178,-0.2091025114059448,-0.2539770007133484,0.3585623800754547,-0.8982921242713928,-0.2561728358268738,0.9846063256263732,-1.780945897102356,-0.2755414019738497,-0.3667274046989843,0.1180953665040834,82.0
1652964916.383291,-0.2718431055545807,0.0770871639251709,-0.1833412051200866,-0.2515791058540344,0.3562080562114715,-0.8999021053314209,-0.2365077883005142,0.980453610420227,-1.8147941827774048,-0.272603202921116,-0.3642066133335479,0.0989325196154053,82.0
1652964916.3932629,-0.2626399993896484,0.0843527317047119,-0.1571123898029327,-0.249277114868164,0.3537219166755676,-0.901521861553192,-0.2253709733486175,0.9776447415351868,-1.8467662334442136,-0.2697667144203141,-0.3615472942975286,0.0794993953470011,82.0
1652964916.403182,-0.2491210401058197,0.0919171571731567,-0.1283794939517974,-0.2470642477273941,0.3511883616447449,-0.9031201004981996,-0.2305033504962921,0.9653716087341307,-1.8656141757965088,-0.2670338728999449,-0.3588399994723903,0.0598111072460184,82.0
1652964916.413173,-0.2449439167976379,0.1159181594848632,-0.0869781672954559,-0.244893729686737,0.3484985828399658,-0.9047517776489258,-0.1919362545013427,0.9659308791160583,-1.899219512939453,-0.2643409014619314,-0.3559687764975588,0.0399178417895457,82.0
1652964916.4230971,-0.2459373027086258,0.1329268813133239,-0.0351209044456481,-0.242832213640213,0.3451794981956482,-0.9065779447555542,-0.1119992136955261,0.9548505544662476,-1.912833333015442,-0.2617123014503081,-0.3524300396180916,0.0199524068168854,82.0
1652964916.4330912,-0.2446360290050506,0.1369825601577758,0.0290196537971496,-0.240883395075798,0.3412348628044128,-0.908589005470276,-0.0510836690664291,0.9281816482543944,-1.934065580368042,-0.2591560889458669,-0.3482303147313201,4.594952142315216e-05,82.0
1652964916.44297,-0.2337311804294586,0.1309029459953308,0.0489682853221893,-0.2391692101955413,0.3370638191699981,-0.9105965495109558,-0.059579811990261,0.8995115756988525,-1.941803216934204,-0.2568497173947233,-0.343796476606282,-0.0199430688400328,82.0
1652964916.45299,-0.2252178490161895,0.1366834044456482,0.054470956325531,-0.2375812232494354,0.3331786096096039,-0.9124402403831482,-0.1087478920817375,0.8849115967750549,-1.9513401985168457,-0.2547239905209209,-0.3396728075042959,-0.0401028575716238,82.0
1652964916.462964,-0.2045235782861709,0.1511037945747375,0.0986779034137725,-0.2360739558935165,0.3297125995159149,-0.914089024066925,-0.1353451460599899,0.865200400352478,-1.950760126113892,-0.2527389084066077,-0.3359991430125739,-0.0603676875449332,82.0
1652964916.473062,-0.1800204217433929,0.1506609916687011,0.1577891707420349,-0.2346982210874557,0.3264027237892151,-0.9156298637390136,-0.1391452103853225,0.8380635976791382,-1.948213577270508,-0.2509220751199741,-0.3324953583419535,-0.0806492564145105,82.0
1652964916.482839,-0.1642559766769409,0.1498664021492004,0.2171296179294586,-0.233479619026184,0.3231078386306762,-0.9171088337898254,-0.1303377449512481,0.8026594519615173,-1.9266411066055296,-0.2492866853106571,-0.3290116263445646,-0.1007721498017603,82.0
1652964916.492842,-0.1517116874456405,0.1644189953804016,0.262939989566803,-0.2323825508356094,0.319732129573822,-0.9185693860054016,-0.1070808917284011,0.7805948853492737,-1.8933329582214355,-0.2477843255554103,-0.3254467682277997,-0.1205407009107309,82.0
1652964916.5027862,-0.129596546292305,0.1710574030876159,0.3198080062866211,-0.2313806116580963,0.3162698447704315,-0.9200197458267212,-0.080247014760971,0.7404778599739075,-1.858049154281616,-0.2463854740225699,-0.3217949243424099,-0.1398927437555438,82.0
1652964916.51275,-0.1132043302059173,0.1695224046707153,0.3590377569198608,-0.2304998785257339,0.3126541376113891,-0.9214755296707152,-0.0659849792718887,0.7098315358161926,-1.8265039920806885,-0.2451124544778311,-0.3179859850601436,-0.1588099717916773,82.0
1652964916.522666,-0.1060803979635238,0.165446400642395,0.3674000799655914,-0.2296434938907623,0.3092662096023559,-0.922831654548645,-0.0993519276380539,0.6921535134315491,-1.773831129074097,-0.2438927934735585,-0.3144213204422875,-0.1773277523435734,82.0
1652964916.532669,-0.0959777534008026,0.1623446941375732,0.3924986124038696,-0.2287140488624572,0.3062624037265777,-0.9240634441375732,-0.1225858703255653,0.6742647886276245,-1.7139489650726318,-0.2426328546584888,-0.3112642607823482,-0.1953379350603705,82.0
1652964916.542768,-0.0783152133226394,0.1460963487625122,0.4363896548748016,-0.2277913391590118,0.3036616146564483,-0.9251490235328674,-0.1497309505939483,0.6381222009658813,-1.6482151746749878,-0.2414190393712971,-0.3085333994295191,-0.212749532051978,82.0
1652964916.5525532,-0.0639768540859222,0.1341084241867065,0.4632511138916015,-0.2268709391355514,0.3014888763427734,-0.9260852932929992,-0.162872314453125,0.6166152954101562,-1.5700095891952517,-0.2402469377393625,-0.3062538141448258,-0.2294735474257187,82.0
1652964916.562523,-0.0588313490152359,0.12869393825531,0.4971011579036712,-0.2258213609457016,0.2995907068252563,-0.9269574284553528,-0.1723988354206085,0.5948494076728821,-1.4711344242095947,-0.2389609205574709,-0.3042636362076348,-0.245318147920788,82.0
1652964916.572438,-0.0511093437671661,0.1153352260589599,0.5357874631881714,-0.2247237861156463,0.2981206178665161,-0.9276978373527528,-0.2000014334917068,0.5657846927642822,-1.3672964572906494,-0.2376601292528398,-0.3027231375487986,-0.2601901225653409,82.0
1652964916.582468,-0.0369921624660491,0.1020283102989196,0.5592649579048157,-0.2235211580991745,0.2969362437725067,-0.9283680319786072,-0.1835789978504181,0.5472763776779175,-1.2745298147201538,-0.2362708755113114,-0.3014825674434049,-0.2740458418213098,82.0
1652964916.592728,-0.0242683440446853,0.0795509815216064,0.5734790563583374,-0.2221305817365646,0.2957378923892975,-0.9290840029716492,-0.1442379653453827,0.5353606343269348,-1.1724811792373655,-0.2346801749759989,-0.3002278824787078,-0.2868698287045256,82.0
1652964916.602402,-0.0155951231718063,0.0619978308677673,0.5812232494354248,-0.2204736322164535,0.2944023907184601,-0.9299024939537048,-0.102314755320549,0.5289361476898193,-1.065040946006775,-0.2327947618142186,-0.2988301390619935,-0.2984928306826851,82.0
1652964916.612558,-0.0004706233739852,0.0266488790512084,0.5935521721839905,-0.2185082733631134,0.2929529845714569,-0.9308236837387084,-0.0668345391750335,0.5340784192085266,-0.948328137397766,-0.2305723964373556,-0.2973138589140144,-0.308892900870529,82.0
1652964916.6223168,0.0134508162736892,-0.0001680254936218,0.5989101529121399,-0.2161180675029754,0.2915928065776825,-0.9318082332611084,-0.0599408745765686,0.5372568368911743,-0.8266547322273254,-0.2279044868833376,-0.2958915716833984,-0.3180241984943474,82.0
1652964916.6322908,0.0253257155418396,-0.0334213376045227,0.586635410785675,-0.2133445143699646,0.2906228899955749,-0.9327499270439148,-0.0892590805888176,0.5461464524269104,-0.7132599949836731,-0.2248584268564624,-0.2948777678319906,-0.3259847646233553,82.0
1652964916.64223,0.040954053401947,-0.0687422156333923,0.5685570240020752,-0.210112988948822,0.2902229428291321,-0.9336076378822328,-0.1292478442192077,0.5620994567871094,-0.6090467572212219,-0.2213667167145697,-0.2944597863141597,-0.3329299761967829,82.0
1652964916.6524491,0.0605410039424896,-0.1048719882965087,0.5505578517913818,-0.2064455449581146,0.2905370891094208,-0.9343277812004088,-0.1870120614767074,0.5751579999923706,-0.4990374147891998,-0.2174622013763823,-0.2947881045920558,-0.3389012872758888,82.0
1652964916.662101,0.0710273534059524,-0.1373081803321838,0.5264310836791992,-0.2022987157106399,0.2916230857372284,-0.9348963499069214,-0.2447790950536728,0.5917255878448486,-0.3868012726306915,-0.2131007909315197,-0.2959232300746287,-0.3438676440440138,82.0
1652964916.6721082,0.0647451877593994,-0.1496025919914245,0.5193342566490173,-0.1976492553949356,0.2934709191322326,-0.935312569141388,-0.2849941849708557,0.6229950785636902,-0.3011494874954223,-0.2082550833792607,-0.2978556145250876,-0.347907502027731,82.0
1652964916.682197,0.0465836375951767,-0.1515026092529297,0.5104564428329468,-0.1923966407775879,0.2956653833389282,-0.9357165694236756,-0.2952462136745453,0.6704444289207458,-0.2313804030418396,-0.202787974707439,-0.3001519684018105,-0.3512388009749758,82.0
1652964916.692266,0.0335592478513717,-0.1340613365173339,0.4866670966148376,-0.1865286380052566,0.2980619072914123,-0.9361442923545836,-0.2943122386932373,0.7138515710830688,-0.1619025319814682,-0.1966762329243862,-0.3026616342886684,-0.3538863873626611,82.0
1652964916.7019758,0.0301966071128845,-0.1164694428443908,0.4414170086383819,-0.1800989657640457,0.3005721271038055,-0.936600625514984,-0.2829158306121826,0.7450910806655884,-0.0782973393797874,-0.1899712638118807,-0.3052924731703109,-0.3556951407756899,82.0
1652964916.711937,0.0353009551763534,-0.0961164832115173,0.4151454865932464,-0.1731641292572021,0.3029331266880035,-0.937147617340088,-0.2441947907209396,0.7627726197242737,-0.0036041950806975,-0.1827169551341696,-0.3077689038093067,-0.3566057532487568,82.0
1652964916.721891,0.0486011803150177,-0.0832346081733703,0.4044966101646423,-0.1659412682056427,0.3050218224525451,-0.937776744365692,-0.1907634735107422,0.7658258676528931,0.0663189217448234,-0.1751388325380749,-0.3099613425178444,-0.3566567129607355,82.0
1652964916.731873,0.053456962108612,-0.0634366869926452,0.3754995465278625,-0.1584221869707107,0.3065530657768249,-0.9385774731636048,-0.0990098491311073,0.7754380106925964,0.130731999874115,-0.1672136056150393,-0.3115696276269467,-0.3558989815360945,82.0
1652964916.741801,0.0704932212829589,-0.0501554608345031,0.3450221419334411,-0.1507392227649688,0.3072758615016937,-0.9396058917045592,0.0039921039715409,0.7623310685157776,0.1960727721452713,-0.1590726792626382,-0.3123290682700813,-0.3543003187774772,82.0
1652964916.7519422,0.0793784856796264,-0.0379287004470825,0.3260904550552368,-0.1430381685495376,0.3073019087314605,-0.9408004879951476,0.049053318798542,0.7378440499305725,0.2445638924837112,-0.1508832742476545,-0.3123564420849301,-0.3519731753708552,82.0
1652964916.7617269,0.0690868496894836,-0.0279644131660461,0.2686727941036224,-0.1354015469551086,0.3072549402713775,-0.9419451951980592,0.0363422520458698,0.7225019335746765,0.2744605839252472,-0.1427687498410617,-0.3123071013404165,-0.3491724155303151,82.0
1652964916.771698,0.0611255764961242,-0.0271666646003723,0.2030486464500427,-0.1277454644441604,0.3075714707374573,-0.9429108500480652,-0.0301374401897192,0.7326381802558899,0.2810884118080139,-0.1346600049791581,-0.3126397364844017,-0.3462891122180005,82.0
1652964916.7816548,0.0501749068498611,-0.0271109342575073,0.203525573015213,-0.1199838817119598,0.3085594177246094,-0.9436073899269104,-0.1045805141329765,0.729797899723053,0.2990376651287079,-0.1264757324348513,-0.3136781675555957,-0.3433678663708325,82.0
1652964916.791655,0.029351957142353,-0.0190528035163879,0.2254465818405151,-0.1121766790747642,0.3103200495243072,-0.9439904093742372,-0.1950904428958892,0.7165752649307251,0.3158456683158874,-0.1182777782453203,-0.3155296763439131,-0.3403320154714718,82.0
1652964916.801591,0.0058527439832687,0.0239472985267639,0.2074304819107055,-0.1044092774391174,0.3130163252353668,-0.943991243839264,-0.3015779852867126,0.7197195887565613,0.3307620584964752,-0.1101563373170542,-0.318367312189473,-0.3372449547952088,82.0
1652964916.811543,-0.0081558525562286,0.0690302848815918,0.163364291191101,-0.0967330858111381,0.3167687952518463,-0.9435572624206544,-0.4251633286476135,0.6895790100097656,0.3374015986919403,-0.1021626523992255,-0.3223209001689487,-0.334139192571551,82.0
1652964916.821651,-0.0152695998549461,0.1150451898574829,0.122251808643341,-0.0893599390983581,0.3215501010417938,-0.9426665902137756,-0.5262805223464966,0.653583824634552,0.3448801636695862,-0.0945124276258441,-0.3273660725678105,-0.3310669308724845,82.0
1652964916.831493,-0.0175828337669372,0.1574159264564514,0.0965972542762756,-0.0823012292385101,0.3270172774791717,-0.9414277076721193,-0.5599008202552795,0.6092128753662109,0.3382574319839477,-0.0872000212586902,-0.3331455986112255,-0.3280191074758711,82.0
1652964916.841432,-0.0135614424943923,0.177783727645874,0.1019569337368011,-0.0756567195057869,0.3319725394248962,-0.9402501583099364,-0.4039857983589172,0.5687393546104431,0.3555246591567993,-0.0802914720211024,-0.3383939226191486,-0.3248308905434441,82.0
1652964916.851417,-0.0023849457502365,0.1939659118652343,0.1243271231651306,-0.0693924203515052,0.3349471688270569,-0.939678192138672,-0.1719075590372085,0.5083207488059998,0.3730911612510681,-0.0737132018414668,-0.3415491611206215,-0.321231038163995,82.0
1652964916.861347,0.0003511607646942,0.2359878420829773,0.140415221452713,-0.0636598914861679,0.3356590270996094,-0.9398300051689148,0.0664929002523422,0.4542250335216522,0.3755024671554565,-0.0676322322833416,-0.3423047569264081,-0.3173112675107403,82.0
1652964916.871312,0.0067699886858463,0.2711713910102844,0.0880540609359741,-0.0584362596273422,0.3347364664077759,-0.940498113632202,0.1689673364162445,0.3966022133827209,0.3707306087017059,-0.0620535369319547,-0.3413255450796377,-0.3132967116643489,82.0
1652964916.881249,0.004731610417366,0.3170187473297119,-0.0046298205852508,-0.0537886433303356,0.3334262073040008,-0.9412405490875244,0.1303064376115799,0.3450895547866821,0.3448057770729065,-0.0570844589260917,-0.3399354341051875,-0.3094376523502307,82.0
1652964916.891386,0.000357199460268,0.3482854962348938,-0.0725637674331665,-0.0496431067585945,0.332771897315979,-0.941699743270874,0.0509437024593353,0.2975963354110718,0.3146747946739197,-0.0526677405905963,-0.3392414698122738,-0.305878215381756,82.0
1652964916.901116,0.0055919475853443,0.3514191508293152,-0.0849057435989379,-0.0460887886583805,0.3326627016067505,-0.941918969154358,0.0140026584267616,0.2363810241222381,0.3085517287254333,-0.0488917436925051,-0.3391256751046785,-0.3025855218044858,82.0
1652964916.9111562,-0.0045031160116195,0.3499644994735718,-0.0549736618995666,-0.0431195870041847,0.3327293992042541,-0.942035973072052,0.0057252873666584,0.1784516721963882,0.3132514059543609,-0.045740833325491,-0.3391964283287575,-0.2992908994228713,82.0
1652964916.921092,-0.0301463752985,0.3591320514678955,-0.0479411482810974,-0.0406696833670139,0.3327006995677948,-0.942155122756958,0.0386471524834632,0.1306204944849014,0.3159909844398498,-0.0431398742977446,-0.3391659680093223,-0.2959919687068469,82.0
1652964916.931059,-0.0370941311120986,0.366942286491394,-0.0578982532024383,-0.0385589674115181,0.3322665691375732,-0.9423969984054564,0.0819616019725799,0.0829808115959167,0.3477198779582977,-0.0408930317908693,-0.3387056499580642,-0.2924693061950768,82.0
1652964916.9410071,-0.0244566313922405,0.3643656373023987,-0.0522284209728241,-0.0368684530258178,0.3315863013267517,-0.9427042007446288,0.0885187089443206,0.0171167850494384,0.3763729631900787,-0.0390893278975468,-0.3379845194833132,-0.2886046629978269,82.0
1652964916.950982,-0.004531517624855,0.351067304611206,-0.0758901238441467,-0.0356906801462173,0.3309560716152191,-0.9429709911346436,0.0777640640735626,-0.0406951159238815,0.3982990384101867,-0.0378311225318402,-0.3373165503625784,-0.284458862357541,82.0
1652964916.961043,0.0214535742998123,0.3360801339149475,-0.1087724566459655,-0.0349881388247013,0.3306047618389129,-0.943120539188385,0.0252906680107116,-0.0905494391918182,0.3999263346195221,-0.0370812625084154,-0.3369442926902318,-0.2801774875939537,82.0
1652964916.9708838,0.0378892421722412,0.316160500049591,-0.1341743469238281,-0.0347612015902996,0.330387145280838,-0.943205177783966,0.0595983080565929,-0.1315589249134063,0.3568465113639831,-0.0368376644340037,-0.3367137310632496,-0.2761636636006019,82.0
1652964916.980852,0.062402669340372,0.2725690007209778,-0.123720496892929,-0.0351504869759082,0.3296836316585541,-0.943436861038208,0.1207226440310478,-0.1890944391489029,0.3351067304611206,-0.0372406852909842,-0.3359684596409305,-0.2724819245599346,82.0
1652964916.9908118,0.0563893318176269,0.2287715077400207,-0.0848426818847656,-0.0360646471381187,0.328372985124588,-0.9438593983650208,0.1757960319519043,-0.2220414727926254,0.2924162447452545,-0.0381911869378243,-0.3345805187474041,-0.269119117573685,82.0
1652964917.000741,0.0308107733726501,0.1768448948860168,-0.0870724916458129,-0.037372063845396,0.3269101679325104,-0.9443162083625792,0.1484520882368087,-0.2452957034111023,0.2750643789768219,-0.0395551516157068,-0.3330322535615003,-0.2660576425305834,82.0
1652964917.01072,0.0140186436474323,0.1473427414894104,-0.1154742538928985,-0.0388599671423435,0.326182872056961,-0.9445075988769532,0.0213085077702999,-0.252185046672821,0.2557852268218994,-0.0411199055428722,-0.3322627646109096,-0.2632480017708418,82.0
1652964917.020705,0.0034421123564243,0.1524025201797485,-0.112750232219696,-0.0404752157628536,0.3267547488212585,-0.9442420601844788,-0.1143475249409675,-0.2599700391292572,0.2312601804733276,-0.0428390689636311,-0.3328677852531568,-0.2607190301040853,82.0
1652964917.030794,-0.008068561553955,0.1571952700614929,-0.0937051475048065,-0.0423464998602867,0.328492134809494,-0.9435569047927856,-0.2324411273002624,-0.2941871285438537,0.2121056616306305,-0.044849547549465,-0.3347066840921244,-0.2584587475978028,82.0
1652964917.040608,-0.0134585611522197,0.1687336564064026,-0.1020499169826507,-0.0445858873426914,0.3310690522193908,-0.9425525665283204,-0.2766870260238647,-0.3211296498775482,0.1887687146663665,-0.047268109373108,-0.3374363061983331,-0.2564646120132449,82.0
1652964917.050571,-0.0152645409107208,0.1535099148750305,-0.0887989401817321,-0.0472202152013778,0.333504170179367,-0.9415652751922609,-0.2078810632228851,-0.3585523962974548,0.1364810168743133,-0.0501087774442834,-0.3400181102959311,-0.2548935379800637,82.0
1652964917.0605211,-0.0032481700181961,0.1372437477111816,-0.0511145293712616,-0.0504170171916484,0.334714412689209,-0.940969944000244,-0.00500532053411,-0.4139778912067413,0.1025977581739425,-0.0535286532016698,-0.3413021373095334,-0.2536730355887153,82.0
1652964917.07049,0.0212057828903198,0.1199122667312622,-0.0308586955070495,-0.0542563423514366,0.333547294139862,-0.9411708116531372,0.2641510367393493,-0.4724526405334472,0.0790498182177543,-0.0575839809763491,-0.3400638530226139,-0.2526737512424465,82.0
1652964917.080395,0.0308500528335571,0.0976938605308532,0.0088281333446502,-0.0586973577737808,0.3303290009498596,-0.9420389533042908,0.4199717938899994,-0.521867573261261,0.0619727559387683,-0.0622283970393925,-0.3366521155867823,-0.251729676166698,82.0
