1652966855.138905,-0.0204590559005737,-0.0619720816612243,0.0090501308441162,-0.297396719455719,0.3972455859184265,-0.8681884407997131,0.1451880186796188,0.0149843702092766,0.0563149750232696,-0.330021242059299,-0.4085135089043102,-0.0470488667564042,108.0
1652966855.149047,-0.0237824320793151,-0.0578563809394836,0.0284059643745422,-0.29701828956604,0.395666241645813,-0.8690387606620789,0.2710258662700653,0.0205602310597896,0.0540464892983436,-0.3293313742866456,-0.4067931771066424,-0.0457621970251909,108.0
1652966855.158825,-0.0320096611976623,-0.0480456948280334,0.0469107031822204,-0.2965120375156402,0.3928170800209045,-0.8705029487609863,0.4393660724163055,0.0445226095616817,0.0556734204292297,-0.3282955317828088,-0.4036929014237446,-0.0439555919599554,108.0
1652966855.168818,-0.032362163066864,-0.0467103719711303,0.0634629726409912,-0.295854389667511,0.3882581889629364,-0.8727689981460571,0.6711617708206177,0.0611625723540782,0.0668051615357399,-0.3268271452070591,-0.3987407560029938,-0.0414405841278075,108.0
1652966855.178729,-0.0200395882129669,-0.0543525218963623,0.0681176483631134,-0.2950543761253357,0.3804296851158142,-0.8764793872833252,1.0988023281097412,0.0728233307600021,0.0784168541431427,-0.324719848180623,-0.3902608819361493,-0.0375482470730009,108.0
1652966855.188612,-0.0043325126171112,-0.0379160046577453,0.1190032362937927,-0.2939004898071289,0.3695984482765198,-0.8814870715141296,1.4465023279190063,0.1024153158068656,0.1094466745853424,-0.3218235263732561,-0.3785768363363663,-0.0322314657050183,108.0
1652966855.198473,-0.0163471698760986,-0.0717659592628479,0.0692781805992126,-0.2925059497356415,0.3564267754554748,-0.8873557448387146,1.5669927597045898,0.129485547542572,0.1244394704699516,-0.3184208513166119,-0.3644406818307969,-0.0259472590721956,108.0
1652966855.208671,-0.0347713232040405,-0.0736297965049743,-0.0184569060802459,-0.2906375527381897,0.3433927893638611,-0.8930907845497131,1.4850728511810305,0.1669849902391433,0.203476220369339,-0.3146197848473717,-0.3505269775367202,-0.0192619974122625,108.0
1652966855.218577,-0.050528734922409,-0.0875388979911804,-0.0807195007801055,-0.2878196239471435,0.3312840759754181,-0.8985603451728821,1.4252874851226809,0.2686639130115509,0.3432320058345794,-0.3099859066539521,-0.3376641657140576,-0.0118227079306505,108.0
1652966855.228379,-0.0849516093730926,-0.1515353322029113,0.0292604863643646,-0.2835175693035126,0.3192501962184906,-0.9042660593986512,1.494516372680664,0.420623630285263,0.3789239525794983,-0.3038260149691357,-0.3249381813881478,-0.0034255011056591,108.0
1652966855.238333,-0.1380665004253387,-0.2419000267982483,0.1468384265899658,-0.2780406475067138,0.3066069781780243,-0.9103216528892516,1.5128695964813232,0.5524687170982361,0.3234074413776397,-0.2964320801849561,-0.3116262699134566,0.0047032944678487,108.0
1652966855.248287,-0.1455891132354736,-0.3032261729240417,0.0390638709068298,-0.2714335918426513,0.2941880524158478,-0.9163935780525208,1.395646572113037,0.6592902541160583,0.3823469281196594,-0.2879647189396417,-0.2986058677145632,0.0126189307221073,108.0
1652966855.2582722,-0.097928762435913,-0.3112983107566833,-0.068459928035736,-0.2640402317047119,0.2837614119052887,-0.9218254685401917,1.1190125942230225,0.6759387254714966,0.4909341037273407,-0.2789629822670981,-0.2877145077325826,0.0206372570956915,108.0
1652966855.269082,-0.0713584721088409,-0.3410244584083557,-0.0749417245388031,-0.2562629580497741,0.2764950394630432,-0.9262179732322692,0.7725533843040466,0.6840499043464661,0.5813058614730835,-0.269924384096904,-0.2801450527382687,0.0286789492444844,108.0
1652966855.278429,-0.0949118435382843,-0.3882061243057251,-0.0617940425872802,-0.2481972575187683,0.2723042666912079,-0.9296496510505676,0.481770247220993,0.7158675193786621,0.6074116230010986,-0.2608942839364132,-0.2757869714077036,0.0363168772535029,108.0
1652966855.2887049,-0.1334219276905059,-0.4517130255699157,-0.0188928246498107,-0.2396859675645828,0.2698998749256134,-0.9325795769691468,0.368991494178772,0.781040370464325,0.5758243799209595,-0.2515690531287089,-0.2732890604606035,0.0433733922088613,108.0
1652966855.2982268,-0.1518136858940124,-0.5170964598655701,0.0229650139808654,-0.2305257618427276,0.2676233649253845,-0.93554025888443,0.4092451632022857,0.87492835521698,0.5330010056495667,-0.2415962752610235,-0.2709255624950833,0.0498884384951566,108.0
1652966855.3082352,-0.1488624960184097,-0.5607509613037109,0.0307715833187103,-0.220522254705429,0.2647606432437897,-0.9387607574462892,0.443147212266922,0.9816755652427672,0.4763582050800323,-0.2307246139465929,-0.2679556865564868,0.055997802628735,108.0
1652966855.318164,-0.1419166028499603,-0.5753617882728577,0.0037675499916076,-0.2095695883035659,0.2616895735263824,-0.9421247839927672,0.4013620913028717,1.104161262512207,0.4522861838340759,-0.218879847569594,-0.2647723750513648,0.0616505753435277,108.0
1652966855.328171,-0.1259621381759643,-0.5543400645256042,-0.0310195982456207,-0.1975546777248382,0.2593215703964233,-0.9453700184822084,0.2887204885482788,1.2089744806289673,0.4319276511669159,-0.2060062166086878,-0.26231968615795,0.0668573236961536,108.0
1652966855.338098,-0.1159857809543609,-0.5201918482780457,-0.0289274156093597,-0.1846428513526916,0.2579160630702972,-0.9483597874641418,0.190320149064064,1.2965970039367676,0.4254838824272156,-0.1922914079778359,-0.2608646659649417,0.0716925942114309,108.0
1652966855.3480802,-0.1155229359865188,-0.4985286593437195,-0.0181506872177124,-0.1708845198154449,0.2569049298763275,-0.9512088894844056,0.1984427869319915,1.3786897659301758,0.4333476424217224,-0.177753742741178,-0.2598182857937071,0.0763360867761733,108.0
1652966855.358177,-0.1182162761688232,-0.4950122237205505,0.0241856276988983,-0.1564724147319793,0.2552485466003418,-0.954130232334137,0.3131905496120453,1.4258896112442017,0.4207850098609924,-0.1625479221919734,-0.2581047586870137,0.081102148109653,108.0
1652966855.3679938,-0.1403863877058029,-0.4834793210029602,0.065011441707611,-0.1416875720024109,0.2519898414611816,-0.9573012590408324,0.4948223829269409,1.4689595699310305,0.3892230987548828,-0.1469405200693574,-0.2547359149358534,0.0858667099828072,108.0
1652966855.377944,-0.156859278678894,-0.48233562707901,0.0712036937475204,-0.1264353841543197,0.2471098750829696,-0.9607033133506776,0.6217210292816162,1.5248814821243286,0.3668735325336456,-0.1308550733393175,-0.249696488047826,0.0905221119908797,108.0
1652966855.387906,-0.1529699265956878,-0.4772190451622009,0.0617458075284957,-0.1106256395578384,0.241476833820343,-0.9640803337097168,0.6274076700210571,1.6015034914016724,0.3202431797981262,-0.1142476388413991,-0.2438874281612716,0.0948238057885525,108.0
1652966855.397814,-0.1595512330532074,-0.4588927626609802,0.0507290959358215,-0.0941871702671051,0.2360598146915435,-0.9671631455421448,0.5562443733215332,1.6750065088272097,0.2643515169620514,-0.0970788640091529,-0.2383090656057782,0.0983991661963215,108.0
1652966855.4078178,-0.1589391529560089,-0.4289767742156982,0.0079653114080429,-0.0770227536559104,0.2313077300786972,-0.9698269367218018,0.4741982817649841,1.7599434852600098,0.2541753053665161,-0.0792527233040957,-0.2334216538199418,0.1015082862221825,108.0
1652966855.417732,-0.1528475880622863,-0.3792614340782165,0.0007041692733764,-0.0591732710599899,0.2274910062551498,-0.971980631351471,0.3709138333797455,1.8176690340042116,0.2395106703042984,-0.0608040179862389,-0.2295003484183528,0.1043292685172972,108.0
1652966855.4278789,-0.1451984345912933,-0.3466530442237854,0.0049632936716079,-0.0408367253839969,0.2242542207241058,-0.9736747145652772,0.3367651700973511,1.8539135456085205,0.2363303154706955,-0.0419162635457224,-0.2261777012676885,0.1069245931769393,108.0
1652966855.437673,-0.1462215483188629,-0.2928712964057922,0.0143277198076248,-0.0221744365990161,0.220840722322464,-0.9750577807426452,0.4002998173236847,1.885071039199829,0.2086114883422851,-0.0227377445116609,-0.2226763856482,0.1093303479989104,108.0
1652966855.447688,-0.1571136265993118,-0.2478677034378051,0.0420456826686859,-0.0032714970875531,0.2161940485239029,-0.9763449430465698,0.5741065144538879,1.9155852794647217,0.1728897094726562,-0.0033507470045882,-0.2179146304377464,0.1113592432806525,108.0
1652966855.457597,-0.1409599035978317,-0.2225434184074401,0.0438531786203384,0.0157310236245393,0.2096410691738128,-0.977651834487915,0.7655823230743408,1.9133671522140503,0.1707230359315872,0.0160892308451399,-0.2112078552852713,0.1130424743531726,108.0
1652966855.467605,-0.1170722171664238,-0.2086265087127685,0.0469672381877899,0.0346900150179863,0.201354295015335,-0.9789040088653564,0.9172853231430054,1.9158034324646,0.1246588677167892,0.0354227830799214,-0.2027403333953425,0.1143622421088026,108.0
1652966855.477531,-0.1297370046377182,-0.2038235664367675,0.061131477355957,0.0536261685192585,0.1918745040893554,-0.9799532890319824,1.0095232725143433,1.9297780990600584,0.0438860729336738,0.0546686635047908,-0.1930717770397337,0.1148105714881446,108.0
1652966855.487556,-0.1421879827976226,-0.1928194761276245,0.0253917872905731,0.0725468769669532,0.1820361763238906,-0.9806119203567504,0.9884395599365234,1.9380711317062376,-0.0273276530206203,0.0738466986534806,-0.1830568294641007,0.114226300390355,108.0
1652966855.4975948,-0.1401174366474151,-0.1622594594955444,-0.0239339768886566,0.0914571583271026,0.1729818135499954,-0.9806696176528932,0.8685070276260376,1.959294676780701,-0.1022944152355194,0.0929909414506956,-0.1738563233680924,0.1128220536367,108.0
1652966855.5074549,-0.1375987827777862,-0.1101331114768982,-0.0483591705560684,0.1104686632752418,0.1655161529779434,-0.9800005555152892,0.6883873343467712,1.9750884771347048,-0.2004899531602859,0.1122492290748571,-0.1662813568706885,0.1104960939849998,108.0
1652966855.517365,-0.1116013973951339,-0.0565822124481201,-0.0648758113384246,0.1293321102857589,0.159739688038826,-0.9786503314971924,0.56852126121521,1.968685746192932,-0.3109396994113922,0.1313921808495792,-0.1604269515741045,0.1071812809627525,108.0
1652966855.527323,-0.0846619606018066,-0.0358399152755737,-0.0731786340475082,0.1477723121643066,0.154843658208847,-0.9768248200416564,0.5573218464851379,1.929195761680603,-0.4149063229560852,0.150139793369912,-0.1554692002951628,0.1027956266787507,108.0
1652966855.5372891,-0.0697025209665298,-0.0220453739166259,-0.0507023334503173,0.1654361486434936,0.1497776210308075,-0.9747807383537292,0.6362870335578918,1.853110432624817,-0.5128481388092041,0.1681143746582739,-0.1503433573412331,0.097240114036594,108.0
1652966855.547287,-0.0697064995765686,-0.0412758588790893,-0.0429394096136093,0.1822400391101837,0.1438762843608856,-0.9726706147193908,0.7796804308891296,1.779895305633545,-0.6096276640892029,0.1852131724652441,-0.1443773459134457,0.0904165549273549,108.0
1652966855.557153,-0.0637176930904388,-0.0682519078254699,-0.037916213274002,0.1980865746736526,0.136976271867752,-0.97056645154953,0.8818814158439636,1.6789597272872925,-0.670974612236023,0.2013287792238768,-0.137408266022443,0.0824605007574171,108.0
1652966855.567189,-0.0732205957174301,-0.0641502737998962,-0.0394468009471893,0.2129758298397064,0.1301450431346893,-0.9683509469032288,0.8084192276000977,1.6031615734100342,-0.7413092255592346,0.216489852731937,-0.1305152589966361,0.0738030205861672,108.0
1652966855.577156,-0.1376711875200271,-0.0425963997840881,-0.0538247227668762,0.2274386286735534,0.1251290291547775,-0.9657196402549744,0.577991783618927,1.622560739517212,-0.880728006362915,0.2312971736922128,-0.1254578834496019,0.0643128693774056,108.0
1652966855.587132,-0.194579467177391,0.0188038349151611,-0.0851567611098289,0.2421410828828811,0.1236394122242927,-0.962330996990204,0.1762443482875824,1.6861344575881958,-1.0008907318115234,0.2465021602365349,-0.123956605791637,0.054166686224792,108.0
1652966855.597364,-0.1876428723335266,0.1146792769432067,-0.1496252119541168,0.2572382092475891,0.1266149431467056,-0.9580172896385192,-0.2515660524368286,1.7335466146469116,-1.0741313695907593,0.2623235003149651,-0.1269557109032128,0.044182573781328,108.0
1652966855.607024,-0.1579362750053405,0.197514533996582,-0.1583616733551025,0.2723924219608307,0.1334593296051025,-0.9528855681419371,-0.5563874840736389,1.7413400411605835,-1.1255476474761963,0.2784348992721045,-0.1338587260351608,0.0346722970768799,108.0
1652966855.616946,-0.1457715630531311,0.2610794901847839,-0.1071549504995346,0.2871595025062561,0.1429215520620346,-0.9471604228019714,-0.7134758234024048,1.709673523902893,-1.146772027015686,0.2943710872691853,-0.1434126408368737,0.0255750046552963,108.0
1652966855.627074,-0.134004920721054,0.2679872512817383,-0.0935918092727661,0.3012564778327942,0.1525212377309799,-0.9412660598754884,-0.5866054892539978,1.6436764001846311,-1.1699628829956057,0.3097524352564478,-0.1531188597146278,0.0164183582692637,108.0
1652966855.636992,-0.1149162650108337,0.263083279132843,-0.0337660312652587,0.3142570555210113,0.1601240485906601,-0.9357364773750304,-0.2402155250310897,1.5255324840545654,-1.1895021200180054,0.3240041973479023,-0.1608163290361947,0.0064708705424234,108.0
1652966855.647053,-0.1220333874225616,0.2504631280899048,0.027819350361824,0.3257992267608642,0.1642277389764785,-0.93106609582901,0.162819817662239,1.3806607723236084,-1.2231415510177612,0.3366040968344385,-0.1649750668304204,-0.0049776441479894,108.0
1652966855.65698,-0.1793566346168518,0.2697018980979919,0.0075509548187255,0.3362169563770294,0.1656820625066757,-0.9270963072776794,0.3774194717407226,1.32270348072052,-1.2736777067184448,0.3479047809980622,-0.1664495978817795,-0.0177894686351717,108.0
1652966855.66682,-0.2134198248386383,0.3143134117126465,-0.0755032896995544,0.3461102545261383,0.1663846373558044,-0.9233222007751464,0.3939696848392486,1.3004003763198853,-1.3046035766601562,0.3586419368246175,-0.1671620557248463,-0.0314373134817013,108.0
1652966855.676676,-0.1764083802700042,0.4044384360313415,-0.143201008439064,0.3556228578090668,0.1678286790847778,-0.919437825679779,0.2669638097286224,1.238882303237915,-1.29463791847229,0.3690606748859782,-0.1686266938626815,-0.0449647053289979,108.0
1652966855.6865149,-0.1164058744907379,0.493213951587677,-0.1298070400953292,0.3643001019954681,0.1709599792957306,-0.915455162525177,0.0678123459219932,1.1434365510940552,-1.271239995956421,0.3787329280365986,-0.1718039076097276,-0.0575963929480352,108.0
1652966855.696592,-0.1084110140800476,0.4853838682174682,-0.0243230164051055,0.3721133768558502,0.1754460483789444,-0.9114550352096558,0.0092755332589149,1.0809390544891355,-1.341265082359314,0.3876092902244045,-0.1763588241951763,-0.0699566026952938,108.0
1652966855.70661,-0.1396584510803222,0.4096293449401855,0.090263545513153,0.3793587386608124,0.1803205460309982,-0.907508373260498,0.0298969224095344,1.0549585819244385,-1.3874338865280151,0.3959456790135514,-0.1813123361375756,-0.082851295581744,108.0
1652966855.716525,-0.1495247483253479,0.3478417992591858,0.0955766588449478,0.3863105773925781,0.1856580674648285,-0.9034905433654784,-0.0569850504398345,1.039496660232544,-1.3709795475006104,0.4040502432864878,-0.1867415237518909,-0.0957651939256774,108.0
1652966855.726531,-0.1290076673030853,0.3146325349807739,0.0618698000907897,0.3929236531257629,0.1921432465314865,-0.8992730379104614,-0.2569125294685364,0.987185001373291,-1.259008526802063,0.4119359311605117,-0.1933456286726238,-0.1074357696298037,108.0
1652966855.736642,-0.1034921109676361,0.3268682360649109,0.073054164648056,0.3992989361286163,0.2004138380289077,-0.8946477770805359,-0.5820823311805725,0.9478430151939392,-1.0650559663772583,0.4197891943700033,-0.2017803134608876,-0.1165316601184382,108.0
1652966855.746475,-0.098972737789154,0.3854013085365295,0.0982363671064376,0.4056285619735718,0.2111813277006149,-0.8893075585365295,-0.9661303758621216,0.9260639548301696,-0.8779464960098267,0.4279294295754403,-0.2127833865743743,-0.1223191230914531,108.0
1652966855.756414,-0.1007362604141235,0.442142128944397,0.1058506369590759,0.4120307862758636,0.2245784252882003,-0.883060097694397,-1.3279179334640503,0.9035502076148988,-0.6809414625167847,0.4365677155041101,-0.2265103885365882,-0.1245715116277125,108.0
1652966855.766386,-0.1004217565059661,0.4876843094825744,0.1396044790744781,0.4185522198677063,0.2398663312196731,-0.875944197177887,-1.5765243768692017,0.8892333507537842,-0.5113955736160278,0.4457546432194268,-0.2422281619508333,-0.123673669377839,108.0
1652966855.7763848,-0.0871138870716095,0.5196348428726196,0.2030062973499298,0.4250044822692871,0.2556881606578827,-0.8683287501335144,-1.6079779863357544,0.8484274744987488,-0.3741187453269958,0.4551729598161075,-0.258559454243798,-0.1205720101581404,108.0
1652966855.786683,-0.0819310843944549,0.5055099129676819,0.2887724637985229,0.4313420951366424,0.270187497138977,-0.8607802987098694,-1.4069857597351074,0.8295294642448425,-0.2948132753372192,0.4645319415287098,-0.2735877616772529,-0.1166585037142167,108.0
1652966855.796279,-0.0792903006076812,0.4846635460853576,0.3835513293743133,0.4375361204147339,0.2818691730499267,-0.8538804650306702,-1.023133635520935,0.8005924820899963,-0.2683125734329223,0.4735255341212341,-0.2857417275125937,-0.1135100015219527,108.0
1652966855.8063931,-0.0341419875621795,0.4154248833656311,0.4235628843307495,0.4433521330356598,0.2893887460231781,-0.8483471870422363,-0.4931576550006866,0.7121901512145996,-0.1751746386289596,0.4815691645428556,-0.2935881918869191,-0.1119665338582683,108.0
1652966855.816191,0.0268295109272003,0.3752657175064087,0.4246355891227722,0.4483596682548523,0.2921002507209778,-0.8447787165641785,-0.0813254117965698,0.5417186617851257,-0.0152447763830423,0.4879378130529462,-0.2964221211776774,-0.1115334152338922,108.0
1652966855.8261309,0.0172133147716522,0.4018318057060241,0.4016818702220917,0.4524827003479004,0.2916469573974609,-0.8427345156669617,0.1192548274993896,0.4250524938106537,0.0997238904237747,0.4927471178752478,-0.2959482064256152,-0.1112613305436886,108.0
1652966855.836064,-0.0491269826889038,0.4376828670501709,0.3656085133552551,0.4563687741756439,0.289924293756485,-0.8412320613861084,0.1280467808246612,0.4151270389556885,0.1815193742513656,0.4970671738640141,-0.2941477382299857,-0.1106302463343278,108.0
1652966855.846075,-0.0536993741989135,0.4563546776771545,0.3502629399299621,0.4605139195919037,0.2878443598747253,-0.8396859765052795,0.1313712149858474,0.3992154598236084,0.2985357344150543,0.501641566553568,-0.291975168485406,-0.1090536938859488,108.0
1652966855.856015,0.0067012906074523,0.3805791735649109,0.3621786534786224,0.4645358622074127,0.284656673669815,-0.8385565280914307,0.1713553816080093,0.2836230993270874,0.5077605247497559,0.5058867264748428,-0.2886482551419712,-0.1062552279734347,108.0
1652966855.8660111,0.0238814055919647,0.344418466091156,0.3628229200839996,0.468199223279953,0.2807775139808655,-0.837826669216156,0.0790744572877883,0.1996185034513473,0.6783820390701294,0.5095940598422104,-0.2846041086101737,-0.1014651274602619,108.0
1652966855.876076,-0.0282379984855651,0.3284699320793152,0.3088696599006653,0.4719025194644928,0.2774798274040222,-0.8368470072746277,-0.1051391214132309,0.2144754827022552,0.7571261525154114,0.5134563843756754,-0.2811699204587713,-0.0949196226875876,108.0
1652966855.8858762,-0.0395463407039642,0.3385301232337951,0.2857384085655212,0.4759476482868194,0.2750983536243438,-0.8353410363197327,-0.180720180273056,0.2235462069511413,0.8162004351615906,0.5178907410052098,-0.2786920145262483,-0.0870114281597583,108.0
1652966855.895852,-0.0128789842128753,0.3415850400924682,0.3381139039993286,0.479736864566803,0.2720087766647339,-0.834184467792511,-0.0049034031108021,0.1263110488653183,0.866889238357544,0.5219070475928911,-0.2754799031650575,-0.078877235460881,108.0
1652966855.905837,-0.045200765132904,0.3713799715042114,0.4057890176773071,0.4827922880649566,0.2664216756820678,-0.8342248201370239,0.3143241107463836,0.044397547841072,0.8985755443572998,0.524634168207593,-0.2696785948335708,-0.0717818216290018,108.0
1652966855.915793,-0.1186839044094085,0.4387330412864685,0.4222144186496734,0.4854593575000763,0.2583428025245666,-0.8352174162864685,0.6629074811935425,0.0416461303830146,0.8623468279838562,0.5265089978491881,-0.26130637249325,-0.0662497825327908,108.0
1652966855.925744,-0.134449303150177,0.4695285558700561,0.4009729623794555,0.4877054989337921,0.2472966760396957,-0.8372500538825989,0.9332292675971984,-0.0589731559157371,0.9436815977096558,0.5274589878005629,-0.2498892775106192,-0.062489733791406,108.0
1652966855.935701,-0.0991332530975341,0.4773573279380798,0.3802792131900787,0.4888426959514618,0.2335360795259475,-0.8405317664146423,1.1527400016784668,-0.2684076726436615,1.11720871925354,0.5267707925208721,-0.2357127401046925,-0.0587783014666717,108.0
1652966855.945807,-0.1403082609176635,0.4513811469078064,0.3361027538776397,0.4884832799434662,0.2174555659294128,-0.8450426459312439,1.2870043516159058,-0.4408484101295471,1.2309552431106567,0.5241290792056355,-0.219206902090153,-0.0546419907322003,108.0
1652966855.955612,-0.2244350314140319,0.4627377986907959,0.3165611326694488,0.4868709146976471,0.2004676759243011,-0.8501584529876709,1.321925401687622,-0.5404203534126282,1.231091856956482,0.5200909006290643,-0.2018352595477451,-0.0503594437235101,108.0
1652966855.965619,-0.2314323186874389,0.4866516590118408,0.3241280317306518,0.4843009114265442,0.1830741167068481,-0.8555328249931335,1.4231406450271606,-0.6150932312011719,1.186829924583435,0.5151056086703288,-0.184112508153924,-0.0464918877523077,108.0
1652966855.975523,-0.1936095356941223,0.4672087430953979,0.3749563694000244,0.4805052578449249,0.1642129123210907,-0.8614805936813354,1.7067257165908811,-0.747890055179596,1.126145601272583,0.5087866471780622,-0.1649600414209284,-0.0440161752294221,108.0
1652966855.9855142,-0.1802040040493011,0.4837381839752197,0.4279246926307678,0.4755225777626037,0.1427387744188308,-0.8680460453033447,2.069408893585205,-0.7845580577850342,1.0898733139038086,0.5011587685188141,-0.1432279673398986,-0.0433745597381462,108.0
1652966855.995459,-0.1580005884170532,0.4495683312416076,0.3885854184627533,0.4701496362686157,0.1181131824851036,-0.8746476769447327,2.377427101135254,-0.7822310328483582,1.1351323127746582,0.4932191594126787,-0.1183895489429902,-0.0444108148187783,108.0
1652966856.005404,-0.0566959083080291,0.3120249509811401,0.3282332718372345,0.4643954634666443,0.0900253877043724,-0.8810404539108276,2.730336904525757,-0.8489946126937866,1.3280354738235474,0.4850909787566989,-0.0901474394566989,-0.0456796091525484,108.0
1652966856.015511,0.0247061848640441,0.1786366701126098,0.2633599042892456,0.4574257433414459,0.0585852898657321,-0.8873158693313599,2.853778839111328,-0.9766014814376832,1.607658624649048,0.4759834217415633,-0.0586188543250985,-0.0455775454680445,108.0
1652966856.025371,-0.0189378857612609,0.144483208656311,0.2017475366592407,0.4493120014667511,0.0262950733304023,-0.892987847328186,2.657893180847168,-0.9940678477287292,1.742353081703186,0.4661690598651183,-0.0262981053369525,-0.0432315354634754,108.0
1652966856.035291,-0.1389988958835601,0.1978436708450317,0.1240526884794235,0.4413975477218628,-0.0030199734028428,-0.8973065614700317,2.1560420989990234,-0.8155068159103394,1.7552505731582642,0.4571578181990626,0.0030199779799918,-0.0383120451224177,108.0
1652966856.045298,-0.23444265127182,0.2855454683303833,0.0589253604412078,0.4346837103366852,-0.027293873950839,-0.9001694917678833,1.582660436630249,-0.6226534843444824,1.7003542184829712,0.4498669477177213,0.0272972638273522,-0.0310181010265592,108.0
1652966856.055215,-0.2757593691349029,0.4000890254974365,0.0550114661455154,0.4292932748794555,-0.0465275719761848,-0.901965856552124,1.1114616394042969,-0.4346005916595459,1.7094508409500122,0.444225536523417,0.0465443770134759,-0.0215102500553666,108.0
1652966856.065192,-0.2325207591056823,0.4143469929695129,0.0151553601026535,0.4249950647354126,-0.062869593501091,-0.9030097126960754,0.8943835496902466,-0.3427465558052063,1.8417911529541016,0.4398872925558229,0.062911081837553,-0.0097995890638125,108.0
1652966856.075141,-0.1057613492012023,0.3266338109970093,-0.0390851497650146,0.4201686680316925,-0.0788805410265922,-0.9040111303329468,0.8657803535461426,-0.454768419265747,2.084059476852417,0.4350789145297313,0.0789625709766159,0.0042704443652192,108.0
1652966856.085431,-0.028705358505249,0.2803441286087036,-0.0624428167939186,0.4132878482341766,-0.0956992655992508,-0.9055577516555786,0.8743005990982056,-0.6527264714241028,2.2340259552001958,0.4281554549792019,0.0958459444638672,0.0203230934434074,108.0
1652966856.095057,-0.1015960872173309,0.3202865123748779,-0.030564472079277,0.4045135378837585,-0.1125324368476867,-0.9075820446014404,0.8465889692306519,-0.759933352470398,2.212839841842652,0.4192761730807663,0.1127713112409972,0.0371670775254073,108.0
1652966856.104964,-0.2329301536083221,0.3586586713790893,-0.0228603184223175,0.3950089812278747,-0.1284458339214325,-0.9096535444259644,0.7589936256408691,-0.7703055739402771,2.107302665710449,0.4096718625138928,0.1288016653722081,0.0537191504313989,108.0
1652966856.114962,-0.2653732299804687,0.4359796047210693,-0.0833385586738586,0.3849258124828338,-0.1421710699796676,-0.9119317531585692,0.4869826436042785,-0.8456722497940063,2.0253162384033203,0.3994112190189203,0.1426544221812359,0.0703118787104794,108.0
1652966856.1249251,-0.2380889654159546,0.5518947243690491,-0.1531598716974258,0.3738616108894348,-0.1527177840471267,-0.9148249626159668,0.195369690656662,-0.9515874981880188,1.9429268836975095,0.3879581811439757,0.1533177371843918,0.087414198365582,108.0
1652966856.134875,-0.2133143246173858,0.5614588260650635,-0.2360848039388656,0.361797571182251,-0.1607047319412231,-0.9183008670806884,0.0024113673716783,-1.0365079641342163,1.888443946838379,0.3753110473134012,0.1614046288288512,0.1049241277018717,108.0
1652966856.144851,-0.168694794178009,0.4925088882446289,-0.2811330556869507,0.3490689098834991,-0.1661936044692993,-0.9222421646118164,-0.1997952610254287,-1.0953654050827026,1.774730205535889,0.3618358786554022,0.1669683188907448,0.1226336175360031,108.0
1652966856.154948,-0.1091758012771606,0.4254361987113952,-0.2964013218879699,0.3357687890529632,-0.169266402721405,-0.9266111254692078,-0.3953518271446228,-1.1768659353256226,1.61798894405365,0.3476451374677868,0.1700852839794106,0.1397594651531149,108.0
1652966856.164772,-0.0638873279094696,0.4521268010139465,-0.2959682643413543,0.3218066394329071,-0.1696536689996719,-0.931481659412384,-0.6083834171295166,-1.293628811836243,1.4394750595092771,0.3326408482916509,0.1704782349935989,0.1559747848546274,108.0
1652966856.174742,-0.0497922003269195,0.5105112791061401,-0.3051840662956238,0.3066586256027221,-0.167166993021965,-0.9370248913764954,-0.8429362773895264,-1.4615936279296875,1.318603277206421,0.3162821880430675,0.1679555307511067,0.1715088823423623,108.0
1652966856.18497,-0.0897421538829803,0.5675151348114014,-0.280302494764328,0.2901053130626678,-0.1622481495141983,-0.943140745162964,-1.0116592645645142,-1.641395092010498,1.2084115743637085,0.2984099735316785,0.1629685700077416,0.1865362453468729,108.0
1652966856.194631,-0.1832319498062133,0.628081738948822,-0.2043161988258361,0.2720686197280884,-0.1554097384214401,-0.949645459651947,-1.1108146905899048,-1.7806390523910522,1.1079678535461426,0.279021236554912,0.1560422211795671,0.2007911377681952,108.0
1652966856.204623,-0.2506983578205108,0.6108886003494263,-0.1542413085699081,0.2533381283283233,-0.1482489258050918,-0.9559508562088012,-0.9238520264625548,-1.8417794704437256,0.9938198924064636,0.2590566202363759,0.1487973971879448,0.2137873439543384,108.0
1652966856.214552,-0.2227471470832824,0.4619437456130981,-0.1757094264030456,0.2337945103645324,-0.1425736546516418,-0.9617758989334106,-0.7616275548934937,-1.956784963607788,0.95596045255661,0.2384610998801615,0.14306115153421,0.2253825113473657,108.0
1652966856.275496,-0.1473348438739776,0.4232730269432068,-0.2278406322002411,0.2131154686212539,-0.1379888355731964,-0.9672335982322692,-0.6401234865188599,-2.09244155883789,0.8518342971801758,0.2168698679155449,0.1384305296009718,0.235885635670751,108.0
1652966856.2758431,-0.1499761939048767,0.4920937418937683,-0.2109062075614929,0.1911443918943405,-0.1333930939435959,-0.9724556803703308,-0.642142117023468,-2.23876953125,0.6959357857704163,0.1940842081879462,0.1337918925413959,0.2447675830055079,108.0
1652966856.276008,-0.203260600566864,0.5149309635162354,-0.2616494297981262,0.1679517477750778,-0.1277243345975875,-0.9774858951568604,-0.8046021461486816,-2.357964515686035,0.6773043274879456,0.1701586206043805,0.1280741863161235,0.2527864366735385,108.0
1652966856.2761688,-0.2680261433124542,0.5251262784004211,-0.3457280695438385,0.1436670124530792,-0.1193598285317421,-0.9824016690254213,-1.1378439664840698,-2.440725326538086,0.66725093126297,0.1452112658403383,0.1196450755746014,0.2609731843913764,108.0
1652966856.276325,-0.3225551247596741,0.4865338802337646,-0.3443412184715271,0.118728220462799,-0.107425756752491,-0.9870984554290771,-1.4468659162521362,-2.4932098388671875,0.6405362486839294,0.1197049611716692,0.107633460280788,0.2691725941403269,108.0
1652966856.27648,-0.3149592280387878,0.3426369428634643,-0.3105905652046203,0.093096449971199,-0.0931722521781921,-0.9912880659103394,-1.5430337190628052,-2.577474355697632,0.6278128027915955,0.0936399710253994,0.0933075841177705,0.2771009132765943,108.0
1652966856.288527,-0.2847927212715149,0.1597523093223571,-0.3155865371227264,0.0667598620057106,-0.0799517780542373,-0.9945605993270874,-1.2266621589660645,-2.666917085647583,0.5248989462852478,0.0670244377198065,0.0800372010121623,0.284046520038012,108.0
1652966856.294609,-0.3031555414199829,0.1107459068298339,-0.2551696598529815,0.0395294278860092,-0.0700103789567947,-0.996762752532959,-0.7800803184509277,-2.732384443283081,0.3635156452655792,0.0396370409479165,0.0700676984496566,0.2890318432419353,108.0
1652966856.304182,-0.3701757490634918,0.0547900795936584,-0.2787318825721741,0.0123418811708688,-0.0649265572428703,-0.9978137016296388,-0.3784734606742859,-2.7017064094543457,0.1744149327278137,0.012368292527305,0.0649722574173339,0.2918235893160278,108.0
1652966856.319869,-0.4343971908092499,0.0823001265525817,-0.4032720625400543,-0.0141654256731271,-0.0606866739690303,-0.9980563521385192,-0.5357497930526733,-2.6169004440307617,0.0585038624703884,-0.0141920590328894,0.0607239851509944,0.2929474757894581,108.0
1652966856.325591,-0.4549743235111236,0.1355519294738769,-0.6303595900535583,-0.0396698303520679,-0.0529137402772903,-0.9978108406066896,-1.0382648706436155,-2.5127739906311035,-0.0181176792830228,-0.0397359368278813,0.0529384642529399,0.292942427855824,108.0
1652966856.3340058,-0.444139301776886,0.0846472978591919,-0.6820933818817139,-0.0642835348844528,-0.0405475869774818,-0.9971075654029846,-1.4003536701202393,-2.459678888320923,-0.122304156422615,-0.0643809079530441,0.0405587049809501,0.291600356715017,108.0
1652966856.344132,-0.4105042815208435,-0.1494301557540893,-0.5822463631629944,-0.088641233742237,-0.027052329853177,-0.995696187019348,-1.2340619564056396,-2.4546010494232178,-0.2316538095474243,-0.088790304661534,0.0270556306012855,0.2888206452103606,108.0
1652966856.3544688,-0.4297902584075928,-0.4041779041290283,-0.4832794070243835,-0.1125223562121391,-0.0182617362588644,-0.9934813976287842,-0.6217989325523376,-2.378758430480957,-0.4992177784442901,-0.1127800551473104,0.0182627523544556,0.2844379716799676,108.0
1652966856.3641171,-0.488233745098114,-0.4602659940719604,-0.3779427409172058,-0.1353319138288498,-0.0165732372552156,-0.9906616806983948,0.1458769291639328,-2.264686346054077,-0.8134657144546509,-0.1357672113913201,0.0165739953721719,0.2775663954933647,108.0
1652966856.3736792,-0.4470634758472442,-0.4272291660308838,-0.4535380601882934,-0.1571387946605682,-0.0203236192464828,-0.9873673915863036,0.3197154104709625,-2.2057812213897705,-0.9078031778335572,-0.1578256493250545,0.0203250179753626,0.2693739901301983,108.0
1652966856.383617,-0.4106215238571167,-0.3707873821258545,-0.6282367706298828,-0.1785965859889984,-0.0240459293127059,-0.983628511428833,0.0617315508425235,-2.2038350105285645,-0.939854860305786,-0.1796124167901946,0.0240482480511402,0.2606264440009461,108.0
1652966856.393723,-0.4883252382278442,-0.329520046710968,-0.7211809158325195,-0.199678286910057,-0.024226201698184,-0.979561984539032,-0.3879051804542541,-2.156278133392334,-0.97304505109787,-0.2010894082171974,0.0242285726850195,0.2509571386135938,108.0
1652966856.40348,-0.4904587864875793,-0.3682618141174316,-0.7119746804237366,-0.2204024195671081,-0.020996518433094,-0.9751830101013184,-0.6669130921363831,-2.16187047958374,-1.0217071771621704,-0.2222768453017111,0.0209980617017034,0.2401022603703015,108.0
1652966856.413744,-0.3743583261966705,-0.5484737753868103,-0.6484278440475464,-0.241425335407257,-0.0164891239255666,-0.9702792763710022,-0.7798460125923157,-2.2133657932281494,-1.0869284868240356,-0.2438682014130354,0.0164898706125549,0.2282984502591285,108.0
1652966856.4233608,-0.3478473722934723,-0.6554632186889648,-0.6722407937049866,-0.2624736428260803,-0.0104221897199749,-0.9648828506469728,-1.13107430934906,-2.163424253463745,-1.2672327756881714,-0.2655996246106774,0.0104223784936752,0.21464031313406,108.0
1652966856.433556,-0.3679898679256439,-0.6598720550537109,-0.7685763239860535,-0.2823396921157837,-0.0004971717717126,-0.9593143463134766,-1.704058051109314,-1.9927833080291748,-1.4461748600006104,-0.2862321880487541,0.0004971718126453,0.1977454240008037,108.0
1652966856.443438,-0.343890368938446,-0.6106926202774048,-0.8048387765884399,-0.3004882931709289,0.0138994418084621,-0.9536842107772828,-2.184697151184082,-1.7934174537658691,-1.5433712005615234,-0.305234992438158,-0.0138998892134613,0.1777488165922503,108.0
1652966856.453362,-0.3049545884132385,-0.5229098200798035,-0.6589016914367676,-0.3167800009250641,0.029095210134983,-0.948052704334259,-1.975262761116028,-1.5940381288528442,-1.6814957857131958,-0.322474175768103,-0.0290993159659717,0.1558977852937953,108.0
1652966856.463379,-0.260196179151535,-0.5628451704978943,-0.4159319400787353,-0.3322110176086426,0.0377428643405437,-0.9424496293067932,-1.0032930374145508,-1.5650455951690674,-1.7764803171157837,-0.3388979056690999,-0.0377518315845933,0.1346916994241604,108.0
1652966856.473229,-0.2919562757015228,-0.6554161906242371,-0.2503312826156616,-0.3472190797328949,0.0358689874410629,-0.9370977878570556,0.0350438132882118,-1.4894022941589355,-1.9686150550842283,-0.3548424878598089,-0.0358766815552398,0.1156459103166812,108.0
1652966856.483317,-0.3730784058570862,-0.7447000741958618,-0.2174931615591049,-0.3611744940280914,0.0255070868879556,-0.9321492910385132,0.5433748960494995,-1.3714097738265991,-2.1935276985168457,-0.3696531742007398,-0.0255098531287677,0.0973394053732586,108.0
1652966856.493274,-0.341540515422821,-0.8160262107849121,-0.3465387523174286,-0.3740051090717315,0.0129511095583438,-0.9273362159729004,0.3112504184246063,-1.305651068687439,-2.27775502204895,-0.3833576233980484,-0.0129514717942222,0.0782923834489383,108.0
1652966856.503343,-0.2975238263607025,-0.8432432413101196,-0.4339211881160736,-0.3856731653213501,0.0042031719349324,-0.9226258993148804,-0.3233171999454498,-1.1646747589111328,-2.315277576446533,-0.3959410149309003,-0.0042031842317294,0.0571287964290834,108.0
1652966856.513146,-0.3186903893947601,-0.8262732028961182,-0.3669422268867492,-0.3955429792404175,0.0006244988180696,-0.9184472560882568,-0.8495042324066162,-0.9790557622909546,-2.323626756668091,-0.4066590628324939,-0.0006244988739385,0.0334899715928704,108.0
1652966856.5230532,-0.3080006241798401,-0.76193767786026,-0.2273987978696823,-0.403654009103775,0.0001649137557251,-0.914911687374115,-1.0215489864349363,-0.8007081151008606,-2.303481340408325,-0.4155071909499129,-0.0001649137522248,0.008518631893014,108.0
1652966856.5330858,-0.2719259262084961,-0.731727659702301,-0.1085140407085418,-0.410370796918869,-0.0005252630217,-0.911918580532074,-0.8183446526527405,-0.6800217628479004,-2.245017766952514,-0.4228607051840619,0.000525263055915,-0.0159708376025484,108.0
1652966856.543274,-0.3019772171974182,-0.7301166653633118,-0.0409434884786605,-0.4159487783908844,-0.0040088961832225,-0.9093791842460632,-0.4432544112205505,-0.5533170700073242,-2.2609307765960693,-0.4289895543067871,0.0040089067268031,-0.0389729587302231,108.0
1652966856.5529509,-0.4014235138893127,-0.7214988470077515,0.0365716218948364,-0.4198960363864898,-0.011531937867403,-0.9074989557266236,-0.0693799331784248,-0.3558571934700012,-2.374086380004883,-0.4333615333420531,0.011532193181542,-0.0609020900363209,108.0
1652966856.562978,-0.42219939827919,-0.7113507390022278,0.1010074019432067,-0.4219625294208526,-0.0216159224510192,-0.9063555002212524,0.0256901253014802,-0.1945841461420059,-2.441601514816284,-0.4357177029659559,0.0216176067818797,-0.0827556140467502,108.0
1652966856.572974,-0.3508325815200805,-0.7351447939872742,0.0616954155266284,-0.4224370121955871,-0.0314524918794631,-0.905846357345581,-0.1038609445095062,-0.0435762517154216,-2.4129951000213623,-0.4363630682270996,0.0314576813758933,-0.104887566474841,108.0
1652966856.582904,-0.3053803443908691,-0.7383621335029602,0.1009823679924011,-0.4213194251060486,-0.0402981676161289,-0.9060165286064148,-0.1200737357139587,0.0897634327411651,-2.3423373699188232,-0.4352774005899685,0.0403090810352102,-0.1269742088331744,108.0
1652966856.592734,-0.2305977046489715,-0.7439276576042175,0.1905223280191421,-0.4193350970745086,-0.0492717027664184,-0.9064934253692628,0.0350185111165046,0.1108650341629982,-2.1852245330810547,-0.4332745838589872,0.0492916620763923,-0.1476823603335458,108.0
1652966856.602816,-0.2626028954982757,-0.7123265862464905,0.2124774605035781,-0.4170387685298919,-0.0586078129708766,-0.9069971442222596,0.0189956035465002,0.1631346344947815,-2.1034374237060547,-0.4309750044777422,0.0586414158759022,-0.1667815386823213,108.0
1652966856.612733,-0.4560722708702087,-0.6498552560806274,0.2269797623157501,-0.4132209122180938,-0.0666404068470001,-0.9081891775131226,-0.2180632054805755,0.3931402862071991,-2.178413391113281,-0.4269994263569086,0.0666898287139976,-0.1865239121895638,108.0
1652966856.6226768,-0.4990563988685608,-0.6426968574523926,0.261601835489273,-0.4071172773838043,-0.0728658586740493,-0.9104647636413574,-0.3856391608715057,0.5975602865219116,-2.2164628505706787,-0.4204840522033295,0.0729304921678917,-0.2078519824924259,108.0
1652966856.632629,-0.3816409409046173,-0.629973292350769,0.351631611585617,-0.3995937705039978,-0.0780720338225364,-0.913361668586731,-0.3966051936149597,0.6879967451095581,-2.134014844894409,-0.4124086253395152,0.0781515654670039,-0.2293903045768651,108.0
1652966856.642705,-0.3057251572608948,-0.6564367413520813,0.4020283222198486,-0.3911894559860229,-0.0828144326806068,-0.9165765643119812,-0.2914377748966217,0.8090813755989075,-1.9781606197357176,-0.4033892875475462,0.0829093873867885,-0.249683563622678,108.0
1652966856.6525822,-0.2815486788749695,-0.7069869041442871,0.4840903580188751,-0.3816135227680206,-0.0888419449329376,-0.9200425148010254,0.0036741057410836,0.919434666633606,-1.8393149375915527,-0.3931808985882152,0.0889592312366641,-0.2678960866813484,108.0
1652966856.6625838,-0.2567982673645019,-0.7717617750167847,0.5143605470657349,-0.3712686896324157,-0.0968647673726081,-0.9234591126441956,0.300068199634552,0.9834933280944824,-1.6466504335403442,-0.3822648568128122,0.0970168883539761,-0.2834530331753157,108.0
1652966856.672618,-0.3783860206604004,-0.7128867506980896,0.4547122716903686,-0.3592848479747772,-0.1050571128726005,-0.927295744419098,0.2101186215877533,1.2727208137512207,-1.606546401977539,-0.3696446769045719,0.1052513312899237,-0.2975376242351421,108.0
1652966856.6827002,-0.4370384514331817,-0.589444100856781,0.4384238719940185,-0.3448065817356109,-0.1113974750041961,-0.9320402145385742,-0.0672828927636146,1.4759743213653564,-1.5158699750900269,-0.3543343427689607,0.1116291677436242,-0.3119769139181383,108.0
1652966856.69255,-0.3266603350639343,-0.5081942677497864,0.3791989386081695,-0.3288877606391907,-0.114199548959732,-0.937438666820526,-0.3619571328163147,1.5958716869354248,-1.3383842706680298,-0.3374198770771395,0.114449238912783,-0.3261081084209737,108.0
1652966856.702626,-0.3178761601448059,-0.4586809873580932,0.476633071899414,-0.3118235468864441,-0.1140842363238334,-0.9432660937309264,-0.5406440496444702,1.7352887392044067,-1.278978705406189,-0.3192692096237762,0.1143331694597218,-0.3399664174083077,108.0
1652966856.7126842,-0.3050671517848968,-0.4146537184715271,0.5636791586875916,-0.2935961782932281,-0.1127819269895553,-0.9492531418800354,-0.5055222511291504,1.8212652206420896,-1.178541660308838,-0.2999593940741109,0.1130223974388151,-0.3534017862582956,108.0
1652966856.7223349,-0.2082227170467376,-0.3621953129768371,0.5773176550865173,-0.2749925851821899,-0.1116346567869186,-0.9549433588981628,-0.3864733278751373,1.8436613082885744,-1.013681411743164,-0.2803815170572898,0.1118678383064102,-0.3651976307599651,108.0
1652966856.73261,-0.1852760314941406,-0.2808305025100708,0.6042656302452087,-0.2560386061668396,-0.1112541183829307,-0.960243046283722,-0.2057856321334839,1.9212416410446167,-0.8729162216186523,-0.2605769171071457,0.1114849143094757,-0.3750917868213098,108.0
1652966856.742357,-0.1892675310373306,-0.1871452331542968,0.6112736463546753,-0.2364373952150344,-0.1122806817293167,-0.9651374816894532,-0.0044914120808243,1.9734841585159304,-0.7404944896697998,-0.2402464637243409,0.1125179515714316,-0.3832067880124828,108.0
1652966856.752358,-0.1611416786909103,-0.0940740704536438,0.6034658551216125,-0.2165285795927047,-0.1143605932593345,-0.9695550799369812,0.1107751280069351,2.001875162124634,-0.6009120345115662,-0.2197222302116677,0.1146113495647535,-0.3895851520199839,108.0
1652966856.76259,-0.1474504768848419,-0.0290248990058898,0.5650910139083862,-0.1965894252061844,-0.1168945953249931,-0.9734928011894226,0.1720675081014633,1.987505555152893,-0.5018121004104614,-0.1992625037469422,0.1171624569925037,-0.3947015975983156,108.0
1652966856.772224,-0.1617244482040405,-0.0077783465385437,0.5550808310508728,-0.1768222898244857,-0.1194881871342659,-0.9769628643989564,0.1889080703258514,1.9770780801773071,-0.4516998827457428,-0.1790534652055561,0.1197743632312664,-0.3990496699694112,108.0
1652966856.782466,-0.1924380362033844,0.007681131362915,0.5711124539375305,-0.1569882035255432,-0.122031033039093,-0.980032205581665,0.1769446283578872,1.9784964323043823,-0.4336114227771759,-0.1588373804878267,0.122335950749669,-0.4031376628477907,108.0
1652966856.792176,-0.1925601959228515,0.0260369181632995,0.5743594169616699,-0.1371059417724609,-0.1240114867687225,-0.9827629923820496,0.0996929854154586,1.9852312803268437,-0.3880230188369751,-0.1386160006289404,0.1243315630017148,-0.407050834177809,108.0
1652966856.8023891,-0.1647096574306488,0.0655733942985534,0.5756508708000183,-0.1171964630484581,-0.1249214708805084,-0.9852206110954284,0.0041547394357621,1.9833462238311768,-0.2902157604694366,-0.118398178242763,0.1252486830688829,-0.4104053738647926,108.0
1652966856.812384,-0.1241320893168449,0.1087710261344909,0.5862286686897278,-0.0975933596491813,-0.124787613749504,-0.9873720407485962,-0.0713345631957054,1.9529043436050413,-0.1202518865466117,-0.0985215153825611,0.125113766573009,-0.4125079623045249,108.0
1652966856.8220348,-0.1154613494873046,0.1680523157119751,0.5899151563644409,-0.0784320682287216,-0.1235454827547073,-0.9892345070838928,-0.181375041604042,1.942191481590271,0.0611642450094223,-0.0791201054180464,0.1238619505519636,-0.41289984628354,108.0
1652966856.8323588,-0.1159922778606414,0.22135591506958,0.5834481716156006,-0.0595753379166126,-0.1214273124933242,-0.9908108711242676,-0.2210748493671417,1.91426420211792,0.2385945469141006,-0.0600555556658721,0.1217277093030229,-0.4115680255643477,108.0
1652966856.842006,-0.0990310460329055,0.2550075054168701,0.5730162858963013,-0.0413803309202194,-0.1192046403884887,-0.99200701713562,-0.1969519406557083,1.845600724220276,0.4137064218521118,-0.0416895780451375,0.1194887720382151,-0.4083925701780216,108.0
1652966856.8520122,-0.1158441975712776,0.2833315730094909,0.5654743909835815,-0.023895788937807,-0.1175984069705009,-0.992773711681366,-0.0903958678245544,1.8112661838531492,0.5222824811935425,-0.0240650766568693,0.1178711621140255,-0.4036688990211475,108.0
1652966856.862212,-0.156742587685585,0.3182399868965149,0.5730448365211487,-0.0067400755360722,-0.1168985813856124,-0.9931209683418274,-0.04453756660223,1.7902182340621948,0.5949007272720337,-0.0067866574643262,0.117166477406956,-0.3980695483444767,108.0
1652966856.87183,-0.1549347788095474,0.3428891897201538,0.5282252430915833,0.0100830951705574,-0.1163447499275207,-0.993157684803009,-0.095647819340229,1.755576491355896,0.6808276772499084,0.0101522131535491,0.1166088339280461,-0.3916849018759901,108.0
1652966856.882176,-0.138223260641098,0.358431339263916,0.4775223433971405,0.0263916030526161,-0.1147446110844612,-0.993044376373291,-0.2644171118736267,1.7085999250411987,0.7815990447998047,0.0265702033854203,0.1149979116694477,-0.3843307674451761,108.0
1652966856.891832,-0.1287644803524017,0.3816494345664978,0.4448726177215576,0.0421403311192989,-0.1114985570311546,-0.9928707480430604,-0.4471634924411773,1.6675134897232056,0.8894453048706055,0.0424174613658342,0.1117308828102827,-0.3758481833353649,108.0
1652966856.901832,-0.0990539342164993,0.422989547252655,0.4338051378726959,0.0572906285524368,-0.1072060018777847,-0.9925848245620728,-0.49085134267807,1.5920504331588743,1.0115928649902344,0.0576546557069814,0.1074124271409389,-0.3661106626865203,108.0
1652966856.9119868,-0.0315627381205558,0.4381303191184997,0.4224598407745361,0.0711745470762252,-0.1034443452954292,-0.9920853972434998,-0.3997248411178589,1.4517651796340942,1.1897292137145996,0.0716196542435686,0.1036297260198758,-0.354813223519529,108.0
1652966856.9217849,-0.0340301841497421,0.459454596042633,0.4256965816020965,0.0836517587304115,-0.1013252213597297,-0.9913302063941956,-0.2230541706085205,1.3412845134735107,1.2938623428344729,0.0841839097378285,0.1014994102724537,-0.3421316225002452,108.0
1652966856.931852,-0.1284491121768951,0.5003010034561157,0.428779661655426,0.0953070223331451,-0.1013413146138191,-0.9902759790420532,-0.0193095728754997,1.2969800233840942,1.323083996772766,0.0959473748820516,0.1015155868030494,-0.3289636515877226,108.0
1652966856.941574,-0.1953419893980026,0.5561695098876953,0.4145020842552185,0.1066121235489845,-0.1031159535050392,-0.9889392852783204,0.0958697497844696,1.2755271196365356,1.337212324142456,0.1073897739436925,0.103299567769293,-0.3157493308002955,108.0
1652966856.9515572,-0.1990718096494674,0.6088811159133911,0.4038700461387634,0.1176356524229049,-0.1057895943522453,-0.9874058961868286,0.1347260028123855,1.249678373336792,1.365879774093628,0.1185771635376292,0.1059879184014586,-0.3024437912181771,108.0
1652966856.961504,-0.1571205854415893,0.6201238632202148,0.3697372376918793,0.1280373334884643,-0.108781412243843,-0.9857854843139648,0.1374136507511139,1.1641911268234253,1.442900776863098,0.1291604983603367,0.1089971075348773,-0.288706891223432,108.0
1652966856.971417,-0.0640285611152648,0.5727027654647827,0.3231552243232727,0.1370113343000412,-0.1125381290912628,-0.9841560125350952,0.2161901742219925,0.9910982847213744,1.5827934741973877,0.1383280038058058,0.1127770417228609,-0.27394522127614,108.0
1652966856.981514,-0.0250065773725509,0.5363871455192566,0.3381255269050598,0.1439945995807647,-0.1173155978322029,-0.982599914073944,0.2876779437065124,0.8214021921157837,1.6956427097320557,0.1455087759156139,0.117586378622667,-0.2579842798562635,108.0
1652966856.991331,-0.0742490589618682,0.530285120010376,0.3071397840976715,0.1494291126728058,-0.1226457506418228,-0.9811365604400636,0.2768574357032776,0.7124796509742737,1.727636694908142,0.1511405738059897,0.1229553203831542,-0.2414270378499726,108.0
1652966857.001329,-0.1090203374624252,0.5463210344314575,0.2527625858783722,0.1536980420351028,-0.1274116039276123,-0.9798689484596252,0.154472678899765,0.6083683967590332,1.756148338317871,0.1555879578290289,0.1277588779716188,-0.2244839546567081,108.0
1652966857.011269,-0.1339994221925735,0.5718832015991211,0.2122489213943481,0.1569791436195373,-0.1308432519435882,-0.9788960814476012,-0.0048724440857768,0.5195258259773254,1.7485954761505127,0.1590096047155758,0.1312195025005523,-0.2072272919477563,108.0
1652966857.022098,-0.1354622542858123,0.5654675364494324,0.1892714351415634,0.1592812240123748,-0.1328901946544647,-0.9782482981681824,-0.1304577887058258,0.421150267124176,1.7533817291259766,0.1614064786150335,0.1332844651491826,-0.1897537304251377,108.0
1652966857.031423,-0.1082801818847656,0.5486751794815063,0.1690562218427658,0.1606941223144531,-0.1341593563556671,-0.9778438806533812,-0.1423438936471939,0.3323994576931,1.745521068572998,0.1628793239225271,0.1345650955069611,-0.1721519577692053,108.0
1652966857.041554,-0.0513744056224823,0.5104663968086243,0.182408258318901,0.1608714610338211,-0.1367081701755523,-0.9774616360664368,0.1182038113474845,0.1795859336853027,1.7613376379013062,0.1631185488470106,0.1371376184010079,-0.1547644519091699,108.0
1652966857.051408,-0.0098283141851425,0.448706567287445,0.1852616667747497,0.15922711789608,-0.1424912810325622,-0.9769048094749452,0.4761255383491516,-0.0054070809856057,1.8173730373382568,0.1615706572624508,0.1429779196431951,-0.1375004969886138,108.0
1652966857.061039,-0.0493002831935882,0.3908966183662414,0.1419304609298706,0.155989721417427,-0.1506126970052719,-0.976208508014679,0.5610209703445435,-0.1060391515493393,1.8100203275680544,0.1584518613356248,0.1511880168311124,-0.1203128752342743,108.0
1652966857.070969,-0.1380478739738464,0.3727075457572937,0.0646815747022628,0.1521927714347839,-0.1577906906604766,-0.9756738543510436,0.3177217245101928,-0.1040228679776191,1.7687393426895142,0.1547403301805671,0.1584529150284284,-0.1031846096555773,108.0
1652966857.081214,-0.1756461560726165,0.3995506167411804,-0.0391489267349243,0.148409217596054,-0.161244735121727,-0.9756919741630554,-0.1652635782957077,-0.1040678769350051,1.74492084980011,0.1509495740621565,0.1619517686983212,-0.0858321169720136,108.0
1652966857.091131,-0.1608787029981613,0.4392734169960022,-0.1245914250612258,0.1444144695997238,-0.1595729887485504,-0.9765658974647522,-0.6940124034881592,-0.143958032131195,1.74639093875885,0.146815857405359,0.1602580844496901,-0.0677601838216693,108.0
1652966857.100988,-0.1431708037853241,0.4606216549873352,-0.1496731638908386,0.1401037871837616,-0.1533816158771515,-0.9781845211982728,-1.0600329637527466,-0.1908147633075714,1.7603431940078735,0.1422608504222484,0.1539894856667825,-0.048977484724466,108.0
1652966857.110571,-0.1121442764997482,0.4322224855422973,-0.0987957566976547,0.1350477039813995,-0.1451464742422104,-0.9801502823829652,-1.0843254327774048,-0.3113124668598175,1.797285079956055,0.1369205543425352,0.1456610149567026,-0.0297445208683726,108.0
1652966857.120574,-0.0744132697582244,0.3813352584838867,-0.0504662096500396,0.1287040263414383,-0.1378272324800491,-0.9820585250854492,-0.8853787779808044,-0.4622119665145874,1.830503225326538,0.1303126858878546,0.1382673780333681,-0.0103047641620002,108.0
1652966857.130536,-0.0798187479376792,0.3618168830871582,-0.0533562451601028,0.1212463602423667,-0.1326483786106109,-0.9837193489074708,-0.6390659213066101,-0.5492408871650696,1.8157049417495728,0.1226345006908213,0.1330404980164682,0.008904525503341,108.0
1652966857.140537,-0.1041677296161651,0.3689547777175903,-0.111779898405075,0.1132009252905845,-0.1289732605218887,-0.9851657152175904,-0.5500292778015137,-0.619002640247345,1.7526963949203491,0.1144037241785213,0.1293335230868948,0.0273523077992143,108.0
1652966857.150546,-0.0984871909022331,0.3699517250061035,-0.2130022794008255,0.10463647544384,-0.1250256448984146,-0.9866203665733336,-0.6429372429847717,-0.6826881766319275,1.6783326864242554,0.1056604889280433,0.1253536766989433,0.0451592878445887,108.0
1652966857.160624,-0.1062589362263679,0.3799158334732055,-0.3113934993743896,0.0956845879554748,-0.1191637217998504,-0.9882532358169556,-0.870949923992157,-0.7237216234207153,1.5851292610168457,0.0965210733547109,0.1194475571181251,0.0622493497994999,108.0
1652966857.1704369,-0.1247368603944778,0.4386549592018127,-0.3434520363807678,0.0864830762147903,-0.1113056316971778,-0.9900160431861876,-0.9674437046051024,-0.8054587841033936,1.4580917358398438,0.0871340398343784,0.1115367465401222,0.0782752122649966,108.0
1652966857.180469,-0.1354512721300125,0.439402163028717,-0.3261644244194031,0.0763692334294319,-0.1034925431013107,-0.9916940331459044,-0.8311196565628052,-0.9316499829292296,1.3734503984451294,0.0768571794830684,0.1036781865717144,0.0931310107455808,108.0
1652966857.1905851,-0.148060455918312,0.4173805117607116,-0.2636212110519409,0.065235748887062,-0.0976611152291297,-0.9930793642997742,-0.5290408134460449,-1.0628926753997805,1.279213547706604,0.0655961206294692,0.0978170274029587,0.1068502148424668,108.0
1652966857.2005072,-0.1462577879428863,0.3540299534797668,-0.2320528328418731,0.0527977012097835,-0.0945310294628143,-0.9941208362579346,-0.2774740755558014,-1.2063132524490356,1.232053518295288,0.0530600918468505,0.0946723862216921,0.1196149911473476,108.0
1652966857.210407,-0.1415051221847534,0.3306695222854614,-0.2773203253746032,0.0391949489712715,-0.0926137566566467,-0.994930386543274,-0.2499484270811081,-1.3082966804504397,1.156873106956482,0.0393743044788257,0.0927466686954314,0.1316863597887893,108.0
1652966857.220464,-0.1489559262990951,0.3124383687973022,-0.354485809803009,0.024840934202075,-0.0894533842802047,-0.9956811666488647,-0.4991710782051086,-1.3778014183044434,1.0845211744308472,0.0249435088166028,0.0895731166890249,0.1429893741171499,108.0
1652966857.230518,-0.154466450214386,0.2997585535049438,-0.4481344521045685,0.0100877918303012,-0.0827340632677078,-0.9965205788612366,-0.8764539957046509,-1.4156956672668457,0.9625184535980223,0.0101226679469153,0.0828287397769654,0.1533690280916219,108.0
1652966857.2403932,-0.1602110713720321,0.314359188079834,-0.481152206659317,-0.0047974735498428,-0.0733216553926467,-0.9972968101501464,-0.9880539774894714,-1.4562963247299194,0.8036683797836304,-0.0048104400019111,0.0733875111246196,0.1622131808196213,108.0
1652966857.250465,-0.1566051393747329,0.313663899898529,-0.3918061554431915,-0.0202136989682912,-0.0644621402025222,-0.997715413570404,-0.7288181185722351,-1.5474475622177124,0.6749349236488342,-0.0202572132086528,0.0645068657890158,0.1694808209552681,108.0
1652966857.2602549,-0.1436751931905746,0.2438889741897583,-0.3383968472480774,-0.0365616120398044,-0.0593692548573017,-0.997566282749176,-0.2355742901563644,-1.6610630750656128,0.5774645805358887,-0.0366344106122413,0.0594041878635177,0.1755970327705403,108.0
1652966857.270221,-0.1474524289369583,0.1811040639877319,-0.2862873375415802,-0.0539025329053401,-0.0594005100429058,-0.9967778325080872,0.2768258154392242,-1.7726161479949951,0.4714113175868988,-0.054024155178518,0.059435497670332,0.1807990346846047,108.0
1652966857.280517,-0.159045860171318,0.1326667070388794,-0.2756131887435913,-0.0721553042531013,-0.0635286495089531,-0.9953681230545044,0.5675439834594727,-1.8433103561401367,0.4013374149799347,-0.0723644895693961,0.0635714577831749,0.1854436007562035,108.0
1652966857.290189,-0.1849845945835113,0.1072670817375183,-0.350601851940155,-0.0908180102705955,-0.0686638951301574,-0.9934975504875184,0.4707068800926208,-1.8664296865463257,0.3638000786304474,-0.0911590651481564,0.0687179632242284,0.1896849676395812,108.0
1652966857.3002892,-0.2098432332277298,0.1025393009185791,-0.4214635491371155,-0.1092943325638771,-0.0705713629722595,-0.9915010929107666,-0.0577644221484661,-1.8152189254760744,0.2948212623596191,-0.1097879343061496,0.0706300747487889,0.193190164366168,108.0
1652966857.310046,-0.20990090072155,0.1194039583206176,-0.5052441358566284,-0.12676902115345,-0.0668994262814521,-0.9896737337112428,-0.5944127440452576,-1.698238730430603,0.2238287478685379,-0.1273979925444455,0.066949432312619,0.1953350798141414,108.0
1652966857.320025,-0.1176077723503112,0.0833998322486877,-0.508967936038971,-0.1436837166547775,-0.0597423687577247,-0.987818717956543,-0.7677842378616333,-1.747490644454956,0.2072199434041977,-0.144442556082965,0.0597779648592902,0.1964410158041842,108.0
1652966857.33001,-0.0462385863065719,0.0176156163215637,-0.45096555352211,-0.1614640355110168,-0.0522235296666622,-0.9854958653450012,-0.678249716758728,-1.8351343870162964,0.1717242747545242,-0.1623975402784015,0.0522472979057989,0.197293603958002,108.0
1652966857.339991,-0.1440377682447433,-0.0237421989440917,-0.377236545085907,-0.1792806833982467,-0.0465305335819721,-0.9826969504356384,-0.4417370557785034,-1.7791298627853394,-0.0113760400563478,-0.1804528416251848,0.0465473415451967,0.1971491678475936,108.0
1652966857.3499432,-0.2352514564990997,-0.041762888431549,-0.340581476688385,-0.196267083287239,-0.043863721191883,-0.979568898677826,-0.1346151977777481,-1.715118646621704,-0.1634918451309204,-0.1977423371010807,0.0438777986683245,0.1956879400137368,108.0
1652966857.360215,-0.2393528223037719,-0.0071871876716613,-0.3163831830024719,-0.2127498239278793,-0.0439073555171489,-0.9761196970939636,0.0156400874257087,-1.6774247884750366,-0.2345364540815353,-0.2145985359623513,0.0439214739485028,0.1936349075998826,108.0
1652966857.370016,-0.2167446911334991,0.0157641768455505,-0.2916998267173767,-0.2284915149211883,-0.0446649156510829,-0.9725207686424256,0.0164831113070249,-1.601353645324707,-0.2953943014144897,-0.2307623832219345,0.0446797795104999,0.1910872207842481,108.0
1652966857.379828,-0.1190483421087265,-0.0981422066688537,-0.3562774360179901,-0.2440802901983261,-0.0447540432214736,-0.9687218070030212,-0.1616424173116684,-1.656110405921936,-0.2503165602684021,-0.2468236270897325,0.0447689981224896,0.1882647197938746,108.0
1652966857.389776,-0.052500307559967,-0.163448691368103,-0.411045640707016,-0.2602743506431579,-0.0427507497370243,-0.9645878076553344,-0.4041125774383545,-1.722622632980347,-0.2754514813423157,-0.2635530008766549,0.0427637815812289,0.1851019041731392,108.0
1652966857.399768,-0.1348821222782135,-0.1778066158294677,-0.4019463062286377,-0.2765710949897766,-0.0380561165511608,-0.9602396488189696,-0.749496340751648,-1.6932276487350464,-0.3712832033634186,-0.2804328353874042,0.0380653103011611,0.180468104139618,108.0
1652966857.4096432,-0.203956663608551,-0.1862190961837768,-0.453305035829544,-0.2923506796360016,-0.0304901245981454,-0.9558249711990356,-1.1068577766418457,-1.6498627662658691,-0.4520052075386047,-0.2968261929908783,0.0304948505395926,0.173908183375083,108.0
1652966857.4196138,-0.205249011516571,-0.2042215466499328,-0.4749914109706878,-0.307614117860794,-0.020232593640685,-0.9512960314750672,-1.304914116859436,-1.594223141670227,-0.5479759573936462,-0.3127507464257273,0.020233975108641,0.1655387378225431,108.0
1652966857.429593,-0.1963855028152465,-0.2727842330932617,-0.4074659049510956,-0.322230190038681,-0.0101823955774307,-0.9466065764427184,-1.1553263664245603,-1.524033784866333,-0.688882052898407,-0.3281020345133873,0.0101825711764369,0.1557136041518625,108.0
1652966857.439724,-0.1486520171165466,-0.3924784064292907,-0.3169360756874084,-0.3362417221069336,-0.0044140126556158,-0.9417653679847716,-0.5744510293006897,-1.4797770977020264,-0.8278489708900452,-0.3429268997936608,0.0044140271336737,0.1457360918864533,108.0
1652966857.449605,-0.1181605160236358,-0.4509873986244201,-0.2055370062589645,-0.3499943614006042,-0.0050037670880556,-0.9367384314537048,0.0122910300269722,-1.4597941637039185,-0.9902700781822203,-0.357569758668259,0.005003787821125,0.1362986857357086,108.0
1652966857.459394,-0.1474644243717193,-0.4651671648025512,-0.2053323239088058,-0.3630488514900207,-0.0102285863831639,-0.9317139387130736,0.260682463645935,-1.3606542348861694,-1.0956284999847412,-0.3715583048080086,0.0102287643238403,0.127148983916469,108.0
1652966857.469393,-0.1689409017562866,-0.4723654389381408,-0.2902478873729706,-0.375004380941391,-0.0162401441484689,-0.9268807768821716,0.0899436771869659,-1.2526026964187622,-1.1382169723510742,-0.3844548714027799,0.0162408582281194,0.117483903942984,108.0
1652966857.4794369,-0.1699357330799102,-0.476941168308258,-0.3337858617305755,-0.3859571814537048,-0.01976028829813,-0.9223050475120544,-0.2584172189235687,-1.1689863204956057,-1.1432151794433594,-0.3963268759449109,0.0197615753248187,0.1066506226887553,108.0
1652966857.489364,-0.1783240139484405,-0.4883542060852051,-0.3004518747329712,-0.396260917186737,-0.0204099230468273,-0.9179110527038574,-0.6064526438713074,-1.1235713958740234,-1.1643072366714478,-0.4075307195519912,0.0204113403591308,0.0944097822984955,108.0
1652966857.499388,-0.1899670958518982,-0.4726068377494812,-0.2218352705240249,-0.4059801399707794,-0.0174530558288097,-0.9137151837348938,-1.0194905996322632,-1.0457316637039185,-1.1987738609313965,-0.418118771585743,0.017453941757692,0.0803050993246883,108.0
1652966857.509403,-0.199451595544815,-0.5027025938034058,-0.1754231005907058,-0.4149892926216125,-0.0123515576124191,-0.9097424745559692,-1.1780555248260498,-0.9737103581428528,-1.2522464990615845,-0.4279658382717261,0.0123518720572037,0.0645738987456308,108.0
1652966857.5192208,-0.2047788500785827,-0.5385000705718994,-0.0473592430353164,-0.4232271015644073,-0.0079843886196613,-0.9059884548187256,-0.9327726364135742,-0.8748453259468079,-1.2976230382919312,-0.4370190901321272,0.0079844738098447,0.0485800410679988,108.0
1652966857.529196,-0.1916135549545288,-0.5101322531700134,0.1357315480709076,-0.4304414689540863,-0.0074814250692725,-0.9025874733924866,-0.422322005033493,-0.7559771537780762,-1.396005392074585,-0.4449951578013701,0.0074814950399492,0.033522404140515,108.0
1652966857.5392752,-0.1473560035228729,-0.5091732740402222,0.2490261346101761,-0.4366588294506073,-0.0118892863392829,-0.8995485901832581,0.0215353276580572,-0.6622181534767151,-1.389356255531311,-0.4519156934735007,0.0118895665129591,0.0201460353554115,108.0
1652966857.549118,-0.1131758391857147,-0.4789119362831116,0.1896307915449142,-0.442015141248703,-0.0190527811646461,-0.8968051671981812,0.2038038671016693,-0.5876742601394653,-1.327975511550903,-0.4579334389079587,0.0190539335797774,0.0085440664601751,108.0
1652966857.5590792,-0.1019071638584137,-0.4195029139518738,0.1159804761409759,-0.4466767907142639,-0.025755250826478,-0.8943246006965637,0.0148994624614715,-0.5177463293075562,-1.221237301826477,-0.4632132141370711,0.0257580998147931,-0.002304077779021,108.0
1652966857.568986,-0.106506198644638,-0.356162965297699,0.0906256437301635,-0.4505768716335296,-0.0299566928297281,-0.8922348618507385,-0.2552708387374878,-0.4292728006839752,-1.1055386066436768,-0.4676380626765096,0.029961175244499,-0.0131449928722804,108.0
1652966857.579249,-0.13391974568367,-0.2936957478523254,0.1439243853092193,-0.4536046385765075,-0.0315128900110721,-0.8906456828117371,-0.4876614809036255,-0.3218709826469421,-1.0769977569580078,-0.4710588228197109,0.0315181083421216,-0.0245186015342718,108.0
1652966857.588963,-0.1420538127422332,-0.2762255668640136,0.2068543434143066,-0.4556634426116943,-0.0311493780463933,-0.8896069526672363,-0.6510449647903442,-0.2281626611948013,-1.0204578638076782,-0.4733659253496161,0.0311544176569724,-0.0364276371648734,108.0
1652966857.598963,-0.1060092151165008,-0.2649308443069458,0.2505339980125427,-0.4570248126983642,-0.0293578654527664,-0.8889693021774292,-0.7692509889602661,-0.1460044085979461,-0.9585402011871338,-0.4748689304008163,0.0293620842748503,-0.0484109646919992,108.0
1652966857.608824,-0.0839292109012603,-0.2389661073684692,0.3162506222724914,-0.4577882885932922,-0.0267608873546123,-0.8886584043502808,-0.7270463109016418,-0.0774046257138252,-0.9363722801208496,-0.4756904012355966,0.0267640825103779,-0.0603343009748506,108.0
1652966857.618809,-0.0776458978652954,-0.222672164440155,0.3530627489089966,-0.4578460156917572,-0.0258379932492971,-0.888655960559845,-0.433061271905899,0.0123955644667148,-0.8807734847068787,-0.4757428363105684,0.0258408696648078,-0.0710459058749117,108.0
1652966857.628803,-0.0555607378482818,-0.1624732017517089,0.410162091255188,-0.4572565853595733,-0.0272122342139482,-0.888918399810791,-0.124207891523838,0.0722756758332252,-0.782622218132019,-0.4750984413773729,0.0272155943036277,-0.0796830545547577,108.0
1652966857.638778,-0.0290855467319488,-0.1032329797744751,0.3737618923187256,-0.4561896920204162,-0.0303017832338809,-0.8893665075302124,0.0456879325211048,0.1201132386922836,-0.6703039407730103,-0.4739441751007298,0.0303064232202985,-0.086223877730108,108.0
1652966857.648881,-0.0164659321308136,-0.0638216733932495,0.3064058423042297,-0.454786479473114,-0.0333803370594978,-0.8899747133255005,-0.0006587244570255,0.1531149744987487,-0.557479202747345,-0.472417209968177,0.0333865378968547,-0.0914855926364965,108.0
1652966857.6586552,-0.0194746553897857,-0.0412514209747314,0.2535344064235687,-0.4531510472297668,-0.034769132733345,-0.8907554149627686,-0.2134596705436706,0.1746612787246704,-0.46205735206604,-0.4706045497251259,0.0347761416860364,-0.0964427176325204,108.0
1652966857.6686149,-0.0293358564376831,-0.0344324111938476,0.2423256039619445,-0.4513464570045471,-0.0340278670191764,-0.8916997313499451,-0.3874018490314483,0.1989176124334335,-0.4190170466899872,-0.468566754913221,0.0340344390278047,-0.1017559542096381,108.0
1652966857.678654,-0.0257679522037506,-0.0320566296577453,0.2705467343330383,-0.449421226978302,-0.0319602899253368,-0.8927480578422546,-0.4548911452293396,0.2052988111972808,-0.369156002998352,-0.4663745116940421,0.0319657351470509,-0.107197165841006,108.0
1652966857.688527,-0.0098145902156829,-0.025071382522583,0.3036847412586212,-0.4474759995937347,-0.0298504941165447,-0.8937975764274597,-0.363966554403305,0.2058219760656356,-0.3257330656051636,-0.4641641015611026,0.0298549290942813,-0.1121520703537455,108.0
1652966857.69854,0.0179620087146759,-0.0083835124969482,0.3099945187568664,-0.4456505477428436,-0.0284851025789976,-0.8947536945343018,-0.2267850041389465,0.1897383481264114,-0.2581188678741455,-0.4621029558951895,0.0284889557535167,-0.116090273020567,108.0
1652966857.708458,0.0221093893051147,0.0124679803848266,0.2818690836429596,-0.4438622593879699,-0.0278560258448123,-0.8956619501113892,-0.1550108790397644,0.201880857348442,-0.2026764154434204,-0.4600965007981672,0.0278596289681805,-0.1189707784983037,108.0
1652966857.718519,0.0146735310554504,0.0458383560180664,0.2508517503738403,-0.441919595003128,-0.0273409914225339,-0.8966379165649414,-0.1432586163282394,0.226335346698761,-0.1399144977331161,-0.4579216655251941,0.0273443994610377,-0.1211255368180082,108.0
1652966857.728427,0.0126841068267822,0.0678530931472778,0.2047240734100341,-0.4398386180400848,-0.0264556426554918,-0.8976870775222778,-0.1526732295751571,0.2298343628644943,-0.0836895331740379,-0.4555904457683793,0.026458729020849,-0.1227701082642364,108.0
1652966857.738316,0.0071251094341278,0.0815529227256774,0.1720724105834961,-0.4378196001052856,-0.0252981148660182,-0.89870685338974,-0.1746757328510284,0.2152234613895416,-0.0446124412119388,-0.4533279724881848,0.0253008136970829,-0.1240313644017121,108.0
1652966857.748127,-0.0022437274456024,0.0588529706001281,0.1687711030244827,-0.4359428882598877,-0.0238583702594041,-0.8996580243110657,-0.1835611015558242,0.201147049665451,-0.0404416657984256,-0.4512236270637598,0.0238606334059987,-0.1251795955629408,108.0
1652966857.758111,-0.0023978352546691,0.0369467735290527,0.1620152294635772,-0.4342171251773834,-0.0222599636763334,-0.9005331993103027,-0.216851145029068,0.1792031377553939,-0.042824663221836,-0.4492884829883535,0.0222618030378995,-0.1264188449452568,108.0
1652966857.7681231,0.0168713927268981,0.020110011100769,0.1561124175786972,-0.4327496588230133,-0.0201108325272798,-0.9012898206710817,-0.3014102280139923,0.1496492475271225,-0.0333874858915805,-0.4476376968969448,0.0201121892246875,-0.1278833639768778,108.0
1652966857.778053,0.0247243046760559,0.0104067921638488,0.1377568542957306,-0.431508332490921,-0.0170750971883535,-0.9019473195075988,-0.3927428126335144,0.1295908540487289,-0.0127991186454892,-0.4462338533601256,0.0170759263801029,-0.1296087827880209,108.0
1652966857.788147,0.0234110951423645,0.0066114664077758,0.1505399793386459,-0.4303782284259796,-0.0135770794004201,-0.902546525001526,-0.3787010312080383,0.1198319569230079,-0.0070786485448479,-0.4449556965874323,0.0135774969451903,-0.1313710632667277,108.0
1652966857.797941,0.0316496491432189,0.0259197950363159,0.1716822534799575,-0.4293241500854492,-0.0107477996498346,-0.9030865430831908,-0.2386190295219421,0.1078187003731727,0.0125672249123454,-0.443771784275135,0.010748006698623,-0.1327255882989688,108.0
1652966857.807891,0.0515071749687194,0.0283300876617431,0.1492104977369308,-0.4284907877445221,-0.0093331672251224,-0.9034979343414308,-0.0398374870419502,0.0786956995725631,0.0628466382622718,-0.4428424460640576,0.0093333024626873,-0.1329883311638982,108.0
1652966857.8182302,0.0530541539192199,0.0155115127563476,0.1276291161775589,-0.4279167950153351,-0.0091904001310467,-0.9037714004516602,0.0646176189184188,0.0556952618062496,0.0942208841443061,-0.4422066134336255,0.0091905297179954,-0.1321761040474324,108.0
1652966857.8282108,0.0287373065948486,0.0060240626335144,0.0959767699241638,-0.4273578822612762,-0.0093373721465468,-0.9040343165397644,0.0419204272329807,0.0722438767552375,0.0999193266034126,-0.4415889341732266,0.0093375077284003,-0.131054022197338,108.0
