1652966947.863605,-0.0167529582977294,-0.0785273313522338,0.0006137490272521,-0.4477397799491882,0.3267330229282379,-0.8323308229446411,-0.0340509042143821,-0.0839884430170059,-0.0094276331365108,-0.4935329720208354,-0.3328448020447839,0.0439874587600656,110.0
1652966947.873582,-0.0021736323833465,-0.0897390246391296,0.0103625357151031,-0.4484945833683014,0.3261547088623047,-0.8321512341499329,0.1639335602521896,-0.0927603617310524,-0.0209239684045314,-0.494326172228866,-0.3322329672509099,0.0442079426831082,110.0
1652966947.883515,-0.0237468779087066,-0.1118037700653076,0.0154245793819427,-0.4490618705749511,0.3243580758571625,-0.8325474262237549,0.2582061886787414,-0.0557039119303226,-0.0223800688982009,-0.4946553922013699,-0.3303330350535304,0.0451326904430118,110.0
1652966947.893496,-0.0404514074325561,-0.1651918292045593,-0.0245643556118011,-0.4493403732776642,0.3226294815540313,-0.8330686688423157,0.1495526880025863,-0.0336193852126598,0.0166405662894248,-0.4946529249759023,-0.3285062077887491,0.0461869704566925,110.0
1652966947.90345,-0.0462915897369384,-0.2500012516975403,-0.0803876519203186,-0.4494206011295318,0.3225598335266113,-0.833052396774292,-0.0967732667922973,-0.0149454055353999,0.0649987757205963,-0.4947356775100868,-0.328432627043257,0.0467175798140929,110.0
1652966947.913581,-0.0846592485904693,-0.3327986598014831,-0.097705990076065,-0.449016809463501,0.3242684602737427,-0.8326066732406616,-0.2031945139169693,0.0653323903679847,0.0539735592901706,-0.4945837404431732,-0.3302382916204067,0.046440194527674,110.0
1652966947.923349,-0.0994202494621276,-0.4061821699142456,-0.0534083843231201,-0.448049783706665,0.3261592090129852,-0.8323890566825867,-0.1912473887205124,0.1281281262636184,0.0445297993719577,-0.493792610437,-0.3322377266719784,0.0458921164561832,110.0
1652966947.933296,-0.1039647459983825,-0.4725593328475952,-0.0359551310539245,-0.4465417861938476,0.3275658190250397,-0.8326470255851746,-0.1140697747468948,0.211058422923088,0.0281976982951164,-0.4922578075835399,-0.3337261016769021,0.0454904185241326,110.0
1652966947.943287,-0.1489849686622619,-0.536537766456604,-0.0312325060367584,-0.4441851377487182,0.3283973634243011,-0.833579421043396,-0.0596225075423717,0.3551494479179382,-0.0165353827178478,-0.4895924778222801,-0.334606335569141,0.0450758350932236,110.0
1652966947.9531898,-0.1772384345531463,-0.5849066972732544,-0.0240380465984344,-0.4406508505344391,0.3286186456680298,-0.8353661298751831,-0.0259598866105079,0.5184230804443359,-0.0232175197452306,-0.4854003409598872,-0.3348406318333769,0.0446753106297456,110.0
1652966947.963177,-0.1680079996585846,-0.6396269202232361,-0.0229921340942382,-0.4357974529266357,0.3286865949630737,-0.8378816246986389,-0.014824011363089,0.6552906632423401,-0.0111931571736931,-0.4796122939111022,-0.3349125807057732,0.0444072884124566,110.0
1652966947.9731898,-0.1523561179637909,-0.7131707668304443,-0.021113783121109,-0.4298734366893768,0.3286851346492767,-0.8409369587898254,0.0106808161363005,0.7590924501419067,0.0037599606439471,-0.4725546498324499,-0.3349110081442896,0.0444054534236979,110.0
1652966947.9831471,-0.1737071275711059,-0.7582510709762573,-0.0028407573699951,-0.4230182766914367,0.3287531733512878,-0.8443796038627625,-0.0603284463286399,0.8864968419075012,-0.0198937803506851,-0.4644322342031917,-0.3349830696948034,0.0442769317368389,110.0
1652966947.993167,-0.2024190723896026,-0.7610962390899658,-0.0232928395271301,-0.41499724984169,0.3298418521881103,-0.8479278683662415,-0.2211295813322067,1.0220367908477783,-0.0158207416534423,-0.4551520212725248,-0.3361360342681494,0.0434508675270253,110.0
1652966948.00305,-0.216519683599472,-0.7404400706291199,-0.0235200524330139,-0.4058404564857483,0.332861453294754,-0.8511737585067749,-0.4813288748264313,1.1435238122940063,0.0142936361953616,-0.444916748715674,-0.3393364357874929,0.0418135374531468,110.0
1652966948.013183,-0.2433504462242126,-0.70918869972229,0.0237351655960083,-0.3955044746398926,0.3379133641719818,-0.8540437817573547,-0.6642395257949829,1.27654767036438,0.0260027572512626,-0.4336912268064307,-0.3446989592207197,0.0394037163470594,110.0
1652966948.022932,-0.265215516090393,-0.6694987416267395,0.0745839774608612,-0.3839237987995147,0.3436441123485565,-0.857036292552948,-0.6202987432479858,1.3988245725631714,0.0597167760133743,-0.4211618206480798,-0.3507945901530283,0.0369262791524465,110.0
1652966948.033019,-0.2547826170921325,-0.6335518956184387,0.1479192376136779,-0.3712396323680877,0.3483270406723022,-0.8607261180877686,-0.3807061016559601,1.4994313716888428,0.0977435261011123,-0.407202975846918,-0.3557857816768708,0.0355247819542523,110.0
1652966948.0428638,-0.2646063566207886,-0.6181768178939819,0.2072928845882415,-0.3574944138526916,0.3504615724086761,-0.8656641840934753,-0.0228268764913082,1.6203601360321045,0.0864538103342056,-0.3916382402808903,-0.3580638988918603,0.0355870215751577,110.0
1652966948.053015,-0.2717315554618835,-0.5973613858222961,0.2233346998691558,-0.3427397906780243,0.3495717346668243,-0.8719685077667236,0.270238846540451,1.7319021224975586,0.0663911551237106,-0.3745131818399547,-0.3571139665052408,0.0368587863234489,110.0
1652966948.062947,-0.272752434015274,-0.5489771366119385,0.1694816946983337,-0.3269636929035187,0.3469061851501465,-0.8790624737739563,0.3613892495632171,1.832316517829895,0.0569456033408641,-0.3560904170194171,-0.35427043187189,0.0387609764936313,110.0
1652966948.0730429,-0.2911168932914734,-0.50884610414505,0.0926016569137573,-0.3102166354656219,0.3441048562526703,-0.886203944683075,0.2921494543552398,1.9290180206298828,0.0593152903020381,-0.3367203057360505,-0.3512852397160023,0.0405450544449638,110.0
1652966948.082718,-0.3030112683773041,-0.4849451780319214,0.0485415160655975,-0.2924323678016662,0.3425411880016327,-0.8928319215774536,0.1012993305921554,2.0317885875701904,0.066897727549076,-0.3165216563038228,-0.3496203855592716,0.0418825453419183,110.0
1652966948.0926929,-0.3065893650054931,-0.4629077911376953,0.0461011826992034,-0.2737786173820495,0.3425858914852142,-0.8987102508544922,-0.0739004462957382,2.09998106956482,0.0503400564193725,-0.295703674900369,-0.3496679789346961,0.0425255846932446,110.0
1652966948.102703,-0.3168173432350158,-0.4301268458366394,0.055232286453247,-0.2544564008712768,0.3436171412467956,-0.9039796590805054,-0.0996003523468971,2.1715610027313232,0.0443544872105121,-0.2743848977636979,-0.3507658612699491,0.0427328194624174,110.0
1652966948.112669,-0.3353860974311828,-0.384185791015625,0.0719982087612152,-0.2343465089797973,0.34420046210289,-0.9091796875,-0.0071883965283632,2.256150722503662,0.0005785096436738,-0.2522649905973793,-0.3513870846431162,0.0428032089981821,110.0
1652966948.122566,-0.3339436650276184,-0.3463525772094726,0.0630143880844116,-0.2135874181985855,0.3439069390296936,-0.914389669895172,0.0512604005634784,2.314744710922241,-0.0026796022430062,-0.2294702876470966,-0.3510744761529881,0.0428324900544422,110.0
1652966948.132512,-0.315837562084198,-0.3347100615501404,0.0258274972438812,-0.1922190189361572,0.3433741331100464,-0.9193182587623596,0.0453990511596202,2.373112916946411,-0.0041233021765947,-0.2061191847660197,-0.3505071005182635,0.0429454156079552,110.0
1652966948.142477,-0.3143685460090637,-0.3050745129585266,0.0072490274906158,-0.170204758644104,0.3431079983711242,-0.9237462878227234,0.0190155114978551,2.438437938690185,-0.0311230756342411,-0.1822111981795924,-0.3502237519411529,0.042838725107074,110.0
1652966948.152614,-0.3055493235588074,-0.2465940117835998,-0.0090901851654052,-0.1476824283599853,0.342937171459198,-0.9276766777038574,0.0022264113649725,2.4769301414489746,-0.0628559738397598,-0.1578712521641121,-0.3500419088941741,0.0423678568388423,110.0
1652966948.162396,-0.2911864221096039,-0.1641363501548767,-0.0076586604118347,-0.1249054446816444,0.3434740304946899,-0.9308190941810608,-0.1668351739645004,2.495911836624145,-0.0597924217581748,-0.133391907665507,-0.3506134853126381,0.041604024565942,110.0
1652966948.172412,-0.2979117929935455,-0.1178768277168273,-0.0158872604370117,-0.1019294634461402,0.3452329039573669,-0.9329655170440674,-0.2620938122272491,2.5102550983428955,-0.0703984647989273,-0.1088215967261845,-0.352486941864355,0.0406287703842687,110.0
1652966948.182287,-0.3103007078170776,-0.0827134251594543,0.0305834412574768,-0.0787830725312233,0.3482464849948883,-0.9340865015983582,-0.3673203289508819,2.516821384429932,-0.0512755177915096,-0.0841432266659734,-0.3556998367379859,0.0396266595508355,110.0
1652966948.195209,-0.3196013569831848,-0.0728135704994201,0.0700771510601043,-0.0553528033196926,0.3516452014446258,-0.934495449066162,-0.3684918582439422,2.5518124103546143,-0.0222814176231622,-0.059163697185757,-0.3593279757826316,0.0389594767490553,110.0
1652966948.202562,-0.3161383867263794,-0.0540378093719482,0.1378298997879028,-0.0314109995961189,0.3546474575996399,-0.9344723224639891,-0.2662200331687927,2.601726055145264,-0.0123192947357892,-0.0336009711234205,-0.3625369833852583,0.0386202740208226,110.0
1652966948.21229,-0.2806512117385864,0.0023162364959716,0.1731985211372375,-0.0071447570808231,0.3562356531620025,-0.9343688488006592,-0.0721805095672607,2.6089751720428467,0.0011155540123581,-0.0076464641769292,-0.3642361304426817,0.038535717965966,110.0
1652966948.223092,-0.2610437870025635,0.0785259008407592,0.1893514394760131,0.0171016100794076,0.355997622013092,-0.9343303442001344,0.1150259971618652,2.609757661819458,-0.005870106164366,0.0183015570238343,-0.363981417543,0.0385250752687666,110.0
1652966948.232985,-0.2792509496212005,0.1566299796104431,0.1770718395709991,0.0415343381464481,0.3544374704360962,-0.9341568350791932,0.2091320008039474,2.6524195671081543,-0.0225862357765436,0.044432583228763,-0.3623124267783613,0.038323993900509,110.0
1652966948.242682,-0.2881468534469604,0.2388012409210205,0.1592377424240112,0.0662230774760246,0.352480947971344,-0.9334729313850404,0.2164303064346313,2.6742775440216064,-0.030747190117836,0.0708240285595508,-0.3602208845723522,0.0379194219181502,110.0
1652966948.252028,-0.2565391659736633,0.3217005729675293,0.1403422951698303,0.0908592864871025,0.3508685827255249,-0.9320063591003418,0.1462866365909576,2.6365787982940674,-0.0113172987475991,0.0971807527060461,-0.358498484310461,0.0375481556696025,110.0
1652966948.261786,-0.2148483693599701,0.3762077093124389,0.1251741647720337,0.1148880943655967,0.3496030271053314,-0.929827094078064,0.1044394001364708,2.538602113723755,0.0343620032072067,0.1229354760952168,-0.3571473467833219,0.0374850158253929,110.0
1652966948.2719831,-0.2124070525169372,0.389139711856842,0.1131561398506164,0.1380052417516708,0.3485137522220611,-0.9270883202552797,0.1288187801837921,2.428915739059448,0.046609878540039,0.1477736617167633,-0.3559849599393705,0.0377729393855376,110.0
1652966948.281716,-0.2313814610242843,0.3795984387397766,0.1229030787944793,0.1601534783840179,0.3469912409782409,-0.9240930676460266,0.1940525025129318,2.346599817276001,0.0326635167002677,0.1716042698698012,-0.3543611134834741,0.0379274429044011,110.0
1652966948.291856,-0.229250818490982,0.4036550521850586,0.1359468400478363,0.1814755946397781,0.3450253903865814,-0.9208822250366212,0.2164725959300995,2.279092073440552,0.0113126840442419,0.1945738814366283,-0.3522658431731927,0.03773514004744,110.0
1652966948.301725,-0.2006822526454925,0.4747810363769531,0.0950897634029388,0.2020708322525024,0.3431120812892914,-0.9173011779785156,0.2008303850889206,2.2242207527160645,0.0127304764464497,0.2168253957810418,-0.3502281194772036,0.0374035496447813,110.0
1652966948.311862,-0.176499992609024,0.5372700095176697,0.0628944635391235,0.2222459018230438,0.3412040174007416,-0.9133381247520448,0.2105328142642974,2.186142444610596,0.0288575142621994,0.238694670634207,-0.3481974717367609,0.0371395876268306,110.0
1652966948.3216171,-0.1577612906694412,0.6030256748199463,0.0926455855369567,0.2419440895318985,0.3390712738037109,-0.9091169834136964,0.2621473371982574,2.133911609649658,0.0249481052160263,0.2601020831362942,-0.3459295153875339,0.0368407203896654,110.0
1652966948.3316588,-0.1169171929359436,0.615016758441925,0.1104096174240112,0.260899156332016,0.3357420861721039,-0.9051015973091124,0.478036493062973,2.0306239128112797,0.0419436022639274,0.2806461169903309,-0.3423929434213537,0.0361044671422424,110.0
1652966948.341517,-0.0636773705482482,0.5987944602966309,0.1432773470878601,0.2785974740982055,0.3301875591278076,-0.901864528656006,0.6953395009040833,1.837193846702576,0.1292273104190826,0.2996134517161979,-0.3365022786983696,0.0352133198378644,110.0
1652966948.35147,-0.0741880238056182,0.6286200284957886,0.1848381161689758,0.294921725988388,0.3228522837162018,-0.8993262052536011,0.8247643113136292,1.7050957679748535,0.1685624569654464,0.3168854091394079,-0.3287416151754728,0.0343060931512757,110.0
1652966948.361409,-0.1410102844238281,0.6647902131080627,0.1803916096687317,0.310489684343338,0.3150612413883209,-0.8968458771705627,0.7814069986343384,1.6635267734527588,0.1716885566711425,0.3332871482795142,-0.3205211704429955,0.0332240737344331,110.0
1652966948.37138,-0.1372967362403869,0.7120988368988037,0.1602800488471985,0.3256817758083343,0.3083935976028442,-0.8937699794769287,0.5526071190834045,1.5920310020446775,0.245107352733612,0.3494374005573379,-0.3135038658856306,0.0328714160417328,110.0
1652966948.381346,-0.090735912322998,0.7699030041694641,0.1917881965637207,0.3402476608753204,0.303740918636322,-0.8899286389350891,0.2719505131244659,1.478949785232544,0.3574928045272827,0.365182667756524,-0.3086166322973602,0.0343300382735735,110.0
1652966948.39129,-0.0635575652122497,0.7988066077232361,0.2392301261425018,0.353978157043457,0.3008699417114258,-0.8855375647544861,0.0755420997738838,1.339289665222168,0.4784666299819946,0.3802757668070539,-0.3056047165635241,0.0377792168488962,110.0
1652966948.401279,-0.0330405831336975,0.8172541856765747,0.2612059712409973,0.3665824830532074,0.2988068163394928,-0.8810968995094299,-0.0552067905664444,1.1472911834716797,0.634073793888092,0.3942675938288695,-0.3034420903906284,0.0430887708308897,110.0
1652966948.4112391,-0.0056773424148559,0.8348576426506042,0.2730717360973358,0.3780071139335632,0.2972407042980194,-0.8767887949943542,-0.1871320605278015,0.9858902096748352,0.7874547839164734,0.4070485901576657,-0.3018014487171571,0.0504255045755141,110.0
1652966948.421191,0.0207564234733581,0.7993161678314209,0.2760751843452453,0.3883012235164642,0.2955189943313598,-0.8728634715080261,-0.1757230162620544,0.797736644744873,0.9171507358551024,0.4185704965492405,-0.2999987330105926,0.0592877696726336,110.0
1652966948.431314,0.0357935428619384,0.7761772871017456,0.3210123777389526,0.3972509205341339,0.2933064103126526,-0.8695763349533081,-0.2070135623216629,0.6151127815246582,1.02373468875885,0.4285214657551865,-0.2976835464214971,0.0693252354642582,110.0
1652966948.4412642,0.0032644569873809,0.7756393551826477,0.3302639722824096,0.4049844741821289,0.2910433709621429,-0.8667648434638977,-0.1753430515527725,0.4804558157920837,1.027733564376831,0.4370952889518157,-0.2953172359947505,0.0800409268611501,110.0
1652966948.451252,-0.0368198156356811,0.8104342818260193,0.3326379656791687,0.411651998758316,0.2879674434661865,-0.864648699760437,-0.0597900860011577,0.3810059130191803,1.0233534574508667,0.4443386025265996,-0.2921036805080402,0.0902136763984789,110.0
1652966948.461192,-0.0166395604610443,0.8593484163284302,0.3847498297691345,0.4172896146774292,0.2832188308238983,-0.8635140061378479,0.1684454828500747,0.2385105192661285,1.0580464601516724,0.4501547176347688,-0.2871487178973976,0.0996947644178501,110.0
1652966948.471189,0.016137957572937,0.8405871987342834,0.3916369378566742,0.4217435419559479,0.2763775289058685,-0.8635669350624084,0.3319172263145447,0.0861111134290695,1.15415620803833,0.4543035445459114,-0.2800227808045042,0.108810898961728,110.0
1652966948.481111,0.0427440702915191,0.7815691232681274,0.3250510990619659,0.4249683618545532,0.2682563364505768,-0.8645463585853577,0.3351068198680877,-0.1072191447019577,1.2741096019744873,0.4568653309642632,-0.2715825543697389,0.1184988004249227,110.0
1652966948.491065,0.0544407367706298,0.7292264699935913,0.2636910080909729,0.4266383945941925,0.2602347433567047,-0.8661741018295288,0.1862326562404632,-0.323147714138031,1.4088972806930542,0.457673904372995,-0.2632653008822052,0.1297242253127698,110.0
1652966948.501406,0.0126418769359588,0.7341868877410889,0.2349725365638733,0.4269028306007385,0.2535070180892944,-0.8680369257926941,-0.0423613637685775,-0.4611928761005401,1.4688912630081177,0.4570682011066908,-0.2563039767001803,0.1427947866404867,110.0
1652966948.511025,-0.0499401092529296,0.7629296183586121,0.1976915746927261,0.4262676537036896,0.2482617497444152,-0.8698632121086121,-0.1885774284601211,-0.5433364510536194,1.501153826713562,0.4556478031758322,-0.2508854097131536,0.1570503993640042,110.0
1652966948.520968,-0.0490250587463378,0.7737499475479126,0.1829671412706375,0.4247727394104004,0.2435464709997177,-0.8719249963760376,-0.2151666283607483,-0.6753654479980469,1.5777692794799805,0.4533282845757523,-0.2460207556443846,0.1721715371348878,110.0
1652966948.530909,-0.0414215624332428,0.7675938010215759,0.2128732204437255,0.4221283793449402,0.2382070422172546,-0.8746799826622009,-0.1098481938242912,-0.8213396668434143,1.6428287029266355,0.4496382281379015,-0.2405193356203157,0.1877897340094028,110.0
1652966948.5408468,-0.081298828125,0.7467536330223083,0.2154361605644226,0.4183960258960724,0.2317226082086563,-0.8782081007957458,-0.000378293916583,-0.9241177439689636,1.6812328100204468,0.4446064029882824,-0.2338481131261251,0.2033861962870234,110.0
1652966948.5508509,-0.1075444221496582,0.7331963181495667,0.1380786895751953,0.413727343082428,0.2245463728904724,-0.8822746872901917,0.0181991197168827,-1.0302356481552124,1.7201086282730105,0.4384862352135644,-0.2264775018165096,0.2190210273722765,110.0
1652966948.560827,-0.1031277477741241,0.7329880595207214,0.0571430176496505,0.4079220592975616,0.2174846082925796,-0.8867356181144714,-0.026073470711708,-1.16082501411438,1.7547813653945925,0.4311608002679981,-0.2192366467321195,0.2351393994729652,110.0
1652966948.570899,-0.101491630077362,0.7001630067825317,0.0094304978847503,0.4007622897624969,0.2106774896383285,-0.8916302919387817,-0.023378349840641,-1.3073805570602417,1.7695826292037964,0.4224142262509232,-0.2122679474037501,0.2516321174432164,110.0
1652966948.58072,-0.1128222048282623,0.6593236923217773,-0.0252422094345092,0.3920275568962097,0.203907310962677,-0.8970708847045898,-0.0084190424531698,-1.482069969177246,1.7676900625228882,0.4119977731724337,-0.2053474411091883,0.2681801385382934,110.0
1652966948.5906792,-0.1621523201465606,0.6600907444953918,-0.0306724458932876,0.381573736667633,0.1972068101167678,-0.9030564427375792,0.0424547903239727,-1.6189268827438354,1.690143585205078,0.399781650649824,-0.1985079518407772,0.2843437989552136,110.0
1652966948.6006489,-0.2280600368976593,0.650450587272644,-0.0488605499267578,0.3697989583015442,0.1901874095201492,-0.9094380140304564,0.1400220245122909,-1.6838737726211548,1.6117981672286987,0.3862033084110423,-0.1913530305928019,0.2994732197225178,110.0
1652966948.610794,-0.2560173273086548,0.6619362235069275,-0.1073554307222366,0.3572594225406647,0.1832220703363418,-0.91585773229599,0.1311315894126892,-1.7288455963134766,1.5320881605148315,0.3719270685975784,-0.1842630052709846,0.3137249292431396,110.0
1652966948.620512,-0.2392396628856659,0.6685610413551331,-0.2131324261426925,0.3438234329223633,0.1769690364599228,-0.9222078919410706,0.0843274071812629,-1.7926617860794067,1.4561444520950315,0.3568636610433365,-0.1779060230196834,0.3274491423828425,110.0
1652966948.630543,-0.2331125140190124,0.6504697203636169,-0.2709618210792541,0.3295175731182098,0.1719322055578231,-0.9283627867698668,-0.0237849503755569,-1.8576985597610476,1.389040231704712,0.3410731939875513,-0.172790748732761,0.3408677519304928,110.0
1652966948.640688,-0.2449874579906463,0.6520164012908936,-0.3079599738121032,0.3140792846679687,0.1681894063949585,-0.934380292892456,-0.1029610633850097,-1.9713621139526367,1.3308407068252563,0.3242712387769406,-0.1689926181139107,0.3540685776803236,110.0
1652966948.650468,-0.273720234632492,0.6558614373207092,-0.328275203704834,0.2972798347473144,0.1651892215013504,-0.9403920769691468,-0.0874795764684677,-2.0963003635406494,1.2835136651992798,0.3061824020883971,-0.1659498683588212,0.3669519715555095,110.0
1652966948.660399,-0.3105539679527282,0.5829173922538757,-0.3109311163425445,0.2788462340831756,0.1619594991207122,-0.9465801119804382,-0.0002356143668293,-2.267566680908203,1.2722526788711548,0.2864795342753787,-0.1626760476505027,0.37941014804711,110.0
1652966948.670512,-0.3543360531330108,0.4927664399147033,-0.3054547309875488,0.2586177289485931,0.1579021960496902,-0.952986776828766,0.1391435861587524,-2.4205570220947266,1.242447853088379,0.2649938749608302,-0.1585658288544432,0.3914440115524857,110.0
1652966948.680835,-0.4068741202354431,0.402359127998352,-0.3509026765823364,0.2370285391807556,0.1535606831312179,-0.9592896103858948,0.1306524276733398,-2.501023292541504,1.166001796722412,0.242235682473484,-0.1541706993230381,0.4028851434812064,110.0
1652966948.690331,-0.4372875094413757,0.3611147403717041,-0.4661299288272857,0.2146160304546356,0.150639146566391,-0.9650118350982666,-0.0660441219806671,-2.5164122581481934,1.0389716625213623,0.2188357854938797,-0.1512147665532703,0.4136170638218627,110.0
1652966948.700252,-0.4456307291984558,0.3772057294845581,-0.615027666091919,0.1921670138835907,0.151206225156784,-0.9696434736251832,-0.4549940228462219,-2.4336938858032227,0.8809810280799866,0.1956479861353106,-0.1517884186658648,0.423687930167278,110.0
1652966948.710357,-0.4111582040786743,0.3846715092658996,-0.7196649312973022,0.1700998842716217,0.1555932164192199,-0.9730656743049622,-0.7284833192825317,-2.39372181892395,0.6900821924209595,0.1730595844652176,-0.1562279573132547,0.4325458055019404,110.0
1652966948.7200232,-0.3152750730514526,0.3267064094543457,-0.7201826572418213,0.1474741995334625,0.1619092673063278,-0.975723683834076,-0.7517204284667969,-2.48416805267334,0.5854206681251526,0.1500080047352011,-0.1626251357736525,0.4400112704196519,110.0
1652966948.730072,-0.2799981236457824,0.2317941784858703,-0.678725004196167,0.123748131096363,0.1684100329875946,-0.9779184460639954,-0.7282241582870483,-2.5716731548309326,0.4863548278808594,0.1258733626191883,-0.1692164428188836,0.446450045281581,110.0
1652966948.740073,-0.3477876484394073,0.1762102842330932,-0.6468786597251892,0.0991609692573547,0.1749547719955444,-0.9795702695846558,-0.7140527963638306,-2.607182741165161,0.3207741975784302,0.1008853885154351,-0.1758598384003296,0.4513459926130282,110.0
1652966948.7501302,-0.4325273334980011,0.1651208996772766,-0.6614387035369873,0.0739458352327346,0.1810614615678787,-0.9806879162788392,-0.5511943697929382,-2.6438820362091064,0.1524930149316787,0.0752595905257839,-0.1820656390057412,0.4543271118185593,110.0
1652966948.7599869,-0.4920938014984131,0.1668431758880615,-0.6762135028839111,0.0482156760990619,0.1868488192558288,-0.9812047481536864,-0.6128549575805664,-2.6530556678771973,0.0080428933724761,0.0490997648646087,-0.1879534897110811,0.4555790708996146,110.0
1652966948.769968,-0.5149304270744324,0.1143351793289184,-0.6975498199462891,0.0223615076392889,0.1928500682115554,-0.9809734225273132,-0.619909942150116,-2.6059317588806152,-0.2141342461109161,0.0227912754716447,-0.1940659168792334,0.4547844992053527,110.0
1652966948.7800488,-0.4678281843662262,0.0844661593437194,-0.6843852996826172,-0.0040040463209152,0.1984080970287323,-0.980111300945282,-0.4667769074440002,-2.6650638580322266,-0.481608897447586,-0.0040852747789669,-0.1997334656490183,0.4513595668342466,110.0
1652966948.789885,-0.3876534104347229,0.0024906992912292,-0.6904343366622925,-0.0319632552564144,0.2014511227607727,-0.9789769053459167,-0.1905202716588974,-2.8220038414001465,-0.6811198592185974,-0.0326380588413966,-0.2028391975745668,0.4453167130455787,110.0
1652966948.8242002,-0.4032636880874634,-0.08323335647583,-0.7151762247085571,-0.0614426732063293,0.2016568928956985,-0.9775271415710448,0.0471401587128639,-2.891996145248413,-0.8546240329742432,-0.0627726311679588,-0.2030492731127947,0.4375457586332617,110.0
1652966948.829813,-0.5979886054992676,-0.1745111942291259,-0.7846843600273132,-0.1492647379636764,0.1910105943679809,-0.970172643661499,0.0765351355075836,-2.699105978012085,-1.4139549732208252,-0.1526567908492831,-0.192191597945193,0.4027131086147427,110.0
1652966948.866821,-0.6445020437240601,-0.1671844720840454,-0.810332715511322,-0.1777940541505813,0.1893762499094009,-0.965673804283142,-0.2062677443027496,-2.6126062870025635,-1.6384215354919434,-0.1820749365313573,-0.1905268586445563,0.3873494213408927,110.0
1652966948.867141,-0.5436576008796692,-0.4751020073890686,-0.6025263071060181,-0.2355018854141235,0.1812158226966858,-0.9548296928405762,0.4806379973888397,-2.772474765777588,-1.892802596092224,-0.2418164816895818,-0.1822226092693049,0.3521700935376967,110.0
1652966948.869807,-0.5846388339996338,-0.5853685736656189,-0.4936928749084472,-0.2651383578777313,0.169855535030365,-0.9491315484046936,0.8270896673202515,-2.7271106243133545,-2.0890915393829346,-0.2724043417076865,-0.17068307057345,0.3345388219572194,110.0
1652966948.895316,-0.6733973622322083,-0.6217273473739624,-0.5083155632019043,-0.2935673296451568,0.1558221876621246,-0.9431530237197876,0.7924476861953735,-2.5405097007751465,-2.293907642364502,-0.30175623984669,-0.1564597518205573,0.3156325951904286,110.0
1652966948.8962169,-0.6565908193588257,-0.5370631217956543,-0.6784698963165283,-0.3199105560779571,0.1437561213970184,-0.9364781975746156,0.2252428382635116,-2.34463882446289,-2.3793652057647705,-0.3291812097878565,-0.144255929089635,0.2948622217192267,110.0
1652966948.902247,-0.6274256706237793,-0.3710947036743164,-0.7692729234695435,-0.343902975320816,0.1369180977344513,-0.9289694428443908,-0.4349761009216308,-2.0721523761749268,-2.469271659851074,-0.3545544026727132,-0.137349541909667,0.271544734083555,110.0
1652966948.909416,-0.580977737903595,-0.3448896408081054,-0.657487154006958,-0.3659673929214477,0.1329204440116882,-0.921086311340332,-0.6188417673110962,-2.013630151748657,-2.620267629623413,-0.3781951823999974,-0.1333149897030125,0.2456185556104281,110.0
1652966948.919609,-0.5059738159179688,-0.414616048336029,-0.416729062795639,-0.3884047865867615,0.1276207268238067,-0.9126087427139282,-0.313827782869339,-2.137955665588379,-2.7156455516815186,-0.4023773663743014,-0.127969712410713,0.2189645317043741,110.0
1652966948.929111,-0.6098601818084717,-0.652926504611969,-0.1939318776130676,-0.4110595285892486,0.1162035465240478,-0.904171884059906,0.4088441431522369,-2.093757390975952,-2.9253690242767334,-0.4266937535450874,-0.1164666692080127,0.1932027320732828,110.0
1652966948.939316,-0.685379147529602,-0.9126334190368652,-0.0828853547573089,-0.4327695965766907,0.0969081372022628,-0.896280825138092,1.0136414766311646,-2.0437004566192627,-3.031545162200928,-0.4498340788141846,-0.0970604616716216,0.1692409045690833,110.0
1652966948.9490728,-0.614549994468689,-0.9037275910377502,-0.1018295884132385,-0.4533668160438537,0.0746994242072105,-0.888188362121582,0.8495995998382568,-1.9991501569747925,-3.060206651687622,-0.4719646359499749,-0.0747690669055153,0.1463661821274161,110.0
1652966948.958951,-0.6115658283233643,-0.828157365322113,-0.2141632437705993,-0.4720522761344909,0.0562499985098838,-0.8797741532325745,0.1252172440290451,-1.7665901184082031,-3.053918838500977,-0.492466653558928,-0.0562797039692266,0.1215342718347679,110.0
1652966948.9690309,-0.6511451005935669,-0.7939162850379944,-0.2995253205299377,-0.4876945614814758,0.0434675551950931,-0.8719314932823181,-0.4433956146240234,-1.501154899597168,-2.953686475753784,-0.5099756103088983,-0.0434812557301331,0.0943705793085345,110.0
1652966948.978778,-0.6086204648017883,-0.9490759968757628,-0.1464811414480209,-0.5008155107498169,0.0343137569725513,-0.8648736476898193,-0.6951642632484436,-1.2795705795288086,-2.77498459815979,-0.524881677506797,-0.0343204939372551,0.0666835917193782,110.0
1652966948.989059,-0.5671635866165161,-1.2737773656845093,0.0058152675628662,-0.5116479396820068,0.0273267775774002,-0.8587605357170105,-0.8614346981048584,-1.0501701831817627,-2.649235725402832,-0.5373241769110851,-0.0273301790697774,0.0394687047739374,110.0
1652966948.998695,-0.6045422554016113,-1.5044922828674316,0.0340301245450973,-0.5200304388999939,0.022732526063919,-0.8538451790809631,-1.2411653995513916,-0.739112138748169,-2.5496082305908203,-0.547043986525643,-0.0227344836999947,0.0119835823340576,110.0
1652966949.008709,-0.6878305077552795,-1.426460027694702,0.1342605799436569,-0.5251515507698059,0.0217299927026033,-0.8507311940193176,-1.6173171997070312,-0.3316613137722015,-2.5221407413482666,-0.5530389609844112,-0.0217317026653802,-0.0170420939845176,110.0
1652966949.018785,-0.6936361193656921,-1.2924431562423706,0.2081177085638046,-0.5269296169281006,0.0223052352666854,-0.8496162295341492,-1.4962390661239624,0.0109180957078933,-2.3937933444976807,-0.5551381519848231,-0.022307085922512,-0.0463086586816007,110.0
1652966949.0286431,-0.5955054759979248,-1.2170395851135254,0.3918130993843078,-0.5264579653739929,0.0201741587370634,-0.8499618172645569,-0.8216777443885803,0.213726058602333,-2.2383244037628174,-0.5545550759652552,-0.0201755273463789,-0.0720782688765019,110.0
1652966949.0387058,-0.5786322951316833,-1.233774185180664,0.5681140422821045,-0.5242118239402771,0.0117199197411537,-0.8515072464942932,0.0362192653119564,0.4061697125434875,-2.190669298171997,-0.5518316221821452,-0.0117201885168002,-0.0927436908329777,110.0
1652966949.04855,-0.6086387634277344,-1.2199246883392334,0.565249502658844,-0.5199621319770813,-0.0018339958041906,-0.8541873097419739,0.3890217840671539,0.6179666519165039,-2.1706912517547607,-0.546807665698023,0.0018339967821626,-0.1098870638477157,110.0
1652966949.058703,-0.5969129800796509,-1.152125120162964,0.419214129447937,-0.5134842395782471,-0.0153902899473905,-0.8579609394073486,0.1134089976549148,0.8606642484664917,-2.144714117050171,-0.539311220172221,0.0153908973253647,-0.1268681951864595,110.0
1652966949.068639,-0.5584427714347839,-1.05100417137146,0.3357976377010345,-0.5046979784965515,-0.0243810322135686,-0.8629516363143921,-0.5223250985145569,1.0854113101959229,-2.052647352218628,-0.5292059586362079,0.0243834476579698,-0.1458962294795871,110.0
1652966949.078613,-0.5066252946853638,-0.9638209342956544,0.4040743112564087,-0.4938934445381164,-0.0277315415441989,-0.869080126285553,-0.9300810098648072,1.287070870399475,-1.9051660299301147,-0.516780307724143,0.0277350974750722,-0.1667322920975442,110.0
1652966949.088506,-0.4320341646671295,-0.907289743423462,0.5794292688369751,-0.4816315174102783,-0.0284039061516523,-0.8759133815765381,-0.8842586874961853,1.4185194969177246,-1.693637490272522,-0.5027372710436417,0.0284077269810342,-0.1869401499048288,110.0
1652966949.098403,-0.3632513284683227,-0.8547150492668152,0.7084341049194336,-0.4682915508747101,-0.0291433408856391,-0.8830932378768921,-0.6350529193878174,1.5173155069351196,-1.4735928773880005,-0.4875814512079615,0.0291474686813005,-0.2044520608613262,110.0
1652966949.108333,-0.3500018119812011,-0.7819493412971497,0.7389611005783081,-0.4538768827915191,-0.0311211198568344,-0.8905207514762878,-0.3778539001941681,1.6665939092636108,-1.2988437414169312,-0.4713582513536098,0.031126144916504,-0.218924796524568,110.0
1652966949.118339,-0.3659729957580566,-0.655320405960083,0.7362106442451477,-0.4377836287021637,-0.0336197391152381,-0.898451566696167,-0.3186230957508087,1.86038339138031,-1.1731184720993042,-0.4534074732541656,0.033626076740799,-0.2314478701126939,110.0
1652966949.128392,-0.3463439047336578,-0.5023722052574158,0.6883546113967896,-0.419921875,-0.0350343473255634,-0.9068837761878968,-0.4536115527153015,2.016243934631348,-1.0494933128356934,-0.4336434712407985,0.0350415190806822,-0.2430488132314346,110.0
1652966949.1382132,-0.2900418937206268,-0.3438308835029602,0.6700690984725952,-0.4006776213645935,-0.0341132991015911,-0.9155837893486024,-0.6209251880645752,2.145293951034546,-0.9056465029716492,-0.4125110231156355,0.0341199181523085,-0.2541722508784452,110.0
1652966949.148148,-0.2591279149055481,-0.2087866067886352,0.6956074237823486,-0.3803068101406097,-0.03128557279706,-0.9243310689926147,-0.6945757269859314,2.241130113601685,-0.7894589304924011,-0.3903294131355799,0.0312906773638223,-0.2645722998581885,110.0
1652966949.158251,-0.2250186800956726,-0.1147503852844238,0.7301366925239563,-0.3591181933879852,-0.0279882848262786,-0.9328722953796388,-0.5801361203193665,2.279710054397583,-0.6543135643005371,-0.3674736874491942,0.0279919405779925,-0.2736010748505888,110.0
1652966949.168401,-0.189412236213684,-0.0568963885307312,0.7778192162513733,-0.3378399014472961,-0.02540834993124,-0.9408605694770812,-0.4012212455272674,2.2490875720977783,-0.530664324760437,-0.3447368241491732,0.0254110845558111,-0.2808624017084232,110.0
1652966949.178143,-0.1953152418136596,0.013172447681427,0.7877011299133301,-0.3165407478809356,-0.0239376835525035,-0.9482768177986144,-0.2577669620513916,2.2564167976379395,-0.4310998022556305,-0.3221761260244171,0.0239399698853644,-0.2864232724574786,110.0
1652966949.18803,-0.2113599181175232,0.1219896078109741,0.772407591342926,-0.2949419021606445,-0.022865392267704,-0.955241560935974,-0.2207223773002624,2.275181531906128,-0.3560218513011932,-0.2994754329145217,0.0228673843707455,-0.2909466469216269,110.0
1652966949.198217,-0.1612406373023986,0.2116141319274902,0.742491602897644,-0.2732838094234466,-0.021620625630021,-0.9616904258728028,-0.2250000089406967,2.238377809524536,-0.2069741040468216,-0.2768715621896467,0.0216223107634569,-0.2942878174229952,110.0
1652966949.208178,-0.0951921939849853,0.2909079194068908,0.7072736024856567,-0.2522503733634949,-0.0194074213504791,-0.9674673676490784,-0.3034066557884216,2.1317782402038574,-0.0214082431048154,-0.2550542321123548,0.0194086400205229,-0.2960191273514878,110.0
1652966949.21786,-0.0818840861320495,0.3509721755981445,0.6910331845283508,-0.2320501506328582,-0.0161674506962299,-0.972569465637207,-0.326250672340393,2.0610201358795166,0.1155656203627586,-0.2342160264716354,0.0161681542587931,-0.2963070627151384,110.0
1652966949.227892,-0.0916652530431747,0.3853656053543091,0.7184804677963257,-0.2124728560447693,-0.0125631168484687,-0.9770861864089966,-0.3244511783123016,1.9782698154449463,0.2382438778877258,-0.2141220683955002,0.0125634469784913,-0.2953227895869452,110.0
1652966949.23815,-0.0841182321310043,0.4097891449928283,0.7041433453559875,-0.1936526894569397,-0.0086019607260823,-0.9810324311256408,-0.381177544593811,1.885500431060791,0.3878861665725708,-0.1948912602614122,0.0086020669059868,-0.2929861512740487,110.0
1652966949.247956,-0.0767493695020675,0.4403711557388305,0.6648418307304382,-0.1756004095077514,-0.0038921516388654,-0.9844538569450378,-0.4175646305084228,1.8180458545684812,0.543357253074646,-0.1765169729707154,0.0038921613774781,-0.2891676998568432,110.0
1652966949.2579389,-0.0988368541002273,0.4971874356269836,0.6303423047065735,-0.1579074412584304,0.0017835127655416,-0.9874523282051086,-0.5284110903739929,1.7835322618484497,0.7000126838684082,-0.1585714047568739,-0.0017835136703572,-0.2838118597021916,110.0
1652966949.2681131,-0.0908886641263961,0.548878014087677,0.591594398021698,-0.1404039859771728,0.0087778745219111,-0.9900553822517396,-0.6413952112197876,1.7606353759765625,0.8553306460380554,-0.140874890299788,-0.0087779868801191,-0.2770346623274418,110.0
1652966949.2779431,-0.0433025807142257,0.5630866885185242,0.5800822377204895,-0.1232622861862182,0.0163075271993875,-0.9922401309013368,-0.6369385123252869,1.6850322484970093,1.0025345087051392,-0.1235930911605885,-0.0163082497596558,-0.2686822676622326,114.0
1652966949.287833,-0.022071860730648,0.5629957318305969,0.5657599568367004,-0.106971651315689,0.0236718002706766,-0.9939802289009094,-0.5998997688293457,1.5709214210510254,1.1594737768173218,-0.1072068744761047,-0.0236740113757932,-0.2586923393450326,114.0
1652966949.2977371,-0.0344749018549919,0.5628238916397095,0.5256215333938599,-0.0916236564517021,0.0307444427162408,-0.9953190088272096,-0.5835480690002441,1.4597302675247192,1.285851001739502,-0.0917958574544158,-0.0307492875179487,-0.2471597636554488,114.0
1652966949.307822,-0.0532975196838378,0.5558598041534424,0.4856662154197693,-0.0772566124796867,0.0375271253287792,-0.9963047504425048,-0.5607184171676636,1.3384917974472046,1.4010814428329468,-0.077388295585036,-0.0375359376922513,-0.2343065668446879,114.0
1652966949.317646,-0.0584240928292274,0.5630488395690918,0.4490582346916199,-0.063966579735279,0.0440752767026424,-0.9969782829284668,-0.5536273121833801,1.2169264554977417,1.520350694656372,-0.0640726334857127,-0.0440895591930757,-0.2201584761414106,114.0
1652966949.327698,-0.0749467611312866,0.5799445509910583,0.4180285036563873,-0.0516095720231533,0.0507062077522277,-0.9973792433738708,-0.6142645478248596,1.1301673650741575,1.6195944547653198,-0.0516990737726133,-0.0507279611467725,-0.2048788914808145,114.0
1652966949.337819,-0.0907560735940933,0.5938376784324646,0.3598896265029907,-0.0397675447165966,0.0582621879875659,-0.997508943080902,-0.7662138342857361,1.070015549659729,1.7118511199951172,-0.0398457550217781,-0.058295199793621,-0.1885897579286705,114.0
1652966949.347546,-0.0682385265827179,0.6265984177589417,0.2849665284156799,-0.0284868739545345,0.0675267502665519,-0.9973106980323792,-0.9614299535751344,0.9807407855987548,1.7950266599655151,-0.0285559256097708,-0.0675781739276426,-0.1713479306561945,114.0
1652966949.357612,-0.0428022965788841,0.658572793006897,0.2540870010852813,-0.0180191751569509,0.0771049931645393,-0.996860146522522,-0.8710108399391174,0.8568238615989685,1.8374249935150144,-0.0180739627244647,-0.0771815983265406,-0.1534570598323625,114.0
1652966949.367515,-0.0190014597028493,0.6690564751625061,0.2785421907901764,-0.0087236976251006,0.0846474841237068,-0.9963727593421936,-0.5625448822975159,0.7112586498260498,1.891492486000061,-0.0087552320261883,-0.0847488989701187,-0.1349172592950309,114.0
1652966949.377522,-0.024289134889841,0.6616569757461548,0.2818529605865478,-0.000811509322375,0.0880658105015754,-0.9961143136024476,-0.0960072800517082,0.5481237173080444,1.9074627161026,-0.0008146747213959,-0.0881800414892205,-0.1159168296365359,114.0
1652966949.387524,-0.057618673890829,0.6355645060539246,0.2611987590789795,0.0056015248410403,0.0866710767149925,-0.9962212443351746,0.3360141813755035,0.4117371737957001,1.933966040611267,0.0056227128347959,-0.0867799543168152,-0.0966931460935668,114.0
1652966949.397321,-0.0817020088434219,0.617881178855896,0.2104731947183609,0.0107639655470848,0.0821903422474861,-0.9965585470199584,0.5060986876487732,0.2979714274406433,1.9375149011611936,0.010800717324344,-0.0822831632433465,-0.0773569337845549,114.0
1652966949.407919,-0.09073106944561,0.5914351344108582,0.1364076435565948,0.0147118456661701,0.0773984789848327,-0.9968916773796082,0.3787716031074524,0.1921563297510147,1.938762903213501,0.0147566460335458,-0.0774759662239748,-0.0580691653698321,114.0
1652966949.417385,-0.0861529037356376,0.5833917856216431,0.0385737195611,0.0176104828715324,0.074402317404747,-0.9970728158950806,0.1546624153852462,0.0994658097624778,1.9312576055526731,0.0176603469954625,-0.0744711364399979,-0.0387769933963669,114.0
1652966949.4273849,-0.0810353085398674,0.5969353318214417,-0.0111276656389236,0.0196034852415323,0.0737802162766456,-0.9970818161964417,-0.1021659076213836,0.0085987485945224,1.934186577796936,0.0196583255249127,-0.0738473169401186,-0.0194788589985285,114.0
1652966949.437523,-0.071893461048603,0.6041020154953003,-0.0246549919247627,0.0206850245594978,0.0753904283046722,-0.9969395399093628,-0.2868404686450958,-0.0746075138449668,1.927095413208008,0.0207455481983754,-0.0754620271722363,-0.0001699436298192,114.0
1652966949.4471312,-0.0466419830918312,0.5737316012382507,-0.0592866390943527,0.0208394266664981,0.0781922340393066,-0.9967204928398132,-0.3442505002021789,-0.1986993700265884,1.9422378540039065,0.020904949152562,-0.0782721340761553,0.0192272033937863,114.0
1652966949.45727,-0.0261805225163698,0.5470986366271973,-0.0556838288903236,0.0198024027049541,0.0813948437571525,-0.99648517370224,-0.3708474338054657,-0.3209614157676697,1.947667121887207,0.0198696342447635,-0.0814849889163508,0.0387674351190257,114.0
1652966949.4672132,-0.0437598675489425,0.5307629108428955,-0.0747387707233429,0.0177284311503171,0.0845348685979843,-0.996262788772583,-0.3019496202468872,-0.4068203866481781,1.913283109664917,0.0177930560275479,-0.0846358765663995,0.0581473408256458,114.0
1652966949.4771671,-0.0784937664866447,0.5081194043159485,-0.1115357354283332,0.0149562247097492,0.0864807665348053,-0.996141254901886,-0.2061021029949188,-0.4666846096515655,1.8785549402236936,0.015013032746665,-0.0865889253038529,0.0770799965672333,114.0
1652966949.487325,-0.0676568821072578,0.5210850238800049,-0.136263906955719,0.0115961441770195,0.0877409055829048,-0.9960758090019226,-0.0947193726897239,-0.5350119471549988,1.81159770488739,0.0116413024976189,-0.0878538766686681,0.0955726568624955,114.0
1652966949.496945,-0.0352496430277824,0.5267789959907532,-0.1862884908914566,0.0074786990880966,0.0881591737270355,-0.9960783123970032,-0.016176963225007,-0.6092853546142578,1.7333346605300903,0.0075080022883835,-0.0882737736959578,0.113306495127282,114.0
1652966949.50729,-0.0015779584646224,0.5309829711914062,-0.209005519747734,0.0022951744031161,0.0876675844192504,-0.9961471557617188,0.1056221723556518,-0.7334160804748535,1.6449795961380005,0.0023040474911484,-0.0877802729326351,0.1302401567669181,114.0
1652966949.516902,0.001764515414834,0.5294870734214783,-0.2414597272872924,-0.0043737133964896,0.0860183984041214,-0.9962839484214784,0.2391954213380813,-0.888900101184845,1.566498637199402,-0.0043899989111082,-0.0861248295750144,0.1463047576963207,114.0
1652966949.526948,-0.0384982489049434,0.5280795693397522,-0.2604742050170898,-0.0125118298456072,0.0834569558501243,-0.9964328408241272,0.3229848444461822,-1.0006096363067627,1.470117449760437,-0.0125559611378375,-0.0835541444126864,0.1615375529662091,114.0
1652966949.53668,-0.0968682244420051,0.5124219059944153,-0.263546884059906,-0.0216619912534952,0.0802735313773155,-0.996537446975708,0.3704202771186828,-1.074711799621582,1.3619513511657717,-0.0217338345314066,-0.0803599903086143,0.1757293181278509,114.0
1652966949.546592,-0.1042389273643493,0.479353129863739,-0.2961172461509704,-0.0317931249737739,0.0770620182156562,-0.9965192675590516,0.3320358693599701,-1.1835354566574097,1.2929378747940063,-0.0318933584431808,-0.0771384983979877,0.1890744820354639,114.0
1652966949.556727,-0.0808546245098114,0.4709317684173584,-0.3350349366664886,-0.0432297922670841,0.0747962370514869,-0.9962613582611084,0.2307981997728347,-1.311778903007507,1.2169592380523682,-0.0433648158515938,-0.0748661533709313,0.2017369536582335,114.0
1652966949.566535,-0.0657903030514717,0.4645624160766601,-0.3634241819381714,-0.0559747815132141,0.0733240470290184,-0.9957361221313475,0.1911945939064026,-1.442178726196289,1.1152182817459106,-0.0561553715454823,-0.0733899072895269,0.2134730228940789,114.0
1652966949.576616,-0.0530387982726097,0.4282317757606506,-0.3449941575527191,-0.0704047530889511,0.0716328993439674,-0.994943141937256,0.2982219755649566,-1.6186834573745728,1.0183387994766235,-0.0706448269588356,-0.0716943013884584,0.2242420008583792,114.0
1652966949.5864248,-0.0693226680159568,0.3623889088630676,-0.349996268749237,-0.0864695161581039,0.0690513923764228,-0.9938585758209229,0.3757495284080505,-1.7520753145217896,0.9245463609695436,-0.08678529935177,-0.0691063875786077,0.2342022321205092,114.0
1652966949.596411,-0.1151383966207504,0.3253518939018249,-0.3724882304668426,-0.1035352498292923,0.0659696236252784,-0.9924356341362,0.3884903490543365,-1.804931640625,0.7765443921089172,-0.1039483800817499,-0.0660175647935809,0.2430513423930283,114.0
1652966949.606649,-0.1477664858102798,0.280618667602539,-0.4078061282634735,-0.1209254711866378,0.062347088009119,-0.9907017350196838,0.5449702143669128,-1.8092716932296755,0.6246224641799927,-0.1214596070931435,-0.0623875512768977,0.2505135267276104,114.0
1652966949.616451,-0.1546855866909027,0.2382560968399047,-0.4280087351799011,-0.1384356915950775,0.0577999427914619,-0.9886833429336548,0.5373650193214417,-1.817100524902344,0.5123746991157532,-0.1391158063014195,-0.0578321744252401,0.2568499895873,114.0
1652966949.6264129,-0.1390300691127777,0.2405399680137634,-0.4617071151733398,-0.15621218085289,0.0530461929738521,-0.9862980842590332,0.5426942706108093,-1.8498011827468872,0.4081252813339233,-0.1570775700305355,-0.0530711029239333,0.2621649134253974,114.0
1652966949.636328,-0.1385157406330108,0.2076442837715149,-0.4614521265029907,-0.1743809431791305,0.0483050979673862,-0.9834927320480348,0.5658359527587891,-1.8932838439941408,0.3306383192539215,-0.1754840184342742,-0.0483239026755193,0.2666548912145969,114.0
1652966949.646528,-0.1566123962402343,0.0877572894096374,-0.444509208202362,-0.1929358839988708,0.0432182736694812,-0.980259120464325,0.5794774293899536,-1.930408835411072,0.2946129441261291,-0.1943372681287015,-0.0432317389576087,0.2707855278851655,114.0
1652966949.656285,-0.1689629852771759,0.0010296702384948,-0.4183337390422821,-0.2116979509592056,0.0382830090820789,-0.97658509016037,0.5248932838439941,-1.9370235204696653,0.2147233933210373,-0.2134708626280941,-0.0382923680561593,0.2744182513973136,114.0
1652966949.666323,-0.1811425238847732,-0.0417832732200622,-0.4399169981479645,-0.2302953898906707,0.0343535952270031,-0.9725142121315002,0.3508557081222534,-1.9113367795944212,0.1178581193089485,-0.232520994734632,-0.0343603574889653,0.2770005124547981,114.0
1652966949.6762629,-0.1734821796417236,-0.0829629302024841,-0.5447733402252197,-0.2486063688993454,0.032856173813343,-0.9680472016334534,-0.0098500251770019,-1.877657175064087,0.0689751058816909,-0.2513798340599376,-0.0328620871096064,0.2783311750295241,114.0
1652966949.686181,-0.1564579606056213,-0.0916497111320495,-0.5886194705963135,-0.2664850950241089,0.034084502607584,-0.9632362127304076,-0.2256222665309906,-1.83692729473114,-0.0443423986434936,-0.2699051392757858,-0.0340911058172496,0.2781795060401491,114.0
1652966949.696142,-0.1511901915073394,-0.0636027455329895,-0.4965018630027771,-0.2839446365833282,0.0362204499542713,-0.9581562876701356,-0.2346092909574508,-1.802435517311096,-0.1919559091329574,-0.2881000250152425,-0.0362283743448376,0.2763377197303891,114.0
1652966949.706413,-0.1698006987571716,-0.0816617608070373,-0.4253859519958496,-0.3011617660522461,0.0362410135567188,-0.9528841376304626,0.0761483013629913,-1.804397225379944,-0.3232215046882629,-0.3061183729836822,-0.0362489521450465,0.2736309486939268,114.0
1652966949.7163072,-0.2023237645626068,-0.1321972012519836,-0.3488323092460632,-0.3184128701686859,0.0325633436441421,-0.9473926424980164,0.4515754580497741,-1.8155479431152344,-0.4450924396514892,-0.3242329802953121,-0.0325691029156197,0.2708435716025085,114.0
1652966949.726366,-0.2424216866493225,-0.2075052857398986,-0.3152495622634887,-0.3356117010116577,0.025713974609971,-0.9416493773460388,0.6084467768669128,-1.7971949577331543,-0.5660444498062134,-0.3423723766184711,-0.0257168086615872,0.2678799293346772,114.0
1652966949.736011,-0.2597891390323639,-0.2902191877365112,-0.3583429753780365,-0.3523628711700439,0.0181634649634361,-0.9356871843338012,0.524529218673706,-1.7621872425079346,-0.6505800485610962,-0.3601568428654058,-0.0181644640575365,0.2641375668964122,114.0
1652966949.745944,-0.2380923926830291,-0.3729355335235595,-0.4264060258865356,-0.3686580061912536,0.0126944351941347,-0.929478406906128,0.1307342499494552,-1.7237781286239624,-0.6967989206314087,-0.3775968852231441,-0.0126947761039489,0.2590637855735584,114.0
1652966949.755887,-0.2063767910003662,-0.378211498260498,-0.4171271920204162,-0.384565532207489,0.0100684091448783,-0.9230427742004396,-0.1330159604549408,-1.7131763696670532,-0.7861742973327637,-0.394758216837788,-0.0100685792475543,0.2522074845472073,114.0
1652966949.765883,-0.1724945604801178,-0.3963978886604309,-0.3080566525459289,-0.4005034267902374,0.0086181163787841,-0.9162547588348388,-0.2176019549369812,-1.7502890825271606,-0.8214108347892761,-0.412082429950709,-0.0086182226460218,0.2440064231290726,114.0
1652966949.775858,-0.1724753379821777,-0.4239112734794616,-0.2636416256427765,-0.4164222776889801,0.0072633847594261,-0.9091423153877258,-0.2187303453683853,-1.725744128227234,-0.8322374820709229,-0.4295186921610237,-0.0072634486119882,0.2356563583120821,114.0
1652966949.785973,-0.2127127051353454,-0.4656152129173279,-0.2138673067092895,-0.4315743148326874,0.0055084922350943,-0.902060568332672,-0.2177319228649139,-1.6055138111114502,-0.9019050002098083,-0.4462445085246676,-0.005508520201226,0.2269151883400647,114.0
1652966949.795708,-0.2370236217975616,-0.471113920211792,-0.2140971422195434,-0.4452425539493561,0.0037394401151686,-0.895402193069458,-0.2727505564689636,-1.437864899635315,-0.9542943239212036,-0.4614486019354425,-0.0037394488232934,0.2175109182481803,114.0
1652966949.805723,-0.2259829938411712,-0.4635533094406128,-0.2009484618902206,-0.4573360383510589,0.0023095023352652,-0.8892909288406372,-0.4013735353946686,-1.271478295326233,-0.9840168356895448,-0.4749986722772993,-0.002309504426035,0.2074126576336432,114.0
1652966949.81576,-0.2119675874710083,-0.4449100494384765,-0.1663792133331298,-0.4678724110126495,0.0014774468727409,-0.8837947845458984,-0.4505531191825866,-1.095389485359192,-1.005815029144287,-0.4868824803673724,-0.0014774474128148,0.1966535194410473,114.0
1652966949.825662,-0.187162160873413,-0.4565677046775818,-0.0827128440141677,-0.4770680963993072,0.0003305960271973,-0.8788662552833557,-0.3468139171600342,-1.0052181482315063,-0.9818394184112548,-0.4973157033138002,-0.0003305960374181,0.1859223005863321,114.0
1652966949.835607,-0.1601132750511169,-0.508176326751709,-0.0099844485521316,-0.4855470657348633,-0.0016733127413317,-0.874208927154541,-0.2227610349655151,-0.93488609790802,-0.8881950974464417,-0.5069896247524714,0.0016733135453032,0.1764322370784775,114.0
1652966949.8456,-0.1783370971679687,-0.5275591015815735,0.0406857877969741,-0.4933394491672516,-0.0044309408403933,-0.869825541973114,-0.1330926716327667,-0.8574027419090271,-0.8539159297943115,-0.5159303470675691,0.0044309554089166,0.1680011135654595,114.0
1652966949.855555,-0.1995391249656677,-0.5048614740371704,0.0772387236356735,-0.5001678466796875,-0.0074298079125583,-0.8658965826034546,-0.1471608132123947,-0.7285236120223999,-0.8033477067947388,-0.5238085475101156,0.0074298761614114,0.1602182200794059,114.0
1652966949.8657231,-0.1935395002365112,-0.4572083950042724,0.0697291195392608,-0.5058774948120117,-0.0093348696827888,-0.8625548481941223,-0.33967325091362,-0.6186485290527344,-0.7526187896728516,-0.5304244832987105,0.0093350054248275,0.1523197914650202,114.0
1652966949.875455,-0.1651734709739685,-0.4079071283340454,0.0442896634340286,-0.5105924606323242,-0.0087977638468146,-0.8597778081893921,-0.6237439513206482,-0.5012325644493103,-0.672746479511261,-0.5358966763637211,0.008797877794238,0.143782108048608,114.0
1652966949.885731,-0.1655585169792175,-0.3646243810653686,0.0762059390544891,-0.5142509341239929,-0.0058324513956904,-0.8576199412345886,-0.8866400122642517,-0.3649229109287262,-0.6214385628700256,-0.5401442419582381,0.005832484533047,0.1344844421391549,114.0
1652966949.897958,-0.1443209052085876,-0.3402223587036133,0.1223115175962448,-0.5170406699180603,-0.0012635898310691,-0.8559598922729492,-0.9255669713020324,-0.2981496155261993,-0.5500854253768921,-0.5433905268416584,0.0012635901840404,0.1248503269215908,114.0
1652966949.905343,-0.1115524172782898,-0.3296183347702026,0.1730295866727829,-0.5194441676139832,0.0041706888005137,-0.8544942140579224,-0.9441601037979126,-0.2573989927768707,-0.4513000249862671,-0.5462056225484878,-0.0041707008376134,0.1157739112791828,114.0
1652966949.915422,-0.1238851547241211,-0.2971386909484863,0.2045880854129791,-0.5212563872337341,0.0098283849656581,-0.8533435463905334,-0.8754642605781555,-0.1606312841176986,-0.3762921094894409,-0.5483520308584513,-0.0098285434869537,0.1074478247398276,114.0
1652966949.925424,-0.1174803972244262,-0.2649140357971191,0.2380780130624771,-0.5223358273506165,0.0149279320612549,-0.8526091575622559,-0.7260113954544067,-0.0791777074337005,-0.2761327624320984,-0.5496561279915927,-0.014928486208916,0.1004924522213541,114.0
1652966949.935289,-0.0845621228218078,-0.2331444025039672,0.2506882548332214,-0.5227528214454651,0.0189192406833171,-0.8522742986679077,-0.5091826915740967,-0.014709236100316,-0.2041740119457245,-0.5501867515416398,-0.0189203700804659,0.0952494770527302,114.0
1652966949.945205,-0.0653034448623657,-0.1952133178710937,0.2527211308479309,-0.5226786732673645,0.0221659056842327,-0.852241575717926,-0.4739623665809631,0.046053446829319,-0.1235076785087585,-0.5501406528475675,-0.0221677206506747,0.0913419609045584,114.0
1652966949.955044,-0.0784395933151245,-0.1440544724464416,0.2088888138532638,-0.5220394730567932,0.0259133968502283,-0.8525275588035583,-0.4978832304477691,0.1178600937128067,-0.0539819002151489,-0.5494459875740275,-0.0259162980586705,0.0880256744473919,114.0
1652966949.96513,-0.0815454125404357,-0.0936383008956909,0.1850549876689911,-0.5207951664924622,0.0300023481249809,-0.8531543016433716,-0.48239666223526,0.1729449182748794,0.0064830426126718,-0.5480569492350087,-0.0300068509791963,0.0852376914495586,114.0
1652966949.975169,-0.0538421273231506,-0.0783276557922363,0.2087080925703048,-0.5192016363143921,0.0337692946195602,-0.8539843559265137,-0.3480732142925262,0.1994724571704864,0.0794509202241897,-0.5462632726976068,-0.0337757178470291,0.0834407434120512,114.0
1652966949.98518,-0.03294038772583,-0.0739295482635498,0.2073471248149871,-0.5173829793930054,0.0367476865649223,-0.854964554309845,-0.2376990318298339,0.2204355299472808,0.1260016411542892,-0.5441986906123671,-0.0367559620810927,0.0828494836235977,114.0
1652966950.0376868,-0.023420512676239,-0.055169403553009,0.1592928320169448,-0.5153214931488037,0.0395138897001743,-0.8560855388641357,-0.2528132200241089,0.2490477412939071,0.1730767339468002,-0.5418527880030791,-0.0395241790400969,0.082891971307693,114.0
1652966950.038012,-0.0039960145950317,-0.0374768376350402,0.0974518954753875,-0.512986958026886,0.0430967770516872,-0.857313871383667,-0.3544695377349853,0.2790807485580444,0.2193438410758972,-0.5392167175922629,-0.0431101305320218,0.0830031062801088,114.0
