1652967624.393619,-0.0346839651465415,-0.016835331916809,0.0923183560371398,0.0472876913845539,0.3043186366558075,-0.951395869255066,0.1944174915552139,0.0097264908254146,0.0068116365000605,0.0496626197135874,-0.309223048747017,-0.0490798792870249,75.0
1652967624.403718,-0.0503128729760646,-0.02641361951828,0.0647250115871429,0.0472610853612422,0.3025387525558471,-0.9519646167755128,0.2019841969013214,-0.0024290278088301,-0.017291834577918,0.0496051146166994,-0.3073551145214139,-0.0492595601798004,75.0
1652967624.413517,-0.0631144568324089,-0.0314090251922607,0.0298095047473907,0.0472605377435684,0.3010163307189941,-0.9524471759796144,0.1633712947368621,-0.0012061042943969,-0.0337927788496017,0.0495794495339962,-0.3057582322969546,-0.0495762187939603,75.0
1652967624.4234529,-0.067810833454132,-0.0397006273269653,0.0104520320892333,0.0473487600684165,0.2999575436115265,-0.9527767896652222,0.1049127802252769,-0.001650852151215,-0.0571476370096206,0.0496546966830265,-0.3046481362649318,-0.0500482128323996,75.0
1652967624.433485,-0.0540276318788528,-0.0468831062316894,0.0144398212432861,0.0473137274384498,0.2994639873504638,-0.9529337882995604,0.0417918637394905,-0.0204556994140148,-0.0607610121369361,0.0496098536449655,-0.3041308114515717,-0.0506397706474297,75.0
1652967624.443417,-0.0329261571168899,-0.0324677228927612,0.0158421397209167,0.0469031818211078,0.2995417714118957,-0.9529296159744264,-0.013681648299098,-0.0499195307493209,-0.0624626614153385,0.0491802960727473,-0.3042123383138653,-0.0512383953508489,75.0
1652967624.453387,-0.0306900590658187,-0.0137473940849304,0.0049127638339996,0.046147171407938,0.3002477586269378,-0.9527443051338196,-0.0714972764253616,-0.0530444830656051,-0.0683658272027969,0.0483982242652702,-0.3049524015780396,-0.0518976400750379,75.0
1652967624.463424,-0.0395082533359527,-0.0018035769462585,0.0011056661605834,0.0455049164593219,0.301613450050354,-0.952343761920929,-0.1284359246492386,-0.0186453349888324,-0.056224051862955,0.0477457129248829,-0.3063844637392165,-0.0525656295387305,75.0
1652967624.473658,-0.0254469588398933,0.0107946991920471,0.0180868506431579,0.0451002344489097,0.3033243119716644,-0.9518194794654846,-0.1391777843236923,-0.0058962507173419,-0.0346175618469715,0.0473477688109789,-0.3081793916974971,-0.0530325568583813,75.0
1652967624.483272,-0.0021717324852943,0.0194119215011596,0.0482582151889801,0.0448200143873691,0.3045250177383423,-0.9514492750167848,-0.05847754701972,0.0132645005360245,-0.0301862880587577,0.0470722993793149,-0.3094397103737237,-0.053395434823121,75.0
1652967624.49335,0.0125034675002098,0.0199921131134033,0.0803073942661285,0.0446559190750122,0.3045955598354339,-0.9514343738555908,0.065057173371315,0.0306650623679161,-0.0416152440011501,0.0469009425837983,-0.3095137977546467,-0.0538494346816208,75.0
1652967624.503186,0.0292876437306404,0.0265316367149353,0.0972402095794677,0.0444733053445816,0.3032572567462921,-0.9518703818321228,0.2124906927347183,0.0232270676642656,-0.0558924488723278,0.0466880662410586,-0.3081090154408018,-0.0545116793800067,75.0
1652967624.512989,0.0367483794689178,0.0353301763534545,0.1060168743133544,0.0442757494747638,0.300706148147583,-0.9526885151863098,0.3266891837120056,0.0215404871851205,-0.0795668885111808,0.0464411110960296,-0.3054329896458177,-0.0554277212278085,75.0
1652967624.5228782,0.0317407846450805,0.0241940021514892,0.0854199826717376,0.0441563986241817,0.2974078059196472,-0.9537289142608644,0.3708788752555847,0.0333244949579238,-0.1061564236879348,0.0462656505178947,-0.3019764477428131,-0.0566093583136245,75.0
1652967624.5328631,0.0213075950741767,0.0087167620658874,0.0408355593681335,0.0440762862563133,0.2941864132881164,-0.9547311663627625,0.3119588196277618,0.0494235716760158,-0.1167587339878082,0.0461334163121675,-0.2986041590549244,-0.0580079923627448,75.0
1652967624.543143,0.0233462080359458,-0.0075759291648864,-0.0034276247024536,0.0440213158726692,0.2918950617313385,-0.9554367661476136,0.1872128993272781,0.0434771031141281,-0.120534598827362,0.0460419845411246,-0.2962075895327266,-0.0594275279353075,75.0
1652967624.552997,0.0289358422160148,-0.0149399638175964,-0.0275098979473114,0.0438790693879127,0.2908460795879364,-0.9557631611824036,0.0620978698134422,0.0142124276608228,-0.1122087612748146,0.0458777694190659,-0.2951110302474702,-0.0607279462588626,75.0
1652967624.56291,0.0293831154704093,-0.0169472098350524,-0.0352548360824584,0.0435538552701473,0.2910226583480835,-0.9557242393493652,-0.0504975840449333,-0.0186800099909305,-0.100314512848854,0.0455400631467061,-0.2952955866046589,-0.0618406635288728,75.0
1652967624.572887,0.0234887897968292,-0.0143021345138549,-0.0393658578395843,0.0429632030427455,0.2921429574489593,-0.9554091691970824,-0.1297908127307891,-0.0526725985109806,-0.0901694670319557,0.0449381077933944,-0.2964667885242391,-0.0627786717683446,75.0
1652967624.582847,0.0108843743801116,-0.0103800892829895,-0.0361205339431762,0.0422161743044853,0.2938415110111236,-0.9549214243888856,-0.1726509183645248,-0.0670570209622383,-0.0720866397023201,0.0441802853269281,-0.2982432979041211,-0.0635337669245935,75.0
1652967624.592833,-0.0003332570195198,-0.0173923969268798,-0.0191728472709655,0.0415319576859474,0.2956468462944031,-0.9543940424919128,-0.1508958339691162,-0.0578211769461631,-0.0561838373541832,0.0434891325866282,-0.3001325663628654,-0.0640910939449017,75.0
1652967624.602779,-0.0013401508331298,-0.013120949268341,0.004663348197937,0.0409671962261199,0.2969571650028229,-0.954011619091034,-0.0702515840530395,-0.0488171391189098,-0.0434096828103065,0.0429156669441894,-0.3015044864184747,-0.0645238570033397,75.0
1652967624.612848,-0.0061665028333663,-0.0089656114578247,0.0380138158798217,0.0404376983642578,0.2971607446670532,-0.9539707899093628,0.0418834760785102,-0.0430098511278629,-0.0549281202256679,0.0423634620842421,-0.3017176980932383,-0.0649717645978144,75.0
1652967624.622966,-0.0037323161959648,-0.0057125687599182,0.0438320636749267,0.0399413891136646,0.2962863743305206,-0.9542636275291444,0.1300324499607086,-0.033671848475933,-0.0635517388582229,0.0418313009519151,-0.3008020749970162,-0.0656283247088558,75.0
1652967624.632732,0.0041898302733898,0.0016286373138427,0.0212095975875854,0.0394807867705822,0.294815182685852,-0.9547383189201356,0.1615426987409591,-0.0294643193483352,-0.0774616971611976,0.0413289214884817,-0.2992620866796397,-0.0664095647691243,75.0
1652967624.642594,0.0045922026038169,0.0082150101661682,-0.0018689334392547,0.03910893201828,0.2932965755462646,-0.9552212357521056,0.1364397406578064,-0.0104301758110523,-0.0881643742322921,0.0409194226948884,-0.2976732313985647,-0.0673226897195436,75.0
1652967624.652636,0.0160768777132034,0.0225515961647033,-0.020699143409729,0.0389157570898532,0.2921988070011139,-0.9555655121803284,0.0787231773138046,0.0093230223283171,-0.0857954919338226,0.0407028768865212,-0.2965251821745792,-0.0682634830639889,75.0
1652967624.662499,0.0329303555190563,0.0329164862632751,-0.0312701165676116,0.0387553907930851,0.2917071282863617,-0.9557222127914428,0.012738773599267,-0.0034226533025503,-0.0733198374509811,0.0405286874530395,-0.2960111156858067,-0.0691209132490706,75.0
1652967624.6724858,0.036585584282875,0.0255263447761535,-0.0278905034065246,0.0385333932936191,0.2918522953987121,-0.9556868672370912,-0.0565553419291973,-0.0053467871621251,-0.0574487261474132,0.0402982731775357,-0.2961628879632533,-0.0698002296362385,75.0
1652967624.68242,0.0197273641824722,0.0194498896598815,-0.030780404806137,0.0384085923433303,0.292728066444397,-0.9554240107536316,-0.1193065494298935,0.0122303422540426,-0.0362929552793502,0.0401789380220699,-0.2970786268530884,-0.0702685365418282,75.0
1652967624.6924062,0.0043446570634841,0.0181558728218078,-0.0286019146442413,0.0384409576654434,0.2943032085895538,-0.9549387097358704,-0.1463842391967773,0.0177654568105936,-0.018336858600378,0.0402331747809216,-0.29872636786342,-0.0704764845978205,75.0
1652967624.702338,-0.0069013386964797,0.0108587145805358,-0.0200628042221069,0.0385175049304962,0.2958348989486694,-0.954462230205536,-0.1051817387342453,0.0191627107560634,-0.0238881409168243,0.0403333074214424,-0.3003294246332876,-0.0706477310634824,75.0
1652967624.712458,-0.0137239955365657,0.0060370564460754,0.012749046087265,0.0386873297393322,0.2965008318424225,-0.9542486667633056,-0.0013157920911908,0.0236860904842615,-0.0227994415909051,0.0405199969334573,-0.3010266303416726,-0.0708492984877171,75.0
1652967624.7223349,-0.0244390442967414,-0.0053805112838745,0.0597212612628936,0.0389043353497982,0.2957474887371063,-0.954473614692688,0.1649566739797592,0.034201793372631,-0.0393119156360626,0.0407374416842475,-0.3002379301884296,-0.0711912707171382,75.0
1652967624.732216,-0.0299815163016319,-0.01534104347229,0.070858359336853,0.0392283163964748,0.2935673296451568,-0.9551331996917723,0.2750259041786194,0.0486196130514144,-0.0509030558168888,0.0410479738637568,-0.2979564621397925,-0.0717325277895608,75.0
1652967624.742168,-0.0257327780127525,-0.0212385654449462,0.0437773466110229,0.0397250540554523,0.2906800806522369,-0.9559953212738036,0.3028337955474853,0.0623679682612419,-0.0704056546092033,0.0415297151657388,-0.2949375192245017,-0.0724490717820892,75.0
1652967624.752122,-0.0181895345449447,-0.0260525941848754,0.0088232457637786,0.0403147488832473,0.2878991663455963,-0.956811785697937,0.2678861916065216,0.0744254291057586,-0.0902770981192588,0.0421095521575584,-0.292032408669728,-0.0733574932299378,75.0
1652967624.762084,-0.0065490044653415,-0.0294927954673767,-0.008061408996582,0.0408659726381301,0.2856035232543945,-0.9574761390686036,0.2046134024858474,0.0802901983261108,-0.1037187948822975,0.0426550422336757,-0.2896361267134377,-0.074457605477781,75.0
1652967624.772139,0.0127140097320079,-0.0235702395439147,-0.0170621573925018,0.0412257798016071,0.2839536368846893,-0.9579513072967528,0.1327037960290908,0.0577942058444023,-0.1141171082854271,0.0430088217003911,-0.2879149767662202,-0.0756703986947601,75.0
1652967624.782137,0.0272158607840538,-0.0209558606147766,-0.0258495509624481,0.0412960723042488,0.2832043170928955,-0.9581701159477234,0.03005844168365,0.0301477685570716,-0.1039718315005302,0.0430722397778387,-0.287133564460072,-0.0768832415244967,75.0
1652967624.79203,0.0396927893161773,-0.0172918438911438,-0.0327815413475036,0.0410414300858974,0.2835444808006286,-0.9580804109573364,-0.0631641820073127,-0.0152202434837818,-0.080518439412117,0.0428109722181116,-0.2874882892294957,-0.0778603954656953,75.0
1652967624.8019009,0.0408904701471328,-0.0152021050453186,-0.0479865074157714,0.0404541008174419,0.2847113609313965,-0.9577593207359314,-0.1152847036719322,-0.0353611968457698,-0.0790449902415275,0.0422131815341008,-0.2887053262249129,-0.0786638297824529,75.0
1652967624.811914,0.0369898118078708,-0.0118221640586853,-0.044061928987503,0.0398076437413692,0.2860052585601806,-0.9574007987976074,-0.0791187137365341,-0.0350125879049301,-0.0535649247467517,0.0415549337314738,-0.2900553586664182,-0.0793438884259187,75.0
1652967624.822054,0.0404332689940929,-0.0110519528388977,-0.0049404203891754,0.0392938591539859,0.2863582670688629,-0.957316517829895,0.0486885830760002,-0.026613088324666,-0.0357611589133739,0.0410228119630043,-0.2904237635400888,-0.0798182481505477,75.0
1652967624.831821,0.0568304806947708,-0.0127902626991271,0.0243245959281921,0.0388726033270359,0.2851847112178802,-0.9576839804649352,0.2005010247230529,-0.0302677433937788,-0.0209334790706634,0.0405679485357901,-0.2891991447939617,-0.0801770560528128,75.0
1652967624.841765,0.0713822096586227,-0.0259211063385009,0.0059968531131744,0.0385115593671798,0.2827910184860229,-0.9584081172943116,0.2857660353183746,-0.0255151726305484,-0.0072072790935635,0.040161233335738,-0.2867026609818801,-0.0804136869476023,75.0
1652967624.8518791,0.0765419751405716,-0.0460045933723449,-0.0478501915931701,0.0383871905505657,0.2799058854579925,-0.9592596888542176,0.2977340221405029,-0.0082315234467387,-0.0037672743201255,0.0399961759596035,-0.28369607520037,-0.0805752981004944,75.0
1652967624.861722,0.0815344527363777,-0.0561205744743347,-0.0911474525928497,0.0384148545563221,0.2770605683326721,-0.9600842595100404,0.2650276720523834,-0.0036742687225341,0.0105878096073865,0.0399906301396185,-0.2807335528379586,-0.0806702041611266,75.0
1652967624.871665,0.0987213179469108,-0.0629728436470031,-0.1136517822742462,0.0384398996829986,0.2747235894203186,-0.9607545733451844,0.2214290797710418,-0.0219052024185657,0.0229483395814895,0.0399887853144007,-0.2783022225035275,-0.0805849332010827,75.0
1652967624.881594,0.1112450435757637,-0.0814436674118042,-0.1368168294429779,0.0382452756166458,0.2727421522140503,-0.9613267183303832,0.1794214248657226,-0.0521938651800155,0.0396843291819095,0.0397628802604555,-0.2762420938619532,-0.0803497380992582,75.0
1652967624.891561,0.1196815222501754,-0.1190549135208129,-0.1571453511714935,0.0378806926310062,0.2710064053535461,-0.9618318676948548,0.1843900829553604,-0.0675105080008506,0.0836421996355056,0.0393635594655643,-0.2744384159322025,-0.0798012318332705,75.0
1652967624.901507,0.1281400620937347,-0.1755098700523376,-0.1850651502609253,0.0375245846807956,0.2686528265476227,-0.9625058770179749,0.3150162100791931,-0.0814101323485374,0.1408874243497848,0.0389666076389483,-0.2719941721618596,-0.0787227659650878,75.0
1652967624.911486,0.1435753852128982,-0.2147652506828308,-0.1985643804073333,0.0369970947504043,0.2644060850143432,-0.9637015461921692,0.5742166042327881,-0.1502760201692581,0.2010855078697204,0.0383717719808922,-0.2675880237112141,-0.0771127515920591,75.0
1652967624.921575,0.1611503660678863,-0.2427265644073486,-0.1822119355201721,0.0356422141194343,0.2572852075099945,-0.9656779766082764,0.8891444802284241,-0.2595689594745636,0.2307738959789276,0.03689225992355,-0.2602117771696079,-0.0751622570033272,75.0
1652967624.9313931,0.1768236011266708,-0.2614270448684692,-0.1891771554946899,0.0331678166985511,0.2475420385599136,-0.9683092832565308,1.096625804901123,-0.3887034952640533,0.2574664950370788,0.0342399409527616,-0.2501425116162321,-0.0730043184919381,75.0
1652967624.941335,0.20326629281044,-0.2571364045143127,-0.2632999420166015,0.0293386485427618,0.2367191463708877,-0.9711350202560424,1.0963101387023926,-0.5444142818450928,0.2649166882038116,0.0302014928006809,-0.2389876272738166,-0.0706703783594172,75.0
1652967624.951364,0.2322995215654373,-0.2404332160949707,-0.3558630347251892,0.0238802507519722,0.2268041968345642,-0.9736475944519044,0.9116591215133668,-0.7056226134300232,0.2689593732357025,0.024521669232729,-0.2287951162414625,-0.0682153635821064,75.0
1652967624.96128,0.2600891292095184,-0.2203342318534851,-0.3913252651691437,0.0169494003057479,0.2193587124347686,-0.9754970073699952,0.6114718317985535,-0.84454745054245,0.2625735402107239,0.0173733949934047,-0.2211571313385892,-0.0656841594202641,75.0
1652967624.9713202,0.267085462808609,-0.2000611424446106,-0.393454372882843,0.0088086742907762,0.2146518975496292,-0.976650893688202,0.3653406500816345,-0.9399352073669434,0.2774971127510071,0.0090190217645934,-0.2163354003482846,-0.0630093897748839,75.0
1652967624.9811811,0.2650154232978821,-0.1854998469352722,-0.3985139727592468,4.4950702431378886e-05,0.2118074595928192,-0.9773114323616028,0.2311111986637115,-0.9999635219573976,0.3372717499732971,4.599424684039848e-05,-0.213424003206376,-0.0599306117793113,75.0
1652967624.991311,0.2656938433647156,-0.1502699255943298,-0.3734580278396606,-0.009239412844181,0.2099906504154205,-0.9776597619056702,0.1574287116527557,-1.0695425271987915,0.4120503962039947,-0.0094502590741309,-0.211565391323682,-0.0561108446831394,75.0
1652967625.001061,0.2424092590808868,-0.087522268295288,-0.3516662418842315,-0.018929062411189,0.2087524235248565,-0.9777852892875672,0.1088341474533081,-1.1077371835708618,0.5073370933532715,-0.0193567018559486,-0.2102991056667709,-0.0513987340272051,75.0
1652967625.0111098,0.1773235350847244,-0.0329467058181762,-0.3751261830329895,-0.028306245803833,0.2082865834236145,-0.9776581525802612,0.0018166173249483,-1.0443276166915894,0.6040710806846619,-0.0289450249609944,-0.2098227976928251,-0.0457102663617832,75.0
1652967625.021696,0.1233867183327674,-0.0048109292984008,-0.4206108152866363,-0.0364726968109607,0.2091698050498962,-0.9771988987922668,-0.1402057707309723,-0.9173787236213684,0.7393103837966919,-0.0373064014374189,-0.2107259024720149,-0.0389185585289604,75.0
1652967625.031011,0.1079413369297981,-0.0033243894577026,-0.4283199906349182,-0.0430915169417858,0.2114315927028656,-0.9764423966407776,-0.2557752430438995,-0.8011106848716736,0.9049126505851746,-0.0441025223667725,-0.2130394269272819,-0.0306209240981913,75.0
1652967625.0410109,0.1280244290828704,-0.0037618279457092,-0.3872835040092468,-0.0484803989529609,0.2145845592021942,-0.9755014777183532,-0.2913255989551544,-0.743435800075531,1.0577572584152222,-0.0496570701494898,-0.2162664593228817,-0.020757401169811,75.0
1652967625.050906,0.1456697881221771,-0.0012352466583251,-0.3310687243938446,-0.0530642457306385,0.2179400771856308,-0.9745184779167176,-0.277947723865509,-0.6985644698143005,1.1965694427490234,-0.0543980376009757,-0.2197033086188771,-0.0094132353087675,75.0
1652967625.060853,0.1524933576583862,-0.0132585167884826,-0.2970665097236633,-0.0568208061158657,0.2209251523017883,-0.9736341834068298,-0.1901516914367675,-0.6495563387870789,1.3318639993667605,-0.0582933824711195,-0.2227629592086008,0.0033276715760157,75.0
1652967625.070868,0.170381098985672,0.0015724301338195,-0.2563119828701019,-0.0600295811891555,0.2230936139822006,-0.9729469418525696,-0.0856037065386772,-0.6519175171852112,1.441150188446045,-0.0616206100617911,-0.2249869204240688,0.0174055239019576,75.0
1652967625.080966,0.1836367547512054,0.0090947747230529,-0.2077277898788452,-0.0631991848349571,0.2243446111679077,-0.9724584221839904,0.0053082215599715,-0.6831896901130676,1.5013467073440552,-0.0648978207266365,-0.2262704573408824,0.032403445587264,75.0
1652967625.090891,0.1688660085201263,0.0258525609970092,-0.1849713176488876,-0.0664337947964668,0.2251782566308975,-0.9720500707626344,0.014550189487636,-0.678305447101593,1.5568928718566897,-0.0682378954043959,-0.2271259817528658,0.047995857310481,75.0
1652967625.100652,0.128083273768425,0.0298131108283996,-0.1764582991600036,-0.0692301616072654,0.2261409312486648,-0.9716313481330872,0.00065687764436,-0.6312806606292725,1.6172890663146973,-0.0711312635203352,-0.2281141541678226,0.0641782269700726,75.0
1652967625.110641,0.1068555489182472,0.0397983789443969,-0.1369813531637191,-0.0713331326842308,0.2273591756820678,-0.9711948037147522,-0.0191868674010038,-0.5731012225151062,1.6608043909072876,-0.0733171862693343,-0.2293649789063816,0.0808957082108967,75.0
1652967625.120656,0.1100985780358314,0.0463080406188964,-0.0876930356025695,-0.0730197578668594,0.2289284169673919,-0.970700740814209,-0.0616284012794494,-0.5577986240386963,1.6761205196380615,-0.0750823523810741,-0.2309767207730712,0.0979136643369542,75.0
1652967625.1307368,0.1180574297904968,0.0695018768310546,-0.070115327835083,-0.0745241418480873,0.2310192734003067,-0.9700908660888672,-0.1159672662615776,-0.5501790642738342,1.6773362159729004,-0.0766712233762058,-0.2331251633641746,0.1149614915319429,75.0
1652967625.1405349,0.1100257933139801,0.0804343223571777,-0.0364673435688018,-0.0756935477256774,0.2333515137434005,-0.9694418907165528,-0.0897025763988494,-0.4980097413063049,1.7012256383895874,-0.0779214219568992,-0.2355229332063021,0.1321019948683771,75.0
1652967625.1505098,0.1027639582753181,0.0964502096176147,0.0710425972938537,-0.0763052552938461,0.2348198592662811,-0.9690393209457396,0.0588842332363128,-0.4622775912284851,1.7189643383026123,-0.0785810568663246,-0.2370332340493998,0.1495819826969052,75.0
1652967625.1607308,0.1016864329576492,0.1301455497741699,0.1998738050460815,-0.0766620486974716,0.2344981878995895,-0.9690890312194824,0.2840452194213867,-0.4463360607624054,1.7254812717437744,-0.0789429326718477,-0.2367023249664762,0.167356649093099,75.0
1652967625.170778,0.0633193254470825,0.1558385491371154,0.2557104527950287,-0.076762355864048,0.2320672869682312,-0.969666063785553,0.469730943441391,-0.3887436091899872,1.7026028633117676,-0.0789989467098,-0.2342024501844094,0.1851651755014775,75.0
1652967625.1804109,-0.0062528997659683,0.1798325777053833,0.2538405656814575,-0.0759767591953277,0.2285050451755523,-0.9705735445022584,0.5213790535926819,-0.2382820844650268,1.682327389717102,-0.0781209593302127,-0.2305418279675551,0.2028133845045862,75.0
1652967625.190272,-0.0506314933300018,0.192897081375122,0.2568238973617553,-0.0736818835139274,0.224804550409317,-0.9716140627861024,0.491802304983139,-0.0708715245127677,1.6584173440933228,-0.0756896450099678,-0.2267424524041567,0.220233927874576,75.0
1652967625.200299,-0.0341259539127349,0.1815782785415649,0.3015574216842651,-0.0701526403427124,0.2214070707559585,-0.9726548790931702,0.4583103954792022,0.0368621349334716,1.5967183113098145,-0.0720002295426287,-0.223257108208031,0.2372058431372384,75.0
1652967625.21015,-0.0038377791643142,0.1458057165145874,0.3699196279048919,-0.0661085471510887,0.2179557681083679,-0.9737170934677124,0.4781480133533478,0.0840554758906364,1.5288270711898804,-0.0677889425990922,-0.219719392994335,0.2534370855867152,75.0
1652967625.220089,-0.0031283795833587,0.1385529637336731,0.443287193775177,-0.061980914324522,0.2139699310064315,-0.9748719334602356,0.5350970029830933,0.1146770343184471,1.4192560911178589,-0.0634930613274696,-0.2156372243306222,0.2687620005675715,75.0
1652967625.230074,-0.0137989595532417,0.1564552187919616,0.4907448291778564,-0.0579479038715362,0.2093284279108047,-0.9761268496513368,0.5782261490821838,0.1227160543203353,1.281664490699768,-0.059295543742367,-0.2108881222558032,0.2828074558124407,75.0
1652967625.239992,-0.0090372711420059,0.1916903257369995,0.5042707920074463,-0.054408811032772,0.204515278339386,-0.9773500561714172,0.5404310822486877,0.0844978243112564,1.1384766101837158,-0.0556123217783402,-0.2059684972806834,0.2954442470307559,75.0
1652967625.249959,-0.0097226500511169,0.2278295159339904,0.4785960018634796,-0.0516634956002235,0.2001149654388427,-0.9784093499183656,0.4718813300132751,0.0361670479178428,1.0021291971206665,-0.0527545635581244,-0.2014752537847579,0.3065972902846305,75.0
1652967625.259944,-0.0300567373633384,0.269340455532074,0.451181560754776,-0.0496094338595867,0.1963099241256714,-0.9792861342430116,0.4062597155570984,0.0051659876480698,0.8813478946685791,-0.0506155037769727,-0.1975931909538478,0.3163968419243052,75.0
1652967625.270551,-0.049285314977169,0.3446111679077148,0.4416557252407074,-0.0481726005673408,0.1929115653038025,-0.9800329208374025,0.373225450515747,-0.038230862468481,0.757616400718689,-0.0491145340690734,-0.1941285811642905,0.3248964282852567,75.0
1652967625.280227,-0.07419104129076,0.4338361620903015,0.4099345803260803,-0.0471926629543304,0.189522236585617,-0.9807416200637816,0.4019950032234192,-0.024841871112585,0.6645236015319824,-0.0480822732119182,-0.1906755436625136,0.3322559217094294,75.0
1652967625.289933,-0.1016512438654899,0.5031164288520813,0.3504442572593689,-0.0459012761712074,0.1858258992433548,-0.9815099835395812,0.4035204648971557,0.0594437159597873,0.58840012550354,-0.0467319328555199,-0.1869123410519399,0.3387511553136804,75.0
1652967625.2999558,-0.1131557673215866,0.5570780634880066,0.3152281641960144,-0.0435825549066066,0.1818727105855941,-0.982355773448944,0.4530362784862518,0.2056360691785812,0.574713945388794,-0.0443362720221725,-0.1828905861800918,0.3448070180037556,75.0
1652967625.309932,-0.1023069471120834,0.5941869020462036,0.2860175371170044,-0.0397218950092792,0.1776818335056305,-0.9832859635353088,0.4505435526371002,0.3858625888824463,0.5455880165100098,-0.040375137321187,-0.1786302993757071,0.3506774706553264,75.0
1652967625.319828,-0.0803177431225776,0.576022207736969,0.2208068072795868,-0.0340469181537628,0.1735261082649231,-0.9842405915260316,0.4175686240196228,0.5694577693939209,0.513333797454834,-0.0345782806459272,-0.1744089759906345,0.3562148299944547,75.0
1652967625.3298,-0.0484542772173881,0.5581437349319458,0.1121959239244461,-0.0267258118838071,0.1703358292579651,-0.985023558139801,0.246676504611969,0.7472789287567139,0.5003359913825989,-0.0271254991201624,-0.1711704697643065,0.3614313536560384,75.0
1652967625.340219,-0.0214525014162063,0.5739293098449707,0.0171669125556945,-0.0176710654050111,0.1690818965435028,-0.9854435920715332,0.0258326716721057,0.9217970967292786,0.5413004159927368,-0.017930171373584,-0.1698980800661846,0.366674681994821,75.0
1652967625.349781,0.0133842900395393,0.5835277438163757,-0.0396908968687057,-0.007006143219769,0.1695889830589294,-0.9854899644851683,-0.1254953294992447,1.0479315519332886,0.5948712229728699,-0.0071091795037596,-0.1704125903256211,0.3724369504380345,75.0
1652967625.359702,0.0530522316694259,0.5721004009246826,-0.0810566842555999,0.0046869921498,0.1711598634719848,-0.98523211479187,-0.2186723500490188,1.1324580907821655,0.6491087675094604,0.0047572107684018,-0.1720067881270406,0.3787182539640635,75.0
1652967625.3698611,0.0914942473173141,0.5650542974472046,-0.1051530241966247,0.0171788167208433,0.1733140796422958,-0.984716773033142,-0.2311639040708542,1.1620793342590332,0.7095907330513,0.0174436701328462,-0.1741936779057846,0.3856242494574732,75.0
1652967625.379576,0.0960634872317314,0.5653113126754761,-0.1053462475538253,0.0298672672361135,0.175063669681549,-0.9841039776802064,-0.1564094275236129,1.175794005393982,0.7477465271949768,0.0303403924720125,-0.1759704402317927,0.393050363574737,75.0
1652967625.389588,0.0593254789710044,0.5480544567108154,-0.1063186526298523,0.0431067422032356,0.1758987754583358,-0.9834640026092528,-0.0933897197246551,1.271361231803894,0.7493060231208801,0.0438035014932821,-0.1768187007846436,0.4006866062191833,75.0
1652967625.399481,0.0287572108209133,0.5158622860908508,-0.1303123086690902,0.057592250406742,0.1767600923776626,-0.982567548751831,-0.1810052543878555,1.4169611930847168,0.7595354318618774,0.0585470481262302,-0.1776937262748488,0.4083662896915959,75.0
1652967625.4096708,0.032147079706192,0.4550856947898865,-0.1743328273296356,0.0733368992805481,0.178971529006958,-0.9811171889305116,-0.3955436646938324,1.5239756107330322,0.7665815949440002,0.0746096103784273,-0.1799410043398091,0.4162508896283399,75.0
1652967625.419435,0.0362188965082168,0.4028268456459045,-0.1883035898208618,0.0902764424681663,0.183359757065773,-0.978891909122467,-0.628059983253479,1.6627799272537231,0.8064321279525757,0.0919629676805719,-0.1844030729877671,0.4246184650749651,75.0
1652967625.4293709,0.0307091549038887,0.3227318525314331,-0.1587300300598144,0.1087714061141014,0.1894154697656631,-0.9758537411689758,-0.7778699994087219,1.8066301345825195,0.8860316276550293,0.1110046245459131,-0.1905668058217461,0.4338658984083524,75.0
1652967625.439334,0.0539860129356384,0.2362353205680847,-0.0907550752162933,0.1284785568714141,0.1962238550186157,-0.9721056818962096,-0.8411450386047363,1.8691115379333496,0.9964078664779664,0.1314036483105218,-0.1975054184646406,0.4443519246086584,75.0
1652967625.449328,0.0790773332118988,0.1523075699806213,-0.0123685002326965,0.1486905962228775,0.2028287351131439,-0.9678593277931212,-0.8174024224281311,1.898914456367493,1.059807062149048,0.1524365261504975,-0.2042458390939695,0.4559079988228871,75.0
1652967625.459285,0.0734995156526565,0.0681356191635131,0.0222017765045166,0.169206753373146,0.2089078873395919,-0.9631856083869934,-0.7989011406898499,1.915392637252808,1.0639076232910156,0.1738996491450742,-0.2104580694127568,0.467917980190248,75.0
1652967625.469236,0.0414787381887435,-0.0039469599723815,0.0513376593589782,0.1899055242538452,0.2145467698574066,-0.958073914051056,-0.7757127285003662,1.941503405570984,1.0713156461715698,0.1956795347489244,-0.216227776817805,0.4801022114018751,75.0
1652967625.4793282,0.0228785574436187,-0.0641392469406127,0.117126926779747,0.2107487469911575,0.219405710697174,-0.9525996446609496,-0.6889533400535583,1.951976299285889,1.059616208076477,0.2177283447421961,-0.2212052951034472,0.4922650948100106,75.0
1652967625.489264,0.0523421317338943,-0.1297271251678466,0.2158394604921341,0.2313645035028457,0.2230033576488495,-0.9469635486602784,-0.5615788698196411,1.8996278047561648,1.055066466331482,0.2396280433407008,-0.2248943341112023,0.504226258886022,75.0
1652967625.499135,0.1034556329250335,-0.2140852212905883,0.2939860224723816,0.2508229315280914,0.2251179963350296,-0.9414933919906616,-0.4278632402420044,1.746424674987793,1.020574688911438,0.2603624265624957,-0.2270641346929663,0.5157402882227414,75.0
1652967625.509049,0.110441118478775,-0.2952219247817993,0.3297210335731506,0.268770307302475,0.2260651439428329,-0.9362996816635132,-0.3283062875270843,1.62000834941864,0.9645920991897584,0.2795395262103018,-0.2280363538255626,0.5265755342609963,75.0
1652967625.519013,0.0828154683113098,-0.3655354380607605,0.3429379165172577,0.2856385111808777,0.2267490178346634,-0.9311259388923644,-0.385259211063385,1.5568172931671145,0.9052429795265198,0.2976532344785905,-0.228738446894539,0.5367403628090743,75.0
1652967625.528996,0.0658907294273376,-0.3972163200378418,0.3710978925228119,0.3016477227210998,0.2282063364982605,-0.9257054328918456,-0.4819143414497375,1.480393886566162,0.8198111653327942,0.3150069482998046,-0.230235013473235,0.5465046592292714,75.0
1652967625.538957,0.0661952495574951,-0.4302660226821899,0.3762275576591491,0.3166325092315674,0.2308433949947357,-0.9200299978256226,-0.609957218170166,1.3920377492904663,0.7172242403030396,0.3314578162606726,-0.2329444000730593,0.5557291065624341,75.0
1652967625.5490332,0.0716827809810638,-0.4417716860771179,0.373235285282135,0.3304930925369262,0.2348427772521972,-0.914124310016632,-0.7248777151107788,1.3016208410263062,0.6159878969192505,0.3469188055082347,-0.2370568112676702,0.5644635191151821,75.0
1652967625.558897,0.0568371713161468,-0.4550164937973022,0.3972761631011963,0.3431719541549682,0.2398698925971985,-0.9081274271011353,-0.7836824655532837,1.2047498226165771,0.4906179904937744,0.3613016574294766,-0.2422318333375375,0.5724802293714253,75.0
1652967625.568845,0.0416860282421112,-0.4909824132919311,0.4226754307746887,0.3545846939086914,0.245323896408081,-0.9022670984268188,-0.7458940744400024,1.0934689044952393,0.3724212944507599,0.3744513610408779,-0.2478537904366432,0.579419129647956,75.0
1652967625.578775,0.0162303447723388,-0.5325749516487122,0.4559808671474457,0.3646748065948486,0.2503332495689392,-0.8968531489372253,-0.6270661950111389,0.9899371266365052,0.2705771327018738,0.3861967435787606,-0.2530244599203201,0.5851062754822844,75.0
1652967625.588736,-0.0033192038536071,-0.5803780555725098,0.5002235174179077,0.3736652731895447,0.254262626171112,-0.8920340538024902,-0.4706518054008484,0.9143853783607484,0.183402806520462,0.3966851381069882,-0.2570851854779145,0.5894062759953952,75.0
1652967625.59873,0.0337793231010437,-0.6363387703895569,0.5141924619674683,0.3813665211200714,0.257307231426239,-0.8878921866416931,-0.3494297564029693,0.7372688055038452,0.0840192288160324,0.4056920097315223,-0.2602345644129587,0.5923210657577489,75.0
1652967625.60867,0.0845519006252288,-0.6616705656051636,0.4785477221012115,0.3869294226169586,0.2600845396518707,-0.8846703767776489,-0.3065030574798584,0.5143694281578064,-0.0486562624573707,0.4123024086264505,-0.2631097505358334,0.5938131775088799,75.0
1652967625.618784,0.0857654809951782,-0.6726338863372803,0.4484984874725342,0.3902629613876343,0.2632477581501007,-0.8822672367095947,-0.3135761320590973,0.3247458040714264,-0.201637715101242,0.4164664602463103,-0.2663871735352344,0.5939272529943836,75.0
1652967625.6286368,0.0765890479087829,-0.6918230652809143,0.4513415694236755,0.3914437890052795,0.2673169076442718,-0.8805188536643982,-0.3569750189781189,0.115230917930603,-0.3787168860435486,0.4183211452718371,-0.2706075377910464,0.5925884286986757,75.0
1652967625.6385531,0.070322036743164,-0.6894357204437256,0.4672930836677551,0.3903560638427734,0.2722546756267547,-0.8794882297515869,-0.3530534505844116,-0.0681581869721412,-0.5460853576660156,0.4177232912948803,-0.2757354522145897,0.5897164700564662,75.0
1652967625.648495,0.0242422521114349,-0.6869946718215942,0.4939571321010589,0.3876839578151703,0.277405172586441,-0.8790605664253235,-0.273155152797699,-0.1505840867757797,-0.6757727861404419,0.4153617449068356,-0.2810922205143068,0.5852222682320141,75.0
1652967625.6585112,0.0014224648475646,-0.6879064440727234,0.5405671000480652,0.3841060698032379,0.2818511724472046,-0.8792169690132141,-0.0910398215055465,-0.2114380151033401,-0.7736203074455261,0.4118839822793389,-0.2857229527098974,0.5791036458506824,75.0
1652967625.668458,0.0336803197860717,-0.6817302107810974,0.5922145247459412,0.3794055879116058,0.2847844064235687,-0.8803120255470276,0.1278765499591827,-0.3346422612667084,-0.8652762174606323,0.406933196152588,-0.2887815241144014,0.5712181757328332,75.0
1652967625.678375,0.0646142959594726,-0.6521822214126587,0.6053914427757263,0.3730688095092773,0.286423772573471,-0.8824857473373413,0.2725575864315033,-0.5087296366691589,-0.991987943649292,0.3999613714974778,-0.290492136484512,0.5614951779405465,75.0
1652967625.6886091,0.0637866556644439,-0.6123371720314026,0.5569050312042236,0.3650768399238586,0.2878520786762237,-0.8853587508201599,0.2540576457977295,-0.6248181462287903,-1.0974981784820557,0.391106581481982,-0.2919832346440574,0.5503771534889653,75.0
1652967625.698821,0.060647040605545,-0.540864109992981,0.5233126878738403,0.3557347655296325,0.2900876104831695,-0.888426661491394,0.1743165552616119,-0.7408050298690796,-1.215397596359253,0.3808596297943202,-0.2943183780262993,0.5383996683940683,75.0
1652967625.710978,0.075614720582962,-0.4555295705795288,0.5276170969009399,0.3448412120342254,0.2931837737560272,-0.8916994333267212,0.1526464074850082,-0.8678855299949646,-1.3749574422836304,0.3690090751876878,-0.2975552421254249,0.5252529179043209,75.0
1652967625.718233,0.0932337343692779,-0.3631054162979126,0.5458524227142334,0.3323033452033996,0.2965700924396515,-0.8953326940536499,0.1979449242353439,-0.9898234009742736,-1.530565619468689,0.3553916724916078,-0.3010991687644732,0.5104324932331865,75.0
1652967625.72819,0.1049346923828125,-0.2575471997261047,0.5816112160682678,0.3182372450828552,0.2995228469371795,-0.899450421333313,0.3081662058830261,-1.084001064300537,-1.6775585412979126,0.3400676500205476,-0.3041924948663392,0.4938017760473619,75.0
1652967625.7381902,0.1066865622997284,-0.1560423374176025,0.5975488424301147,0.3029814064502716,0.3015448451042175,-0.90403151512146,0.4412780106067657,-1.1428725719451904,-1.8119804859161377,0.3233799307574639,-0.3063125038743229,0.4752643093050154,75.0
1652967625.748153,0.1032758355140686,-0.058003544807434,0.580669641494751,0.286921888589859,0.3027074933052063,-0.9088696241378784,0.5121247172355652,-1.16532301902771,-1.919358253479004,0.3057892532291286,-0.3075321422839948,0.4551909479467168,75.0
1652967625.758281,0.1023903787136077,0.0205342173576354,0.5501571297645569,0.2704275548458099,0.3033737540245056,-0.9136921167373656,0.5415164232254028,-1.156790018081665,-2.019196033477783,0.287757560572219,-0.3082312866922533,0.4338983751125725,75.0
1652967625.768311,0.109156459569931,0.0970022082328796,0.5211923718452454,0.2536364793777466,0.3037130236625671,-0.91838276386261,0.5629069805145264,-1.1480791568756104,-2.1189205646514893,0.2694604053134916,-0.308587350713109,0.4115110968217402,75.0
1652967625.778127,0.1092953085899353,0.1839337944984436,0.4893120527267456,0.2368197739124298,0.3037787973880768,-0.922840654850006,0.5669031739234924,-1.096261978149414,-2.1966793537139893,0.2511999022480189,-0.3086563838789729,0.3881746310027864,75.0
1652967625.78825,0.1094655990600586,0.2659056186676025,0.4480441808700561,0.220124214887619,0.3037869036197662,-0.92696213722229,0.5361106395721436,-1.0502033233642578,-2.294719934463501,0.2331498788449736,-0.3086649114850992,0.3640107608525173,75.0
1652967625.7980242,0.1047852039337158,0.3403086066246032,0.3844505846500397,0.2036101669073104,0.3040107488632202,-0.9306558966636658,0.4757221937179565,-0.9818013906478882,-2.373792886734009,0.2153876393373451,-0.3088998533114897,0.3390133230377696,75.0
1652967625.830142,0.0984298139810562,0.4205439686775207,0.325891762971878,0.1876724660396576,0.3047539889812469,-0.933758020401001,0.3616693913936615,-0.8788331747055054,-2.432312488555908,0.1983436302358322,-0.3096801220521492,0.3135053571376716,75.0
1652967625.830544,0.0935124307870864,0.4816334247589111,0.2920807898044586,0.1726618707180023,0.3061553239822387,-0.9361926913261414,0.28254234790802,-0.7455120086669922,-2.464155435562134,0.1823804099165625,-0.3111517865025966,0.2877201918659061,75.0
1652967625.830708,0.1005140393972396,0.5264840722084045,0.2548021078109741,0.1587022393941879,0.3078047037124634,-0.9381203651428224,0.2458400130271911,-0.6134567856788635,-2.489173173904419,0.1675837823851236,-0.3128848442759596,0.2617157329995117,75.0
1652967625.8377872,0.0991509109735488,0.5466131567955017,0.2255940437316894,0.1460272967815399,0.3092265427112579,-0.9397100806236268,0.270372062921524,-0.4509027898311615,-2.5225534439086914,0.154163097104252,-0.3143796063263041,0.2353742636463784,75.0
1652967625.8716168,0.1039499193429946,0.5527868866920471,0.1923747360706329,0.1346670091152191,0.3098988533020019,-0.941184103488922,0.3455581367015838,-0.305505096912384,-2.5391414165496826,0.1421179314064958,-0.3150866446736267,0.2086788806943139,75.0
1652967625.8775811,0.1339479684829712,0.603639543056488,0.1229096055030822,0.1081784591078758,0.3063354194164276,-0.9457568526268004,0.5102732181549072,0.0824451670050621,-2.4883780479431152,0.1138879884744208,-0.3113409791987015,0.1285584900785364,75.0
1652967625.88761,0.1652345061302185,0.587274968624115,0.0432589054107666,0.1019621193408966,0.3043821156024933,-0.947077214717865,0.4432681202888489,0.2017795443534851,-2.4722321033477783,0.1072466950600808,-0.3092897063354362,0.1022110784129351,75.0
1652967625.897836,0.1894582509994506,0.5644823908805847,-0.0167182087898254,0.0969034060835838,0.3032172620296478,-0.9479815363883972,0.318754494190216,0.3035876750946045,-2.4406967163085938,0.1018669469277062,-0.308067056710427,0.0762355082437567,75.0
1652967625.907466,0.1921410858631134,0.5385783910751343,-0.0466098487377166,0.092923566699028,0.3031100928783417,-0.9484142065048218,0.1901339292526245,0.4036269187927246,-2.387046337127685,0.0976661073345342,-0.3079546113241466,0.0508319140537463,75.0
1652967625.917453,0.1792682260274887,0.5212045907974243,-0.0902144312858581,0.0900493711233139,0.3040053248405456,-0.9484049081802368,0.074367918074131,0.5011328458786011,-2.3321187496185303,0.0946644398846573,-0.3088941753392959,0.0261139453698003,75.0
1652967625.927476,0.1670897305011749,0.5174148678779602,-0.138719767332077,0.0882508233189582,0.3059713542461395,-0.9479416012763976,-0.0654477775096893,0.600220263004303,-2.269822359085083,0.0928297447970273,-0.3109585622436474,0.0021388640112355,75.0
1652967625.937478,0.1610503494739532,0.5228830575942993,-0.1713300347328186,0.0875000208616256,0.3092237412929535,-0.9469553232192992,-0.2150642275810241,0.682039737701416,-2.18469762802124,0.0921397859031969,-0.3143766722438639,-0.0209559318717213,75.0
1652967625.947432,0.163886547088623,0.5231648683547974,-0.1944415867328643,0.0877003371715545,0.3137806057929992,-0.9454365968704224,-0.3411036431789398,0.7764200568199158,-2.1061644554138184,0.0924970335601566,-0.3191721164135403,-0.0431062922165716,75.0
1652967625.957357,0.1789635419845581,0.526055634021759,-0.2092733383178711,0.0889960080385208,0.3191366493701935,-0.9435208439826964,-0.403983473777771,0.8768011331558228,-2.0116078853607178,0.0940450685766929,-0.3248183461621919,-0.0642262359506162,75.0
1652967625.967743,0.192484050989151,0.5164043307304382,-0.1841745376586914,0.0915277451276779,0.3245706856250763,-0.9414226412773132,-0.3594229519367218,0.9976279735565186,-1.8877665996551516,0.096918200562532,-0.3305578125314372,-0.0842808224366869,75.0
1652967625.977491,0.2088683545589447,0.498629629611969,-0.1585047841072082,0.0954223796725273,0.3288539052009582,-0.939547598361969,-0.1800433248281479,1.1011488437652588,-1.77235209941864,0.1012149927558814,-0.3350897384929666,-0.1031385399786499,75.0
1652967625.987031,0.2235808223485946,0.4690713882446289,-0.2004187107086181,0.100470058619976,0.331354409456253,-0.9381418228149414,-0.0056768516078591,1.198184847831726,-1.6922402381896973,0.1066881060169059,-0.3377387244599165,-0.1212347060850323,75.0
1652967625.996922,0.2318142205476761,0.4519389271736145,-0.2711297869682312,0.106701985001564,0.3330194354057312,-0.9368632435798644,-0.006637854501605,1.305621862411499,-1.5949034690856934,0.1134041485013878,-0.339504004482055,-0.1384682174586615,75.0
1652967626.006936,0.2340173125267028,0.4441890120506286,-0.3587630093097687,0.1143102943897247,0.3353713154792785,-0.9351252913475036,-0.1538645774126052,1.4216190576553345,-1.4771898984909058,0.1216371516741308,-0.34199933882295,-0.1545072043601988,75.0
1652967626.016862,0.249626487493515,0.4360008835792541,-0.4549403488636017,0.1233288049697876,0.3395686149597168,-0.9324608445167542,-0.3888343572616577,1.5414870977401731,-1.3465274572372437,0.1314984223387403,-0.3464582161373812,-0.1689729818251239,75.0
1652967626.026822,0.2787015736103058,0.4309602379798889,-0.5134552121162415,0.1337587088346481,0.3458221852779388,-0.9287171959877014,-0.5857027173042297,1.668233871459961,-1.2183305025100708,0.143041597654837,-0.3531148834778115,-0.1817299819488798,75.0
1652967626.0369282,0.3047147989273071,0.4064931273460388,-0.5158419609069824,0.1456635743379593,0.3533359169960022,-0.9240865111351012,-0.6873880624771118,1.7818909883499146,-1.092348575592041,0.1563433862769345,-0.3611346456398071,-0.1928854488657322,75.0
1652967626.046715,0.337976336479187,0.3697929382324219,-0.4677272737026214,0.1587735265493393,0.3614498376846313,-0.9187736511230468,-0.7323651313781738,1.85535192489624,-0.9372546076774596,0.1711202250830779,-0.3698223807245464,-0.2023371723971492,75.0
1652967626.056837,0.3651680946350097,0.3284643292427063,-0.4221108257770538,0.1728567779064178,0.3692696690559387,-0.9131048321723938,-0.6537990570068359,1.920114278793335,-0.7950775027275085,0.1870926238740884,-0.3782230140530072,-0.2100984437759181,75.0
1652967626.0668669,0.3646067976951599,0.2783617973327636,-0.4189351201057434,0.1878376454114914,0.3759053349494934,-0.9074206352233888,-0.508242130279541,1.98792564868927,-0.6863020062446594,0.2041188342873995,-0.3853735825088487,-0.2166637800924932,75.0
1652967626.076809,0.3597406148910522,0.2460788488388061,-0.416626363992691,0.203537568449974,0.3810886740684509,-0.9018558263778688,-0.370301753282547,2.025801420211792,-0.588501513004303,0.2219687013749007,-0.3909735286682529,-0.2223522671626304,75.0
1652967626.086781,0.3630598187446594,0.2264053225517273,-0.4162579476833343,0.2197190821170807,0.3850537538528442,-0.8963577151298523,-0.269024133682251,2.0398263931274414,-0.4817348420619964,0.2403845569306777,-0.3952660533934623,-0.227179361455536,75.0
1652967626.096739,0.3701651096343994,0.2120038866996765,-0.4516858458518982,0.2361275553703308,0.3883160650730133,-0.8907605409622192,-0.2568508982658386,2.033639669418335,-0.3997834622859955,0.2591254589352402,-0.3988035687676453,-0.2311089017802968,75.0
1652967626.10696,0.3779840469360351,0.1894269585609436,-0.5143036842346191,0.2526616752147674,0.3917297720909118,-0.8847089409828186,-0.3320127725601196,2.0184898376464844,-0.3091691434383392,0.2781822888241436,-0.4025108756839762,-0.23397404620231,75.0
1652967626.116668,0.3890171647071838,0.1622267365455627,-0.5658525228500366,0.2693232893943786,0.3958695828914642,-0.8779249787330627,-0.4560913145542145,2.0004615783691406,-0.194886639714241,0.2976585092337054,-0.4070146082595287,-0.2353676449725302,75.0
1652967626.126597,0.391364574432373,0.1261236667633056,-0.5958733558654785,0.286140888929367,0.4006218910217285,-0.8704168796539307,-0.5427060723304749,1.9915977716445925,-0.0836607739329338,0.3176109247873472,-0.4121954731234988,-0.2351797925685703,75.0
1652967626.136467,0.3919614553451538,0.092606246471405,-0.6067202091217041,0.3032594323158264,0.4056704342365265,-0.8622443079948425,-0.6055976152420044,1.999358057975769,0.0441425368189811,0.3381968722020994,-0.4177122052242837,-0.2333810749294676,75.0
1652967626.1466532,0.3928983211517334,0.0434904694557189,-0.5930474400520325,0.3209078013896942,0.4106439054012298,-0.853457510471344,-0.6422416567802429,2.02559232711792,0.1909583508968353,0.3596550831961604,-0.4231601469228453,-0.2298524775988644,75.0
1652967626.156572,0.4012134671211242,-0.0112155079841613,-0.574359118938446,0.3392955362796783,0.415270984172821,-0.8440548181533813,-0.6651439070701599,2.065524816513061,0.3494910001754761,0.3822145304571546,-0.4282406531159791,-0.2245332700274905,75.0
1652967626.166483,0.4271268546581268,-0.060104489326477,-0.5593852400779724,0.3585176765918731,0.4193858504295349,-0.8340147733688354,-0.686805009841919,2.093663454055786,0.5263293981552124,0.4059880822940602,-0.432768707812228,-0.21725456819577,75.0
1652967626.176503,0.4585755169391632,-0.0864763855934143,-0.5426266193389893,0.3783079981803894,0.4228908717632293,-0.8234357237815857,-0.6946011781692505,2.074847936630249,0.6814448237419128,0.4306651147489915,-0.4366331373380654,-0.2080559150731158,75.0
1652967626.186215,0.4741078019142151,-0.1292989253997802,-0.5398080348968506,0.3980845808982849,0.4255502820014953,-0.812671959400177,-0.6806496977806091,2.000046968460083,0.8123354315757751,0.455491945751821,-0.4395699047382114,-0.1973958057915407,75.0
1652967626.1961498,0.4647022187709808,-0.1559422612190246,-0.5535472631454468,0.4175609648227691,0.4276927709579468,-0.8016993403434753,-0.7451256513595581,1.925592422485352,0.9264674782752992,0.4801840847461375,-0.4419387579118682,-0.1853022458606509,75.0
1652967626.2061229,0.4347987174987793,-0.1562343835830688,-0.5775573253631592,0.4366001784801483,0.4298369884490967,-0.7903293371200562,-0.8496912121772766,1.828890681266785,1.0216737985610962,0.5047055204521927,-0.4443122331556206,-0.1716977437615914,75.0
1652967626.216034,0.4081788063049316,-0.1612760424613952,-0.5843234658241272,0.4551177024841308,0.4322696328163147,-0.7784669995307922,-0.9952007532119752,1.730535864830017,1.1242811679840088,0.5290437926450421,-0.4470082110974582,-0.156350544642631,75.0
1652967626.226012,0.393121600151062,-0.1903553605079651,-0.5521367788314819,0.4731656014919281,0.4349035322666168,-0.7661418318748474,-1.1091691255569458,1.633498191833496,1.2382330894470217,0.553256855666658,-0.4499311535148851,-0.1391437896416347,75.0
1652967626.236165,0.3862022161483764,-0.2296662926673889,-0.4822167456150055,0.4909340441226959,0.4370202422142029,-0.7536558508872986,-1.0893913507461548,1.5625295639038086,1.367957353591919,0.5773612049316486,-0.4522831319278563,-0.1203992455584564,75.0
1652967626.246303,0.3814649581909179,-0.2808911800384521,-0.3965686559677124,0.508610725402832,0.4375842809677124,-0.7415087223052979,-0.9752019643783568,1.5202844142913818,1.490066647529602,0.6012091284570378,-0.4529103327081361,-0.1008635342656641,75.0
1652967626.2560902,0.384293258190155,-0.3245981931686401,-0.3232702314853668,0.5265038013458252,0.4360784292221069,-0.7298145890235901,-0.8073768615722656,1.5082695484161377,1.6233136653900146,0.6249584948606692,-0.4512363163657195,-0.0810788066020388,75.0
1652967626.26605,0.4049683213233948,-0.3358746767044067,-0.271418035030365,0.5445403456687927,0.4324135184288025,-0.718675434589386,-0.6678833961486816,1.475050449371338,1.7248592376708984,0.6484108701230612,-0.447167759985999,-0.0613273874173588,75.0
1652967626.276019,0.4168319702148437,-0.3520997166633606,-0.2556650638580322,0.5624160766601562,0.4272806942462921,-0.7078978419303894,-0.6451721787452698,1.4241738319396973,1.7997866868972778,0.6713706659563359,-0.4414829613664041,-0.0415707645238765,75.0
1652967626.28641,0.4130822420120239,-0.3911309242248535,-0.2700987458229065,0.5798987150192261,0.4217101037502289,-0.6970495581626892,-0.7769957184791565,1.3552097082138062,1.8697320222854612,0.6939114466482782,-0.4353305057698676,-0.0210506416332207,75.0
1652967626.29591,0.3945791721343994,-0.4488202333450317,-0.2882062494754791,0.5969063639640808,0.4165784418582916,-0.685685932636261,-0.9802748560905457,1.2659436464309692,1.936001181602478,0.71628952353973,-0.4296783779871934,0.0010592614351248,75.0
1652967626.305862,0.3841703534126282,-0.4749132990837097,-0.2800981402397156,0.6132203936576843,0.4121324419975281,-0.6738751530647278,-1.217571258544922,1.143423080444336,2.0088295936584477,0.7383077020800478,-0.4247932784865805,0.0251940010581906,75.0
1652967626.315932,0.3884613513946533,-0.4786219000816345,-0.2561528384685516,0.6285826563835144,0.408160924911499,-0.6620335578918457,-1.381579875946045,0.9649372100830078,2.056206464767456,0.7594854031893262,-0.4204386304494476,0.0511394612735551,75.0
1652967626.325726,0.4010024070739746,-0.4575862884521484,-0.2048182487487793,0.6426376700401306,0.4043269455432892,-0.6507968902587891,-1.465357542037964,0.7546840906143188,2.094774007797241,0.7790900773458207,-0.4162428162667621,0.0782440482661852,75.0
1652967626.3356628,0.4000800251960754,-0.4446929097175598,-0.1392563879489898,0.6552941203117371,0.3998307287693023,-0.6408783197402954,-1.4002655744552612,0.5379159450531006,2.10832142829895,0.7965195067288361,-0.4113321789442284,0.1055051591789529,75.0
1652967626.3458571,0.387607991695404,-0.4346730709075928,-0.0655462145805358,0.666408121585846,0.3943121135234833,-0.6327860355377197,-1.2758307456970217,0.3241080045700073,2.0814647674560547,0.8112715685810881,-0.40531920427555,0.1317592640902343,75.0
1652967626.355656,0.3743045926094055,-0.4306085705757141,0.019276350736618,0.6759272813796997,0.387843370437622,-0.6266576051712036,-1.0905392169952393,0.1432283520698547,2.04924750328064,0.8232047049124455,-0.3982906763314799,0.1564049288931831,75.0
1652967626.365634,0.3309268951416015,-0.4429309368133545,0.0757120847702026,0.6841487288475037,0.3802968859672546,-0.6223461627960205,-0.9152123928070068,0.0189455561339855,2.008023977279663,0.8326670527810558,-0.3901172903575229,0.1791234559546873,75.0
1652967626.375674,0.2640352845191955,-0.4628812074661255,0.0907467603683471,0.6917142271995544,0.3718844950199127,-0.6190584897994995,-0.8211811184883118,0.0109186824411153,1.997530221939087,0.8407711753988479,-0.3810382779325323,0.2004021583814999,75.0
1652967626.385536,0.235720157623291,-0.4812093377113342,0.0753508806228637,0.6990790367126465,0.3630799353122711,-0.6160044074058533,-0.8225904703140259,-0.0055098258890211,1.993240594863892,0.8484849529436962,-0.3715712926396194,0.2211493752226827,75.0
1652967626.395512,0.2479264140129089,-0.4810431599617004,0.0711714029312133,0.7060072422027588,0.3543504774570465,-0.6131798028945923,-0.8776756525039673,-0.0623268224298954,1.9867266416549685,0.8556495621878877,-0.3622193753272912,0.2419338936721205,75.0
1652967626.40572,0.2581813931465149,-0.4906282424926758,0.0638209581375122,0.7122776508331299,0.3460301458835602,-0.6106747984886169,-0.995879292488098,-0.1544074714183807,1.9807350635528564,0.8620477416019348,-0.3533365435802613,0.2632087392643086,75.0
1652967626.4155831,0.2577216625213623,-0.4781339168548584,0.0594049096107482,0.7177727222442627,0.3384680449962616,-0.6084749102592468,-1.1859954595565796,-0.2775957286357879,1.9962406158447263,0.8676236602880382,-0.3452883640072244,0.2856717853195633,75.0
1652967626.4254088,0.2647493481636047,-0.4481872320175171,0.0824974179267883,0.72231125831604,0.3318550586700439,-0.6067444682121277,-1.3728468418121338,-0.4377039074897766,1.9990549087524412,0.8721340305965579,-0.3382693868678263,0.3096876246423595,75.0
1652967626.43537,0.2860186100006103,-0.4076966643333435,0.1231226027011871,0.7256391644477844,0.3262029588222503,-0.6058379411697388,-1.4618467092514038,-0.6144915819168091,1.949998378753662,0.8751327130856631,-0.3322840319463548,0.3346224956903741,75.0
1652967626.4453192,0.2879844903945923,-0.3637981414794922,0.1803917288780212,0.7274421453475952,0.3210426270961761,-0.6064319014549255,-1.4062029123306274,-0.8280326128005981,1.8807966709136963,0.8758713744995914,-0.3268301840780599,0.3591903695213352,75.0
1652967626.455282,0.2603102326393127,-0.3195863962173462,0.2609414160251617,0.7277268767356873,0.3157187700271606,-0.6088804006576538,-1.2345683574676514,-0.9990752339363098,1.7933287620544434,0.8740814628774047,-0.3212140775164056,0.382244648553347,75.0
1652967626.4655418,0.2274966835975647,-0.2859091162681579,0.3205223977565765,0.7267116904258728,0.3100012838840484,-0.6130166053771973,-1.065251708030701,-1.1256449222564695,1.70290207862854,0.8700595892004129,-0.3151943895999643,0.4032571104073371,75.0
1652967626.475185,0.1868312358856201,-0.2570950984954834,0.3263530135154724,0.7246372103691101,0.3042470514774322,-0.6183321475982666,-0.9795538783073424,-1.1999554634094238,1.6215583086013794,0.8643901998653124,-0.3091478939316329,0.4226501836340561,75.0
1652967626.4853048,0.1420992016792297,-0.2096925377845764,0.3005947172641754,0.721899151802063,0.2987552583217621,-0.6241850256919861,-0.9381765723228456,-1.22048819065094,1.546335220336914,0.8578624809608576,-0.3033880862339054,0.4410131194065176,75.0
1652967626.495065,0.1078522801399231,-0.1609079837799072,0.3104854822158813,0.7187774181365967,0.293579488992691,-0.6302144527435303,-0.8687222003936768,-1.202713131904602,1.4795069694519043,0.8509552826998088,-0.2979691910792318,0.4584984322584824,75.0
1652967626.505103,0.1005813479423523,-0.1282128095626831,0.3368628025054931,0.7153823971748352,0.2884729206562042,-0.6364051103591919,-0.7807415127754211,-1.1993716955184937,1.4035896062850952,0.843756146634315,-0.2926315845407012,0.4748403518519528,75.0
1652967626.51501,0.1136631369590759,-0.0969008803367614,0.3512110710144043,0.7116847634315491,0.2835698425769806,-0.6427231431007385,-0.7645226120948792,-1.2033201456069946,1.3562698364257812,0.8362706711098827,-0.2875147131882228,0.4903589530482594,75.0
1652967626.525007,0.1210207939147949,-0.0716152191162109,0.3482533991336822,0.7075772285461426,0.2791422605514526,-0.6491641998291016,-0.7914777994155884,-1.2316231727600098,1.3019912242889404,0.8284255331996675,-0.2829007599959134,0.5056086237947852,75.0
1652967626.534932,0.1195011734962463,-0.0484610199928283,0.3418889939785003,0.7029780149459839,0.275603711605072,-0.6556405425071716,-0.8379931449890137,-1.2526333332061768,1.2198143005371094,0.820226449752854,-0.2792176791890389,0.5206945084898542,75.0
1652967626.544863,0.1097227334976196,-0.0331490635871887,0.3717531561851501,0.6978791952133179,0.2727323472499847,-0.6622549891471863,-0.7873866558074951,-1.2820661067962646,1.1375808715820312,0.811583866125696,-0.2762318953483935,0.5352163240973467,75.0
1652967626.555013,0.0828862190246582,-0.0027088522911071,0.4459623992443084,0.6921992301940918,0.2699494659900665,-0.669318675994873,-0.6489992737770081,-1.3142656087875366,1.0480530261993408,0.8022017567227762,-0.273340547747343,0.5484747797656638,75.0
1652967626.565067,0.0436680912971496,0.016872763633728,0.4882064461708069,0.6860224604606628,0.2666611671447754,-0.6769527196884155,-0.4427643716335296,-1.3221640586853027,0.9595717191696168,0.7920524234867841,-0.2699270801369078,0.5597163542071779,75.0
1652967626.574781,0.014990746974945,0.0509517192840576,0.5089150071144104,0.6795435547828674,0.2628288269042969,-0.6849391460418701,-0.2633263170719147,-1.2974114418029783,0.8642722964286804,0.7814438946670302,-0.2659529319748474,0.5689588094204425,75.0
1652967626.584756,0.0066362619400024,0.0910487174987793,0.5237370133399963,0.6727918386459351,0.258733719587326,-0.6931147575378418,-0.1403526961803436,-1.276817798614502,0.7539114356040955,0.7705205289313319,-0.2617110455963183,0.5763478504348921,75.0
1652967626.594709,-0.0110217928886413,0.1240221261978149,0.5110634565353394,0.6658222079277039,0.2548209428787231,-0.7012468576431274,-0.0663167685270309,-1.227851390838623,0.6312753558158875,0.7594911270629386,-0.2576625292161544,0.5821934773324497,75.0
1652967626.6046371,-0.0339298248291015,0.1557493209838867,0.4805997014045715,0.6589145660400391,0.2513339519500732,-0.7089872360229492,-0.0520004071295261,-1.1615629196166992,0.5440696477890015,0.7488090534134633,-0.2540582043435167,0.5869890863962429,75.0
1652967626.614577,-0.0458455681800842,0.2017669677734375,0.4608461856842041,0.6521230936050415,0.2484892010688781,-0.7162322998046875,-0.0744643062353134,-1.1009271144866943,0.4529951214790344,0.7385810946245968,-0.251120216610957,0.5911902603349052,75.0
1652967626.624762,-0.0574554800987243,0.2437801957130432,0.4442477524280548,0.6454223990440369,0.246471881866455,-0.7229672074317932,-0.095883309841156,-1.04572594165802,0.3675936460494995,0.7287900778903668,-0.2490381407356403,0.5948896559871567,75.0
1652967626.6345592,-0.0741875171661377,0.2756117582321167,0.3984100818634033,0.6388542652130127,0.2451904118061065,-0.7292097806930542,-0.1278291940689087,-0.9835124611854552,0.2910018265247345,0.7194477106834366,-0.2477160918748453,0.5981606151292372,75.0
1652967626.644526,-0.1014636754989624,0.2900068163871765,0.3497321009635925,0.6326984167098999,0.2443688958883285,-0.7348310351371765,-0.1127501055598259,-0.8872439861297607,0.2563487589359283,0.7108525408952509,-0.2468687995473663,0.6010918337329214,75.0
1652967626.6544251,-0.114915907382965,0.2871414422988891,0.3321754336357116,0.6270619034767151,0.2435539662837982,-0.7399154901504517,-0.0791075229644775,-0.8053683638572693,0.2380488663911819,0.7030279120287393,-0.2460284755835927,0.6036683196520205,75.0
1652967626.664474,-0.1090016961097717,0.2862834930419922,0.3148964941501617,0.6219106316566467,0.2424002885818481,-0.7446269989013672,-0.0052759125828742,-0.7461404800415039,0.2203271239995956,0.6958374288428029,-0.2448391679689193,0.6057273316330894,75.0
1652967626.6743798,-0.0947645306587219,0.2957316637039184,0.2923562526702881,0.6169965863227844,0.2410758286714553,-0.7491313219070435,0.0049899066798388,-0.7123101949691772,0.1996512711048126,0.6889759943540918,-0.2434742195317736,0.607395660882381,75.0
1652967626.684336,-0.0897254347801208,0.3118535280227661,0.2477103322744369,0.6122016310691833,0.2400521486997604,-0.7533817887306213,-0.0269714891910552,-0.6811008453369141,0.1500166058540344,0.6823796331842708,-0.242419565591785,0.6088512042967926,75.0
1652967626.694463,-0.0883071422576904,0.3290809988975525,0.2014079838991165,0.6075332164764404,0.2398609668016433,-0.7572121024131775,-0.1081427708268165,-0.6308706402778625,0.0830316469073295,0.6761594642212829,-0.2422226361042085,0.6102261664401317,75.0
1652967626.704227,-0.0838298797607421,0.3254624009132385,0.1830778270959854,0.6030864119529724,0.2406129986047744,-0.7605209350585938,-0.1714565008878708,-0.5795224905014038,0.0246346518397331,0.6704526494138195,-0.2429973505337841,0.6115500411574809,75.0
1652967626.714191,-0.0756569504737854,0.3160018920898437,0.1934981644153595,0.5988350510597229,0.2420945018529892,-0.7634047865867615,-0.1941626816987991,-0.5352690815925598,-0.0511299595236778,0.6651725944199474,-0.2445239858734359,0.6126357669684043,75.0
1652967626.724374,-0.0697883963584899,0.2981202006340027,0.1803756207227707,0.5947670340538025,0.2441086769104004,-0.7659394145011902,-0.1979603469371795,-0.4730392396450043,-0.1209399327635765,0.6602588246174657,-0.2466004556243485,0.6131697531171351,75.0
1652967626.734143,-0.0619634985923767,0.2819953560829162,0.1558580249547958,0.5910619497299194,0.2465162724256515,-0.768033504486084,-0.2141470313072204,-0.4046130180358886,-0.1642093360424041,0.6559139544203386,-0.2490839450615962,0.6132921742973406,75.0
1652967626.74413,-0.0441266298294067,0.2665163278579712,0.1420859694480896,0.5876752138137817,0.2492409646511078,-0.7697511911392212,-0.2172120660543441,-0.3643540143966675,-0.1960074752569198,0.652060782240904,-0.2518964100894217,0.6131738592226348,75.0
1652967626.754087,-0.0205601453781127,0.2546662092208862,0.136796623468399,0.5844639539718628,0.2521804571151733,-0.7712372541427612,-0.2308514565229416,-0.3412349820137024,-0.2101633995771408,0.6484912096282702,-0.2549328657677001,0.6129059640132573,75.0
1652967626.764426,-0.0024358034133911,0.2375518679618835,0.1187705397605896,0.5812931656837463,0.2552681863307953,-0.7726165652275085,-0.2465507835149765,-0.3360559344291687,-0.2259783148765564,0.6450159216170046,-0.2581250670551494,0.6126053234299473,75.0
1652967626.773988,-0.0081555843353271,0.2280974388122558,0.0750781297683715,0.5781323909759521,0.2585248053073883,-0.7739042639732361,-0.2506047785282135,-0.3229409456253052,-0.2414231300354004,0.641599813078785,-0.2614947783228236,0.6121768322734382,75.0
1652967626.783959,-0.0158609151840209,0.2114330530166626,0.0289959907531738,0.5750955939292908,0.2619891464710235,-0.7750011682510376,-0.289526879787445,-0.2974680662155151,-0.2448551505804062,0.6383986002315496,-0.2650827572548224,0.6118158102143277,75.0
1652967626.793892,-0.0210655331611633,0.1918993592262268,0.0011408925056457,0.5722892880439758,0.2657658755779266,-0.7757921814918518,-0.3257565796375274,-0.2654543220996856,-0.2441651076078415,0.6355719768386815,-0.2689982861905918,0.6116628557850862,75.0
1652967626.803862,-0.0281051397323608,0.1818304061889648,-0.0197499990463256,0.5696700811386108,0.269841581583023,-0.7763128280639648,-0.3808051943778991,-0.242075502872467,-0.234110876917839,0.6330620517464143,-0.273228497958675,0.6118088168509169,75.0
1652967626.8138251,-0.0347384214401245,0.176072359085083,-0.0381706655025482,0.567376971244812,0.2743004560470581,-0.7764294147491455,-0.4398242235183716,-0.1841574907302856,-0.2187181860208511,0.6310678628687254,-0.2778621802602912,0.6124021534546321,75.0
1652967626.8238091,-0.0309115648269653,0.1508746743202209,-0.052904725074768,0.5656099915504456,0.2791315615177154,-0.7759966850280762,-0.5078719854354858,-0.1271019279956817,-0.1985657811164856,0.6298480132530229,-0.2828896036308809,0.6135600579111737,75.0
1652967626.833871,-0.0233778953552246,0.1197305917739868,-0.0485974550247192,0.5643172264099121,0.2843305468559265,-0.7750498056411743,-0.5624353885650635,-0.0768813714385032,-0.1813585758209228,0.6293400524540516,-0.2883080700751522,0.6152399030443116,75.0
1652967626.843715,-0.0166547298431396,0.103494644165039,-0.0380428731441497,0.5634075999259949,0.2897824048995971,-0.7736911773681641,-0.5923887491226196,-0.0286017227917909,-0.1760966926813125,0.629407328825345,-0.2939994739319854,0.6172891477385933,75.0
1652967626.853677,-0.012031614780426,0.1001156568527221,-0.0332598090171813,0.562812864780426,0.2952990233898163,-0.7720364332199097,-0.5787638425827026,0.0036314208991825,-0.1777994930744171,0.6299236831312417,-0.2997684790260376,0.6194243932170248,75.0
1652967626.863861,-0.0128083825111389,0.0874336957931518,-0.0073215067386627,0.5624299645423889,0.3004123568534851,-0.7703408002853394,-0.489294171333313,0.0292283948510885,-0.1731043308973312,0.6306464656069316,-0.3051249623000687,0.6212484302901806,75.0
1652967626.873582,-0.0135860443115234,0.0726856589317321,0.0323608517646789,0.5621853470802307,0.3046142756938934,-0.7688679099082947,-0.3445357978343963,0.048003677278757,-0.1820680797100067,0.6313509062438505,-0.309533440606241,0.6223488691411796,75.0
1652967626.883546,-0.0223574042320251,0.0645981431007385,0.0416191518306732,0.5621065497398376,0.3078224062919616,-0.767646849155426,-0.2177664190530777,0.0857417359948158,-0.2012292593717575,0.6320415729774498,-0.3129034603876406,0.6224557010246903,75.0
1652967626.893478,-0.0371934175491333,0.0474867820739746,0.030014544725418,0.5623093843460083,0.3102717101573944,-0.7665113806724548,-0.1292359977960586,0.1395310461521148,-0.2123855054378509,0.6329193622784878,-0.3154788399412311,0.6217437576605633,75.0
1652967626.903626,-0.0443557500839233,0.030983567237854,0.0128261148929595,0.5629104375839233,0.3122471868991852,-0.765267014503479,-0.0849689468741417,0.1941287815570831,-0.2114584594964981,0.634204282834546,-0.3175575631719746,0.6205641761412488,75.0
1652967626.913425,-0.0360100269317626,0.0213792920112609,-0.0048294365406036,0.5639030933380127,0.313942015171051,-0.7638413906097412,-0.0587408021092414,0.232318177819252,-0.1978858858346939,0.6359361765834106,-0.3193421346415371,0.6192515271795644,75.0
1652967626.923404,-0.0234043598175048,0.0041239261627197,-0.0176722705364227,0.5651524066925049,0.3154323101043701,-0.7623026371002197,-0.048886839300394,0.2558456063270569,-0.1867077946662902,0.637958458373935,-0.3209121873194687,0.6179495853538026,75.0
1652967626.934624,-0.0129011869430542,-0.016617476940155,-0.032425433397293,0.5666426420211792,0.3168187737464905,-0.7606194615364075,-0.0568923689424991,0.28786501288414,-0.1653836369514465,0.6402774692494486,-0.3223735874065646,0.6168000193318323,75.0
1652967626.943414,-0.0085434317588806,-0.0362902879714965,-0.0438039004802703,0.5684646964073181,0.3181721568107605,-0.7586925625801086,-0.0762111991643905,0.3117809891700744,-0.1326832175254821,0.6430329694188665,-0.3238008382310017,0.6159331477855461,75.0
1652967626.953261,0.0001262426376342,-0.0477666854858398,-0.0450099110603332,0.5704609155654907,0.3194697797298431,-0.7566461563110352,-0.0799656584858894,0.3119404017925262,-0.1019332930445671,0.6460138388915181,-0.3251699039896125,0.6154599863697147,75.0
1652967626.963256,0.0112837553024292,-0.056070327758789,-0.0290626883506774,0.5725022554397583,0.320551335811615,-0.7546443343162537,-0.0979300141334533,0.2964786291122436,-0.0507545284926891,0.6490068594148986,-0.32631148531547,0.615373598697754,75.0
1652967626.973318,0.0203675627708435,-0.0557727217674255,0.0057667791843414,0.574496328830719,0.3211985826492309,-0.7528515458106995,-0.0493286587297916,0.2414192110300064,0.0232520513236522,0.6518286043164162,-0.3269948645449635,0.6157727386818225,75.0
1652967626.983166,0.0208241939544677,-0.0519166588783264,0.0119358301162719,0.57611483335495,0.3211330473423004,-0.7516416907310486,0.0206682682037353,0.1631401181221008,0.0315547250211238,0.653962253230155,-0.3269256746747936,0.6161594930685541,75.0
1652967626.9930968,0.0022118091583251,-0.0562891364097595,-0.0182496309280395,0.5771797299385071,0.3207399249076843,-0.7509923577308655,0.047015257179737,0.1189878433942794,0.0057411612942814,0.65527158461908,-0.3265105793106483,0.6160575429375748,75.0
1652967627.003055,-0.0167617797851562,-0.0619894862174987,-0.0355037450790405,0.5781021118164062,0.320492148399353,-0.7503883838653564,-0.004184816032648,0.1120851933956146,0.0239273570477962,0.656432194008767,-0.3262490102439067,0.6160722465144833,75.0
1652967627.013002,-0.0275369882583618,-0.0611565113067626,-0.0340155959129333,0.5789286494255066,0.3205146491527557,-0.7497413158416748,-0.0305497758090496,0.1046485304832458,0.0123969344422221,0.6575403268863059,-0.3262727491135404,0.6163407830346439,75.0
1652967627.022968,-0.0303117632865905,-0.0659957528114318,-0.0132688581943511,0.5798112154006958,0.3206724524497986,-0.7489913702011108,-0.0247344970703125,0.1227790638804435,0.011567891575396,0.6587617469141799,-0.3264393328988006,0.6166276489787245,75.0
1652967627.0329518,-0.0231714844703674,-0.0630157589912414,9.039044380187988e-05,0.5807123780250549,0.3204205334186554,-0.748400866985321,-0.0109953172504901,0.1310334205627441,0.0316970907151699,0.6598955688250602,-0.3261733792368328,0.6168542966037955,75.0
1652967627.043064,-0.0141029357910156,-0.0544896721839904,0.0145446360111236,0.5816840529441833,0.3198059797286987,-0.7479089498519897,0.034244067966938,0.1352377533912658,0.0397883057594299,0.6610241074898404,-0.3255246963870595,0.6170241189732034,75.0
1652967627.052845,-0.0130918025970458,-0.0528905391693115,0.0173921585083007,0.5827023386955261,0.3190641701221466,-0.7474329471588135,0.0705398917198181,0.145954892039299,0.040413312613964,0.6621805893685229,-0.3247418966950811,0.6169105183675587,75.0
1652967627.062766,-0.0067464113235473,-0.0504891872406005,0.0070928931236267,0.5838491320610046,0.3182397782802582,-0.7468893527984619,0.0718799903988838,0.1547206938266754,0.0474991872906684,0.6634871249040495,-0.3238721419501575,0.616736460622615,75.0
1652967627.0727658,-9.083747863769533e-05,-0.0472811460494995,-0.0045270919799804,0.5850059986114502,0.3172865211963653,-0.7463895082473755,0.0665448158979415,0.147584855556488,0.0575560443103313,0.6647728782669348,-0.3228667967474935,0.6166550140254818,75.0
1652967627.0827332,0.0068045258522033,-0.0513864159584045,0.004958838224411,0.5860604643821716,0.3163455128669739,-0.745961606502533,0.0546471402049064,0.1267743855714798,0.0661977306008338,0.6659259505979569,-0.3218746753082468,0.6166881018739814,75.0
1652967627.092692,0.0124856829643249,-0.0528817176818847,0.0216556191444396,0.58697110414505,0.3154110908508301,-0.7456412315368652,0.0636679306626319,0.1017437130212783,0.0582919158041477,0.6668891348847052,-0.3208898289568697,0.6167481549194358,75.0
1652967627.102744,0.0081570744514465,-0.0514987707138061,0.0176944136619567,0.587652862071991,0.3145504891872406,-0.7454677224159241,0.061229545623064,0.0830288827419281,0.0511794053018093,0.6675664852615693,-0.3199830836964489,0.6167108774968467,75.0
1652967627.112719,0.003057837486267,-0.0461693406105041,0.0052071213722229,0.5882050395011902,0.3138694763183594,-0.7453193068504333,0.0416358038783073,0.0661903023719787,0.0464853197336196,0.6681199905988904,-0.3192657105037415,0.6167129719572368,75.0
1652967627.122592,-0.0042869448661804,-0.0450506210327148,0.0102869868278503,0.5886374711990356,0.3133367002010345,-0.7452020049095154,0.0419186279177665,0.0376278981566429,0.0486858859658241,0.6685539900227336,-0.3187046376810238,0.6168162414993251,75.0
1652967627.132514,-0.0102701187133789,-0.0336923599243164,0.0161898732185363,0.5888681411743164,0.3127439022064209,-0.7452688217163086,0.0464688390493392,0.0227325707674026,0.0431065298616886,0.6687009143006976,-0.3180804704000669,0.6168325908983124,75.0
1652967627.142597,-0.0040046572685241,-0.0124672055244445,0.0101136863231658,0.5890113711357117,0.3121824562549591,-0.7453910112380981,0.0389725752174854,0.0107073336839675,0.0421917326748371,0.6687394829900878,-0.3174894448271638,0.6168616269681498,75.0
1652967627.1524482,0.0171350836753845,0.0032143592834472,0.0028161108493804,0.5890966057777405,0.3116675615310669,-0.745539128780365,0.0213819965720176,0.0055547030642628,0.0422946475446224,0.668713214203828,-0.316947511917559,0.6169447661138895,75.0
1652967627.162458,0.0405003428459167,0.0047787427902221,0.0174193382263183,0.5892451405525208,0.3111481964588165,-0.7456386685371399,0.0377724207937717,0.0151609908789396,0.0542849972844123,0.668770900454026,-0.3164009711022937,0.6171278690749995,75.0
1652967627.1723309,0.0578201413154602,0.0018798112869262,0.0332313776016235,0.5894576907157898,0.3104881346225738,-0.7457457780838013,0.0665278360247612,0.0169378519058227,0.0588531568646431,0.668876492869726,-0.3157065144272514,0.6172441040388067,75.0
1652967627.182481,0.0644190311431884,-0.0057750940322875,0.0381407141685485,0.589740514755249,0.3094240128993988,-0.7459644079208374,0.1248579919338226,0.0281486939638853,0.061811126768589,0.6689672456591794,-0.3145872682723072,0.6170788018679825,75.0
1652967627.192284,0.0559216141700744,-0.0141350626945495,0.0481812357902526,0.590150773525238,0.3078978657722473,-0.7462713718414307,0.1747297942638397,0.0427706763148307,0.0721033662557601,0.6691054490963261,-0.3129827736285525,0.6166203855879822,75.0
1652967627.202256,0.0372048020362854,-0.0103356838226318,0.0391872525215148,0.5906027555465698,0.30628702044487,-0.7465766072273254,0.1396085619926452,0.0400846078991889,0.0675935670733451,0.6692790096431407,-0.3112901428119578,0.6161072048685642,75.0
1652967627.212255,0.0230414271354675,-0.0043126344680786,0.0127433836460113,0.5909721851348877,0.3051735460758209,-0.7467402219772339,0.0653527155518531,0.0263890381902456,0.0599342063069343,0.6694766497774836,-0.3101206532377829,0.6159198753171834,75.0
1652967627.222162,0.0099896788597106,-0.0058361291885375,-0.0044416189193725,0.5911913514137268,0.3047803938388824,-0.7467273473739624,-0.0258743967860937,0.0097669176757335,0.0383506193757057,0.6696654416409664,-0.3097078545736108,0.6161815617420833,75.0
1652967627.2320929,-0.0038809776306152,-0.0087537169456481,-0.0100667774677276,0.591359555721283,0.3051717579364776,-0.746434211730957,-0.1156201884150505,0.0025442123878747,0.0264755059033632,0.669995014836057,-0.3101187851627802,0.6169073266999896,75.0
1652967627.242084,-0.0079200863838195,-0.0085769891738891,-0.0079370737075805,0.5915535688400269,0.3060785830020904,-0.7459090948104858,-0.1594094932079315,-0.0046716225333511,0.0418262332677841,0.6704972489728936,-0.3110711883679466,0.6181446978523898,75.0
1652967627.252046,-0.0062200427055358,-0.0032669901847839,0.002711534500122,0.5917455554008484,0.3071182370185852,-0.7453292012214661,-0.1455906182527542,-0.0226750709116458,0.0467594340443611,0.6710339658614328,-0.3121634373090968,0.6196045613459941,75.0
1652967627.262023,-0.0071762204170227,-0.0007887482643127,0.0157121419906616,0.5918930172920227,0.3077436983585357,-0.7449540495872498,-0.0645349100232124,-0.0282706394791603,0.0529360994696617,0.6714005030735312,-0.3128207431211165,0.6207836839212805,75.0
1652967627.2719789,-0.0161954760551452,0.0034661889076232,0.031825304031372,0.5920164585113525,0.3078811466693878,-0.7447991967201233,0.0073103858157992,-0.0224435366690158,0.0564718283712863,0.6716033476736178,-0.3129651926084291,0.6215082345155727,75.0
1652967627.28209,-0.0227850079536438,0.0004446506500244,0.0363127887248992,0.5921819806098938,0.3074524998664856,-0.7448446154594421,0.0683745369315147,-0.0029340165201574,0.0593935884535312,0.6717097758801488,-0.3125147066128087,0.621766670053723,75.0
