1652967585.7606091,-0.0337652564048767,0.0365763902664184,-0.0279182195663452,0.6449408531188965,0.3570044636726379,-0.6757212281227112,0.4963536262512207,0.1169382184743881,0.066320888698101,0.7620955970010691,-0.3650590624245236,0.2911407341346061,72.0
1652967585.7707171,-0.0337722301483154,0.0400130748748779,-0.0539095401763916,0.6459854245185852,0.3538820147514343,-0.6763655543327332,0.3031927049160003,0.1131394803524017,0.0714863538742065,0.7624278619645115,-0.361718474422172,0.2887289494843303,72.0
1652967585.780621,-0.020048439502716,0.0594233870506286,-0.0384780764579772,0.6469253301620483,0.3519240915775299,-0.6764887571334839,0.1391892582178115,0.0905678644776344,0.0806273445487022,0.7630631065715552,-0.3596258913005922,0.2876919652896545,72.0
1652967585.79031,-0.025668442249298,0.0625547766685485,-0.0190086364746093,0.6479066610336304,0.3509025275707245,-0.6760801076889038,-0.0023423079401254,0.1119477227330207,0.1030381172895431,0.7641221427953446,-0.3585347521755367,0.2878809802774698,72.0
1652967585.800395,-0.0543928742408752,0.0277411341667175,-0.028359442949295,0.6492567658424377,0.3506555259227752,-0.6749120354652405,-0.1479367315769195,0.1702123135328292,0.1402207463979721,0.7660259690011589,-0.3582709844845315,0.2893742822911535,72.0
1652967585.810389,-0.0616576075553894,-0.0171992182731628,-0.0292583405971527,0.6513487696647644,0.350623607635498,-0.6729099750518799,-0.176448792219162,0.2657633125782013,0.222132921218872,0.7691178783626925,-0.3582369098824525,0.2920207790624918,72.0
1652967585.820349,-0.0432028770446777,-0.0777956247329711,0.0533522367477417,0.65427166223526,0.3496018052101135,-0.6706020832061768,0.0090740639716386,0.3248840570449829,0.2941339910030365,0.7730727356347031,-0.3571460440451229,0.2947513151403814,72.0
1652967585.830484,-0.0188339352607727,-0.1230165958404541,0.1512607336044311,0.65752112865448,0.3463436067104339,-0.6691128015518188,0.3766249120235443,0.3171294629573822,0.325889527797699,0.7766607196777059,-0.3536706587629698,0.2957273079632097,72.0
1652967585.840485,-0.0002751350402832,-0.1869285702705383,0.1873509585857391,0.6606297492980957,0.3405725657939911,-0.6690131425857544,0.6702730655670166,0.2662475109100342,0.3363810181617737,0.7790932775078657,-0.3475258008295421,0.2942479369205517,72.0
1652967585.850288,0.0028280019760131,-0.257731020450592,0.1489571332931518,0.6633555293083191,0.3336783349514007,-0.6697896718978882,0.7178120613098145,0.21877983212471,0.3136440217494964,0.7805718945574823,-0.3402028701515343,0.2914007834814795,72.0
1652967585.8601809,0.0050342679023742,-0.3200552463531494,0.0732877850532531,0.6655590534210205,0.3274385333061218,-0.6706826090812683,0.5633460283279419,0.154787003993988,0.2691961228847503,0.7815639030772177,-0.3335913742768094,0.288769143140467,72.0
1652967585.870118,0.016459047794342,-0.3818296194076538,0.0184037387371063,0.6670584678649902,0.3230268955230713,-0.6713319420814514,0.2898508608341217,0.0615124590694904,0.1946505159139633,0.7822051736567567,-0.3289261122038646,0.2873550298479714,72.0
1652967585.8801432,0.045834481716156,-0.423940896987915,0.0209175944328308,0.6674987077713013,0.3208029270172119,-0.6719605326652527,0.0378149002790451,-0.0946327745914459,0.1338508576154709,0.7820670845006555,-0.3265771136100215,0.2873335805152562,72.0
1652967585.890064,0.0884034037590026,-0.4980806708335876,0.082303375005722,0.6666778326034546,0.3206811845302582,-0.6728329658508301,-0.1951728016138076,-0.2505984008312225,0.0874236971139907,0.7808031249540291,-0.3264485611570311,0.2888157573209969,72.0
1652967585.9001908,0.1105748414993286,-0.6007398366928101,0.119425892829895,0.6648158431053162,0.3217208683490753,-0.6741776466369629,-0.2625750303268432,-0.3815918266773224,0.0790010318160057,0.7784066039249685,-0.3275464299858078,0.2911636473437797,72.0
1652967585.910001,0.1153185367584228,-0.6648791432380676,0.2211170792579651,0.6621167659759521,0.3224314451217651,-0.6764904260635376,-0.0710335522890091,-0.5021480917930603,0.0808612555265426,0.7746608198510687,-0.3282969902731515,0.2931243580330001,72.0
1652967585.9202042,0.1065959334373474,-0.7511513233184814,0.3322279155254364,0.6585408449172974,0.3213059902191162,-0.6805045008659363,0.2847492396831512,-0.626872718334198,0.0465378612279892,0.7689971446445858,-0.327108269067226,0.2929171696103868,72.0
1652967585.929893,0.1053520441055297,-0.794173538684845,0.3452535569667816,0.6539558172225952,0.3182747960090637,-0.6863255500793457,0.5324413180351257,-0.7448672652244568,-0.0069059240631759,0.7612513911512508,-0.3239090985910098,0.290019043022167,72.0
1652967585.939879,0.115733802318573,-0.815423309803009,0.3112167716026306,0.648212730884552,0.3145765960216522,-0.6934419274330139,0.6189590096473694,-0.8757188320159912,-0.0910056978464126,0.7516994012161805,-0.3200105831027722,0.2854298537178356,72.0
1652967585.94983,0.1363409161567688,-0.8363879323005676,0.2670703530311584,0.6412622332572937,0.3111766576766968,-0.7013927102088928,0.5980066061019897,-1.0068610906600952,-0.1771725267171859,0.7406433221558583,-0.3164309042759029,0.2800343802725284,72.0
1652967585.959759,0.1781703829765319,-0.8039786219596863,0.2657305300235748,0.632925808429718,0.3084728717803955,-0.7101051211357117,0.5746976733207703,-1.171244740486145,-0.2794913649559021,0.727994753278971,-0.3135872057379989,0.2741341654706397,72.0
1652967585.969892,0.2316803932189941,-0.7669935822486877,0.2861219048500061,0.6228271126747131,0.3064988851547241,-0.7198227643966675,0.5757280588150024,-1.37649405002594,-0.4018998444080353,0.7132814883208453,-0.3115127153980467,0.267505483328561,72.0
1652967585.979681,0.2564001679420471,-0.7113083600997925,0.2795194387435913,0.6108331680297852,0.3051667809486389,-0.7305861115455627,0.5768129229545593,-1.550477147102356,-0.5163775086402893,0.6963608960734533,-0.3101135614967951,0.2599426278949895,72.0
1652967585.98967,0.2259275913238525,-0.7039856910705566,0.2960203886032104,0.5973909497261047,0.3040924966335296,-0.7420591711997986,0.6380698680877686,-1.6407442092895508,-0.6047499775886536,0.677809562189678,-0.3089856615047676,0.2513928595247918,72.0
1652967585.999618,0.1959720849990844,-0.7809208631515503,0.2813674211502075,0.5831570029258728,0.3026321530342102,-0.7538843750953674,0.8044015765190125,-1.6578198671340942,-0.676084578037262,0.6583949881339864,-0.3074531171035633,0.2415347044231366,72.0
1652967586.009592,0.2068502306938171,-0.8307675123214722,0.2714035809040069,0.5686167478561401,0.2991530299186706,-0.7662783265113831,1.1573282480239868,-1.646180272102356,-0.6607424020767212,0.6383935913875105,-0.3038048996004169,0.2298904913839154,72.0
1652967586.019518,0.2309076786041259,-0.8558224439620972,0.3918601870536804,0.5540808439254761,0.2912300229072571,-0.7798586487770081,1.8230220079422,-1.6475746631622314,-0.6143320798873901,0.617730767845226,-0.2955123332984111,0.2153644827713748,72.0
1652967586.029533,0.3238230943679809,-0.8768448829650879,0.4663472771644592,0.5391682982444763,0.278067946434021,-0.7949690222740173,2.354794979095459,-1.7381943464279177,-0.5905548334121704,0.5959623006260985,-0.2817821480411222,0.1978097112803697,72.0
1652967586.039603,0.4774201512336731,-0.8326550722122192,0.3538124859333038,0.5227172374725342,0.2613760530948639,-0.811448872089386,2.5339953899383545,-1.9930965900421145,-0.5900332927703857,0.5722712958359724,-0.2644475551769114,0.178593762098021,72.0
1652967586.049448,0.5953196883201599,-0.7266787886619568,0.2003704458475113,0.5037099123001099,0.2444232404232025,-0.8285732269287109,2.3132827281951904,-2.302590131759644,-0.5807743072509766,0.5462259545951238,-0.2469248410648692,0.1601338436500726,72.0
1652967586.059377,0.6480618119239807,-0.5955902934074402,0.0887750387191772,0.481943130493164,0.2297063916921615,-0.8455564975738525,1.8727939128875728,-2.601096868515014,-0.5474607944488525,0.5180470426013831,-0.2317759985296402,0.1442291958082757,72.0
1652967586.069335,0.6482293009757996,-0.4621529579162597,0.0402227342128753,0.4574836790561676,0.2180627733469009,-0.8620657324790955,1.4808205366134644,-2.860095739364624,-0.5556852221488953,0.4878916847369985,-0.2198290259507134,0.1310773560050763,72.0
1652967586.07929,0.630206823348999,-0.3342131376266479,0.0669106096029281,0.4303401708602905,0.2091056108474731,-0.8781128525733948,1.189792513847351,-3.109692335128784,-0.6179497838020325,0.4556752311027257,-0.2106602617201319,0.119590671353133,72.0
1652967586.089229,0.5941082835197449,-0.2294227480888366,0.1419513374567031,0.4008716344833374,0.2022411525249481,-0.8935325741767883,0.9909371733665466,-3.243819236755371,-0.7026745080947876,0.4217197645378691,-0.2036458230949935,0.1087651022901605,72.0
1652967586.099218,0.5458049774169922,-0.1722756028175354,0.194424882531166,0.3703632950782776,0.197069838643074,-0.9077414274215698,0.790974497795105,-3.219473123550415,-0.7666929960250854,0.3873883848887089,-0.1983682505372872,0.0983159535689234,72.0
1652967586.109231,0.5354522466659546,-0.1437949538230896,0.2077216058969497,0.3399293422698974,0.1930962651968002,-0.9204139709472656,0.7235701680183411,-3.1207809448242188,-0.8113981485366821,0.3537836197249329,-0.1943168203667713,0.0881052961767224,72.0
1652967586.119146,0.5576859712600708,-0.1458396911621093,0.2641368508338928,0.3100356459617615,0.1878590136766433,-0.9319800734519958,1.0004485845565796,-3.046358108520508,-0.7993004322052002,0.3211474744200994,-0.1889818914162049,0.0775587804418632,72.0
1652967586.1290631,0.5975226163864136,-0.0861284732818603,0.3828473687171936,0.2801630198955536,0.1792864054441452,-0.9430615305900574,1.3738930225372314,-3.0483181476593018,-0.8194155693054199,0.2887740751477685,-0.1802610512929715,0.0661699261180094,72.0
1652967586.147402,0.6233248710632324,-0.0085273385047912,0.4067157506942749,0.2497373819351196,0.1664195954799652,-0.9539055228233336,1.7672467231750488,-3.092268943786621,-0.7968622446060181,0.2560581730367758,-0.167197509504056,0.0539990591963743,72.0
1652967586.149321,0.6255697011947632,0.0713003873825073,0.3056418001651764,0.2186076641082763,0.1503976285457611,-0.9641531109809875,1.940391063690185,-3.169900417327881,-0.7530588507652283,0.2229656311127441,-0.150970464231372,0.0419463791697992,72.0
1652967586.158983,0.6202242374420166,0.1559802293777465,0.1849948316812515,0.1866301596164703,0.1335018575191497,-0.9733172655105592,1.854894042015076,-3.2357349395751958,-0.736074686050415,0.1894470329334342,-0.1339016353732869,0.0306748804558764,72.0
1652967586.169201,0.5922894477844238,0.2291854619979858,0.1331774592399597,0.1540180593729019,0.1173260584473609,-0.9810774922370912,1.7157942056655884,-3.272734880447388,-0.723450779914856,0.1557177304804586,-0.1175969122918886,0.020368929153761,72.0
1652967586.17891,0.5496190786361694,0.2654880285263061,0.1128754466772079,0.1211421191692352,0.1022887304425239,-0.9873508214950562,1.5491374731063845,-3.272217035293579,-0.7055656313896179,0.1220839315070762,-0.1024679499962552,0.011014524541404,72.0
1652967586.188863,0.5145158171653748,0.2955189943313598,0.0779417604207992,0.088145412504673,0.0887757614254951,-0.9921437501907348,1.3096308708190918,-3.293283224105835,-0.6923336982727051,0.0886107331843017,-0.0888927894326568,0.0025408541524707,72.0
1652967586.198924,0.4687568545341491,0.3419165015220642,-0.018888883292675,0.0552453249692916,0.0782150477170944,-0.9954046010971068,0.9233944416046144,-3.2227659225463867,-0.6708003282546997,0.0554434914237706,-0.0782950164656906,-0.0050725513124641,72.0
1652967586.208792,0.4113239645957947,0.3548925518989563,-0.1630095988512039,0.0239178445190191,0.0706939250230789,-0.9972112774848938,0.6580584049224854,-2.98539662361145,-0.6001455783843994,0.0239801346539834,-0.0707529401215643,-0.0118041542597151,72.0
1652967586.218638,0.388488233089447,0.3490709662437439,-0.1678159981966018,-0.0046075009740889,0.0640562251210212,-0.9979356527328492,0.7649087309837341,-2.700209617614746,-0.4226808249950409,-0.0046169993364378,-0.0641001147069145,-0.0170176880927565,72.0
1652967586.228531,0.4290826320648193,0.3666664958000183,0.0372157245874404,-0.0309044290333986,0.0534825176000595,-0.9980904459953308,1.3891568183898926,-2.5837149620056152,-0.2539211213588714,-0.0309536662073509,-0.0535080475909625,-0.0201054516308793,72.0
1652967586.238486,0.4901368916034698,0.4132993221282959,0.2530852556228637,-0.0569244809448719,0.0360840447247028,-0.9977262020111084,2.08120346069336,-2.633833408355713,-0.2094938457012176,-0.0569924255745024,-0.0360918807134719,-0.0215973066220708,72.0
1652967586.248606,0.5103260278701782,0.4458901286125183,0.2394548654556274,-0.083415500819683,0.0132154328748583,-0.9964272379875184,2.4168214797973637,-2.682100772857666,-0.1301582753658294,-0.0835198499030321,-0.0132158176457816,-0.0217204231027516,72.0
1652967586.2583752,0.4954363703727722,0.5324510335922241,0.1059683412313461,-0.1100602820515632,-0.0097769349813461,-0.993876814842224,2.137034177780152,-2.682619333267212,-0.0677128136157989,-0.110288993736921,0.0097770912076512,-0.0204466335980238,72.0
1652967586.268529,0.4653294682502746,0.5840689539909363,-0.0335767120122909,-0.1366397589445114,-0.0279161985963583,-0.9902274012565612,1.4769690036773682,-2.7042267322540283,-0.0863453522324562,-0.1371223427460484,0.0279198249563344,-0.018961867180449,72.0
1652967586.278504,0.4303085207939148,0.6093893051147461,-0.1597214043140411,-0.1632490456104278,-0.0387496687471866,-0.9858236312866212,0.6994979977607727,-2.698842287063598,-0.1475864946842193,-0.1641073603277506,0.0387593710666523,-0.0184723595903072,72.0
1652967586.288609,0.3778661489486694,0.6263651251792908,-0.2092141211032867,-0.1891453117132187,-0.0425864048302173,-0.981025218963623,0.0439590103924274,-2.5994744300842285,-0.1685919165611267,-0.1904665824648759,0.0425992863543517,-0.0194002127384486,72.0
1652967586.298422,0.3480258285999298,0.6325644850730896,-0.1454748660326004,-0.2139772325754165,-0.0413384884595871,-0.975963532924652,-0.337310791015625,-2.49898624420166,-0.1670034527778625,-0.2158321036568494,0.0413502720106709,-0.0213871478469729,72.0
1652967586.3083792,0.3479753732681274,0.6400249600410461,-0.0529050827026367,-0.2375779151916504,-0.0376863405108451,-0.9706371426582336,-0.4623432755470276,-2.385432720184326,-0.1473719626665115,-0.2400454877080002,0.0376952686320626,-0.0238503260346555,72.0
1652967586.31833,0.338720291852951,0.6349098682403564,-0.0102732628583908,-0.2597559094429016,-0.033885657787323,-0.9650796055793762,-0.3482594788074493,-2.2150588035583496,-0.075404368340969,-0.2629240082426101,0.0338921470843445,-0.0259994763924775,72.0
1652967586.3283138,0.3127028942108154,0.6370025873184204,-0.0163819193840026,-0.2798353433609009,-0.0320647284388542,-0.9595124125480652,-0.0304293371737003,-1.9728821516036987,0.0271321274340152,-0.283772556574847,0.0320702242022023,-0.0267843461711511,72.0
1652967586.3382258,0.2957751750946045,0.6986163854598999,0.0047677755355834,-0.29795703291893,-0.0336068794131279,-0.9539875388145448,0.3965122699737549,-1.833644986152649,0.1094798445701599,-0.3027281905016528,0.0336132085578581,-0.0255967882392638,72.0
1652967586.3481688,0.2795163989067077,0.7802307605743408,0.0092412531375885,-0.3146877586841583,-0.0385228618979454,-0.9484131932258606,0.711206316947937,-1.69561767578125,0.1896596252918243,-0.3203739718699181,0.0385323964552524,-0.0224192716774774,72.0
1652967586.3582978,0.2567827701568603,0.8332072496414185,-0.0426441431045532,-0.3301469087600708,-0.0449870787560939,-0.9428569078445436,0.778575599193573,-1.559088110923767,0.2582461833953857,-0.3368136889493349,0.0450022666801746,-0.0178323400676139,72.0
1652967586.368126,0.2406972348690033,0.8720635771751404,-0.1551464051008224,-0.3440754115581512,-0.0504657737910747,-0.9375848174095154,0.5906214118003845,-1.3905768394470217,0.3306806981563568,-0.3517214525907036,0.0504872177947536,-0.0127335185040942,72.0
1652967586.378088,0.2366644144058227,0.884621798992157,-0.2711722552776336,-0.3565525710582733,-0.0533974394202232,-0.9327480792999268,0.2976256906986236,-1.2563742399215698,0.4044956266880035,-0.3651206484078132,0.0534228457481878,-0.0077194510222996,72.0
1652967586.388053,0.2402665615081787,0.8961606025695801,-0.3335469961166382,-0.3680282831192016,-0.0531259812414646,-0.92829567193985,-0.0265252087265253,-1.1738015413284302,0.4362354278564453,-0.3774473857366089,0.0531510038886697,-0.0033079712863648,72.0
1652967586.398016,0.2321693301200866,0.9143869876861572,-0.3668602406978607,-0.3786230385303497,-0.0497352145612239,-0.924213707447052,-0.338115245103836,-1.0662617683410645,0.4666059017181396,-0.3888150730878369,0.0497557417936327,0.0001830966273109,72.0
1652967586.407969,0.2159176468849182,0.9067109823226928,-0.394696980714798,-0.3878840804100036,-0.0433523394167423,-0.9206880927085876,-0.6497098803520203,-0.9054473638534546,0.5122277140617371,-0.3987308745528229,0.043365930521653,0.0027994417880723,72.0
1652967586.41792,0.2139895558357238,0.8906852006912231,-0.4255924224853515,-0.3955537676811218,-0.0343532375991344,-0.9178001284599304,-0.8181142807006836,-0.7267190217971802,0.5934325456619263,-0.406925074838862,0.0343599968202551,0.0049408347520887,72.0
1652967586.427989,0.2214968800544738,0.8771611452102661,-0.4288949370384216,-0.4015352129936218,-0.0242758244276046,-0.915521800518036,-0.8049915432929993,-0.5541696548461914,0.6984239816665649,-0.4133217713659075,0.0242782087585755,0.0075487786856775,72.0
1652967586.437856,0.237438291311264,0.8687548637390137,-0.3560194373130798,-0.4061698615550995,-0.0148606793954968,-0.9136767387390136,-0.5898302793502808,-0.4369639158248901,0.7943839430809021,-0.4183077686146674,0.0148612265932964,0.0115359067371277,72.0
1652967586.447782,0.2333246767520904,0.8583136796951294,-0.2722551226615906,-0.4097314178943634,-0.0072706090286374,-0.9121772646903992,-0.3128234148025512,-0.3134747445583343,0.8857412934303284,-0.4221714800816925,0.0072706732144527,0.0172880379581624,72.0
1652967586.511117,0.2054667472839355,0.837209939956665,-0.2858621180057525,-0.4119943380355835,-0.0018270955188199,-0.911184549331665,-0.0881012231111526,-0.1722572147846222,0.9490819573402404,-0.42464246478362,0.0018270964806882,0.0248539685051583,72.0
1652967586.5113149,0.1715582013130188,0.8393434882164001,-0.3522496223449707,-0.4127384722232818,0.0024876443203538,-0.9108461737632751,0.0158225148916244,0.0140777761116623,1.031279683113098,-0.4254599169325268,-0.0024876468947802,0.0337359060479581,72.0
1652967586.511477,0.1504431962966919,0.8384419083595276,-0.409757912158966,-0.4115820229053497,0.0066512171179056,-0.9113484621047974,0.0193131864070892,0.2277777045965194,1.0875201225280762,-0.4241992270944212,-0.0066512661937439,0.043414012276204,72.0
1652967586.5115252,0.1513311564922332,0.798469603061676,-0.4442738592624664,-0.4085484445095062,0.0113209728151559,-0.9126664400100708,-0.0617225468158721,0.4170115292072296,1.147823691368103,-0.4208918449861492,-0.0113212145873274,0.0534769242828882,72.0
1652967586.5116482,0.1631400883197784,0.7234653830528259,-0.4637639820575714,-0.4036490023136139,0.0173375848680734,-0.9147496223449708,-0.2017260640859604,0.6241786479949951,1.2538009881973269,-0.4155680300293902,-0.0173384534608879,0.0638855476436727,72.0
1652967586.511701,0.1897338628768921,0.6419840455055237,-0.4713361263275146,-0.3968565464019775,0.0249097291380167,-0.917542576789856,-0.334543764591217,0.7869576811790466,1.3754581212997437,-0.4082238107101209,-0.0249123052616685,0.0748106177705786,72.0
1652967586.521169,0.2288450598716735,0.5535047054290771,-0.4657328128814697,-0.388879120349884,0.0339853875339031,-0.9206617474555968,-0.4385758638381958,0.8507859110832214,1.4882299900054932,-0.3996586381470055,-0.0339919324072482,0.0863971734361976,72.0
1652967586.527659,0.2434115409851074,0.4873026013374328,-0.4285435378551483,-0.3802216649055481,0.0441441014409065,-0.9238412976264954,-0.4838733077049255,0.9039721488952636,1.6101961135864258,-0.3904371359528072,-0.0441584519871992,0.098839369517369,72.0
1652967586.537533,0.2328490614891052,0.4156252145767212,-0.3721441626548767,-0.3707273602485657,0.0546850338578224,-0.927130401134491,-0.4443809688091278,0.9733222126960754,1.7401869297027588,-0.3803903162664244,-0.0547123254506479,0.1125905438802641,72.0
1652967586.555836,0.2281784117221832,0.3391446471214294,-0.315696656703949,-0.3605330288410187,0.0651473179459571,-0.9304685592651368,-0.4105162322521209,0.9971053004264832,1.84591007232666,-0.3696622827333807,-0.0651934863327939,0.1276892870114518,72.0
1652967586.557307,0.2299997806549072,0.2684091925621032,-0.2879911065101623,-0.3498879373073578,0.0755734667181968,-0.9337382316589355,-0.4075174331665039,1.0104748010635376,1.9348376989364624,-0.3585228715083292,-0.0756455924696922,0.1438925025067309,72.0
1652967586.5674648,0.2218179702758789,0.1910996437072754,-0.2782195806503296,-0.3387764692306518,0.0865997001528739,-0.9368729591369628,-0.5215020775794983,1.0420145988464355,2.027710437774658,-0.3469743188137651,-0.0867083088780549,0.1608739996138023,72.0
1652967586.577428,0.2208534181118011,0.1269807815551757,-0.2754455804824829,-0.3269324004650116,0.0992981046438217,-0.9398165345191956,-0.734747052192688,1.071444392204285,2.1255972385406494,-0.3347745242582762,-0.0994620180079927,0.1784076054045284,72.0
1652967586.5870152,0.244544118642807,0.1038205623626709,-0.2981115579605102,-0.3147191703319549,0.1144414991140365,-0.9422605633735656,-1.0524331331253052,1.0324591398239136,2.1638505458831787,-0.322354376308253,-0.1146927881964341,0.1959165044549531,72.0
1652967586.597249,0.2872142195701599,0.1084030866622924,-0.322748601436615,-0.3030679821968078,0.1327003538608551,-0.9436845183372498,-1.4058003425598145,0.8764040470123291,2.181896924972534,-0.3107493211630598,-0.1330929344782625,0.2127379190491651,72.0
1652967586.606948,0.3260234892368316,0.0877321362495422,-0.2605083286762237,-0.2923929989337921,0.1539409011602401,-0.9438265562057496,-1.7069460153579712,0.7270683646202087,2.235874891281128,-0.3004188845668127,-0.15455549557706,0.2292056004083009,72.0
1652967586.6169271,0.3450015187263489,0.056451141834259,-0.1178212016820907,-0.2822267115116119,0.1765827685594558,-0.9429563283920288,-1.6584054231643677,0.6425090432167053,2.334305763244629,-0.2908143724164054,-0.1775135671222995,0.2462233398000129,72.0
1652967586.6269631,0.3624930679798126,0.0449661612510681,0.0810707360506057,-0.2720235586166382,0.1967154592275619,-0.9419693350791932,-1.214126467704773,0.5735176801681519,2.4283816814422607,-0.2811333158447602,-0.1980067856920532,0.2653020735383148,72.0
1652967586.636791,0.3805519938468933,0.0295865535736084,0.3192894458770752,-0.2621894478797912,0.2115485072135925,-0.9415433406829834,-0.5350121855735779,0.479719877243042,2.3665764331817627,-0.2715872573705519,-0.2131590551376264,0.2863379270840901,72.0
1652967586.6470308,0.3298870623111725,-0.1070823669433593,0.4154477715492248,-0.2531046867370605,0.2191957384347915,-0.942279815673828,0.1050047874450683,0.4169244170188904,2.2121129035949707,-0.2624147460390183,-0.2209900859880923,0.3083736844891671,72.0
1652967586.656668,0.2056053131818771,-0.1490709781646728,0.3423894047737121,-0.2440268397331237,0.2222315371036529,-0.9439618587493896,0.348362386226654,0.5138647556304932,2.1618781089782715,-0.2529751267499436,-0.224102646026645,0.3305182896119485,72.0
1652967586.666607,0.0741010159254074,-0.1500297784805297,0.2340406775474548,-0.2333721071481704,0.2244400978088379,-0.9461311101913452,0.2408335357904434,0.7383759021759033,2.186767101287842,-0.2418320812461798,-0.226368440238515,0.3528267049583146,72.0
1652967586.676724,0.0212954878807067,-0.1576241254806518,0.1562729030847549,-0.2202241867780685,0.2284621298313141,-0.9483176469802856,-0.0410364419221878,0.9711450338363647,2.24931263923645,-0.2281816951956463,-0.2304977379386029,0.3751162126008587,72.0
1652967586.68658,0.091777428984642,-0.1515257954597473,0.1316955089569091,-0.2055773586034774,0.235125720500946,-0.9499756693840028,-0.3368904590606689,0.993614673614502,2.313538074493408,-0.2131165569809558,-0.237347913333206,0.3974891063456504,72.0
1652967586.69669,0.1798289269208908,-0.1409870386123657,0.1834036707878112,-0.1908761709928512,0.2440407276153564,-0.9507946372032166,-0.5772838592529297,0.934008002281189,2.325993299484253,-0.1981208053455698,-0.2465303829177738,0.4198856992925787,72.0
1652967586.706631,0.199664756655693,-0.1231824159622192,0.2194248437881469,-0.1770969033241272,0.2549098134040832,-0.9506090879440308,-0.8388382196426392,0.7739123702049255,2.2447495460510254,-0.184186850940293,-0.2577544320703348,0.4416281462214897,72.0
1652967586.716531,0.109110951423645,-0.1157537698745727,0.222073346376419,-0.1642561107873916,0.2682830393314361,-0.9492334723472596,-1.196373701095581,0.7527933120727539,2.203798532485962,-0.1713440521550865,-0.2716102812431559,0.4623282256001252,72.0
1652967586.7265491,-0.03211010992527,-0.1489455699920654,0.2195410728454589,-0.1501560062170028,0.2840752005577087,-0.9469711780548096,-1.3965235948562622,0.933220624923706,2.2483527660369877,-0.1572552753484572,-0.2880417499748696,0.4828052359294447,72.0
1652967586.736478,-0.0428428351879119,-0.1650699377059936,0.3365510404109955,-0.1345099508762359,0.3002286851406097,-0.944335639476776,-1.274861216545105,0.9569120407104492,2.290764093399048,-0.141486966895853,-0.3049323850680891,0.504104837099761,72.0
1652967586.74647,-0.0147458612918853,-0.2160656452178955,0.5755903720855713,-0.1186921373009681,0.3127762675285339,-0.9423816204071044,-0.7676166892051697,0.93405282497406,2.2739405632019043,-0.1252893989459076,-0.3181145466346419,0.5263696507064083,72.0
1652967586.756299,-0.0466485619544982,-0.294790506362915,0.7654777765274048,-0.1024907380342483,0.3198187351226806,-0.9419190883636476,-0.2183412462472915,0.99760240316391,2.2295610904693604,-0.1083841456462798,-0.3255381678141988,0.5492525661815575,72.0
1652967586.766302,-0.040780983865261,-0.3273792266845703,0.7679040431976318,-0.0860652178525924,0.3221227526664734,-0.9427776336669922,0.1147006228566169,0.99467796087265,2.144956350326538,-0.0910366599715614,-0.3279709147853649,0.572161599154435,72.0
1652967586.776815,-0.0117490068078041,-0.3029161095619201,0.655691921710968,-0.0703431814908981,0.3225336968898773,-0.9439405798912048,0.1000571697950363,0.9270368218421936,2.0212979316711426,-0.0743832809977932,-0.3284050212740767,0.5941329662543483,72.0
1652967586.786433,-0.0143664963543415,-0.2784498333930969,0.5690301060676575,-0.0556712485849857,0.323547899723053,-0.9445726275444032,-0.0783525183796882,0.8679726719856262,1.8529596328735352,-0.0588699263177308,-0.3294766860176713,0.6144841898261622,72.0
1652967586.796484,-0.0274720042943954,-0.2781797647476196,0.5857393741607666,-0.0421690046787261,0.3257290422916412,-0.9445223212242126,-0.2096841782331466,0.7658745646476746,1.7256722450256348,-0.0446162263490243,-0.331782728527182,0.633210844570208,72.0
1652967586.806267,-0.0430729240179061,-0.253589391708374,0.678803563117981,-0.0300318337976932,0.3283222019672394,-0.9440882802009584,-0.2175865769386291,0.6772102117538452,1.5714237689971924,-0.0317996862026693,-0.3345267566502998,0.6505017647724415,72.0
1652967586.8163671,-0.0675009340047836,-0.2277759909629821,0.7395843267440796,-0.0189857818186283,0.3304686546325683,-0.9436259865760804,-0.1758254170417785,0.641410231590271,1.3997024297714231,-0.0201173135177936,-0.3368000780389273,0.6661241153503952,72.0
1652967586.826797,-0.0676245093345642,-0.1992772221565246,0.7560775279998779,-0.0085930489003658,0.3320876955986023,-0.9432094097137452,-0.1218082532286644,0.6501091718673706,1.2309740781784058,-0.0091101839969005,-0.3385160056908199,0.6799858651419178,72.0
1652967586.836278,-0.0297143459320068,-0.2099157571792602,0.7769699096679688,0.0010736950207501,0.3327254354953766,-0.943023145198822,-0.0040954668074846,0.5869851112365723,1.0383927822113037,0.0011385665180256,-0.3391922138037278,0.6920106081872717,72.0
1652967586.846237,-0.0074609527364373,-0.2100414633750915,0.8373335599899292,0.0093073677271604,0.3318710625171661,-0.9432788491249084,0.1930628716945648,0.5190175175666809,0.8247209191322327,0.0098667176766086,-0.3382863560468661,0.7018536056212895,72.0
1652967586.856068,-0.0342173129320144,-0.1985625624656677,0.8861129879951477,0.0164866913110017,0.3290511071681976,-0.944168210029602,0.3514115512371063,0.5008439421653748,0.614687979221344,0.0174598291281549,-0.3352985594655149,0.709436170597431,72.0
1652967586.866004,-0.0646825730800628,-0.1835013031959533,0.8881422281265259,0.0228583272546529,0.3254501521587372,-0.9452828764915466,0.3906835913658142,0.4883172512054443,0.3871040940284729,0.0241767569197206,-0.3314877606851249,0.714659741626399,72.0
1652967586.876636,-0.0518218129873275,-0.1756002902984619,0.796407163143158,0.0279113817960023,0.3220314681529999,-0.9463174343109132,0.3064951002597809,0.3959632515907287,0.1482480466365814,0.0294861855223368,-0.3278744689972507,0.7173532969447798,72.0
1652967586.886058,-0.0382273942232131,-0.0979494452476501,0.7530199289321899,0.0312389619648456,0.3196117877960205,-0.9470334649086,0.2123411744832992,0.2975248396396637,-0.078954204916954,0.0329741648365578,-0.3253197715773804,0.7175994302321785,72.0
1652967586.896008,-0.0619301833212375,-0.0529466867446899,0.76556396484375,0.0333658121526241,0.3178862333297729,-0.94754159450531,0.1773930341005325,0.2860963046550751,-0.3092813491821289,0.0351984886212417,-0.3234992456717036,0.7154964958465414,72.0
1652967586.905861,-0.0654643774032592,-0.0259937047958374,0.742847740650177,0.0344280935823917,0.3163867890834808,-0.9480053186416626,0.1726651191711425,0.2105847597122192,-0.5179980993270874,0.03630039722446,-0.3219181707727417,0.7110926549758363,72.0
1652967586.915902,-0.0629341304302215,0.0123456120491027,0.7212338447570801,0.0342171750962734,0.3146852254867553,-0.9485791325569152,0.2352307736873626,0.1677701771259308,-0.7102397084236145,0.0360563955988279,-0.3201250271332317,0.7045798927608319,72.0
1652967586.926,-0.0950146615505218,0.0321539640426635,0.6881492137908936,0.0335065722465515,0.312445729970932,-0.949344515800476,0.3003908693790436,0.2188605368137359,-0.8820300698280334,0.0352797834525709,-0.3177665825888888,0.6961112001773745,72.0
1652967586.935853,-0.0991196483373642,0.0384564995765686,0.6534484624862671,0.0328355506062507,0.3095793724060058,-0.950306475162506,0.3679019808769226,0.2453473210334777,-0.9983212351799012,0.0345388507882945,-0.3147506503590971,0.6861419216822742,72.0
1652967586.946031,-0.0743953883647918,0.0561040639877319,0.6364062428474426,0.0319455340504646,0.3061595857143402,-0.9514440298080444,0.420998752117157,0.2438769936561584,-1.1017794609069824,0.0335632317331061,-0.3111562806049495,0.6750417950922786,72.0
1652967586.955514,-0.0564622730016708,0.0901516079902648,0.6072742938995361,0.0308733768761158,0.3025308847427368,-0.9526394605636596,0.4084739089012146,0.2699557244777679,-1.2074958086013794,0.0323969116991004,-0.3073468555024511,0.6628312276284894,72.0
1652967586.9656072,-0.0440799742937088,0.1055943965911865,0.5579926371574402,0.0296452566981315,0.2994138896465301,-0.953662633895874,0.3184899687767029,0.2720612287521362,-1.3148674964904783,0.031075676905711,-0.3040783172423381,0.6495241566434421,72.0
1652967586.975428,-0.0250135064125061,0.1154384613037109,0.5059651136398315,0.0282026845961809,0.2975473403930664,-0.9542903900146484,0.1519976556301117,0.2746431529521942,-1.4111748933792114,0.0295449661488508,-0.3021226068924049,0.6352123901019461,72.0
1652967586.985526,-0.0159743726253509,0.150058627128601,0.4847401976585388,0.0265030432492494,0.2973184287548065,-0.9544104933738708,-0.0115025844424963,0.2837130725383758,-1.500042200088501,0.027761884890938,-0.3018828395181281,0.6199951106137371,72.0
1652967586.9954891,-0.0129876136779785,0.1855968832969665,0.4829759895801544,0.0250116251409053,0.2982281446456909,-0.954166829586029,-0.0752208456397056,0.3741247355937958,-1.5892457962036133,0.0262070503868761,-0.3028357989174819,0.6038947172706496,72.0
1652967587.00533,0.0215271990746259,0.1863002777099609,0.4917526543140411,0.0239745955914258,0.2989424467086792,-0.953969955444336,0.0247683376073837,0.4276140630245209,-1.716871976852417,0.0251261072034695,-0.3035842174592544,0.586672002992184,72.0
1652967587.015564,0.0580411255359649,0.143131136894226,0.5293420553207397,0.022677969187498,0.2981724441051483,-0.9542425870895386,0.2289523780345916,0.4158844351768493,-1.8276687860488887,0.0237609410925912,-0.3027774438981843,0.5681395296294097,72.0
1652967587.025793,0.0503317862749099,0.1143883466720581,0.5553002953529358,0.0214151460677385,0.2954534292221069,-0.9551171064376832,0.4226175248622894,0.4905094802379608,-1.914710640907288,0.0224177316032807,-0.2999300862437662,0.5484989876714371,72.0
1652967587.035622,0.0477187037467956,0.0893353223800659,0.4931173324584961,0.0208391435444355,0.2914132177829742,-0.9563702344894408,0.4994793534278869,0.5855518579483032,-1.9960901737213133,0.0217863807391617,-0.2957038517746982,0.5279950131285122,72.0
1652967587.045834,0.1025595813989639,0.0613874793052673,0.3791373968124389,0.0205484423786401,0.2872748970985412,-0.9576277136802672,0.4383361041545868,0.565929114818573,-2.050945997238159,0.0214543598709429,-0.2913805856585969,0.5068626620348812,72.0
1652967587.055149,0.1605425328016281,0.0692000389099121,0.307180792093277,0.0196180995553731,0.2842192649841308,-0.9585585594177246,0.2949644029140472,0.4779047667980194,-2.10982346534729,0.0204633931945311,-0.28819202253369,0.485169894707454,72.0
1652967587.06561,0.175745740532875,0.092146098613739,0.262475848197937,0.0178426206111907,0.2823849320411682,-0.9591352343559264,0.1761530637741089,0.4233701527118683,-2.1515469551086426,0.0186006760162863,-0.2862793247486098,0.4629805765996994,72.0
1652967587.07528,0.1646940857172012,0.0975173115730285,0.2470944821834564,0.0155886188149452,0.2812715470790863,-0.9595016241073608,0.146479919552803,0.3783542215824127,-2.1997525691986084,0.0162451505759662,-0.2851188892929877,0.4404052930389899,72.0
1652967587.0856051,0.1458229571580886,0.0759420990943908,0.2681882381439209,0.012853292748332,0.2799989581108093,-0.9599142670631408,0.1921944171190261,0.3570846319198608,-2.238809108734131,0.0133892420768648,-0.2837930213484772,0.4173213563356548,72.0
1652967587.0955238,0.1246033757925033,0.0661770105361938,0.289378672838211,0.0101776169613003,0.2782177031040191,-0.9604641199111938,0.2359927743673324,0.4071685969829559,-2.2718069553375244,0.0105961647283191,-0.2819380527226196,0.3938813728764515,72.0
1652967587.1051111,0.1332534402608871,0.0752834677696228,0.2601784467697143,0.0080735627561807,0.2759695947170257,-0.9611324667930604,0.2703709900379181,0.4693067967891693,-2.2945446968078613,0.0083998545691576,-0.2795983182267598,0.3701816274504536,72.0
1652967587.1152492,0.1734241992235183,0.0801230072975158,0.2213637828826904,0.0064465212635695,0.2734939455986023,-0.9618521332740784,0.2831855118274688,0.5068247318267822,-2.335062265396118,0.0067020954048279,-0.2770236046309999,0.3461786140211947,72.0
1652967587.124943,0.2158103883266449,0.0697786211967468,0.1760926842689514,0.005152253434062,0.2709287405014038,-0.9625856280326844,0.2843490242958069,0.5591025948524475,-2.382586717605591,0.0053524633957568,-0.274357738493422,0.3217222420658396,72.0
1652967587.135106,0.242189735174179,0.0247084498405456,0.1387034952640533,0.0042093065567314,0.268751859664917,-0.9632002711296082,0.1770712584257125,0.5795817375183105,-2.407172918319702,0.0043700984385144,-0.2720969835219203,0.2969023216068763,72.0
1652967587.145245,0.2641687989234924,0.0082413554191589,0.077479064464569,0.0033331671729683,0.2681171894073486,-0.9633805155754088,-0.0392069816589355,0.5760261416435242,-2.3926005363464355,0.0034598518233597,-0.2714381394335097,0.2720483410247097,72.0
1652967587.155071,0.2751636505126953,0.0348971486091613,0.0007120966911315,0.0023327947128564,0.269826203584671,-0.9629061818122864,-0.3060489296913147,0.5417127013206482,-2.364055633544922,0.0024226556874808,-0.2732125407590742,0.2474695703079401,72.0
1652967587.165371,0.2631143927574157,0.0631117820739746,-0.0394152104854583,0.001015352550894,0.2739885449409485,-0.9617324471473694,-0.542349100112915,0.5054833292961121,-2.313011646270752,0.0010557533581406,-0.2775378296978841,0.2232630063630075,72.0
1652967587.1748528,0.2460265606641769,0.0818936824798584,-0.0275272727012634,-0.0004972654860466,0.2800297141075134,-0.959991216659546,-0.70029616355896,0.5040619373321533,-2.262494802474976,-0.0005179896027714,-0.283825046405288,0.1995515680937628,72.0
1652967587.184942,0.2355459630489349,0.0874935388565063,0.0098986625671386,-0.0019032618729397,0.286838948726654,-0.9579769372940063,-0.7180373668670654,0.516713559627533,-2.225305318832397,-0.0019867486163285,-0.2909254915388992,0.1762796501396722,72.0
1652967587.194745,0.2232265919446945,0.1036373376846313,0.0455590784549713,-0.0034236146602779,0.2935674488544464,-0.9559322595596312,-0.693549394607544,0.5379170179367065,-2.2497353553771973,-0.0035814255028831,-0.2979565787740211,0.1529859144988091,72.0
1652967587.204934,0.1846609264612198,0.0804213881492614,0.0384759306907653,-0.0043019233271479,0.2997198104858398,-0.9540175795555116,-0.6265392303466797,0.699566662311554,-2.2740371227264404,-0.0045092399493966,-0.3043989608775865,0.1293396953529004,72.0
1652967587.2146192,0.1872092634439468,0.0446106791496276,0.0171440839767456,-0.0038595378864556,0.3054876923561096,-0.9521881937980652,-0.6081718802452087,0.8307644724845886,-2.284656524658203,-0.0040533128289142,-0.3104505782403147,0.1054793788714165,72.0
1652967587.224754,0.2376723736524582,0.0084183812141418,0.0116879940032958,-0.0027174269780516,0.3110048174858093,-0.9504044651985168,-0.5735329389572144,0.874299943447113,-2.274155139923096,-0.0028592242998059,-0.3162501059708015,0.0816020094595522,72.0
1652967587.2345672,0.2666562795639038,-0.0353645086288452,-0.0389821529388427,-0.00154995766934,0.3163411021232605,-0.94864422082901,-0.5674307346343994,0.8657448291778564,-2.2532877922058105,-0.0016338646687892,-0.3218700275836695,0.0578080306217498,72.0
1652967587.2445478,0.2552764415740967,-0.0283737182617187,-0.1466641128063202,-0.0004697917320299,0.3219112753868103,-0.9467697143554688,-0.6213392615318298,0.8545411825180054,-2.1937618255615234,-0.0004962048103802,-0.3277475328475252,0.034426556075441,72.0
1652967587.254472,0.2129843980073928,-0.0205548405647277,-0.2326817512512207,0.0006234959582798,0.3280644416809082,-0.9446551203727722,-0.6844819784164429,0.8597903847694397,-2.108571052551269,0.0006600248540938,-0.3342538813166044,0.0117952322435816,72.0
1652967587.264629,0.1772434264421463,-0.0123654603958129,-0.2871170043945312,0.0020016764756292,0.3346328437328338,-0.942346453666687,-0.6988827586174011,0.9037184715270996,-2.079474449157715,0.0021241376126447,-0.3412155994398468,-0.0102796371201003,72.0
1652967587.274386,0.1701923757791519,0.014408528804779,-0.3156526982784271,0.003452751552686,0.3411806225776672,-0.9399914145469666,-0.6785637140274048,0.9074589014053344,-2.070109367370605,0.0036731570937019,-0.3481726063930413,-0.0322812790933442,72.0
1652967587.28438,0.1858076900243759,0.0570784211158752,-0.2744335830211639,0.0050798757001757,0.3479198813438415,-0.9375104904174804,-0.7470319271087646,0.9204176068305968,-1.9427906274795528,0.0054184203096904,-0.3553514400319589,-0.0535988978754086,72.0
1652967587.294327,0.2185085117816925,0.0469772219657897,-0.1354322433471679,0.0070775458589196,0.3547162711620331,-0.9349471926689148,-0.6614777445793152,0.8904279470443726,-1.763420343399048,0.007569850406107,-0.3626105910319157,-0.0732597392261439,72.0
1652967587.304327,0.248996615409851,-0.0164655447006225,-0.0644485354423523,0.0092279920354485,0.3600417971611023,-0.93289053440094,-0.4344602823257446,0.8553503751754761,-1.605991005897522,0.0098915041835665,-0.3683126945118349,-0.0911502907584777,72.0
1652967587.314192,0.2754969596862793,-0.0913537740707397,-0.0935330688953399,0.0113226175308227,0.3628506362438202,-0.9317784905433656,-0.1220940724015235,0.8009816408157349,-1.506568193435669,0.0121510214862449,-0.3713252145029108,-0.1077040499982939,72.0
1652967587.3242111,0.2907677292823791,-0.1742788553237915,-0.1334011256694793,0.0133095318451523,0.3623745143413543,-0.9319375157356262,0.2612535953521728,0.7636401057243347,-1.4258512258529663,0.0142806002989114,-0.3708143117349941,-0.1233319154886629,72.0
1652967587.334266,0.3025736808776855,-0.2053954005241394,-0.1534179449081421,0.0150991585105657,0.3584044873714447,-0.9334442615509032,0.614790141582489,0.6930333971977234,-1.3716691732406616,0.016174336281289,-0.366558279965551,-0.1383187664884289,72.0
1652967587.344151,0.3118912577629089,-0.1853280663490295,-0.1894297301769256,0.0163101442158222,0.3519206643104553,-0.9358877539634703,0.8128446340560913,0.5900481939315796,-1.323373794555664,0.0174256948308665,-0.3596222251218155,-0.1528385382863913,72.0
1652967587.3540711,0.3083759248256683,-0.1509819030761718,-0.2716335952281952,0.016804251819849,0.3443417251110077,-0.9386940002441406,0.8383876085281372,0.4795307219028473,-1.2652379274368286,0.0178998237735242,-0.3515375372622769,-0.1667436971221947,72.0
1652967587.364008,0.2858586311340332,-0.1117792129516601,-0.3594508469104767,0.0166011806577444,0.3371882736682892,-0.9412908554077148,0.7121548056602478,0.3796012103557586,-1.2206987142562866,0.017634783166372,-0.3439286667100917,-0.1800123212942427,72.0
1652967587.3739672,0.2503694891929626,-0.0891004800796508,-0.4204249382019043,0.0158965103328228,0.3316645622253418,-0.9432634115219116,0.5069922804832458,0.3249906003475189,-1.1801213026046753,0.0168510769325993,-0.338067450603742,-0.1928207505581915,72.0
1652967587.3842149,0.2243178337812423,-0.0802226066589355,-0.4466249644756317,0.0150011302903294,0.3283540904521942,-0.9444355964660645,0.2320267111063003,0.29849773645401,-1.1412652730941772,0.0158823633512464,-0.3345605223427293,-0.2051578035406409,72.0
1652967587.393972,0.2104943543672561,-0.081554889678955,-0.4576225578784942,0.0141609087586402,0.3275261223316192,-0.9447360038757324,-0.0103027634322643,0.3073573112487793,-1.0829074382781982,0.0149881533794936,-0.3336840794171105,-0.2169243755411255,72.0
1652967587.404039,0.2018957585096359,-0.1008377075195312,-0.4459471106529236,0.013741560280323,0.3284544646739959,-0.9444198608398438,-0.1437266021966934,0.3249291181564331,-0.9863918423652648,0.014549239617402,-0.3346667806772981,-0.227815958786123,72.0
1652967587.413789,0.2021890878677368,-0.1119436025619506,-0.4060973525047302,0.0137686626985669,0.3301085829734802,-0.9438425302505492,-0.1642736196517944,0.3376224935054779,-0.8952094912528992,0.0145868467453085,-0.3364185897902619,-0.2377222916821677,72.0
1652967587.423825,0.1971591860055923,-0.1222417950630188,-0.364979088306427,0.0142819657921791,0.331562340259552,-0.9433252215385436,-0.115851767361164,0.3640932738780975,-0.8093358278274536,0.0151388672184803,-0.3379591220735793,-0.2466685799054027,72.0
1652967587.433924,0.1915154308080673,-0.1173910498619079,-0.3499464690685272,0.0152412746101617,0.3325209617614746,-0.942972719669342,-0.0673508048057556,0.3768684267997741,-0.7245251536369324,0.0161615996561903,-0.3389753883614829,-0.2547552320745289,72.0
1652967587.4437351,0.1866886019706726,-0.1112720966339111,-0.3495754599571228,0.0165585912764072,0.3330196738243103,-0.9427744746208192,-0.0285373590886592,0.3836016952991485,-0.6409866213798523,0.0175618765360728,-0.3395042393306096,-0.2619548508841078,72.0
1652967587.453668,0.1803481131792068,-0.0977281332015991,-0.32606902718544,0.0180925372987985,0.333301693201065,-0.942646622657776,-0.0159792229533195,0.3644780814647674,-0.5666391253471375,0.0191909850771718,-0.3398033617331952,-0.2683304033075354,72.0
1652967587.463681,0.1699735671281814,-0.0827907919883728,-0.2978667914867401,0.0196017380803823,0.3334350287914276,-0.9425692558288574,0.0092989681288599,0.3407410681247711,-0.5140728950500488,0.0207930748440497,-0.3399447771445412,-0.2740215554211205,72.0
1652967587.473558,0.1540292650461197,-0.0763237476348877,-0.2855322062969208,0.0211417395621538,0.3335210978984833,-0.9425055384635924,-0.0156068475916981,0.3261010348796844,-0.4500539302825928,0.0224276605436717,-0.3400360758486739,-0.2791248581757882,72.0
1652967587.4835582,0.1435499787330627,-0.0612252354621887,-0.2640856504440307,0.0227251425385475,0.3339556753635406,-0.9423148036003112,-0.057097028940916,0.305696427822113,-0.3835641145706177,0.0241116227660461,-0.3404970717257345,-0.2835315959007648,72.0
1652967587.493516,0.1341187506914138,-0.0656406879425048,-0.2359735369682312,0.0244049187749624,0.3347131609916687,-0.9420039653778076,-0.0837173238396644,0.3007766008377075,-0.316045880317688,0.025901652992695,-0.3413008176683638,-0.2872187719952259,72.0
1652967587.503758,0.1266486942768097,-0.0687450170516967,-0.2163028717041015,0.0261529311537742,0.335672378540039,-0.941615641117096,-0.1037557423114776,0.2769234478473663,-0.266990453004837,0.0277673905171156,-0.3423189456262407,-0.2902594736614822,72.0
1652967587.5134568,0.1196266636252403,-0.0724474787712097,-0.1932999789714813,0.0278496462851762,0.3367173373699188,-0.9411938190460204,-0.1021941378712654,0.2573410868644714,-0.2225716412067413,0.0295810718038207,-0.3434284605617257,-0.2928309365745328,72.0
1652967587.52346,0.1130581572651863,-0.0786049962043762,-0.1617520749568939,0.0295048225671052,0.337579071521759,-0.940834641456604,-0.0590187087655067,0.2395192086696624,-0.1891867816448211,0.0313499891255298,-0.3443438032289758,-0.2949823569104129,72.0
1652967587.533352,0.1086108461022377,-0.0816966295242309,-0.1417652368545532,0.0310682188719511,0.3379322588443756,-0.9406574964523317,-0.0082762306556105,0.2165700048208236,-0.1481579691171646,0.0330161913473358,-0.3447190326756044,-0.2967343467223551,72.0
1652967587.543335,0.0998102277517318,-0.0700262784957885,-0.126785397529602,0.032422550022602,0.3379823267459869,-0.9405938386917114,-1.4837831258773804e-05,0.1671574413776397,-0.1165124252438545,0.0344566578216029,-0.3447722248547382,-0.2981080381518099,72.0
1652967587.553354,0.0889638736844062,-0.0485077500343322,-0.1232745051383972,0.0333811976015567,0.3381335437297821,-0.9405059218406676,-0.0290595367550849,0.1195795983076095,-0.0937404632568359,0.0354779161760065,-0.3449329042159367,-0.2992300558890288,72.0
1652967587.56322,0.0711494758725166,-0.0362231731414794,-0.131939560174942,0.0341667905449867,0.3387724459171295,-0.9402477741241456,-0.1148780360817909,0.1016448065638542,-0.0616890490055084,0.036322089650241,-0.3456118883099542,-0.300034028865026,72.0
1652967587.5732942,0.0565825253725051,-0.0050292015075683,-0.1260085701942443,0.0347719453275203,0.3404708802700043,-0.9396118521690368,-0.2463618963956833,0.0592072233557701,-0.0109347170218825,0.0369898312020483,-0.3474176453008734,-0.3003603218006415,72.0
1652967587.583184,0.0435453243553638,0.0095463395118713,-0.1156083643436431,0.0353732369840145,0.3432084619998932,-0.9385929107666016,-0.3312219381332397,0.0566013194620609,0.0479009002447128,0.0376696904789497,-0.3503307330511556,-0.3000533394863338,72.0
1652967587.5931292,0.0217757523059844,0.001391053199768,-0.0947595536708831,0.0363298170268535,0.3464075028896332,-0.9373803734779358,-0.3504008650779724,0.088373102247715,0.1162035688757896,0.0387373626926634,-0.3537387615583122,-0.2990493015684943,72.0
