1652965168.216706,-0.0040531158447265,-0.0187444686889648,-0.0371966660022735,-0.4385891854763031,0.4453083276748657,-0.7806023955345154,-1.1113723516464231,0.3320274353027344,0.3354653716087341,-0.5119030897479703,-0.4615185973683613,0.3200991311164779,89.0
1652965168.22656,0.0016397535800933,0.0218269824981689,-0.0820614397525787,-0.4346537590026855,0.4557187557220459,-0.7767860293388367,-1.2084565162658691,0.3112973868846893,0.3046453893184662,-0.5101487657631696,-0.4731795234962534,0.3168967657287293,89.0
1652965168.236541,0.0193335115909576,0.0462676882743835,-0.1189644336700439,-0.4311225414276123,0.4665749967098236,-0.7722960114479065,-1.2894197702407837,0.2591606974601745,0.2706157565116882,-0.5091435481149474,-0.4854144704769086,0.312881128202453,89.0
1652965168.246433,0.0286090373992919,0.0853431224822998,-0.1030579507350921,-0.4281300008296966,0.4777833819389343,-0.7670904397964478,-1.3489869832992554,0.2230783104896545,0.2137093245983123,-0.5090574564388299,-0.4981297139511753,0.3080173250260321,89.0
1652965168.256414,0.0291574597358703,0.0925540328025817,-0.0552921891212463,-0.4257029592990875,0.488413006067276,-0.7617281675338745,-1.2205545902252195,0.1852295696735382,0.1345268487930297,-0.5096236235478051,-0.5102701501873956,0.3025619508541494,89.0
1652965168.266423,0.0332125723361969,0.0760349035263061,-0.0506121516227722,-0.4240360260009765,0.4971301853656769,-0.7570040225982666,-0.9648452401161194,0.1269510835409164,0.0582432672381401,-0.5106027168597158,-0.5202881631169927,0.2973712706431839,89.0
1652965168.2764258,0.0401423573493957,0.0713435411453247,-0.1090590357780456,-0.4232448637485504,0.5034988522529602,-0.7532281875610352,-0.7068962454795837,0.0650756880640983,-0.0134769529104232,-0.5119395453550561,-0.5276436044232843,0.2928841322611069,89.0
1652965168.286404,0.0400932431221008,0.08278489112854,-0.1753137111663818,-0.423149973154068,0.5077570080757141,-0.7504178881645203,-0.4965275526046753,0.0432031378149986,-0.1121976673603057,-0.513441545611744,-0.532579194068457,0.2888786240006143,89.0
1652965168.296273,0.0420327484607696,0.0780588388442993,-0.2060961723327636,-0.4237009286880493,0.509944498538971,-0.7486215233802795,-0.270160973072052,0.0148233231157064,-0.1857885718345642,-0.515025169816065,-0.5351202596106823,0.2851840714556417,89.0
1652965168.306253,0.0496654510498046,0.0454770326614379,-0.212076723575592,-0.4247723519802093,0.5104471445083618,-0.7476711869239807,-0.1162614002823829,-0.01163225248456,-0.2483712583780288,-0.5166538768905344,-0.5357047293593256,0.2819429006250959,89.0
1652965168.316251,0.0341319739818573,-0.0001355409622192,-0.2129393815994262,-0.4262982010841369,0.509783923625946,-0.7472551465034485,-0.0478405356407165,-0.0079178884625434,-0.3322837054729461,-0.5184348893367382,-0.534933631782218,0.2785983468901189,89.0
1652965168.326144,0.0191917717456817,-0.0460826158523559,-0.2316734194755554,-0.4282800257205963,0.5084831714630127,-0.7470081448554993,-0.0514999851584434,-0.0005409317091107,-0.4356231391429901,-0.5205761645078637,-0.5334223182198794,0.2744767836986146,89.0
1652965168.336069,0.0063518285751342,-0.066704511642456,-0.2490651607513427,-0.4306530654430389,0.5067556500434875,-0.7468177080154419,-0.0574643313884735,0.0354591980576515,-0.5638488531112671,-0.523074054621638,-0.5314172854689029,0.2691420419042219,89.0
1652965168.3460522,-0.0094437599182128,-0.098978042602539,-0.2732155323028564,-0.4334427416324615,0.5045540928840637,-0.7466945052146912,-0.0807528793811798,0.0587637238204479,-0.6895881295204163,-0.5259444110728994,-0.5288654192679481,0.2625064457703678,89.0
1652965168.356158,-0.0104846060276031,-0.1322556734085083,-0.313066303730011,-0.4366895258426666,0.5020617246627808,-0.7464826107025146,-0.1213740780949592,0.0874042063951492,-0.820397675037384,-0.529314284561868,-0.525981111196654,0.2543808658099911,89.0
1652965168.3659282,0.0105723142623901,-0.1818076372146606,-0.3404251635074615,-0.4403056800365448,0.4990403354167938,-0.7463843822479248,-0.0956567227840423,0.1127532422542572,-0.9277382493019104,-0.5329733995774928,-0.5224910097001778,0.245051018196861,89.0
1652965168.3759608,0.0139210820198059,-0.2508186101913452,-0.3056275844573974,-0.4441732764244079,0.4951112866401672,-0.746709406375885,0.0133591722697019,0.1397538632154464,-1.0149363279342651,-0.5366173820768763,-0.5179629246620056,0.2351640112077934,89.0
1652965168.3858771,-0.015424758195877,-0.3474328517913818,-0.2416629791259765,-0.4481373429298401,0.4898930490016937,-0.7477819323539734,0.1321257650852203,0.1858467906713485,-1.0873730182647705,-0.5398964003726637,-0.5119670596739605,0.2252919033396845,89.0
1652965168.3957949,-0.0605308413505554,-0.4334969520568847,-0.2160165309906005,-0.4519662261009216,0.4832590222358703,-0.7497915029525757,0.2614715099334717,0.2694545984268188,-1.195435643196106,-0.5424678698606157,-0.5043734721484734,0.2153478843054699,89.0
1652965168.405802,-0.0856394469738006,-0.5200905799865723,-0.262906014919281,-0.4555136263370514,0.4755983650684356,-0.7525380849838257,0.2553864419460296,0.3738033771514892,-1.3013029098510742,-0.5443097029016346,-0.4956441147270867,0.2047790214766824,89.0
1652965168.415745,-0.0466119945049285,-0.5717629194259644,-0.3236153423786163,-0.4588202536106109,0.4680398404598236,-0.7552633285522461,0.1010279729962349,0.4527391493320465,-1.4228346347808838,-0.5459137990074873,-0.4870713761966936,0.1927230002063267,89.0
1652965168.425726,0.0187496840953826,-0.6111088991165161,-0.3634925782680511,-0.4622617363929748,0.4612404406070709,-0.7573449611663818,-0.1228251010179519,0.475233793258667,-1.5482479333877563,-0.5480106994255438,-0.4793927149439909,0.1784006988546247,89.0
1652965168.435647,0.0685260295867919,-0.6979039311408997,-0.3660793602466583,-0.465727686882019,0.4556942880153656,-0.7585779428482056,-0.3719120323657989,0.5545841455459595,-1.665796995162964,-0.5506125893602553,-0.4731520437830125,0.1616051130597971,89.0
1652965168.445638,0.0406359136104583,-0.8596619367599487,-0.3293374180793762,-0.4689349234104156,0.451316237449646,-0.7592191696166992,-0.6122084856033325,0.6833738088607788,-1.8139073848724363,-0.5532995087929514,-0.4682397842584612,0.1421628519776339,89.0
1652965168.455729,-0.0269090831279754,-1.0556774139404297,-0.2457693815231323,-0.4715193212032318,0.4478415846824646,-0.7596758604049683,-0.8061058521270752,0.8719215393066406,-1.9596930742263796,-0.5554902904842455,-0.4643498503639664,0.1201142858886416,89.0
1652965168.4656029,-0.1016578674316406,-1.2002065181732178,-0.1664332449436187,-0.4730492532253265,0.4451808631420135,-0.760288417339325,-1.0237926244735718,1.112624168395996,-2.103132486343384,-0.5565812228318504,-0.4613762275174022,0.0955657269525488,89.0
1652965168.4755049,-0.168012648820877,-1.2086763381958008,-0.1065790951251983,-0.4732685983181,0.4435389637947082,-0.7611110806465149,-1.2643382549285889,1.378861427307129,-2.2683370113372803,-0.5563041091774018,-0.4595434392570215,0.068235648609496,89.0
1652965168.485509,-0.2040201425552368,-1.1490001678466797,-0.0548557937145233,-0.4721426665782928,0.4431157410144806,-0.762056291103363,-1.5503085851669312,1.648221492767334,-2.42999267578125,-0.5546807499943844,-0.4590712858012167,0.0378148250050555,89.0
1652965168.4954228,-0.206773579120636,-1.0953693389892578,0.0302309989929199,-0.4697706699371338,0.4439359009265899,-0.7630441784858704,-1.7202950716018677,1.8621128797531128,-2.545189142227173,-0.5518498393715255,-0.4599863776999217,0.0046793181997632,89.0
1652965168.505367,-0.2162245810031891,-1.121623992919922,0.1621125638484954,-0.4662858247756958,0.4451567530632019,-0.7644690871238708,-1.732214331626892,2.0469110012054443,-2.591100215911865,-0.5477015931946396,-0.4613493225599244,-0.0298412662485967,89.0
1652965168.515337,-0.2797496020793915,-1.205186367034912,0.3251740038394928,-0.4613546133041382,0.4460509717464447,-0.7669357657432556,-1.6231067180633545,2.2604761123657227,-2.5595526695251465,-0.5415626515821804,-0.462348175056861,-0.0640684601878457,89.0
1652965168.525481,-0.39890256524086,-1.220320224761963,0.4862693548202514,-0.4543995559215545,0.4465309977531433,-0.7707990407943726,-1.4896453619003296,2.480083465576172,-2.4682204723358154,-0.532676141671738,-0.4628845763884989,-0.0970158685226952,89.0
1652965168.535265,-0.51007479429245,-1.0914974212646484,0.5763468146324158,-0.4449576735496521,0.4468007981777191,-0.7761325836181641,-1.399322271347046,2.745112895965576,-2.3235421180725098,-0.5205565777793322,-0.4631861462412286,-0.1281157685535225,89.0
1652965168.54525,-0.5659669637680054,-0.8926982879638672,0.6107145547866821,-0.432644635438919,0.4481538832187652,-0.7822893857955933,-1.4803087711334229,2.9766876697540283,-2.1250171661376958,-0.5051813213285009,-0.4646991666969567,-0.157526600668355,89.0
1652965168.555196,-0.5661659836769104,-0.6950072646141052,0.6673158407211304,-0.4175835251808166,0.451946884393692,-0.78826904296875,-1.6427149772644043,3.155070543289185,-1.8602521419525144,-0.4871614107504927,-0.4689466469478869,-0.1853839028911955,89.0
1652965168.566046,-0.5570840239524841,-0.5920395255088806,0.7741974592208862,-0.3999015688896179,0.4578277468681335,-0.7940230369567871,-1.6026737689971924,3.269551038742065,-1.5461711883544922,-0.4665551899246974,-0.4755503007947275,-0.2107740615360923,89.0
1652965168.5751271,-0.5473570227622986,-0.541610598564148,0.9062741994857788,-0.3799654841423034,0.4650332033634186,-0.7996063828468323,-1.4817535877227783,3.310858249664306,-1.1202125549316406,-0.4436038880490362,-0.4836721170913271,-0.2319717061303587,89.0
1652965168.585071,-0.5853880643844604,-0.5008541941642761,0.9918636679649352,-0.357528954744339,0.4724155366420746,-0.8056032657623291,-1.185676097869873,3.329782485961914,-0.640134871006012,-0.4176883470417634,-0.4920294220229533,-0.2472596536117242,89.0
1652965168.595168,-0.6370894908905029,-0.3533652424812317,1.0327094793319702,-0.3324235081672668,0.4795433580875397,-0.812116265296936,-0.9254907369613647,3.374936103820801,-0.1534533053636551,-0.3885234876118106,-0.5001342694932196,-0.2560441821067769,89.0
1652965168.6050038,-0.6521665453910828,-0.1732902526855468,1.0048513412475586,-0.3044680953025818,0.4862681329250335,-0.8190497756004333,-0.6892414689064026,3.4102065563201904,0.3119087815284729,-0.3559036467488208,-0.507813835080333,-0.2584754481065338,89.0
1652965168.615051,-0.6274460554122925,-0.0145289897918701,0.9589890241622924,-0.2739670276641845,0.4927627444267273,-0.8259097337722778,-0.5309222936630249,3.3969943523406982,0.7302538752555847,-0.320293745314433,-0.5152618831028503,-0.2550917702947912,89.0
1652965168.625034,-0.6227414608001709,0.0925979018211364,0.8845340013504028,-0.2416080236434936,0.4989804923534393,-0.8322524428367615,-0.4103114902973175,3.353553295135498,1.0692774057388306,-0.2825398353696369,-0.5224219451714835,-0.2467623228169293,89.0
1652965168.634864,-0.6374136805534363,0.1812246441841125,0.7866128087043762,-0.2079080790281295,0.5047995448112488,-0.8378255367279053,-0.3450080752372741,3.300055503845215,1.3229718208312988,-0.2432386096800512,-0.5291497643024736,-0.234514173597411,89.0
1652965168.644827,-0.665136456489563,0.2622471451759338,0.6928271055221558,-0.1733646094799041,0.5100995898246765,-0.8424625396728516,-0.2820986211299896,3.244650363922119,1.5071980953216553,-0.2029500615315583,-0.5353005482355985,-0.2192991359786729,89.0
1652965168.6547909,-0.6905947923660278,0.3365638852119446,0.6049772500991821,-0.1382779628038406,0.5148500204086304,-0.8460547924041748,-0.27713543176651,3.191459894180298,1.6398769617080688,-0.1620061713536828,-0.540832693874943,-0.2018997911241175,89.0
1652965168.665041,-0.6864969730377197,0.4293473362922668,0.5132759809494019,-0.102901317179203,0.5194084048271179,-0.8483079075813293,-0.3363305926322937,3.1252706050872803,1.7328699827194214,-0.1207120988860465,-0.546158485114068,-0.1829487973931864,89.0
1652965168.6749349,-0.6455469131469727,0.5509089231491089,0.4364159107208252,-0.0675879716873169,0.5240944027900696,-0.8489740490913391,-0.4010606408119201,3.061398506164551,1.7974658012390137,-0.0794437935683824,-0.5516514084147893,-0.1628520595861581,89.0
1652965168.6847448,-0.5823779106140137,0.6410830020904541,0.3996738791465759,-0.0325971618294715,0.5283199548721313,-0.8484194278717041,-0.3712926208972931,2.924060106277466,1.877113938331604,-0.0384021564325542,-0.5566205650176971,-0.1416842725113758,89.0
1652965168.6947222,-0.5373092293739319,0.6869086623191833,0.4008572101593017,0.0015120249008759,0.5311954617500305,-0.8472480177879333,-0.2351782023906707,2.7537169456481934,1.9760559797286987,0.0017846288591929,-0.5600109221284263,-0.1191272662971165,89.0
1652965168.704739,-0.5516363978385925,0.7157202363014221,0.3767327070236206,0.0348669178783893,0.5321876406669617,-0.8459081649780273,-0.0920769721269607,2.625290632247925,2.058051824569702,0.041195006537411,-0.5611824157273562,-0.0954018136317169,89.0
1652965168.714488,-0.5435214042663574,0.7235037684440613,0.3206298351287842,0.0675691738724708,0.5314362645149231,-0.8443991541862488,0.0108008747920393,2.4888405799865723,2.1524362564086914,0.0798502734754942,-0.5602951439633153,-0.0706506760193886,89.0
1652965168.724467,-0.5115069150924683,0.7432934045791626,0.2658493518829345,0.0994737297296524,0.5293014645576477,-0.8425822854042053,0.0578474774956703,2.3477931022644043,2.232521772384644,0.1175142279407823,-0.5577770321372776,-0.0450641589772127,89.0
1652965168.734611,-0.4908157885074615,0.7860835194587708,0.2368026375770568,0.130479410290718,0.5260910987854004,-0.8403590321540833,0.0865658074617385,2.190823793411255,2.321116209030152,0.1540363117659041,-0.5539976171727248,-0.0187207305923032,89.0
1652965168.744434,-0.4865196347236633,0.842020571231842,0.2051512598991394,0.1605307757854461,0.5218537449836731,-0.8377938270568848,0.108968049287796,2.06058669090271,2.390522718429565,0.189316652560935,-0.5490226516298677,0.0082577215377598,89.0
1652965168.75437,-0.4805895984172821,0.8705507516860962,0.174578309059143,0.1896501928567886,0.5165380835533142,-0.8349977731704712,0.1613164097070694,1.927178740501404,2.443588733673096,0.2233376365568671,-0.5428029181214311,0.0354711437093354,89.0
1652965168.764379,-0.4639971852302551,0.875589907169342,0.1483355164527893,0.2176134437322616,0.5098981857299805,-0.832254946231842,0.225339874625206,1.76385235786438,2.5133087635040283,0.2557486997647925,-0.5350663953829422,0.0628821674282441,89.0
1652965168.774291,-0.4659027457237243,0.8868700861930847,0.1111772060394287,0.2444823831319809,0.5019819736480713,-0.8296038508415222,0.2643537223339081,1.6297513246536257,2.5718398094177246,0.286585280164057,-0.525888904681043,0.0904006529552726,89.0
1652965168.784267,-0.4674080610275268,0.9022567868232728,0.0623812675476074,0.2702491581439972,0.4931913018226623,-0.8268783092498779,0.2511939704418182,1.5025335550308228,2.616943359375,0.3158867282353062,-0.5157544379594301,0.1179933486773371,89.0
1652965168.794207,-0.4598977565765381,0.9162829518318176,0.0065476298332214,0.2949348986148834,0.4840377271175384,-0.8238452076911926,0.1535004377365112,1.3828768730163574,2.6457161903381348,0.3437820990918301,-0.5052631602904998,0.145635724352723,89.0
1652965168.804383,-0.4323462545871734,0.9449600577354432,-0.0360349118709564,0.3183019757270813,0.4751829206943512,-0.8202956914901733,0.0296908766031265,1.234832763671875,2.647624254226685,0.3701478107872971,-0.4951719091669799,0.173428162345184,89.0
1652965168.814186,-0.3951302766799927,0.9694457054138184,-0.0609129071235656,0.3400612473487854,0.4665831327438354,-0.8164916038513184,-0.0334613285958766,1.0529261827468872,2.6366336345672607,0.3946412744687677,-0.4854236798810633,0.2011749538990316,89.0
1652965168.82403,-0.3892823755741119,0.9594758152961732,-0.0667436420917511,0.3599091470241546,0.457750141620636,-0.8129761219024658,-0.0399538502097129,0.8577559590339661,2.6197311878204346,0.4167714270481394,-0.4754630048492849,0.2284768023852345,89.0
1652965168.833996,-0.4055116176605224,0.9585047364234924,-0.0871138274669647,0.3778168559074402,0.4483810067176819,-0.8100672364234924,-0.0188560895621776,0.6609854698181152,2.590019464492798,0.4364096885245473,-0.464953224605982,0.2550845478011593,89.0
1652965168.844036,-0.4076641798019409,0.9576563239097596,-0.13837930560112,0.3937328457832336,0.4385044872760772,-0.807891309261322,0.0211456567049026,0.4665088951587677,2.5544686317443848,0.4534835106600984,-0.4539339812065707,0.2809212280775122,89.0
1652965168.853979,-0.3964256942272186,0.9443198442459106,-0.1889203488826751,0.4076408743858337,0.4281171858310699,-0.8065634965896606,0.0531035885214805,0.2717092335224151,2.5084035396575928,0.4679619022691465,-0.4424083424674842,0.3057732519004965,89.0
1652965168.86406,-0.3731764554977417,0.9320377707481384,-0.2154809236526489,0.4195020794868469,0.4173547923564911,-0.8061222434043884,0.0850165113806724,0.07484170794487,2.448751926422119,0.4798302797201791,-0.4305325308231564,0.3296887429903828,89.0
1652965168.874058,-0.3514748513698578,0.9130228757858276,-0.2491748034954071,0.4293403923511505,0.4062336087226867,-0.8066233396530151,0.1540537774562835,-0.0838349163532257,2.367305278778076,0.4891281482344985,-0.4183284416947511,0.3524010844045702,89.0
1652965168.883852,-0.3271388709545135,0.8844138383865356,-0.2712251245975494,0.4372157454490661,0.3948518931865692,-0.8080435991287231,0.1780286133289337,-0.259319931268692,2.265287399291992,0.4959685888622008,-0.4059066365262659,0.3737026372612296,89.0
1652965168.893791,-0.3065483272075653,0.8843101263046265,-0.2817888557910919,0.4429466128349304,0.3836718797683716,-0.8103049993515015,0.1954299807548523,-0.4384702444076538,2.1530113220214844,0.5002613096457615,-0.3937691923876465,0.3937196070530351,89.0
1652965168.903894,-0.2989049553871155,0.8761314749717712,-0.319534569978714,0.4466862380504608,0.3729556500911712,-0.813249945640564,0.1621050387620926,-0.5874943137168884,2.028531789779663,0.5022754529977779,-0.3821924905748498,0.4124946440638535,89.0
1652965168.913729,-0.2773292660713196,0.8907152414321899,-0.3597128093242645,0.4485481083393097,0.3631308674812317,-0.8166643381118774,0.0896992161870002,-0.7382102012634277,1.9256718158721924,0.5022627224675085,-0.3716259438871589,0.4303904595255992,89.0
1652965168.9237242,-0.2590112388134002,0.8891863226890564,-0.4052536189556122,0.4486626982688904,0.3542893528938293,-0.8204759955406189,0.0242251362651586,-0.8790994882583618,1.83670973777771,0.500407872557709,-0.3621540305357079,0.4476964991016125,89.0
1652965168.933635,-0.253315806388855,0.8620619773864746,-0.424330472946167,0.4471939504146576,0.3459003567695617,-0.8248457908630371,0.0736585333943367,-1.0232510566711426,1.7799752950668335,0.4967999234710285,-0.3531981954231132,0.4643826267173211,89.0
1652965168.943836,-0.2622838020324707,0.7986871600151062,-0.432180255651474,0.4441837966442108,0.3374232649803161,-0.8299676775932312,0.0983074158430099,-1.1560243368148804,1.715551495552063,0.4913955382108155,-0.3441782813255443,0.480245260449754,89.0
1652965168.95357,-0.2450228631496429,0.7495363354682922,-0.4287194609642029,0.4396639466285705,0.3287744522094726,-0.8358247876167297,0.2563565671443939,-1.287297606468201,1.6269315481185913,0.4842494574624272,-0.3350055889921681,0.495073883647149,89.0
1652965168.9637408,-0.1998835206031799,0.6906044483184814,-0.4575068056583404,0.4335412979125976,0.3195674419403076,-0.8425666689872742,0.3871372044086456,-1.4492106437683103,1.5134673118591309,0.4752184364360058,-0.3252729545618519,0.5082599333844953,89.0
1652965168.973474,-0.1621608436107635,0.6899495124816895,-0.4804726541042328,0.4254054129123688,0.30965057015419,-0.8503803610801697,0.5163818597793579,-1.5780339241027832,1.3936572074890137,0.4638500503504422,-0.3148255302374187,0.5197317087120875,89.0
1652965168.983449,-0.1176820397377014,0.7079266905784607,-0.5060040354728699,0.4153962433338165,0.2992627620697021,-0.8590039610862732,0.6231104731559753,-1.7352278232574463,1.2821913957595823,0.4504246845213852,-0.3039199172235276,0.5296950293933923,89.0
1652965168.9933991,-0.0951139330863952,0.7141082286834717,-0.5111337304115295,0.4033567309379577,0.2881266176700592,-0.8684966564178467,0.8160525560379028,-1.9073137044906616,1.1688522100448608,0.4347896906701987,-0.2922699196671547,0.538041223075574,89.0
1652965169.003378,-0.1590642035007476,0.6884435415267944,-0.506115734577179,0.3892582654953003,0.2762269079685211,-0.8787358999252319,0.9040327668190002,-2.036778211593628,1.0479735136032104,0.416996824200893,-0.2798660453837495,0.5448314577134115,89.0
1652965169.013443,-0.2653323411941528,0.6435503959655762,-0.503250002861023,0.3738680779933929,0.263916015625,-0.8891406059265137,1.0649745464324951,-2.0525894165039062,0.907016932964325,0.3980380679191354,-0.2670799248805556,0.5501273022370223,89.0
1652965169.023407,-0.3118389546871185,0.5593188405036926,-0.5028885006904602,0.3575237095355987,0.2508285939693451,-0.8995898365974426,1.179805040359497,-2.1195285320281982,0.7838776707649231,0.3782886478724149,-0.2535361176221517,0.5537712449577414,89.0
1652965169.033344,-0.2799930274486542,0.5205502510070801,-0.4916847944259643,0.3398684859275818,0.2372293174266815,-0.9100613594055176,1.2797722816467283,-2.2055842876434326,0.6988693475723267,0.3574169408474204,-0.2395127554982307,0.556361787548866,89.0
1652965169.043425,-0.2541767656803131,0.4739964604377746,-0.4636535346508026,0.3207813203334808,0.2230530232191085,-0.9205143451690674,1.3559904098510742,-2.315393209457397,0.5976065993309021,0.3353205090206031,-0.2249452812371288,0.5580122947942806,89.0
1652965169.120112,-0.277250736951828,0.4848669767379761,-0.4090571403503418,0.3001236319541931,0.208633005619049,-0.9308050870895386,1.4048913717269895,-2.417747259140014,0.5068430304527283,0.3119097105871854,-0.2101770006664778,0.5588701057499648,89.0
1652965169.1205568,-0.3344759345054626,0.5145659446716309,-0.4041573107242584,0.2781099081039428,0.1942727416753769,-0.9406981468200684,1.357193112373352,-2.503554582595825,0.4184151887893677,0.2874538811379017,-0.195516008757608,0.559164087233701,89.0
1652965169.12292,-0.4291749000549316,0.3920815587043762,-0.3814420104026794,0.1372132003307342,0.1564359813928604,-0.9781106114387512,-0.3080747127532959,-2.519312858581543,-0.0774753391742706,0.1393743994549244,-0.1570811616792382,0.5621013238331124,89.0
1652965169.132844,-0.4289252758026123,0.4163629412651062,-0.3789166212081909,0.1122595593333244,0.1613263338804245,-0.9804955720901488,-0.6624218821525574,-2.553444623947144,-0.2062597274780273,0.113996291536386,-0.1620344479447608,0.5612989735782485,89.0
1652965169.144671,-0.4517135322093963,0.4336902499198913,-0.3705155551433563,0.0866164118051529,0.1698930561542511,-0.981648564338684,-1.0344246625900269,-2.606896162033081,-0.3372861742973327,0.0880077406546252,-0.1707211434882922,0.5594366794818272,89.0
1652965169.153307,-0.4772189259529114,0.4598406553268432,-0.3337793350219726,0.0601656325161457,0.1818018704652786,-0.981492817401886,-1.3339787721633911,-2.669498443603516,-0.4603701531887054,0.0612235125215211,-0.1828185562035924,0.5563052032725656,89.0
1652965169.162768,-0.4911539852619171,0.5162659883499146,-0.2777538895606994,0.0328562036156654,0.1962109953165054,-0.9800111055374146,-1.528463363647461,-2.698153018951416,-0.5690916180610657,0.0335138062594249,-0.1974922977012556,0.5517545850823813,89.0
1652965169.172555,-0.4923638999462127,0.4803761839866638,-0.2296204417943954,0.0054100947454571,0.2107606381177902,-0.9775227308273317,-1.438856840133667,-2.696826219558716,-0.6427202224731445,0.0055344386143533,-0.2123530115795245,0.5458918732081232,89.0
1652965169.182468,-0.4124047756195068,0.3582198619842529,-0.2153037041425705,-0.0225318148732185,0.2245506048202514,-0.9742019176483154,-1.3775993585586548,-2.7516636848449707,-0.714037299156189,-0.0231243632762885,-0.226481843272161,0.5388540440523745,89.0
1652965169.192725,-0.2870281338691711,0.2299425601959228,-0.1899149566888809,-0.0515034385025501,0.2363627701997757,-0.970298945903778,-1.1246297359466553,-2.884897232055664,-0.7724570631980896,-0.0530302015451382,-0.2386208432556639,0.5307568377241841,89.0
1652965169.2023392,-0.2581266462802887,0.1857551336288452,-0.1685267984867096,-0.0815645828843116,0.2457668781280517,-0.9658912420272828,-0.9326221942901612,-2.9344048500061035,-0.846165120601654,-0.0842450238651693,-0.2483107546466376,0.5217865425970809,89.0
1652965169.212274,-0.2861871719360351,0.1811733245849609,-0.205760657787323,-0.1116553097963333,0.2524678707122803,-0.9611415266990662,-0.6187800765037537,-2.853425979614258,-0.934262752532959,-0.1156510810964846,-0.2552299171429493,0.5118621055811284,89.0
1652965169.2224522,-0.2978276014328003,0.0515690445899963,-0.2590343356132507,-0.1406643092632293,0.2550976574420929,-0.9566288590431212,-0.1832051575183868,-2.714834928512573,-1.0148190259933472,-0.1459954802317521,-0.2579487016110413,0.5014102782893903,89.0
1652965169.232153,-0.2323352247476577,-0.209118902683258,-0.2681780457496643,-0.1689557582139969,0.2526752054691314,-0.9526852369308472,0.3840181231498718,-2.694622278213501,-1.0899738073349,-0.175521898712777,-0.255444172769224,0.4908865657336735,89.0
1652965169.242178,-0.2108604609966278,-0.4630358219146728,-0.2214560061693191,-0.1974190324544906,0.2439322769641876,-0.9494855403900146,1.0170680284500122,-2.7185184955596924,-1.1873866319656372,-0.2050012390344806,-0.2464185593078846,0.4807811620638538,89.0
1652965169.252029,-0.3150445222854614,-0.6021743416786194,-0.211770087480545,-0.2257423102855682,0.2290278375148773,-0.9468826055526732,1.574801683425903,-2.6746389865875244,-1.273742437362671,-0.2340370645885136,-0.2310788622780527,0.4713848423456984,89.0
1652965169.262292,-0.3878867030143738,-0.7326903939247131,-0.3389929234981537,-0.2536233961582184,0.2093695700168609,-0.9443725943565368,1.899508118629456,-2.634066581726074,-1.33113431930542,-0.2623718446921678,-0.2109301974179793,0.4629118754398599,89.0
1652965169.272112,-0.3974428474903106,-0.8837335705757141,-0.5126445293426514,-0.280642569065094,0.1878612339496612,-0.941248059272766,1.8457248210906985,-2.529216051101685,-1.44330632686615,-0.2897679048604444,-0.1889841556883826,0.4546373401162225,89.0
1652965169.282099,-0.3321843445301056,-1.060468673706055,-0.6181108951568604,-0.3066859841346741,0.1677782982587814,-0.9369066953659058,1.4612256288528442,-2.4832687377929688,-1.5912697315216064,-0.316345876953619,-0.168575580565787,0.4450618104887026,89.0
1652965169.292691,-0.2959024012088775,-1.1859002113342283,-0.6828243732452393,-0.3321799337863922,0.1520779579877853,-0.930875301361084,0.7152931690216064,-2.409191608428955,-1.783645510673523,-0.3427614023755466,-0.1526703539174511,0.4326077805686176,89.0
1652965169.3019152,-0.3725731372833252,-1.2244696617126465,-0.7611439228057861,-0.3562935590744018,0.1434529274702072,-0.9232963919639589,-0.274007499217987,-2.1952896118164062,-2.007183074951172,-0.3682862773448828,-0.1439495506105853,0.4154948332103745,89.0
1652965169.312113,-0.4481706023216247,-1.290860295295715,-0.8195909261703491,-0.3781539797782898,0.1426195651292801,-0.9146907925605774,-1.2216839790344238,-1.9250236749649048,-2.219033479690552,-0.3920238915862579,-0.1431075289288324,0.3928847251245041,89.0
1652965169.3223162,-0.4514009356498718,-1.3812832832336426,-0.7811034917831421,-0.3977049887180328,0.1480469107627868,-0.9054903984069824,-1.889520287513733,-1.6465513706207275,-2.4166979789733887,-0.4138490358853599,-0.1485931209595015,0.3651429216641376,89.0
1652965169.332094,-0.4185965359210968,-1.4393360614776611,-0.5837622880935669,-0.4151590764522552,0.1557838171720504,-0.8963115215301514,-2.051936388015747,-1.402159571647644,-2.6047401428222656,-0.4337652498834468,-0.1564209069170431,0.333771484790842,89.0
1652965169.342097,-0.4195203483104706,-1.4185521602630615,-0.342441588640213,-0.4310046434402466,0.1617317795753479,-0.8877374529838562,-1.7822009325027466,-1.2145565748214722,-2.728099822998047,-0.4519878522300574,-0.1624452843014114,0.3010752501736766,89.0
1652965169.351907,-0.4555104672908783,-1.4064383506774902,-0.2156291306018829,-0.4454753696918487,0.1633067727088928,-0.8802741765975952,-1.304409384727478,-1.0486236810684204,-2.790959596633911,-0.4684872917277493,-0.1640414989657133,0.2691560476401312,89.0
1652965169.36209,-0.5047409534454346,-1.3813438415527344,-0.1335117518901825,-0.458332896232605,0.1597721576690673,-0.8743019104003906,-0.8000655770301819,-0.8588833212852478,-2.85239839553833,-0.4828410398423034,-0.1604598406046465,0.23899869553389,89.0
1652965169.372149,-0.5237259268760681,-1.390282392501831,-0.028793066740036,-0.469560295343399,0.1515958309173584,-0.869788408279419,-0.4045657515525818,-0.7118198275566101,-2.880268812179565,-0.4950216073427637,-0.1521825664579948,0.2106661984754595,89.0
1652965169.381942,-0.5043943524360657,-1.3786473274230957,0.0199559926986694,-0.4791262447834015,0.1403376162052154,-0.8664544820785522,-0.1795659363269806,-0.548421323299408,-2.847930192947388,-0.5051231618191513,-0.1408024027543269,0.1840329868755116,89.0
1652965169.391779,-0.4743492305278778,-1.3559691905975342,0.0043626129627227,-0.4867714941501617,0.1283583790063858,-0.8640472292900085,-0.2290297597646713,-0.3421869575977325,-2.79996657371521,-0.5130441279189151,-0.1287134918167482,0.1583151828113299,89.0
1652965169.40171,-0.446669191122055,-1.3144745826721191,0.0083778351545333,-0.492066890001297,0.1175224781036377,-0.8625883460044861,-0.4247380197048187,-0.1130174100399017,-2.74544620513916,-0.5184110563163868,-0.117794700476578,0.1325058199820087,89.0
1652965169.411742,-0.396551251411438,-1.2739760875701904,0.0487574934959411,-0.495187759399414,0.1091404780745506,-0.8619033694267273,-0.7174277901649475,0.0966075658798217,-2.657351016998291,-0.5214796069901513,-0.1093583241767307,0.1061625404138286,89.0
1652965169.422048,-0.3491144180297851,-1.197463870048523,0.0998949408531189,-0.4961158037185669,0.1034132093191146,-0.8620758652687073,-0.9380422234535216,0.3278256058692932,-2.555478096008301,-0.5222022274313085,-0.1035984219909741,0.0793290639805318,89.0
1652965169.4318318,-0.3423002958297729,-1.138788819313049,0.1796355843544006,-0.4948733150959015,0.0998444259166717,-0.8632100224494934,-1.077744960784912,0.5370076894760132,-2.4086270332336426,-0.5205513913946416,-0.1000110614434832,0.0527421196950771,89.0
1652965169.441749,-0.3433650732040405,-1.0585289001464844,0.2540019750595093,-0.491626501083374,0.0980488359928131,-0.8652686476707458,-1.1498383283615112,0.7513343691825867,-2.2308144569396973,-0.516692159010989,-0.0982066198038494,0.0270358904823977,89.0
1652965169.451541,-0.3163164258003235,-0.9601853489875792,0.3121158480644226,-0.4863417744636535,0.0976894497871398,-0.8682905435562134,-1.1683349609375,0.9495601654052734,-2.0257647037506104,-0.5105751827857807,-0.0978454974588561,0.002772860244549,89.0
1652965169.461566,-0.2778703272342682,-0.8418889045715332,0.3503696918487549,-0.4792556166648865,0.09849813580513,-0.872130811214447,-1.1458040475845337,1.1113237142562866,-1.8078880310058596,-0.502476633761552,-0.0986581033206917,-0.0196276647058456,89.0
1652965169.471349,-0.2488386332988739,-0.7413942813873291,0.3583233654499054,-0.4705065488815307,0.1002948060631752,-0.8766781091690063,-1.0887415409088137,1.2884259223937988,-1.5828274488449097,-0.4925689325579219,-0.1004637204701384,-0.0399151780441064,89.0
1652965169.481457,-0.1904987692832946,-0.6778367161750793,0.3526037931442261,-0.46005979180336,0.1022759824991226,-0.8819776773452759,-0.9267443418502808,1.426559567451477,-1.389790654182434,-0.4807959574148643,-0.1024551365661778,-0.0578050479676898,89.0
1652965169.491713,-0.0983456373214721,-0.657311737537384,0.3833097517490387,-0.4485599994659424,0.1031709834933281,-0.8877779245376587,-0.6030895709991455,1.480485916137695,-1.2270028591156006,-0.4678479241039127,-0.1033548919943075,-0.0729770970788673,89.0
1652965169.501412,-0.0946167111396789,-0.6136611104011536,0.4289931356906891,-0.4364807903766632,0.1017838343977928,-0.8939376473426819,-0.2433668076992035,1.5057824850082395,-1.081807255744934,-0.4542177126944989,-0.1019604038278115,-0.085152122984693,89.0
1652965169.511478,-0.1852502226829528,-0.5162559151649475,0.4150543212890625,-0.4236365854740143,0.0986328348517417,-0.900446355342865,-0.0728435516357421,1.6078182458877563,-0.9999924898147584,-0.4397490636068995,-0.0987934653671657,-0.0951382749250199,89.0
1652965169.521193,-0.230519026517868,-0.3890601396560669,0.3512737452983856,-0.4095567464828491,0.095274731516838,-0.9072960019111632,-0.1004072725772857,1.733214020729065,-0.953603446483612,-0.4240206139213002,-0.0954194635366501,-0.1043281226055428,89.0
1652965169.5316,-0.2127333879470825,-0.2871887683868408,0.302026093006134,-0.394108772277832,0.0934206843376159,-0.9143034815788268,-0.3385786414146423,1.869653582572937,-0.9070557355880736,-0.4069822609806979,-0.0935571112712397,-0.1136480412636951,89.0
1652965169.541637,-0.1702830195426941,-0.2005841135978698,0.3147267699241638,-0.3773397803306579,0.0946360379457473,-0.9212267398834229,-0.6796180009841919,1.9757992029190063,-0.8838233947753906,-0.3887596905721842,-0.0947778734373084,-0.1238777295098664,89.0
1652965169.551161,-0.0930989384651184,-0.1447309255599975,0.348343551158905,-0.3598125576972961,0.0988000109791755,-0.9277787804603576,-0.8783562779426575,2.0044105052948,-0.8269771337509155,-0.369963771682111,-0.098961462112533,-0.1348263531338175,89.0
1652965169.5615191,-0.0789943635463714,-0.1413527131080627,0.4138782918453216,-0.3420720100402832,0.1042491495609283,-0.9338730573654176,-0.8705087304115295,1.9934738874435425,-0.7489081621170044,-0.3511161861406785,-0.1044389100868732,-0.1453281000378538,89.0
1652965169.5709438,-0.1697898805141449,-0.1326609849929809,0.5080640912055969,-0.3239388465881347,0.1097032576799392,-0.9396961331367492,-0.7900400757789612,2.06200647354126,-0.6511585116386414,-0.3319697816649719,-0.109924504291311,-0.154747655094351,89.0
1652965169.581252,-0.2406356930732727,-0.0790554285049438,0.5861092209815979,-0.3048661053180694,0.1146811991930008,-0.9454654455184937,-0.663779079914093,2.148288488388061,-0.522682249546051,-0.3119245271213806,-0.1149340758777619,-0.1626714378498115,89.0
1652965169.591485,-0.2205188572406768,0.0336309075355529,0.6317484974861145,-0.2848370373249054,0.1187855824828147,-0.9511876106262208,-0.4723169207572937,2.1940858364105225,-0.3471668362617492,-0.290955904278438,-0.1190667191117944,-0.1685715341596095,89.0
1652965169.600923,-0.1894238293170929,0.1267562508583068,0.6384739875793457,-0.2641590535640716,0.1217952147126197,-0.9567580223083496,-0.3275506794452667,2.213627576828003,-0.1532791256904602,-0.2693867906842836,-0.1220983625774749,-0.1720716386418943,89.0
1652965169.611135,-0.1825267672538757,0.1888952851295471,0.6384883522987366,-0.2428578734397888,0.1242374628782272,-0.9620733261108398,-0.2027193903923034,2.246213674545288,0.0419191569089889,-0.2472660675257192,-0.1245593051701606,-0.1732800065942162,89.0
1652965169.6208649,-0.1696953922510147,0.1759945750236511,0.6622376441955566,-0.2212196290493011,0.1263060718774795,-0.9670101404190063,-0.1783320307731628,2.2180464267730717,0.2341312170028686,-0.224896642677552,-0.126644336721535,-0.1723598168344352,89.0
1652965169.630929,-0.166897177696228,0.1928198337554931,0.6945457458496094,-0.1996342837810516,0.1286811828613281,-0.9713842272758484,-0.1799715459346771,2.1733052730560303,0.405599981546402,-0.2026930243290451,-0.1290389915858405,-0.1695548976890101,89.0
1652965169.641134,-0.2456924170255661,0.2498843669891357,0.6676359176635742,-0.1778764128684997,0.1316194832324981,-0.9752109050750732,-0.2560934424400329,2.191596031188965,0.5475619435310364,-0.1804146018764466,-0.1320025007993912,-0.1652422035861293,89.0
1652965169.65077,-0.325879842042923,0.3408041596412658,0.6151360273361206,-0.1555655598640442,0.1357490271329879,-0.9784536361694336,-0.3793953657150268,2.2309529781341557,0.6768704056739807,-0.157671534279576,-0.1361694478664797,-0.159739565917747,89.0
1652965169.661309,-0.3437333106994629,0.4358863830566406,0.5972293615341187,-0.1327377259731292,0.1410214155912399,-0.9810675978660583,-0.4806133508682251,2.2356863021850586,0.8191593885421753,-0.1344826188047126,-0.141493064526504,-0.1529571170137832,89.0
1652965169.67062,-0.3252541422843933,0.502639889717102,0.6283469796180725,-0.1097435057163238,0.1469825804233551,-0.9830322861671448,-0.5086353421211243,2.1887781620025635,0.9805843234062196,-0.1111774002422888,-0.1475170307562817,-0.1445929406212412,89.0
1652965169.680717,-0.2834002375602722,0.5313765406608582,0.6410332918167114,-0.0870679691433906,0.1527289599180221,-0.9844252467155457,-0.4366495311260223,2.115224599838257,1.128795504570007,-0.0882159417082639,-0.1533290463538431,-0.1344945677281653,89.0
1652965169.690947,-0.2260677516460418,0.5451511740684509,0.6459680199623108,-0.0651463344693183,0.1570257395505905,-0.9854434728622437,-0.2406613826751709,1.9648407697677608,1.2978192567825315,-0.0660125922636318,-0.1576783071157151,-0.12255917234641,89.0
1652965169.700608,-0.2172413170337677,0.5339543223381042,0.651951789855957,-0.0445233061909675,0.1590223014354705,-0.986270546913147,-0.0126165021210908,1.8039422035217283,1.458298921585083,-0.0451124690095001,-0.1597002720969856,-0.1087434417404107,89.0
1652965169.710881,-0.2675378024578094,0.5356047749519348,0.6320823431015015,-0.0249122269451618,0.1589333117008209,-0.9869749546051024,0.1222151517868042,1.6936756372451782,1.5868802070617676,-0.0252356333308057,-0.1596101395170071,-0.0933459532171814,89.0
1652965169.7203588,-0.2882016599178314,0.5647990107536316,0.5786150097846985,-0.006094675976783,0.1578962057828903,-0.9874368906021118,0.1271704882383346,1.6093223094940186,1.7035468816757202,-0.0061721395678116,-0.158559769080729,-0.0767345957783134,89.0
1652965169.730618,-0.2799476087093353,0.6145986318588257,0.501910924911499,0.0120642073452472,0.1570093631744384,-0.9875234365463256,0.0332557186484336,1.5281164646148682,1.7981746196746826,0.0122160209002595,-0.1576617221602813,-0.0590584717532666,89.0
1652965169.74072,-0.2774332165718078,0.656138002872467,0.4390544891357422,0.0295693613588809,0.1571521908044815,-0.987131655216217,-0.1475154012441635,1.4396308660507202,1.8839116096496584,0.0299458760159578,-0.1578063399537736,-0.0404731507356713,89.0
1652965169.750422,-0.2566498517990112,0.6888222694396973,0.3760655522346496,0.0462463125586509,0.1586787551641464,-0.9862465858459472,-0.3039925396442413,1.3386881351470947,1.9694592952728271,0.0468569035616341,-0.1593523094140663,-0.0209491731741978,89.0
1652965169.76069,-0.2199783027172088,0.6869262456893921,0.3303748667240143,0.062171820551157,0.1611107438802719,-0.9849761128425598,-0.4003425240516662,1.248042106628418,2.056300640106201,0.0630365001974614,-0.1618159955438698,-0.0004709050595402,89.0
1652965169.770197,-0.1935938596725464,0.6719870567321777,0.3565208911895752,0.0771386995911598,0.1635749787092209,-0.9835104942321776,-0.3820373117923736,1.1095627546310425,2.137046337127685,0.0782717711277641,-0.1643133597021503,0.0209318276981352,89.0
1652965169.7803988,-0.2133072912693023,0.6708564758300781,0.3686261475086212,0.0908401682972908,0.1653399318456649,-0.9820441603660583,-0.3487856090068817,0.9704453349113464,2.2049951553344727,0.0922386168495855,-0.1661026750886154,0.043119440356294,89.0
1652965169.790131,-0.2499383836984634,0.6922172904014587,0.3226702213287353,0.1034234166145324,0.166465550661087,-0.9806084036827089,-0.3280335664749145,0.8463150262832642,2.2660815715789795,0.1050801478077752,-0.167244106730684,0.0659224606245747,89.0
1652965169.8000832,-0.2671929001808166,0.7266600728034973,0.2602258324623108,0.1149101257324218,0.1671729087829589,-0.9792082905769348,-0.323254257440567,0.7253262996673584,2.3286421298980717,0.1168157638595865,-0.1679615217424935,0.0893647724616493,89.0
1652965169.810174,-0.2688860893249511,0.7140759825706482,0.2174161821603775,0.1253160685300827,0.1674410104751587,-0.9778851866722108,-0.3144451379776001,0.6089152097702026,2.3925349712371826,0.127455404031741,-0.1682334625195506,0.1134152621630841,89.0
1652965169.8199658,-0.2533578276634216,0.6695817112922668,0.1869400292634964,0.1345986276865005,0.1675369441509246,-0.9766343235969543,-0.3460715115070343,0.4689986109733581,2.433790683746338,0.13695608612707,-0.1683307616283189,0.1380468534177019,89.0
1652965169.8299742,-0.237286776304245,0.6464409232139587,0.1139486730098724,0.1425753980875015,0.1677438765764236,-0.9754661917686462,-0.3925100266933441,0.3424928486347198,2.438822031021118,0.1451336171561795,-0.1685406637563944,0.1629482715221195,89.0
1652965169.839981,-0.2238863259553909,0.6731959581375122,0.0204038769006729,0.1494233608245849,0.1684847176074981,-0.9743128418922424,-0.4885667860507965,0.2311215996742248,2.3939573764801025,0.1521771241701081,-0.1692922023694424,0.1877733911358706,89.0
1652965169.85032,-0.2029111087322235,0.7191247344017029,-0.060227945446968,0.1550289541482925,0.1702896356582641,-0.973122537136078,-0.6176083087921143,0.1025030016899108,2.3199000358581543,0.1579832232606355,-0.1711235897778152,0.2121621117702936,89.0
1652965169.860271,-0.181301549077034,0.7537931203842163,-0.1288277357816696,0.159267783164978,0.1730630099773407,-0.9719480276107788,-0.6654222011566162,-0.0301383975893259,2.2260873317718506,0.1624210204785904,-0.1739387684919978,0.2358882272275468,89.0
1652965169.870271,-0.189229816198349,0.7069376111030579,-0.177068829536438,0.1623284965753555,0.1755735129117965,-0.9709909558296204,-0.5607298016548157,-0.1251353323459625,2.162544012069702,0.1656463250212817,-0.1764883008377461,0.258821751087661,89.0
1652965169.880376,-0.2357775568962097,0.6036078333854675,-0.1934197396039962,0.1647173017263412,0.1769555360078811,-0.9703375697135924,-0.4604151844978332,-0.1456459313631057,2.0792481899261475,0.1681496776840119,-0.1778923109427128,0.2808226782522919,89.0
1652965169.890094,-0.2387666702270507,0.562639594078064,-0.1849956661462783,0.1669282168149948,0.1777172684669494,-0.9698203802108764,-0.3674042820930481,-0.1520319133996963,2.001068592071533,0.1704526267123332,-0.1786663078194221,0.3019022670686364,89.0
1652965169.899912,-0.2147050350904464,0.541371762752533,-0.2318523526191711,0.1689743846654892,0.1775158643722534,-0.969502866268158,-0.2720908224582672,-0.1482792645692825,1.9045398235321045,0.1725564079146578,-0.1784616420704598,0.3218871898605531,89.0
1652965169.909354,-0.2223657816648483,0.5472736954689026,-0.2896976172924042,0.1707299798727035,0.1771030724048614,-0.9692707657814026,-0.2840295135974884,-0.1759710758924484,1.8078463077545168,0.1743542096494684,-0.178042216963498,0.3408760860078116,89.0
1652965169.91914,-0.2417380958795547,0.5650168061256409,-0.3351934552192688,0.1720358729362487,0.177524447441101,-0.9689627289772034,-0.4118902683258056,-0.2006194293498993,1.717536449432373,0.1757153638039068,-0.1784703686245002,0.3590591009495043,89.0
1652965169.929106,-0.2597044706344604,0.5543568730354309,-0.3140878677368164,0.1733396798372268,0.1798715889453888,-0.968297243118286,-0.5304043889045715,-0.2085210233926773,1.5989370346069336,0.1771386294738583,-0.1808559058196299,0.3765153118666649,89.0
1652965169.939086,-0.2632789015769958,0.5013936161994934,-0.2628399729728699,0.173831820487976,0.1825788021087646,-0.9677021503448486,-0.5435148477554321,-0.2951443493366241,1.4819257259368896,0.1777380072860322,-0.183608708883787,0.392825864248255,89.0
1652965169.9492168,-0.2464288473129272,0.4482710361480713,-0.2458908706903457,0.1729882359504699,0.1851761937141418,-0.967359721660614,-0.4968586564064026,-0.4310060441493988,1.387451410293579,0.176954709447378,-0.1862511546492141,0.4080560145426889,89.0
1652965169.959,-0.2281881421804428,0.4136928915977478,-0.2685364484786987,0.170540377497673,0.1877564787864685,-0.9672970175743104,-0.510646641254425,-0.5970138907432556,1.2881786823272705,0.1745126871013637,-0.1888774989029687,0.4222810686904681,89.0
1652965169.968941,-0.2233835309743881,0.4161051511764526,-0.2829869389533996,0.1664681881666183,0.1905187666416168,-0.9674662351608276,-0.4739626944065094,-0.7389627695083618,1.20281720161438,0.17039758576682,-0.1916905634165325,0.4356135756832868,89.0
1652965169.979177,-0.2279613465070724,0.3901338577270508,-0.2645354866981506,0.1608378738164901,0.1928650140762329,-0.9679536819458008,-0.4038268029689789,-0.8924965858459473,1.109494924545288,0.1646583694236334,-0.1940811461295398,0.4479155772293608,89.0
1652965169.989109,-0.193619504570961,0.3519695401191711,-0.2259962260723114,0.153336226940155,0.1949141323566436,-0.9687602519989014,-0.3661445379257202,-1.1029924154281616,1.0194507837295532,0.1569786088165291,-0.1961698985286537,0.4592169360953312,89.0
1652965169.9990292,-0.1552783697843551,0.3388119339942932,-0.2041431963443756,0.143635869026184,0.1970784366130828,-0.9698086380958556,-0.3898171186447143,-1.3046762943267822,0.9414231181144714,0.1470385082493998,-0.1983770148446587,0.4696319383770323,89.0
1652965170.008974,-0.1601312756538391,0.3323246836662292,-0.2090396881103515,0.1317956447601318,0.2005253434181213,-0.9707829356193542,-0.5995142459869385,-1.5127872228622437,0.8401147127151489,0.1349372217291765,-0.2018941295471416,0.479293764593368,89.0
1652965170.019139,-0.1391537934541702,0.3458300232887268,-0.2400069236755371,0.1179134845733642,0.2065597176551818,-0.9713029861450196,-0.8354910612106323,-1.6852902173995972,0.7474191188812256,0.1208060835968722,-0.2080575392216639,0.4882162240464284,89.0
1652965170.0290031,-0.0941928997635841,0.3050561547279358,-0.266916811466217,0.1022799909114837,0.2143961191177368,-0.971376895904541,-0.9230745434761048,-1.855011820793152,0.6494798064231873,0.1049072713518864,-0.2160735312721195,0.4962826624009724,89.0
1652965170.038908,-0.0612474977970123,0.2437376379966735,-0.2278968691825866,0.0847154557704925,0.2224953323602676,-0.9712461829185486,-0.8336237668991089,-2.045689105987549,0.5750018358230591,0.0870032729744504,-0.2243732162163361,0.5033587941816723,89.0
1652965170.048862,-0.0596671998500824,0.1165587306022644,-0.1693105697631836,0.0656180679798126,0.2289725244045257,-0.971218764781952,-0.6044633388519287,-2.157461643218994,0.5139024257659912,0.0674600870682787,-0.2310220338366882,0.5094502754602265,89.0
1652965170.05884,-0.0886031687259674,-0.0658506751060485,-0.1126975417137146,0.0457869507372379,0.233898177742958,-0.971182346343994,-0.4651309847831726,-2.152792453765869,0.4637511074542999,0.0471106892525963,-0.236085158636733,0.5147545981722997,89.0
1652965170.068726,-0.0907186567783355,-0.2648710012435913,-0.1428037136793136,0.0265553891658782,0.2377897500991821,-0.9709535837173462,-0.39755579829216,-2.0220437049865723,0.3996382355690002,0.0273429874468068,-0.2400896916383038,0.5193432049931584,89.0
1652965170.078702,-0.0165472626686096,-0.3734830617904663,-0.2266077846288681,0.008688916452229,0.2421260476112365,-0.9702059030532836,-0.5228338241577148,-1.839880108833313,0.3153966069221496,0.0089555055702537,-0.2445565019747963,0.523101125883107,89.0
1652965170.08904,0.1446182429790496,-0.3428255915641784,-0.3130149245262146,-0.0075180907733738,0.2478905171155929,-0.9687588810920716,-0.6712877750396729,-1.6586754322052002,0.2233102172613144,-0.0077603826721661,-0.2505021940113131,0.5258921633284456,89.0
1652965170.098865,0.2817658185958862,-0.2801321148872375,-0.3172090947628021,-0.0223207082599401,0.2550753951072693,-0.9666635394096376,-0.8115751147270203,-1.500194787979126,0.1339712738990783,-0.0230863609010396,-0.2579256779441866,0.5276129534670106,89.0
1652965170.1089,0.3033134639263153,-0.3767786026000976,-0.2524112164974212,-0.0356286019086837,0.2633518278598785,-0.9640417098999025,-0.8951612114906311,-1.3225476741790771,0.0401023477315902,-0.0369407186507693,-0.2664950548182094,0.5282320147854888,89.0
1652965170.118636,0.2238666713237762,-0.6066669225692749,-0.1506714224815368,-0.0474446304142475,0.2725892066955566,-0.9609600305557252,-1.039576768875122,-1.1402643918991089,-0.02054581977427,-0.0493320586043053,-0.2760831350058554,0.5278778486760287,89.0
1652965170.128593,0.138122946023941,-0.8138853311538696,-0.0721518397331237,-0.0576023869216442,0.2831657230854034,-0.957339644432068,-1.162289261817932,-0.9571933746337892,-0.1000778526067733,-0.0600967741975604,-0.28709332383806,0.5266158131488081,89.0
1652965170.138544,0.1081187352538108,-0.9042056202888488,-0.0434795618057251,-0.0662944614887237,0.2942883670330047,-0.9534146189689636,-1.173436999320984,-0.7975083589553833,-0.1726854741573333,-0.0694219803426284,-0.2987108240176123,0.5243943705209336,89.0
1652965170.14845,0.098930612206459,-0.8725521564483643,-0.0109501183032989,-0.0737994611263275,0.3047276139259338,-0.9495760798454284,-1.0431591272354126,-0.6660553216934204,-0.2336019724607467,-0.0775624107255762,-0.309652441203895,0.5214363433030506,89.0
1652965170.158578,0.0769233554601669,-0.7901783585548401,0.032451719045639,-0.0802803561091423,0.3137092590332031,-0.94611918926239,-0.9045159816741944,-0.5522653460502625,-0.2865573465824127,-0.0846494956227245,-0.319096983741594,0.5179112105097005,89.0
1652965170.168478,0.0595194995403289,-0.7187048196792603,0.0641485154628753,-0.085902027785778,0.3217158019542694,-0.9429314732551576,-0.8542493581771851,-0.4568426012992859,-0.3393150866031647,-0.0908502451415807,-0.3275410873775038,0.513886413504146,89.0
1652965170.178503,0.0364141836762428,-0.6682989001274109,0.0691055357456207,-0.0906592532992363,0.3297134935855865,-0.9397180080413818,-0.9146367907524108,-0.3527971506118774,-0.3567654490470886,-0.0961773039489927,-0.3360000866391757,0.5094123889834545,89.0
1652965170.188445,0.0058800876140594,-0.6271310448646545,0.0779705643653869,-0.0945795103907585,0.3383961021900177,-0.9362386465072632,-1.007949709892273,-0.2581234276294708,-0.3433119058609009,-0.1006791696402105,-0.3452119079580256,0.5047505007194755,89.0
1652965170.198431,-0.0085419863462448,-0.5772621631622314,0.1036891639232635,-0.0977355539798736,0.3478490114212036,-0.9324424266815186,-1.0801376104354858,-0.1846952736377716,-0.3026201426982879,-0.104435375978852,-0.3552758528378572,0.5001789713450566,89.0
1652965170.2083511,-0.0010164156556129,-0.5251999497413635,0.1252826750278473,-0.1001036465167999,0.3574139177799225,-0.9285658597946168,-1.024390459060669,-0.1221877336502075,-0.2587151229381561,-0.1073898293655372,-0.365497446609041,0.4960164970015601,89.0
1652965170.218334,0.0146688967943191,-0.4950015544891357,0.1650872230529785,-0.1019492447376251,0.3658119142055511,-0.925088107585907,-0.8241614699363708,-0.1097939163446426,-0.1900375336408615,-0.1097619760120656,-0.3745050181453708,0.4925373470262805,89.0
1652965170.228519,-0.0029959678649902,-0.4716589450836181,0.2037057876586914,-0.1034646779298782,0.3720083832740783,-0.9224449992179872,-0.5580974221229553,-0.0978496447205543,-0.1141300946474075,-0.1116966692111788,-0.381171764526966,0.4901103442581321,89.0
1652965170.238322,-0.0448063462972641,-0.4244250655174255,0.2170659303665161,-0.1044857129454612,0.3756923377513885,-0.9208354949951172,-0.258754700422287,-0.0617917738854885,-0.0348765552043914,-0.1129851362923449,-0.3851437246034047,0.4888105850345501,89.0
1652965170.248217,-0.0722456723451614,-0.3579897880554199,0.2041597664356231,-0.1048479229211807,0.376864492893219,-0.9203152060508728,-0.0018424177542328,-0.0184195302426815,0.0316917076706886,-0.1134370142976755,-0.3864088475230957,0.4886425586182488,89.0
1652965170.258312,-0.0815272182226181,-0.2899988889694214,0.1838386356830597,-0.1045690476894378,0.3760522007942199,-0.9206791520118712,0.1801409721374511,0.0167653523385524,0.0972707122564315,-0.1130935247990415,-0.3855320506688467,0.4894778091086313,89.0
1652965170.268115,-0.0802006423473358,-0.2278885245323181,0.1560128331184387,-0.1037899181246757,0.3740775883197784,-0.9215713143348694,0.2694214582443237,0.0471629425883293,0.1529400646686554,-0.1121502010345212,-0.3834019432062037,0.491100594328525,89.0
1652965170.278113,-0.0740089118480682,-0.179604172706604,0.1164646744728088,-0.1026421636343002,0.3717403709888458,-0.9226449728012084,0.2798812687397003,0.054810207337141,0.2056139260530471,-0.1107921829871831,-0.3808830488995475,0.4933568928953094,89.0
1652965170.288326,-0.0662172585725784,-0.1396420001983642,0.074231207370758,-0.1012785360217094,0.3694944679737091,-0.9236971735954284,0.2557644248008728,0.0550942085683345,0.2471927106380462,-0.1092084997417787,-0.3784649213970937,0.4960912166989203,89.0
1652965170.298235,-0.0745740681886673,-0.1018738150596618,0.0472007393836975,-0.099742405116558,0.3673806190490722,-0.9247069358825684,0.2646569907665252,0.059765126556158,0.2869225442409515,-0.1074483812542961,-0.3761911276816618,0.4992877339425347,89.0
1652965170.308014,-0.0928894951939582,-0.0745837688446044,0.0492229163646698,-0.0980743169784545,0.3651143014431,-0.9257823824882508,0.2969460785388946,0.0606092922389507,0.3062937259674072,-0.1055430411327554,-0.3737555710907975,0.5027905434990062,89.0
1652965170.317929,-0.1065120100975036,-0.0653581023216247,0.044607400894165,-0.0963231474161148,0.3625276982784271,-0.9269819259643556,0.3250245749950409,0.062125165015459,0.3399930894374847,-0.1035389098034223,-0.3709786676669085,0.5065611052826109,89.0
1652965170.327877,-0.1153151541948318,-0.0524670481681823,0.0203253030776977,-0.0943864732980728,0.3598322570323944,-0.9282305240631104,0.322959840297699,0.0820636674761772,0.3638796210289001,-0.1013359942206253,-0.3680880973378604,0.5106537716655654,89.0
1652965170.337906,-0.1074418872594833,-0.0418452024459838,-0.0045110583305358,-0.0920973718166351,0.3573400974273681,-0.9294224977493286,0.2899869680404663,0.1191891953349113,0.3918238878250122,-0.0987685381221451,-0.3654184036265056,0.5149861487327974,89.0
1652965170.347848,-0.0751780420541763,-0.0232470035552978,-0.0234094262123107,-0.0894948914647102,0.355181336402893,-0.93050354719162,0.267102301120758,0.1354772001504898,0.426234632730484,-0.0958840614033397,-0.3631080544267706,0.5195874502747513,89.0
