1652956215.172786,0.0494155287742614,0.0089242458343505,0.0361530780792236,-0.3161391615867615,0.6004590392112732,-0.734510064125061,-0.0558771602809429,-0.3237481415271759,-0.2281180024147033,-0.4064425003184451,-0.6440750120368698,-0.5239931409444273,85.0
1652956215.182481,0.0560718774795532,-0.0089491605758667,0.0463744401931762,-0.3199115693569183,0.6002016663551331,-0.7330856323242188,-0.0669487193226814,-0.3388575911521911,-0.2173676192760467,-0.4114787819612996,-0.6437532514390892,-0.5268558353781233,85.0
1652956215.1923351,0.0688282251358032,-0.0441505908966064,0.0630187392234802,-0.3236652910709381,0.5999758243560791,-0.7316213846206665,-0.0523237101733684,-0.3476204574108124,-0.19405297935009,-0.4165112277269268,-0.6434709049932279,-0.5294896368217246,85.0
1652956215.202299,0.0784977078437805,-0.0995022058486938,0.0923673510551452,-0.3273074924945831,0.5994968414306641,-0.7303926944732666,0.0305695794522762,-0.3536738157272339,-0.1677026003599167,-0.4212938862797245,-0.6428722875179949,-0.5316478799903689,85.0
1652956215.212522,0.0936023890972137,-0.1730017066001892,0.1463966369628906,-0.3307392299175262,0.5984460711479187,-0.7297081351280212,0.1271547079086303,-0.3568727970123291,-0.1103839129209518,-0.4255522117709686,-0.6415601086801557,-0.5328456901632137,85.0
1652956215.222248,0.1146813631057739,-0.2667029500007629,0.2109280824661255,-0.3338128328323364,0.5968266129493713,-0.7296348810195923,0.2452411353588104,-0.3501797616481781,-0.051322191953659,-0.4290789444863231,-0.6395402479878343,-0.5328275554299106,85.0
1652956215.232163,0.147566556930542,-0.3857957720756531,0.2582364678382873,-0.336348295211792,0.594668984413147,-0.7302320003509521,0.3392118513584137,-0.3340213000774383,0.0427156202495098,-0.4316377321034976,-0.6368538476260629,-0.5313666955190282,85.0
1652956215.24226,0.1859778463840484,-0.5117217898368835,0.3123399019241333,-0.3380164206027984,0.5921554565429688,-0.7315032482147217,0.4406958520412445,-0.2766791582107544,0.1623608022928238,-0.4328579674193108,-0.6337310704988709,-0.528225410043964,85.0
1652956215.2528749,0.2243947386741638,-0.6312302350997925,0.3815215826034546,-0.3383931815624237,0.5893495678901672,-0.7335920333862305,0.5390172600746155,-0.1922823786735534,0.3029767274856567,-0.4321967478247349,-0.6302534763057891,-0.5231206114171948,85.0
1652956215.2623482,0.2282367646694183,-0.766059160232544,0.457976758480072,-0.3370166718959808,0.586441695690155,-0.7365500330924988,0.6085860133171082,-0.0373758822679519,0.4707401990890503,-0.4291239559763851,-0.6266588127354004,-0.5158386995456524,85.0
1652956215.272236,0.1921636760234832,-0.8966414332389832,0.518814206123352,-0.3331243097782135,0.58367919921875,-0.7405044436454773,0.6540395617485046,0.2140315920114517,0.6565646529197693,-0.4227386145672297,-0.6232524606078212,-0.5063155671444391,85.0
1652956215.282282,0.1530455648899078,-1.0161525011062622,0.5819883942604065,-0.3261717855930328,0.5812350511550903,-0.7455050945281982,0.6642007231712341,0.5011465549468994,0.8562375903129578,-0.4124254212178386,-0.6202456384596226,-0.4945609032178418,85.0
1652956215.292074,0.1252571940422058,-1.115445256233215,0.6470736265182495,-0.3155342936515808,0.57936692237854,-0.7515132427215576,0.6641258597373962,0.8581504821777344,1.0512903928756714,-0.3975134157015051,-0.6179517554449411,-0.4806110964134626,85.0
1652956215.3020391,0.0985638499259948,-1.177808165550232,0.6783899664878845,-0.301154762506485,0.5778510570526123,-0.758547306060791,0.6767082810401917,1.2054569721221924,1.256197452545166,-0.377930576759496,-0.6160931443449899,-0.4644978131027835,85.0
1652956215.312168,0.0848243832588195,-1.2166742086410522,0.7041603922843933,-0.2830055356025696,0.5764946937561035,-0.7665258049964905,0.7219151854515076,1.5341455936431885,1.438815712928772,-0.3536808883709786,-0.6144322032995537,-0.4461219112882538,85.0
1652956215.3219562,0.0620670616626739,-1.2162500619888306,0.6991384625434875,-0.2612400352954864,0.5748942494392395,-0.7754033207893372,0.7822598814964294,1.8585383892059328,1.6105306148529053,-0.3249648290620831,-0.6124749317998429,-0.4255894132429035,85.0
1652956215.3319268,0.0443412661552429,-1.18535315990448,0.6759663224220276,-0.2360221445560455,0.5725231766700745,-0.785181999206543,0.8968594074249268,2.1430702209472656,1.7670783996582031,-0.2920029923630659,-0.6095800193018505,-0.4029355727968395,85.0
1652956215.341866,0.018454223871231,-1.1222970485687256,0.678631603717804,-0.2077547311782837,0.5693696141242981,-0.7953969240188599,0.9311830401420592,2.3861334323883057,1.902237892150879,-0.2554882804334832,-0.6057388544099079,-0.3784509376472287,85.0
1652956215.351876,-0.0350976586341857,-1.0691708326339722,0.6103395223617554,-0.176663801074028,0.5654418468475342,-0.8056460022926331,0.9952555298805236,2.61772894859314,2.0341687202453613,-0.2158655026607799,-0.6009689007981505,-0.3526295531659638,85.0
1652956215.361825,-0.079071044921875,-1.0001530647277832,0.5597936511039734,-0.1430206149816513,0.5606441497802734,-0.815612256526947,1.018940567970276,2.786642074584961,2.1716508865356445,-0.1735888111990665,-0.5951634754477286,-0.3254114395923649,85.0
1652956215.3717752,-0.1403901576995849,-0.9076437950134276,0.5356049537658691,-0.1072599589824676,0.5549865961074829,-0.8249152898788452,1.0468730926513672,2.948760986328125,2.2684266567230225,-0.1293000011407798,-0.5883468352136196,-0.2972256344950623,85.0
1652956215.381977,-0.2122382521629333,-0.8079439997673035,0.4871812462806701,-0.0696067810058593,0.5482955574989319,-0.833382785320282,1.0686110258102417,3.0724236965179443,2.377204179763794,-0.0833297685993586,-0.5803247753753141,-0.2682896892519505,85.0
1652956215.3916302,-0.2691859006881714,-0.7192938327789307,0.4560173749923706,-0.0305882357060909,0.5404885411262512,-0.8407952189445496,1.0956833362579346,3.149066686630249,2.4382853507995605,-0.0363640896731965,-0.5710176522159843,-0.2389617753833308,85.0
1652956215.401624,-0.3229514062404632,-0.624808669090271,0.440493643283844,0.0092307617887854,0.5312319993972778,-0.8471761345863342,1.1731984615325928,3.200845003128052,2.477588176727295,0.0108954867012571,-0.5600540589533244,-0.2097903235410178,85.0
1652956215.411594,-0.3802544474601745,-0.5301340818405151,0.4195635914802551,0.0495812855660915,0.5201033353805542,-0.8526630401611328,1.2883727550506592,3.2543036937713623,2.487358808517456,0.0580833371371721,-0.5469719076055632,-0.1812057535843386,85.0
1652956215.421548,-0.4404088258743286,-0.4459260702133178,0.3900400996208191,0.0901586636900901,0.5068411231040955,-0.8573117852210999,1.422343134880066,3.2926249504089355,2.475159168243408,0.1047792433877999,-0.5315164048173328,-0.1537910617701333,85.0
1652956215.431531,-0.4891626536846161,-0.3674009442329407,0.3596292436122894,0.130703255534172,0.4913230538368225,-0.8611146211624146,1.5685867071151731,3.319731473922729,2.446413516998291,0.1506340443726589,-0.5136081460977259,-0.1279103915891078,85.0
1652956215.441391,-0.5303984880447388,-0.3000183701515198,0.3217296600341797,0.1709472686052322,0.4735585749149322,-0.8640135526657104,1.7148088216781616,3.33189058303833,2.411271572113037,0.1953298445364422,-0.4933267377171984,-0.1039378864117827,85.0
1652956215.451585,-0.571380615234375,-0.2232939004898071,0.2950862944126129,0.2107239961624145,0.4536778926849365,-0.8658936619758606,1.8448642492294312,3.3506951332092285,2.345228672027588,0.2387196716730669,-0.4708880697739044,-0.0821295993431413,85.0
1652956215.461411,-0.6174348592758179,-0.1274952888488769,0.2767849266529083,0.2499727457761764,0.4321233034133911,-0.8664774298667908,1.916747808456421,3.3923730850219727,2.2598373889923096,0.280866843883933,-0.4468459151665698,-0.0627654285676817,85.0
1652956215.4713511,-0.6525759696960449,-0.0230461359024047,0.2405615448951721,0.2886234521865845,0.4096156060695648,-0.8653967976570129,1.9273680448532104,3.423681735992432,2.148777723312378,0.3219147090942079,-0.4220326679971384,-0.0458985896630553,85.0
1652956215.481416,-0.6629651784896851,0.0760585069656372,0.1885515749454498,0.3264021575450897,0.3867659568786621,-0.8624811768531799,1.8849660158157349,3.4212677478790283,2.043632745742798,0.3617879955747653,-0.3971220320194105,-0.0314083445563204,85.0
1652956215.4912782,-0.6569508910179138,0.1590651869773864,0.154498815536499,0.3630819618701935,0.363918662071228,-0.8577498197555542,1.847148895263672,3.398075819015503,1.946152210235596,0.4004263611185402,-0.3724716082264292,-0.0189817319085213,85.0
1652956215.501238,-0.645313024520874,0.211918830871582,0.1357363760471344,0.3985174298286438,0.3410703837871551,-0.8513841032981873,1.8196587562561035,3.34773850440979,1.8676936626434328,0.4377886170001198,-0.3480553367882495,-0.0083756704071058,85.0
1652956215.511188,-0.6276261210441589,0.2605916261672973,0.1136566400527954,0.4324052929878235,0.3182587623596191,-0.8436450958251953,1.7938045263290403,3.25638198852539,1.7817695140838623,0.4736324177953165,-0.3238921787041662,0.0005310035930956,85.0
1652956215.521151,-0.6043083667755127,0.3144532442092895,0.0927743017673492,0.4644922018051147,0.2956230342388153,-0.83477783203125,1.7639765739440918,3.142822504043579,1.696904540061951,0.5077635154592047,-0.3001076457244114,0.007831133192604,85.0
1652956215.531081,-0.5847047567367554,0.363968014717102,0.0640096068382263,0.4946322739124298,0.2732555270195007,-0.8250275254249573,1.7356194257736206,3.0140204429626465,1.6087064743041992,0.5400769709922397,-0.2767757549449335,0.0135977058964987,85.0
1652956215.541042,-0.5725070834159851,0.410308301448822,0.0270814895629882,0.5227330327033997,0.2512846887111664,-0.814620316028595,1.7094895839691162,2.871159076690674,1.508064031600952,0.5705106011706728,-0.2540072962810082,0.0179210828260116,85.0
1652956215.551202,-0.5650343894958496,0.4645936489105224,-0.006520390510559,0.5487533807754517,0.2297413200139999,-0.8037964105606079,1.713728904724121,2.715948820114136,1.4047844409942627,0.5990219325443048,-0.2318118920369484,0.020715913995375,85.0
1652956215.5610151,-0.5622089505195618,0.4928852915763855,-0.0240649431943893,0.572661280632019,0.2085285484790802,-0.7928271889686584,1.740949630737305,2.560576200485229,1.2793962955474854,0.6255379718013572,-0.2100701894753495,0.021770208052067,85.0
1652956215.570952,-0.5522127747535706,0.5101839303970337,-0.0223007947206497,0.5946170687675476,0.187645137310028,-0.7818055152893066,1.7751072645187378,2.4223310947418213,1.1616590023040771,0.6502310563356465,-0.1887641483188868,0.0210871086959659,85.0
1652956215.580975,-0.5326794385910034,0.533551812171936,-0.022321343421936,0.6147566437721252,0.1672494411468505,-0.770780086517334,1.778585433959961,2.2865660190582275,1.044352650642395,0.6732618705363222,-0.1680391434154298,0.0188321715792446,85.0
1652956215.5908852,-0.5025898218154907,0.534042239189148,-0.0420878082513809,0.6331899166107178,0.1477397829294204,-0.7597654461860657,1.7203400135040283,2.141088962554932,0.9305803179740906,0.6947787355027107,-0.1482825795873077,0.0153352641328672,85.0
1652956215.600813,-0.4708511233329773,0.536668062210083,-0.0711223185062408,0.6497910618782043,0.129624605178833,-0.7489787340164185,1.6040419340133667,1.9467341899871824,0.8194236755371094,0.7146060095841881,-0.1299903858405145,0.0111925821901987,85.0
1652956215.610783,-0.4732412695884704,0.547356367111206,-0.0841892212629318,0.664495050907135,0.1132878363132476,-0.7386557459831238,1.452265381813049,1.774243950843811,0.7137777209281921,0.7325943225693033,-0.1135315715964329,0.00681522855678,85.0
1652956215.620892,-0.4960166215896606,0.5526415705680847,-0.0727974772453308,0.677596390247345,0.098752774298191,-0.7287736535072327,1.3123338222503662,1.6223704814910889,0.6165701746940613,0.7490245957588274,-0.0989139934317275,0.002390330788094,85.0
1652956215.630666,-0.5171653628349304,0.5600391030311584,-0.0603205859661102,0.6893762350082397,0.0858791545033454,-0.7192950248718262,1.1689974069595337,1.4941635131835938,0.5417036414146423,0.7641623411312631,-0.0859850702780526,-0.00191372589582,85.0
1652956215.640652,-0.5258676409721375,0.565520167350769,-0.0412306413054466,0.700001060962677,0.0743117928504943,-0.7102649807929993,1.1069831848144531,1.376621127128601,0.4797573387622833,0.7781202905992894,-0.074380358232787,-0.0061366258851018,85.0
1652956215.650639,-0.5165733098983765,0.5667627453804016,-0.007437877357006,0.709597110748291,0.0633156597614288,-0.7017571330070496,1.1339975595474243,1.2661781311035156,0.4136097431182861,0.790953039515835,-0.0633580429672183,-0.0108689437409987,85.0
1652956215.660845,-0.5082120299339294,0.5578991770744324,0.0524843819439411,0.7182950973510742,0.0523893721401691,-0.6937633156776428,1.2119113206863403,1.1718426942825315,0.3688378930091858,0.802769458318649,-0.052413368491578,-0.0164833203504302,85.0
1652956215.670539,-0.5158075094223022,0.544195294380188,0.0919580534100532,0.7262721061706543,0.0413428284227848,-0.6861630082130432,1.2710163593292236,1.1004217863082886,0.3258672654628753,0.8137876906943656,-0.0413546136841027,-0.023096645323224,85.0
1652956215.68066,-0.5299111604690552,0.5524216294288635,0.089667297899723,0.733738124370575,0.0304652452468872,-0.6787490248680115,1.2846519947052002,1.0681169033050537,0.2692679464817047,0.8243092259075867,-0.030469960533201,-0.030409423708956,85.0
1652956215.69061,-0.528490424156189,0.5606663227081299,0.0791396051645279,0.740847110748291,0.0202409829944372,-0.6713687181472778,1.2013078927993774,1.0241419076919556,0.2286808490753173,0.8345566570447596,-0.0202423656752681,-0.0379233755749277,85.0
1652956215.700602,-0.5123005509376526,0.5678761005401611,0.0600774213671684,0.7474386692047119,0.0112727703526616,-0.6642352342605591,0.9973464012145996,0.9450840950012208,0.2000651061534881,0.8442696006204878,-0.0112730089805005,-0.0447196461987756,85.0
1652956215.710526,-0.507195770740509,0.5747498869895935,0.0337526872754097,0.7533506751060486,0.0043028257787227,-0.657604992389679,0.6882167458534241,0.8458054661750793,0.1735458821058273,0.8531530242144894,-0.0043028391721216,-0.0498182573928613,85.0
1652956215.720397,-0.5180287957191467,0.58413165807724,0.0180361531674861,0.758492112159729,-0.0002595678670331,-0.6516821980476379,0.3225564360618591,0.7326783537864685,0.1581960767507553,0.8609962010512271,0.0002595678730162,-0.0525709410827734,85.0
1652956215.7302852,-0.537064790725708,0.597956120967865,0.0269594676792621,0.7627728581428528,-0.0024079820141196,-0.6466620564460754,0.0025137090124189,0.5970760583877563,0.1417459845542907,0.867593645731963,0.002407984374987,-0.0528105184629192,85.0
1652956215.740237,-0.5685925483703613,0.6231275796890259,0.0679599270224571,0.7661482095718384,-0.0025911796838045,-0.6426587104797363,-0.2254542857408523,0.4600180983543396,0.1090045198798179,0.8728300768545583,0.0025911824907353,-0.0510559844399516,85.0
1652956215.750218,-0.6142222881317139,0.6540976762771606,0.1248817965388298,0.7687940001487732,-0.0014838771894574,-0.6394948959350586,-0.3215517699718475,0.378067284822464,0.0639853775501251,0.8769543901631125,0.0014838776773318,-0.0483770416374562,85.0
1652956215.760584,-0.6381078958511353,0.6949083805084229,0.167980745434761,0.7709510922431946,0.0003543100610841,-0.6368943452835083,-0.3682454526424408,0.304587721824646,0.0339437425136566,0.8803331475046434,-0.0003543100744208,-0.045431491816396,85.0
1652956215.7701402,-0.609525740146637,0.7600500583648682,0.1704346984624862,0.7726423144340515,0.0026000626385211,-0.6348363757133484,-0.4232170879840851,0.2242641448974609,0.0333400033414363,0.8829968999482154,-0.0026000655757933,-0.04220716250403,85.0
1652956215.780319,-0.5351331233978271,0.8119505047798157,0.1599946320056915,0.7735518217086792,0.0051208264194428,-0.6337124705314636,-0.5038992166519165,0.0541669242084026,0.0726873353123664,0.8844426552280352,-0.005120848735197,-0.038339275757523,85.0
1652956215.79008,-0.4742496013641357,0.8232164978981018,0.1758664101362228,0.7731999754905701,0.0078189922496676,-0.6341142058372498,-0.5839820504188538,-0.1722073704004287,0.1247683763504028,0.8839088979668828,-0.0078190718315705,-0.0335094234518811,85.0
1652956215.800004,-0.4581446647644043,0.7979484796524048,0.2083679139614105,0.7713466882705688,0.0105805434286594,-0.6363272666931152,-0.6669972538948059,-0.4095526337623596,0.1827865839004516,0.8810223031862212,-0.0105807406143739,-0.0277589855584647,85.0
1652956215.8099809,-0.4700764417648315,0.7740423679351807,0.241169735789299,0.7680196762084961,0.0135148065164685,-0.6402837634086609,-0.7781490683555603,-0.6295472979545593,0.2572965323925018,0.8758526734933497,-0.0135152179160072,-0.0208250032462295,85.0
1652956215.819916,-0.4700648784637451,0.7639330625534058,0.2455457597970962,0.7633084654808044,0.0168444719165563,-0.6458146572113037,-0.9280312061309814,-0.8472949862480164,0.3058665990829468,0.8685865311593702,-0.0168452678944923,-0.012544217153094,85.0
1652956215.82989,-0.4497374892234802,0.7506067752838135,0.2309438586235046,0.7572479248046875,0.0212229806929826,-0.6527826189994812,-1.187181830406189,-1.0457359552383425,0.3375526070594787,0.8593503482052196,-0.0212245733526589,-0.0024915810726465,85.0
1652956215.839868,-0.4103474617004394,0.7545974254608154,0.2292415499687194,0.749825119972229,0.02721300534904,-0.6610761880874634,-1.3975051641464231,-1.2387361526489258,0.3404876589775085,0.848217702257992,-0.0272163647863682,0.0095352876702952,85.0
1652956215.849818,-0.3593935370445251,0.7393954396247864,0.2422408163547516,0.7411990761756897,0.034263789653778,-0.6704103350639343,-1.4540691375732422,-1.3963593244552612,0.3302232921123504,0.835503737070504,-0.0342704973042794,0.0224189221418783,85.0
1652956215.860087,-0.2914694547653198,0.7127708792686462,0.2654190063476562,0.7313194274902344,0.0412217192351818,-0.6807883381843567,-1.3297059535980225,-1.5886274576187134,0.3514905869960785,0.8211670276282281,-0.0412334012029574,0.0350018892240445,85.0
1652956215.869703,-0.2186958789825439,0.6653801798820496,0.280024379491806,0.7198098301887512,0.0468800067901611,-0.6925864815711975,-1.1446857452392578,-1.831876397132873,0.4161297678947449,0.8046703822374265,-0.0468971961150867,0.0465450398595352,85.0
1652956215.879823,-0.1773879528045654,0.6031635403633118,0.2962329387664795,0.706379771232605,0.0512250363826751,-0.7059771418571472,-1.0468053817749023,-2.077810049057007,0.4947702884674072,0.78568325470546,-0.051247465652169,0.0574911218539562,85.0
1652956215.889668,-0.1759280562400818,0.5168571472167969,0.2871934175491333,0.6911717057228088,0.0552291683852672,-0.7205771803855896,-1.1313495635986328,-2.2764413356781006,0.5490473508834839,0.7645720672096715,-0.055257285399191,0.0687812659837992,85.0
1652956215.899742,-0.1858217120170593,0.435255229473114,0.251836210489273,0.6744235157966614,0.0604197233915329,-0.7358684539794922,-1.349886775016785,-2.4245734214782715,0.5496708154678345,0.7418567599347987,-0.0604565444348416,0.0812047654599089,85.0
1652956215.909668,-0.1867483854293823,0.3510533571243286,0.2227217406034469,0.6563529968261719,0.0678362101316452,-0.7513980269432068,-1.6029523611068726,-2.543021440505981,0.519435703754425,0.7179849409657767,-0.0678883421996441,0.0950436125746034,85.0
1652956215.919514,-0.1683546900749206,0.2735744714736938,0.219657301902771,0.6371353268623352,0.077202521264553,-0.7668757438659668,-1.700102686882019,-2.634386777877808,0.495613694190979,0.6932528867690679,-0.0772794218975432,0.1096859076819208,85.0
1652956215.929491,-0.1231941580772399,0.1792598962783813,0.2308034300804138,0.6168161034584045,0.0869761928915977,-0.7822871208190918,-1.6212379932403564,-2.73887300491333,0.4956629276275635,0.6676756869219047,-0.0870862257431343,0.1240322421394146,85.0
1652956215.939437,-0.0945991277694702,0.1125734448432922,0.2557365298271179,0.5953469276428223,0.0960396975278854,-0.79770827293396,-1.4360601902008057,-2.827486276626587,0.5016378164291382,0.6411428135282071,-0.0961879547588683,0.1373047499786516,85.0
1652956215.94949,-0.1013485789299011,0.0814583897590637,0.2616467475891113,0.5729673504829407,0.1039081439375877,-0.8129646182060242,-1.279784083366394,-2.8777809143066406,0.5215819478034973,0.6139318570191742,-0.1040960381934827,0.1493993447147573,85.0
1652956215.959477,-0.1213687062263488,0.065604567527771,0.2253718227148056,0.5498813986778259,0.1112829223275184,-0.827796220779419,-1.2732598781585691,-2.9059407711029053,0.5440536141395569,0.5863425275165837,-0.1115138942294708,0.1609831214386684,85.0
1652956215.969439,-0.1462012529373169,0.0484119653701782,0.1679679751396179,0.5262978076934814,0.1195534765720367,-0.841853678226471,-1.4227867126464844,-2.9165546894073486,0.5318166017532349,0.5587182756057232,-0.1198401189251626,0.1728026821975423,85.0
1652956215.979401,-0.1738348007202148,0.0428134799003601,0.1366931647062301,0.5023261308670044,0.1298627108335495,-0.8548708558082581,-1.6284139156341553,-2.907219886779785,0.4856698215007782,0.5312554306167425,-0.1302305128568174,0.1851001374053004,85.0
1652956215.989306,-0.1978797614574432,-0.010792076587677,0.1082974970340728,0.4781075119972229,0.1423129290342331,-0.8666950464248657,-1.8135689496994016,-2.880814790725708,0.453291118144989,0.5041048902750416,-0.1427977370066617,0.1977737995217639,85.0
1652956215.9991832,-0.1979908645153045,-0.072616696357727,0.1061778515577316,0.4538045823574066,0.156715914607048,-0.8772123456001282,-1.9611940383911133,-2.866098165512085,0.4108232855796814,0.4774119903228482,-0.157364595794562,0.2105603674618304,85.0
1652956216.009174,-0.1555855870246887,-0.1285620331764221,0.163526713848114,0.4291605651378631,0.1724108755588531,-0.8866204023361206,-1.9835113286972048,-2.893419027328491,0.3983658254146576,0.4507990296350339,-0.1732766783309073,0.2231581304145159,85.0
1652956216.019,-0.1049078106880188,-0.2038139104843139,0.195923313498497,0.4040717780590057,0.1878505796194076,-0.895230770111084,-1.880609393119812,-2.935086250305176,0.4518440663814544,0.4239846950391421,-0.1889733071496211,0.2353638058956274,85.0
1652956216.029282,-0.07522913813591,-0.2436616420745849,0.1949266195297241,0.378543496131897,0.2021682113409042,-0.9032346606254578,-1.7350000143051147,-2.972431182861328,0.5313447713851929,0.396860665930641,-0.2035713463869216,0.2472714042132399,85.0
1652956216.0391731,-0.0633044838905334,-0.2592358589172363,0.1942345201969146,0.3529011607170105,0.2151893973350525,-0.9105790853500366,-1.6095668077468872,-2.9683077335357666,0.6018681526184082,0.3697336978178233,-0.2168857644665789,0.2590143517081391,85.0
1652956216.049004,-0.0605261623859405,-0.2681826949119568,0.152993232011795,0.3274635374546051,0.2274084687232971,-0.9170894622802734,-1.543317198753357,-2.916386365890503,0.6475269794464111,0.342957778720431,-0.2294155909386206,0.2706234208256765,85.0
1652956216.05897,-0.0717750489711761,-0.3035035729408264,0.0572584420442581,0.3026253879070282,0.2391588985919952,-0.9226163625717164,-1.4684234857559204,-2.836963415145874,0.6627681851387024,0.3169499636465103,-0.2414995220746658,0.2819852612353921,85.0
1652956216.06892,-0.0828578472137451,-0.3413541316986084,0.0014729797840118,0.2785214185714721,0.2504497170448303,-0.9272004961967468,-1.3769279718399048,-2.732316732406616,0.6279894113540649,0.2918142269968647,-0.2531447603553204,0.2927441263750888,85.0
1652956216.0789762,-0.090114951133728,-0.4293703436851501,0.0019787847995758,0.2553066909313202,0.2609454989433288,-0.9309811592102052,-1.2476211786270142,-2.612943172454834,0.5782108902931213,0.2676539379490121,-0.2640015198755905,0.3024348457619368,85.0
1652956216.088868,-0.1050466150045394,-0.5407227277755737,-0.0184396803379058,0.233098492026329,0.2710948288440704,-0.933901846408844,-1.2390345335006714,-2.48422646522522,0.5123061537742615,0.2445987118568201,-0.2745302600560659,0.3111276831285599,85.0
1652956216.098786,-0.1078428626060485,-0.6177039742469788,-0.0325299203395843,0.2119384407997131,0.2819348871707916,-0.9357322454452516,-1.323063611984253,-2.3507957458496094,0.4473232924938202,0.2227367039223712,-0.2858102250153229,0.3190326038888389,85.0
1652956216.108906,-0.1034364253282547,-0.6800927519798279,-0.0405594110488891,0.1918001919984817,0.2938096523284912,-0.9364233016967772,-1.3942255973815918,-2.229613780975342,0.3994716107845306,0.2020278691150816,-0.2982099738127857,0.3262928659225704,85.0
1652956216.1187391,-0.1095460951328277,-0.7239284515380859,-0.0242741107940673,0.1727328449487686,0.306241363286972,-0.9361515045166016,-1.406247615814209,-2.101030111312866,0.3721066117286682,0.1824615949381229,-0.3112421813999901,0.3330608623663229,85.0
1652956216.128688,-0.1194758266210556,-0.7411679625511169,0.0245472788810729,0.1549831330776214,0.3184245824813843,-0.9351930618286132,-1.3325159549713137,-1.9532550573349,0.3696855306625366,0.1642305111287783,-0.3240671118798429,0.3393497837238612,85.0
1652956216.1386151,-0.1302580684423446,-0.7278395891189575,0.0551314055919647,0.138711541891098,0.3296495676040649,-0.9338577389717102,-1.1925485134124756,-1.8039538860321045,0.3868750035762787,0.1474579119330298,-0.335932378157143,0.3452947490668673,85.0
1652956216.148593,-0.1393808424472808,-0.7203600406646729,0.0515612065792083,0.1239390522241592,0.3393996059894562,-0.932441473007202,-1.0111666917800903,-1.6678307056427002,0.4293380379676819,0.132144275338184,-0.3462785303841318,0.3511962461325935,85.0
1652956216.15857,-0.1533242315053939,-0.7310270667076111,0.0441154539585113,0.1106302440166473,0.3473030924797058,-0.931204319000244,-0.7944750189781189,-1.5323371887207031,0.4877711832523346,0.1182491453219956,-0.3546936459179032,0.3572116977436778,85.0
1652956216.168616,-0.1722681522369384,-0.7898615002632141,0.0005466043949127,0.0989040061831474,0.3532742857933044,-0.9302769899368286,-0.606766939163208,-1.3789750337600708,0.5324364304542542,0.1059188512515737,-0.3610687640127492,0.3634526547807754,85.0
1652956216.178741,-0.18525031208992,-0.8456820845603943,-0.0466758906841278,0.0887385681271553,0.3580010533332824,-0.929494857788086,-0.4908367395401001,-1.1998752355575562,0.5255078673362732,0.0951811953684319,-0.3661261875448051,0.3696336545495131,85.0
1652956216.1883888,-0.1945858895778656,-0.8735836744308472,-0.110099971294403,0.0803739577531814,0.3618395626544952,-0.9287691712379456,-0.4342751801013946,-0.9980869293212892,0.4965424835681915,0.0863230826204488,-0.3702404128800244,0.3755093951675278,85.0
1652956216.1983829,-0.2063908576965332,-0.8842824101448059,-0.2056399583816528,0.0738225951790809,0.365338534116745,-0.9279428720474244,-0.3980917632579803,-0.7861326932907104,0.4453259110450744,0.079387907345976,-0.3739964596237161,0.3809045689984466,85.0
1652956216.208508,-0.2080644071102142,-0.8743634223937988,-0.2703530788421631,0.068995900452137,0.3685129582881927,-0.9270586967468262,-0.3502664566040039,-0.5844155550003052,0.3692476749420166,0.0742875699489838,-0.3774089002840552,0.3855601699694373,85.0
1652956216.218297,-0.2164766192436218,-0.8387339115142822,-0.3249623477458954,0.0656741261482238,0.3713339269161224,-0.9261738657951356,-0.3043729960918426,-0.3949121236801147,0.2726674973964691,0.0707905764182657,-0.3804452423443218,0.3892798516303642,85.0
1652956216.228274,-0.2346710711717605,-0.7864128947257996,-0.3971776068210602,0.0637117102742195,0.3738012313842773,-0.9253180623054504,-0.2583120465278625,-0.2107023447751999,0.17637799680233,0.0687453483916551,-0.3831039766665363,0.3919168559988263,85.0
1652956216.2382212,-0.2403337061405182,-0.7128632068634033,-0.4568336009979248,0.0629351213574409,0.3758095502853393,-0.9245573878288268,-0.1900669336318969,-0.054425336420536,0.0714068487286567,0.0679656974127245,-0.3852702034037594,0.393422870321127,85.0
1652956216.248184,-0.248763769865036,-0.6428341865539551,-0.482142686843872,0.0631712228059768,0.3771775662899017,-0.9239840507507324,-0.1036854311823844,0.0969109237194061,-0.0450643748044967,0.0682620839583453,-0.3867468884339523,0.3936678301178952,85.0
1652956216.258224,-0.2578081786632538,-0.5713352560997009,-0.509257435798645,0.0642963126301765,0.3778183460235595,-0.9236445426940918,-0.0318410694599151,0.2362044304609298,-0.1673843115568161,0.0694994160288917,-0.3874388683224657,0.3925751209879617,85.0
1652956216.2683558,-0.2669920921325683,-0.4891588091850281,-0.5464320182800293,0.0661255046725273,0.3780055940151214,-0.9234387874603271,0.0203829873353242,0.3579462766647339,-0.3002864122390747,0.0714858757975367,-0.3876411007809445,0.3900633337448008,85.0
1652956216.278387,-0.2776484191417694,-0.4111983776092529,-0.5437641143798828,0.0684657916426658,0.3779164552688598,-0.9233047366142272,0.0493952631950378,0.4629474282264709,-0.4630217850208282,0.0740175092719599,-0.3875448301821345,0.3859544639604353,85.0
1652956216.288045,-0.3015353977680206,-0.3518691658973694,-0.5386499762535095,0.071082018315792,0.3777613937854767,-0.9231704473495485,0.0578207075595855,0.5536850690841675,-0.6372401714324951,0.0768460946020428,-0.3873773472066314,0.3800133624362083,85.0
1652956216.297947,-0.3259387612342834,-0.2978080511093139,-0.5537728667259216,0.0737721174955368,0.3777323067188263,-0.9229713082313538,0.0560386516153812,0.6176710724830627,-0.8088841438293457,0.0797593811552336,-0.3873459343593113,0.3721926589489996,85.0
1652956216.307952,-0.3432366549968719,-0.2512624859809875,-0.5628722906112671,0.0763605311512947,0.3781342506408691,-0.9225960969924928,0.000818008556962,0.6702386736869812,-0.9675811529159546,0.0825787957211656,-0.3877800665447575,0.362638877600258,85.0
1652956216.317909,-0.3602908253669739,-0.2158719897270202,-0.5649965405464172,0.0787510052323341,0.3792666494846344,-0.9219301342964172,-0.0696190744638443,0.7096596956253052,-1.1238994598388672,0.0852128636830168,-0.3890036072355898,0.3514652105240037,85.0
1652956216.3278751,-0.3799772560596466,-0.186108112335205,-0.5312033891677856,0.0808745697140693,0.3809807300567627,-0.92103910446167,-0.0851631462574005,0.7599521279335022,-1.3015519380569458,0.0875833343092576,-0.3908567984608129,0.3385113811338295,85.0
1652956216.337786,-0.3917433023452759,-0.1565250754356384,-0.4988423585891723,0.082813948392868,0.382707804441452,-0.920150339603424,-0.04363314807415,0.8173381090164185,-1.4585294723510742,0.0897586296596209,-0.3927254686592955,0.3237207307036364,85.0
1652956216.347929,-0.3836986124515533,-0.1392638683319091,-0.4874453544616699,0.0847637727856636,0.3840671181678772,-0.9194061160087584,0.0162024907767772,0.8870090842247009,-1.5927506685256958,0.0919341649755803,-0.3941972382689029,0.3073192967951394,85.0
1652956216.3577662,-0.3706677258014679,-0.1274598240852356,-0.4588666260242462,0.0868085846304893,0.3851210176944732,-0.9187742471694946,0.0625576749444007,0.956636607646942,-1.7349599599838257,0.0942033831983086,-0.3953389502917524,0.2894172133400382,85.0
1652956216.3677258,-0.3783085346221924,-0.1205182075500488,-0.4309317469596863,0.0889867171645164,0.3858268558979034,-0.9182695746421814,0.1177034825086593,1.029827356338501,-1.86560583114624,0.096605315572648,-0.3961039041111753,0.2699690449324755,85.0
1652956216.377804,-0.3833832442760467,-0.1190475225448608,-0.4127297401428222,0.0912538319826126,0.3864084482192993,-0.917802393436432,0.1280023902654647,1.0952105522155762,-2.000654935836792,0.0991007455470791,-0.3967343801828725,0.2490662439573205,85.0
1652956216.38762,-0.3917824923992157,-0.1087471842765808,-0.379377007484436,0.0934732630848884,0.3871438503265381,-0.9172689914703368,0.1266082227230072,1.1461468935012815,-2.1585497856140137,0.1015533170865806,-0.3975318490407689,0.2266018921152184,85.0
1652956216.3976002,-0.4015858769416809,-0.105121374130249,-0.3239485919475555,0.095464140176773,0.3881882131099701,-0.9166223406791688,0.1060013473033905,1.1868326663970947,-2.332280158996582,0.1037736143240267,-0.3986648350953679,0.2023081130907628,85.0
1652956216.407548,-0.3902826905250549,-0.099536657333374,-0.3071166276931762,0.0970241203904151,0.3897430598735809,-0.9157983660697936,0.0550367049872875,1.1977745294570925,-2.4881367683410645,0.1055511120201671,-0.4003525785523888,0.1762860804446034,85.0
1652956216.479954,-0.359426200389862,-0.0767648220062255,-0.3116389513015747,0.0979821979999542,0.3920986652374267,-0.9146901965141296,-0.0195712205022573,1.184038519859314,-2.6031296253204346,0.1067137086461633,-0.4029118283312106,0.148866989981571,85.0
1652956216.487381,-0.1929955929517746,-0.0107452869415283,0.1342413425445556,0.0838495418429374,0.3957270681858063,-0.9145323634147644,0.4294543862342834,0.8153047561645508,-2.946404218673706,0.0914300836004207,-0.4068593979051087,-0.0653824538723427,85.0
1652956216.497268,-0.1993501633405685,-0.0018016695976257,0.2227338850498199,0.0796145126223564,0.394301176071167,-0.9155261516571044,0.404977411031723,0.8192341923713684,-2.977940797805786,0.0867421800744696,-0.4053072798020634,-0.0978216862759776,85.0
1652956216.509507,-0.1808941513299942,0.026102602481842,0.2131766974925995,0.0754559785127639,0.3932839632034302,-0.916315495967865,0.3077211678028106,0.8095051646232605,-2.9259607791900635,0.0821617795161276,-0.4042006781340865,-0.1300685957516832,85.0
1652956216.517519,-0.1390248239040374,0.0621253848075866,0.1955593228340149,0.0715352445840835,0.3932774662971496,-0.9166327118873596,0.1600681841373443,0.8048487305641174,-2.840062141418457,0.0778834795966705,-0.4041936087213668,-0.1614127879687952,85.0
1652956216.526977,-0.0769678652286529,0.073511004447937,0.2246668934822082,0.0677516087889671,0.3942602574825287,-0.9164980053901672,0.0535446666181087,0.7656512260437012,-2.7524969577789307,0.0737902278966898,-0.4052627682900241,-0.1917251880596117,85.0
1652956216.536874,-0.0365451872348785,0.057248055934906,0.2789539992809295,0.0637211427092552,0.3956677317619324,-0.9161804914474488,0.0419056564569473,0.7004075050354004,-2.688604593276977,0.0694390432309485,-0.4067948131042219,-0.2211727452360887,85.0
1652956216.546776,-0.0424552001059055,0.0383187532424926,0.3303268253803253,0.0593925006687641,0.3965714871883392,-0.9160805344581604,0.1175460889935493,0.6574469804763794,-2.631326198577881,0.0647426634941189,-0.407779083924313,-0.2500350151269275,85.0
1652956216.557269,-0.0596149712800979,0.0291329622268676,0.3728207051753998,0.0550221167504787,0.3964970409870147,-0.9163856506347656,0.2249878495931625,0.6330536007881165,-2.5510549545288086,0.059970536469477,-0.4076979673276825,-0.2782144362961412,85.0
1652956216.566653,-0.0728568509221077,0.0372501015663147,0.3937406241893768,0.050746913999319,0.3954440653324127,-0.9170870780944824,0.2811954617500305,0.6004613041877747,-2.448927640914917,0.055278514810597,-0.4065512879062466,-0.3054871242006697,85.0
1652956216.5766969,-0.0789661332964897,0.0665670037269592,0.4136013090610504,0.0467548705637455,0.393939733505249,-0.9179463386535645,0.2966748476028442,0.5920102000236511,-2.351057767868042,0.0508902312755019,-0.4049140104887254,-0.3316205457537975,85.0
1652956216.586686,-0.0783928111195564,0.0916479229927063,0.4343935549259186,0.0431297793984413,0.3922972381114959,-0.9188268184661864,0.2790343165397644,0.5912764668464661,-2.2590532302856445,0.0469056246866012,-0.4031277157490637,-0.3567179992047329,85.0
1652956216.5965471,-0.0709123015403747,0.1170876622200012,0.4455032348632812,0.0399064756929874,0.3909837007522583,-0.919532060623169,0.2055564969778061,0.5985510349273682,-2.1804394721984863,0.0433714634161394,-0.4017001429327088,-0.380834264989268,85.0
1652956216.606554,-0.0553183108568191,0.1328859329223632,0.4231089949607849,0.0370688289403915,0.3903524875640869,-0.919918954372406,0.1097609996795654,0.5997846126556396,-2.0998659133911133,0.0402739672271953,-0.4010144218941356,-0.404064604156395,85.0
1652956216.616362,-0.03303924202919,0.126879334449768,0.3858185410499573,0.0345651507377624,0.3905335664749145,-0.9199395775794984,0.0126957725733518,0.592877984046936,-1.995017886161804,0.0375556175536355,-0.4012110994329235,-0.4262014396615549,85.0
1652956216.626654,-0.032818004488945,0.1168192028999328,0.3599245250225067,0.0324212983250618,0.3911589980125427,-0.9197518825531006,0.0046951044350862,0.5943328738212585,-1.8901056051254272,0.0352354577715347,-0.401890600703005,-0.4472296218553259,85.0
1652956216.636374,-0.0401488319039344,0.1165107488632202,0.3728474080562591,0.0308104828000068,0.3914044499397278,-0.9197028279304504,0.0788365080952644,0.6093122959136963,-1.774897813796997,0.0334879523882347,-0.4021573091679405,-0.467029536848177,85.0
1652956216.646459,-0.0388652011752128,0.1161925196647644,0.4148158431053161,0.0297099519520998,0.3908026218414306,-0.9199949502944946,0.1593475937843322,0.6186565160751343,-1.6840133666992188,0.0322823843103106,-0.4015033860218003,-0.4857739838195897,85.0
1652956216.656562,-0.0392288640141487,0.1268661022186279,0.4242177009582519,0.0289444588124752,0.3897625803947449,-0.9204604029655457,0.1609032750129699,0.6030641198158264,-1.595084547996521,0.0314352728577367,-0.4003737686765722,-0.5035738435836112,85.0
1652956216.666294,-0.0336597189307212,0.1516611576080322,0.4045192301273346,0.028288647532463,0.3890905678272247,-0.9207651019096376,0.0780928209424018,0.5652629733085632,-1.504098892211914,0.0307133188546829,-0.3996441476200039,-0.5203703511626934,85.0
1652956216.676351,-0.0192300677299499,0.1708353757858276,0.3993648886680603,0.0275461189448833,0.3891942203044891,-0.920743763446808,-0.0169029980897903,0.5030630826950073,-1.405471920967102,0.0299083267721459,-0.3997566753385294,-0.5361183117321561,85.0
1652956216.686338,-0.0024829059839248,0.1807119846343994,0.4049426913261413,0.0265612918883562,0.3900098800659179,-0.9204275012016296,-0.0745396614074707,0.4247989356517792,-1.2971832752227783,0.0288495534995243,-0.4006423069675565,-0.5507382915940271,85.0
1652956216.6965408,0.0069655179977416,0.177932858467102,0.4023792743682861,0.0252610482275486,0.3912152647972107,-0.9199524521827698,-0.1131356582045555,0.3429945707321167,-1.175052285194397,0.0274521822658686,-0.4019517346315113,-0.5640942161705894,85.0
1652956216.70632,0.008852481842041,0.170691430568695,0.3860146999359131,0.0237097851932048,0.3924430906772613,-0.9194706678390504,-0.0920458137989044,0.2739917933940887,-1.0638279914855957,0.0257806297327075,-0.4032862668238436,-0.576189180635147,85.0
1652956216.716259,0.0130049791187047,0.1726366281509399,0.3696021437644958,0.022074980661273,0.3934137523174286,-0.9190964698791504,-0.0643773078918457,0.2353090047836303,-0.9417225122451782,0.0240135153120928,-0.4043418306818754,-0.5870219785456704,85.0
1652956216.7262568,0.0054441094398498,0.1764065027236938,0.3636233806610107,0.0206789523363113,0.3940213918685913,-0.918868601322174,-0.0189973078668117,0.2261778265237808,-0.8378528356552124,0.0225010000078203,-0.4050028733779092,-0.5966244112464241,85.0
1652956216.73655,-0.0126422867178916,0.172866940498352,0.3716785311698913,0.0197376329451799,0.3939619064331054,-0.9189148545265198,0.0589022189378738,0.2527171969413757,-0.7592954039573669,0.0214759815174165,-0.4049381305951927,-0.6052262533596475,85.0
1652956216.746213,-0.020812764763832,0.1587660312652588,0.3652765154838562,0.0193326696753501,0.3933448493480682,-0.9191877245903016,0.099004365503788,0.2758723199367523,-0.6757459044456482,0.0210292408141996,-0.4042668902967279,-0.6130317704720802,85.0
1652956216.7562652,-0.0135112032294273,0.1551682353019714,0.3357622027397156,0.019370574504137,0.3925857245922088,-0.9195114374160768,0.0924372747540474,0.2751370072364807,-0.5933822989463806,0.0210630454219883,-0.403441365255115,-0.6199293829803332,85.0
1652956216.766213,0.0005224198102951,0.1500859856605529,0.315690815448761,0.0196497067809104,0.3919662237167358,-0.9197697639465332,0.0641363933682441,0.2580661475658417,-0.5258195400238037,0.02136047503179,-0.4027678587404656,-0.6259757442125065,85.0
1652956216.776198,0.0099417567253112,0.1448963284492492,0.2935453057289123,0.0199044346809387,0.3917423188686371,-0.9198596477508544,0.0026736319996416,0.2168686985969543,-0.4593688249588012,0.0216351790291069,-0.4025244912483502,-0.6313032006889261,85.0
1652956216.785979,0.0183058232069015,0.1514474153518676,0.2718208134174347,0.0199937392026186,0.3921197652816772,-0.9196968674659728,-0.0660492330789566,0.1732884645462036,-0.3986679017543793,0.0217360638650667,-0.4029347853086485,-0.6359205123830685,85.0
1652956216.796001,0.0250675380229949,0.1451543569564819,0.2437576353549957,0.0199153684079647,0.3930680751800537,-0.9192937016487122,-0.1217147037386894,0.1289433091878891,-0.3393431305885315,0.021660383702281,-0.4039658753985703,-0.639904115734565,85.0
1652956216.805992,0.031817153096199,0.1308568716049194,0.221479445695877,0.0197117812931537,0.3945027589797973,-0.9186832904815674,-0.176444798707962,0.0923403054475784,-0.2862162888050079,0.0214532663012372,-0.4055266742455161,-0.6432285137409307,85.0
1652956216.815827,0.0334185436367988,0.1205392479896545,0.203959047794342,0.0194836817681789,0.3963981568813324,-0.9178719520568848,-0.2222980856895446,0.0828312709927558,-0.2393092215061187,0.0212238272674046,-0.4075902676877808,-0.646019612201443,85.0
1652956216.8257818,0.0293548181653022,0.1113458275794982,0.1814680695533752,0.0193817485123872,0.3985339105129242,-0.9169487953186036,-0.2379409670829773,0.0942463800311088,-0.208976075053215,0.0211340734725048,-0.4099177705410999,-0.6484143183883416,85.0
1652956216.835914,0.0248425006866455,0.1032630205154419,0.1636666059494018,0.0195300560444593,0.4007561504840851,-0.915976583957672,-0.2378757148981094,0.1070545315742492,-0.1693968921899795,0.0213183361014333,-0.4123420270701585,-0.6504130622924394,85.0
1652956216.845807,0.0224088653922081,0.1038351655006408,0.1617938876152038,0.0199647862464189,0.4028730094432831,-0.9150381088256836,-0.2190647423267364,0.121390588581562,-0.1396680325269699,0.0218150681480207,-0.4146537243142497,-0.6520110298158202,85.0
1652956216.855829,0.021698385477066,0.0934746265411377,0.1626205444335937,0.0205684583634138,0.4047776758670807,-0.914183795452118,-0.1910009086132049,0.122679553925991,-0.1127096116542816,0.0224954642275947,-0.41673568911713,-0.6533471954934288,85.0
1652956216.8656402,0.0205290541052818,0.0755509734153747,0.1498773097991943,0.0212952848523855,0.4064125120639801,-0.91344153881073,-0.1709084212779998,0.1161436289548873,-0.0749768763780593,0.0233090209393384,-0.4185242411719663,-0.654343235185679,85.0
1652956216.875777,0.0240178927779197,0.0646593570709228,0.1305687725543975,0.022017877548933,0.4079750776290893,-0.9127275347709656,-0.1714287251234054,0.0922906622290611,-0.0340030454099178,0.0241184872915326,-0.4202350727099899,-0.6549169108176851,85.0
1652956216.885601,0.0301265716552734,0.0633732080459594,0.1210652291774749,0.0227146074175834,0.4095135033130646,-0.912021279335022,-0.1620245724916458,0.0763385891914367,0.004191743209958,0.0249006387700842,-0.4219207493868058,-0.6550388642257586,85.0
1652956216.895636,0.028648717328906,0.0587413311004638,0.1168224513530731,0.0234600491821765,0.4109486639499664,-0.9113565683364868,-0.1566825360059738,0.0653551816940307,0.0391683280467987,0.0257362152694193,-0.42349441154776,-0.6547698938612475,85.0
1652956216.905713,0.0308600645512342,0.0508281588554382,0.1029715836048126,0.0242394227534532,0.4124094247817993,-0.9106760621070862,-0.1732348799705505,0.0559238605201244,0.0650633051991462,0.0266106692729812,-0.4250972963911291,-0.6541457718988462,85.0
1652956216.915462,0.0342252552509307,0.0462796688079834,0.0796462893486023,0.0249788481742143,0.4140824973583221,-0.9098965525627136,-0.1978227198123932,0.0368007682263851,0.0883969366550445,0.0274455101395421,-0.4269346064758506,-0.6532487988602687,85.0
1652956216.925757,0.0336680710315704,0.0452228784561157,0.0598383843898773,0.0256580989807844,0.4160223603248596,-0.908992350101471,-0.2345738112926483,0.0199626646935939,0.1088148579001426,0.028219475187177,-0.4290668008206376,-0.652089285757596,85.0
1652956216.9353142,0.0284215062856674,0.0419262051582336,0.0508956611156463,0.0262659918516874,0.4183122515678406,-0.907923460006714,-0.2748004496097564,0.0087764831259846,0.119529902935028,0.0289216757395186,-0.4315863897536874,-0.6507388027428923,85.0
1652956216.945436,0.0262583624571561,0.037914752960205,0.0528578460216522,0.0267964415252208,0.4208818972110748,-0.9067195653915404,-0.3006376624107361,-0.0047672889195382,0.1226948052644729,0.029544573809505,-0.4344172860440602,-0.649298925590823,85.0
1652956216.955436,0.0281090140342712,0.0392559766769409,0.0536511242389678,0.0272498726844787,0.4234761297702789,-0.9054973721504213,-0.2806942760944366,-0.0135037349537014,0.1247714981436729,0.0300847373526698,-0.4372790626915354,-0.6478476116370122,85.0
1652956216.965244,0.0334550738334655,0.029695987701416,0.0570115447044372,0.0276411231607198,0.4257766604423523,-0.9044060111045836,-0.2339321225881576,-0.0167996641248464,0.1168070510029792,0.0305532277077819,-0.4398200800349976,-0.6464093793190936,85.0
1652956216.975631,0.03514064848423,0.0140612125396728,0.056765079498291,0.0281528066843748,0.4279610514640808,-0.9033586382865906,-0.1511821746826172,-0.0154396938160061,0.1190975978970527,0.0311545118627509,-0.4422355924773994,-0.6449535538054129,85.0
