1652956269.0233998,-0.0203155577182769,-0.0337562561035156,-0.0284421443939209,-0.0631347000598907,0.5113217830657959,-0.8570671081542969,0.0465423502027988,0.1021265089511871,-0.0286865029484033,-0.0735308516736491,-0.536722163020306,0.3167191373183305,93.0
1652956269.03327,-0.0283969566226005,-0.0342962145805358,-0.0377918481826782,-0.0624385587871074,0.5109821557998657,-0.8573206067085266,0.0319494977593421,0.1200964078307151,-0.0346415601670742,-0.072701520330538,-0.5363270041888814,0.3163046332513501,93.0
1652956269.043428,-0.0352437198162078,-0.0375280976295471,-0.0410355925559997,-0.0616342797875404,0.5107163786888123,-0.8575372099876404,0.0276471581310033,0.1376809775829315,-0.0485094375908374,-0.0717502131603883,-0.5360178230882665,0.315777353012896,93.0
1652956269.053192,-0.0462754592299461,-0.0400504469871521,-0.04146009683609,-0.0607191212475299,0.5104237198829651,-0.8577767014503479,0.0212229490280151,0.1617818027734756,-0.0656000450253486,-0.0706687533509663,-0.5356774388437416,0.3150800915038638,93.0
1652956269.063338,-0.0557571873068809,-0.0388038754463195,-0.0466395616531372,-0.0597060211002826,0.5101405382156372,-0.8580161929130554,0.022476764395833,0.1804521530866623,-0.0881514251232147,-0.0694741303169382,-0.5353482122464664,0.314192414506226,93.0
1652956269.073165,-0.0647817775607109,-0.0444597005844116,-0.0544336438179016,-0.0586159899830818,0.5098475217819214,-0.8582655191421509,0.0083556855097413,0.2009901851415634,-0.11036416888237,-0.068189981168707,-0.5350075134915865,0.3130442293866309,93.0
1652956269.082989,-0.0726905614137649,-0.0498844385147094,-0.0624377727508544,-0.0574668571352958,0.509657621383667,-0.858456015586853,-0.0021968241780996,0.2272676080465316,-0.1365358531475067,-0.0668423840489162,-0.5347868220641115,0.3115999218752073,93.0
1652956269.093045,-0.0815323591232299,-0.0567268729209899,-0.0735170245170593,-0.0563002228736877,0.5095674395561218,-0.858586847782135,-0.0227784644812345,0.2376816123723983,-0.1608500927686691,-0.06547938175446,-0.5346819604183172,0.3098527737283487,93.0
1652956269.103003,-0.0938827246427536,-0.0567938089370727,-0.0837330818176269,-0.0551498159766197,0.5096516609191895,-0.8586114645004272,-0.0479836836457252,0.2580841183662414,-0.1860183030366897,-0.0641432829086459,-0.5347798936617288,0.3077616193828137,93.0
1652956269.113128,-0.1070396825671196,-0.0567145347595214,-0.091116726398468,-0.053986269980669,0.509848415851593,-0.8585686683654785,-0.0590100400149822,0.2827837467193603,-0.2108864784240722,-0.062796710235404,-0.5350085566058855,0.3053562696339834,93.0
1652956269.12297,-0.1199326142668724,-0.0578937530517578,-0.0998197197914123,-0.052751038223505,0.5101132988929749,-0.8584880828857422,-0.0570526160299778,0.3137935698032379,-0.2393756508827209,-0.0613692808004201,-0.5353164817631162,0.302598619016076,93.0
1652956269.1329231,-0.1285976320505142,-0.0629726648330688,-0.1109861731529235,-0.0513492077589035,0.5102781653404236,-0.8584750890731812,-0.0440400764346122,0.3600738942623138,-0.2734000384807586,-0.0597432634910887,-0.53550823440239,0.2995037087438805,93.0
1652956269.143005,-0.1319574415683746,-0.0663244724273681,-0.1190364956855773,-0.0497136488556861,0.5102260708808899,-0.8586022853851318,-0.005715325474739,0.4138433933258056,-0.3114206492900848,-0.0578360977029279,-0.5354476558831114,0.2960118288626679,93.0
1652956269.1527848,-0.1302052438259124,-0.0678175091743469,-0.133966863155365,-0.0478952899575233,0.5098824501037598,-0.8589097857475281,0.0083064837381243,0.4649285078048706,-0.3682698011398315,-0.0557051955648264,-0.535048109155898,0.2919734018623674,93.0
1652956269.162942,-0.1264720559120178,-0.0611878633499145,-0.1476067304611206,-0.0456928014755249,0.5097894072532654,-0.859084963798523,-0.0318204276263713,0.5078414082527161,-0.4144295752048492,-0.0531376839452604,-0.5349399641221941,0.2874425191955691,93.0
1652956269.1727262,-0.1241450011730194,-0.0580750703811645,-0.161607027053833,-0.0434422232210636,0.509934663772583,-0.859115481376648,-0.0470501817762851,0.545201301574707,-0.4719009399414062,-0.0505231870029724,-0.5351088331399015,0.2822955008915694,93.0
1652956269.182702,-0.1260630935430526,-0.0694159865379333,-0.1603255867958068,-0.0412189438939094,0.5104079246520996,-0.8589439392089844,-0.1138087064027786,0.5698224902153015,-0.5288854241371155,-0.0479511484230242,-0.5356591170117738,0.2764822188509002,93.0
1652956269.1926389,-0.1209507286548614,-0.0703592300415039,-0.1757716536521911,-0.0391291715204715,0.5114650726318359,-0.8584127426147461,-0.1904352456331253,0.5767487287521362,-0.5865767598152161,-0.0455516353199823,-0.5368888499315105,0.2699342984673898,93.0
1652956269.202594,-0.1172370463609695,-0.0682282447814941,-0.1854002475738525,-0.0373649485409259,0.5131133198738098,-0.8575072288513184,-0.2497579455375671,0.5737504959106445,-0.6443783044815063,-0.0435463723517776,-0.538808072912438,0.2626877793777015,93.0
1652956269.2127151,-0.1273398101329803,-0.0703017115592956,-0.1794911026954651,-0.035883393138647,0.5151234269142151,-0.8563645482063293,-0.2690687179565429,0.5833690762519836,-0.6953818798065186,-0.0418775069078751,-0.541151670302727,0.2547750305303887,93.0
1652956269.222564,-0.1257719993591308,-0.0745021700859069,-0.1719415187835693,-0.0345978140830993,0.5171411037445068,-0.8552005887031555,-0.2569769024848938,0.5808411836624146,-0.735835611820221,-0.0404337399496739,-0.5435073335707128,0.2462881302990041,93.0
1652956269.232523,-0.1260085552930832,-0.0722729563713073,-0.1611663103103637,-0.0335372798144817,0.5190460085868835,-0.8540881276130676,-0.2496799230575561,0.5855304598808289,-0.7770160436630249,-0.0392466064727883,-0.5457344731999065,0.2373861141609458,93.0
1652956269.242442,-0.1370429545640945,-0.056772232055664,-0.1452566385269165,-0.0326194651424884,0.5208364725112915,-0.8530330657958984,-0.232620507478714,0.5975533127784729,-0.8131058812141418,-0.0382207697381706,-0.5478305596995353,0.22799989895969,93.0
1652956269.252511,-0.1416462808847427,-0.0375417470932006,-0.124557077884674,-0.0318003185093402,0.5224758386611938,-0.8520609140396118,-0.2112534344196319,0.617735743522644,-0.8462702035903931,-0.0373043343580487,-0.5497520667878046,0.2182083377465871,93.0
1652956269.262629,-0.1432480067014694,-0.0325238108634948,-0.1084405779838562,-0.0308699700981378,0.5240746736526489,-0.8511126637458801,-0.2257838994264602,0.6568466424942017,-0.8855515122413635,-0.0362542425000275,-0.5516282984748264,0.2080289532607738,93.0
1652956269.2723598,-0.1426765471696853,-0.0420204401016235,-0.1038135290145874,-0.0299155618995428,0.5254749059677124,-0.8502830266952515,-0.1639673560857772,0.6864889860153198,-0.9345003962516784,-0.0351685579109604,-0.55327321615816,0.1973013425226512,93.0
1652956269.282319,-0.1457464545965194,-0.0469512343406677,-0.0788085460662841,-0.0289055928587913,0.5263488292694092,-0.8497772812843323,-0.1115656569600105,0.7390605807304382,-0.986527681350708,-0.0340023823776632,-0.5543007023579732,0.1860215249550385,93.0
1652956269.292247,-0.1436980217695236,-0.0493451356887817,-0.0866159796714782,-0.0277801845222711,0.5269235968589783,-0.8494585156440735,-0.0974407866597175,0.7764111757278442,-1.0386321544647217,-0.0326917500138638,-0.5549768029269906,0.1741239310086236,93.0
1652956269.30221,-0.1387738138437271,-0.0408603549003601,-0.115566611289978,-0.0267382133752107,0.527614951133728,-0.8490627408027649,-0.1373634338378906,0.7954333424568176,-1.0926620960235596,-0.0314810413065443,-0.5557904734842953,0.1615791963422101,93.0
1652956269.312202,-0.139436587691307,-0.0318351984024047,-0.1231342554092407,-0.0258160326629877,0.5287281274795532,-0.8483985662460327,-0.1994137465953827,0.810549795627594,-1.1411174535751345,-0.0304197464442297,-0.5571013949033925,0.1484305267359433,93.0
1652956269.3221478,-0.1373423039913177,-0.0160683989524841,-0.1176968216896057,-0.0251027066260576,0.5304165482521057,-0.8473654389381409,-0.2690977454185486,0.8122025728225708,-1.195224642753601,-0.0296157546229558,-0.5590918314103399,0.1346473326029328,93.0
1652956269.332124,-0.1354596316814422,0.0058201551437377,-0.1125943660736084,-0.0246965605765581,0.5326840877532959,-0.8459537625312805,-0.3395366966724396,0.8154815435409546,-1.2431401014328003,-0.029185457920848,-0.5617689030678925,0.1202064520843632,93.0
1652956269.3420649,-0.1227461695671081,0.0328098535537719,-0.1069025993347168,-0.0246536694467067,0.5354914665222168,-0.844180703163147,-0.3963168859481811,0.8000754117965698,-1.290016770362854,-0.029195958553611,-0.565089608568973,0.1051606840518551,93.0
1652956269.352124,-0.1022993922233581,0.054076611995697,-0.0975802540779113,-0.0250351410359144,0.5386660695075989,-0.8421472907066345,-0.4302486479282379,0.7834782004356384,-1.3369410037994385,-0.0297189941926396,-0.5688530754237106,0.0895318276104863,93.0
1652956269.362165,-0.0772241279482841,0.0683685541152954,-0.0796321034431457,-0.025925226509571,0.541958212852478,-0.8400055170059204,-0.4350239634513855,0.750939667224884,-1.3762842416763306,-0.0308533683732589,-0.5727654357664734,0.0733000643193995,93.0
1652956269.371947,-0.0612097233533859,0.0778305530548095,-0.0575409531593322,-0.0273369662463665,0.5450897812843323,-0.8379318714141846,-0.397445946931839,0.7203993797302246,-1.41131591796875,-0.0326127639851445,-0.5764962315677882,0.0565944670788633,93.0
1652956269.381909,-0.0479517988860607,0.0806066989898681,-0.0356819033622741,-0.0292270947247743,0.5477516651153564,-0.8361303210258484,-0.336361289024353,0.6762897372245789,-1.422950029373169,-0.0349409638979453,-0.5796744955905533,0.0396070492031699,93.0
1652956269.39183,-0.0393727086484432,0.0905528664588928,-0.0067818164825439,-0.0315195620059967,0.5497657656669617,-0.834723949432373,-0.2495355904102325,0.6417396664619446,-1.4283541440963743,-0.0377425309466193,-0.5820837962022104,0.0225116330072086,93.0
1652956269.401782,-0.035284262150526,0.0937287807464599,0.0201832652091979,-0.0341736860573291,0.550922691822052,-0.8338563442230225,-0.1452547013759613,0.6057030558586121,-1.4247322082519531,-0.040959782185201,-0.5834694316082288,0.0054022223704045,93.0
1652956269.411748,-0.0220643803477287,0.1051313877105712,0.039652943611145,-0.0370938815176487,0.5513505339622498,-0.8334486484527588,-0.0752935409545898,0.5631721615791321,-1.407348394393921,-0.0444771474106798,-0.5839821695507417,-0.0115305226663912,93.0
1652956269.421895,0.0011453106999397,0.1240436434745788,0.0569736361503601,-0.0403603389859199,0.5512264370918274,-0.8333789110183716,-0.0298317782580852,0.5040537118911743,-1.389833927154541,-0.0483919458401767,-0.5838334686236565,-0.0282516261809863,93.0
1652956269.431664,0.02547562494874,0.1474350690841674,0.0743361115455627,-0.0440149940550327,0.5508317947387695,-0.8334549069404602,-0.021652415394783,0.4399060904979706,-1.366508722305298,-0.0527612751508046,-0.5833605034166162,-0.0447340124925468,93.0
1652956269.441668,0.0490346476435661,0.1582852602005005,0.0868810415267944,-0.0481343194842338,0.5506007075309753,-0.833379864692688,-0.0770304501056671,0.3592943549156189,-1.3449678421020508,-0.0576938613794012,-0.5830836685686173,-0.0609345630543904,93.0
1652956269.451575,0.0605996958911418,0.1516146659851074,0.1005323529243469,-0.0527566187083721,0.5508043766021729,-0.8329653739929199,-0.1300998628139495,0.2845101654529571,-1.310761332511902,-0.0632514214433568,-0.5833276687645635,-0.0768458946431881,93.0
1652956269.46165,0.0591966435313224,0.1464634537696838,0.1191161274909973,-0.0577469989657402,0.5513550639152527,-0.8322697281837463,-0.1692480593919754,0.2236561328172683,-1.265255570411682,-0.069273930878805,-0.5839876253746854,-0.0923335487814099,93.0
1652956269.47155,0.05908864736557,0.1404130458831787,0.1481385827064514,-0.0628727674484252,0.5520720481872559,-0.8314225673675537,-0.1785546094179153,0.1837724149227142,-1.2105528116226196,-0.0754770591884934,-0.5848472691807984,-0.1072535385486692,93.0
1652956269.4815269,0.0618769824504852,0.1343302726745605,0.1750427484512329,-0.0680109560489654,0.5526946783065796,-0.830604076385498,-0.1551315784454345,0.1535047888755798,-1.162487268447876,-0.0816990613310511,-0.5855942014377398,-0.1215755129128691,93.0
1652956269.491576,0.0658693239092826,0.1246290802955627,0.1908901333808899,-0.0730714127421379,0.5530521273612976,-0.8299360871315002,-0.1210162192583084,0.1304727047681808,-1.102721095085144,-0.0878181768071933,-0.5860231800932593,-0.1351893957682571,93.0
1652956269.501371,0.0691829621791839,0.1229236125946044,0.2031742334365844,-0.0779567062854766,0.553066611289978,-0.829481840133667,-0.0742228776216507,0.1127693578600883,-1.0288565158843994,-0.0937071732194386,-0.5860405561915107,-0.1479938733007984,93.0
1652956269.511341,0.0684118792414665,0.1198091506958007,0.2100802659988403,-0.0825567170977592,0.5526303052902222,-0.8293275237083435,-0.0091600576415658,0.1057774350047111,-0.9674291610717772,-0.0992196964976365,-0.5855169578308081,-0.1599092822970148,93.0
1652956269.521357,0.0726091116666793,0.1093021035194397,0.214783489704132,-0.0869370549917221,0.5515587329864502,-0.8295932412147522,0.0705259814858436,0.0807245448231697,-0.9023964405059814,-0.1044136911229708,-0.5842317644866103,-0.1709755149840721,93.0
1652956269.531416,0.0849919468164444,0.1043927669525146,0.2105312943458557,-0.0912022143602371,0.5500583648681641,-0.8301312923431396,0.0987763926386833,0.0529908686876297,-0.8541361689567566,-0.1094259522056428,-0.582434155155361,-0.1812989314728635,93.0
1652956269.541239,0.0884167999029159,0.1060333847999572,0.1878316402435302,-0.0954815596342086,0.5485117435455322,-0.8306732773780823,0.0839441865682601,0.0102095836773514,-0.804644763469696,-0.1144425306321317,-0.580583320452939,-0.1909864087245719,93.0
1652956269.551163,0.0887694954872131,0.1077950000762939,0.1687272787094116,-0.0998015403747558,0.5472456216812134,-0.8310005068778992,0.0398715361952781,-0.0228513237088918,-0.7536758780479431,-0.1195255791097687,-0.5790698162179214,-0.2001317380482658,93.0
1652956269.561422,0.085667960345745,0.110966145992279,0.1648656725883484,-0.1040700078010559,0.5464075803756714,-0.831028401851654,-0.0192304030060768,-0.0393591970205307,-0.7177189588546753,-0.1245818278058853,-0.5780688628210368,-0.2087954942756311,93.0
1652956269.571002,0.0762197822332382,0.1004812717437744,0.1608304977416992,-0.1082021445035934,0.5460023880004883,-0.8307669162750244,-0.0687482878565788,-0.0450479201972484,-0.6762276291847229,-0.1295146362608564,-0.5775851336458008,-0.2170826827909451,93.0
1652956269.5810971,0.0628979355096817,0.0852842926979065,0.1548380851745605,-0.112137995660305,0.546135425567627,-0.8301573395729065,-0.1401273906230926,-0.0448287427425384,-0.6364152431488037,-0.1342676968680299,-0.5777439557248119,-0.2249603512055313,93.0
1652956269.591034,0.0575707405805587,0.0792217254638671,0.1519508361816406,-0.1158592626452446,0.5467796921730042,-0.8292216658592224,-0.1850978732109069,-0.0415029339492321,-0.5875131487846375,-0.1388217956231905,-0.5785132512526884,-0.2324697219312558,93.0
1652956269.601174,0.0515822172164917,0.0739567875862121,0.1547998189926147,-0.119254894554615,0.54771488904953,-0.8281224370002747,-0.1962623745203018,-0.0315789282321929,-0.5424924492835999,-0.143023098397253,-0.5796305593683886,-0.2394519830737247,93.0
1652956269.6111732,0.0485771894454956,0.0646483302116394,0.1547159552574157,-0.1223533749580383,0.5486685037612915,-0.8270384669303894,-0.1835962384939193,-0.028185848146677,-0.4971240162849426,-0.1468762175201451,-0.5807707737358554,-0.2459182685426103,93.0
1652956269.623723,0.0517240166664123,0.0582383871078491,0.1445538401603698,-0.1251950412988662,0.5495227575302124,-0.8260453343391418,-0.1609527170658111,-0.0271815713495016,-0.4524974226951599,-0.1504148008560723,-0.581792921194994,-0.2518482496997644,93.0
1652956269.630907,0.0574126988649368,0.052458643913269,0.1348116993904113,-0.1278014481067657,0.5501554012298584,-0.825224757194519,-0.1260154396295547,-0.0370634980499744,-0.4178776443004608,-0.1536480359062427,-0.5825502930300158,-0.2572065925687263,93.0
1652956269.640872,0.0594239830970764,0.0523033738136291,0.1172704696655273,-0.1303467750549316,0.5506373047828674,-0.8245049118995667,-0.1154874339699745,-0.0453539155423641,-0.3913062214851379,-0.1567933241961909,-0.5831275429875202,-0.262166879090671,93.0
1652956269.650862,0.0605386942625045,0.0511022210121154,0.0929752588272094,-0.1328500360250473,0.551082968711853,-0.8238072991371155,-0.120524063706398,-0.0554690286517143,-0.3672788143157959,-0.1598869716836138,-0.5836615281112896,-0.2668618314807854,93.0
1652956269.660916,0.0583711862564086,0.0525497794151306,0.0691836476325988,-0.1353669911623001,0.5517270565032959,-0.8229660391807556,-0.1529331356287002,-0.0748935937881469,-0.3662420511245727,-0.1630269008863585,-0.5844335654678681,-0.2714170965981825,93.0
1652956269.670947,0.0619434863328933,0.0596802830696105,0.0426036715507507,-0.1380389928817749,0.5526722073554993,-0.8218872547149658,-0.1980446130037307,-0.0900381356477737,-0.3561179637908935,-0.1664006453069712,-0.5855672407779728,-0.2760375290003539,93.0
1652956269.680695,0.0599943697452545,0.0694628953933715,0.0278188586235046,-0.1407896131277084,0.5540598630905151,-0.8204852342605591,-0.2598190605640411,-0.1082919761538505,-0.3495085537433624,-0.1699381056603755,-0.5872331983226965,-0.2806402528952676,93.0
1652956269.691093,0.0571465790271759,0.0696668624877929,0.021626591682434,-0.1436791121959686,0.5558575987815857,-0.8187665939331055,-0.3000385761260986,-0.1254297941923141,-0.3499926924705505,-0.173713682513936,-0.5893942553581604,-0.2853426994545928,93.0
1652956269.700573,0.0618641376495361,0.0548793077468872,0.0188133120536804,-0.1467792391777038,0.5577858090400696,-0.8169031739234924,-0.2928363084793091,-0.1550260335206985,-0.3615283966064453,-0.1777806787491282,-0.5917156655818984,-0.2901644405285572,93.0
1652956269.710577,0.0663549453020095,0.0443821549415588,0.0162828564643859,-0.150217205286026,0.5595228672027588,-0.8150883316993713,-0.2636808156967163,-0.1932639628648758,-0.3579339385032654,-0.1822505983499919,-0.5938100287040416,-0.2950337455872659,93.0
1652956269.75967,0.0628249645233154,0.0401501655578613,0.0224544405937194,-0.1539351493120193,0.5608280301094055,-0.8134961128234863,-0.1842933297157287,-0.23140949010849,-0.3549637198448181,-0.1870154402626963,-0.595385613035583,-0.2997617612653226,93.0
1652956269.770578,0.0791083872318267,-0.0149585008621215,0.0684500932693481,-0.1775580495595932,0.5610970854759216,-0.8084820508956909,-0.1050119549036026,-0.4511175453662872,-0.3533013164997101,-0.2161869012244299,-0.595710618335542,-0.3217735202552134,93.0
1652956269.780383,0.0882840454578399,-0.051853597164154,0.0839480757713317,-0.1832852214574813,0.561407208442688,-0.8069873452186584,-0.1221014559268951,-0.4941095113754272,-0.3267384171485901,-0.2233340341034053,-0.5960852637202615,-0.3260775033511569,93.0
1652956269.7903152,0.1014645397663116,-0.0984426140785217,0.104461133480072,-0.1890652030706405,0.5617529153823853,-0.8054117560386658,-0.090930089354515,-0.5234795212745667,-0.2785904109477997,-0.2305689091169191,-0.5965031148972327,-0.3299380953313431,92.0
1652956269.800331,0.1150928139686584,-0.1712397336959839,0.1387467980384826,-0.1946825981140136,0.5616011619567871,-0.8041783571243286,0.0202725995332002,-0.5413452982902527,-0.2083956152200698,-0.2375191089589043,-0.5963196722619457,-0.3328966564415518,92.0
1652956269.810241,0.1312901675701141,-0.2644070386886596,0.1931674480438232,-0.1998326033353805,0.5604642033576965,-0.8037081956863403,0.1889255940914154,-0.5110893249511719,-0.1231265738606453,-0.243696599564006,-0.5949461743662794,-0.3345545465026237,92.0
1652956269.820163,0.1522534489631652,-0.3664848804473877,0.2482991218566894,-0.2041485458612442,0.5580669045448303,-0.8042914271354675,0.3747609853744507,-0.4540773928165436,-0.0216952860355377,-0.2485745596724397,-0.5920544014496212,-0.3345831113286949,92.0
1652956269.830234,0.1704108417034149,-0.5100573301315308,0.3049851059913635,-0.2073217928409576,0.5542678236961365,-0.8061047196388245,0.579502284526825,-0.3657948076725006,0.0778734982013702,-0.2517338625957293,-0.587483074618328,-0.3328721820771226,92.0
1652956269.840259,0.1974724233150482,-0.6781966686248779,0.3538705110549927,-0.2089622318744659,0.5493430495262146,-0.8090469837188721,0.7028326988220215,-0.2247277200222015,0.1914831548929214,-0.2527581224157529,-0.5815778258265667,-0.3293675140124766,92.0
1652956269.850064,0.2254639118909835,-0.8446140885353088,0.3951905369758606,-0.208740234375,0.5440490245819092,-0.8126735091209412,0.7247225642204285,-0.0492942221462726,0.3089745044708252,-0.2514210723200787,-0.5752552956787267,-0.3243412607663493,92.0
1652956269.86001,0.2370039671659469,-0.996444284915924,0.4406934976577759,-0.2062116861343383,0.5391039252281189,-0.8166050314903259,0.6665242314338684,0.1963160783052444,0.4140580296516418,-0.2473519938374267,-0.5693728121787971,-0.318130650268572,92.0
1652956269.869985,0.2390414476394653,-1.134108066558838,0.4770898818969726,-0.2008333951234817,0.5351172089576721,-0.8205580711364746,0.5489157438278198,0.5066019296646118,0.5443863272666931,-0.2400334864234354,-0.5646465095419999,-0.3109428754624349,92.0
1652956269.879988,0.2317519336938858,-1.2524573802947998,0.5059685707092285,-0.1919722259044647,0.5323615670204163,-0.8244621753692627,0.421363353729248,0.8703561425209045,0.6870369911193848,-0.2287691469405929,-0.5613878481353112,-0.3026072989619308,92.0
1652956269.889566,0.2064074873924255,-1.322242021560669,0.5365576148033142,-0.1791094541549682,0.5307642221450806,-0.8283774256706238,0.3151617050170898,1.269345998764038,0.8573076725006104,-0.2129392954879359,-0.5595020506507649,-0.2928157532269669,92.0
1652956269.899611,0.1834220290184021,-1.329481601715088,0.5606570243835449,-0.1619376093149185,0.5301327705383301,-0.8323072791099548,0.2323200702667236,1.6692869663238523,1.0366313457489014,-0.1921638799013162,-0.5587571512535544,-0.2812521019223243,92.0
1652956269.9097571,0.1767909377813339,-1.3073822259902954,0.5795198678970337,-0.1406275480985641,0.5302519202232361,-0.8360961675643921,0.1536961048841476,2.0209500789642334,1.213356852531433,-0.1666357450517724,-0.5588976887739063,-0.2678475167289571,92.0
1652956269.9195518,0.1458189189434051,-1.2817041873931885,0.5861064195632935,-0.1157590523362159,0.5308674573898315,-0.8395115733146667,0.100244864821434,2.3057587146759038,1.3598345518112185,-0.1370245128407418,-0.5596238205352566,-0.2526784016209109,92.0
1652956269.929496,0.1046175211668014,-1.2288024425506592,0.5761762261390686,-0.0878785699605941,0.5314287543296814,-0.8425323963165283,0.129461333155632,2.5260932445526123,1.517380952835083,-0.103927112089404,-0.5602863323785203,-0.2357307672855166,92.0
1652956269.939526,0.0693095698952674,-1.157279133796692,0.574202299118042,-0.0574534311890602,0.5308545231819153,-0.8455131649971008,0.298786461353302,2.701756715774536,1.6799153089523315,-0.0678466651137912,-0.5596086072481509,-0.2168472861670419,92.0
1652956269.949465,0.0252234172075986,-1.0805237293243408,0.5799652934074402,-0.0247350763529539,0.5277464985847473,-0.8490417003631592,0.6226177215576172,2.849374771118164,1.8341352939605715,-0.0291246967004018,-0.555945321141845,-0.1959677493235717,92.0
1652956269.959505,-0.0351541861891746,-1.00898277759552,0.583439290523529,0.0099009536206722,0.5209156274795532,-0.8535507321357727,1.0204148292541504,2.96921181678772,1.982325553894043,0.0115992040151593,-0.5479232575042533,-0.1735743006930097,92.0
1652956269.969312,-0.1097451224923133,-0.9262942671775818,0.573187530040741,0.0461312942206859,0.5101255178451538,-0.8588619828224182,1.363298773765564,3.0674076080322266,2.095745801925659,0.0536605523142902,-0.5353307029147025,-0.150331673238373,92.0
1652956269.9796429,-0.1851552724838256,-0.8264882564544678,0.5335918664932251,0.0835928320884704,0.4959949254989624,-0.8642923831939697,1.5960947275161743,3.167005777359009,2.170924663543701,0.0964183359470374,-0.5189802575711778,-0.127104849201025,92.0
1652956269.989442,-0.2484843283891677,-0.7060151100158691,0.4840279519557953,0.1219432651996612,0.4794730544090271,-0.8690428137779236,1.696937918663025,3.2548482418060303,2.197756767272949,0.1394088451548757,-0.5000541527359069,-0.1045533620250207,92.0
1652956269.999428,-0.3002229332923889,-0.5926019549369812,0.4381613731384277,0.160818725824356,0.4616189301013946,-0.8723791241645813,1.6926400661468506,3.330324172973633,2.196585178375244,0.1822983692235868,-0.4798193349118042,-0.0831372200058038,92.0
1652956270.009352,-0.3462369740009308,-0.4928818941116333,0.4009720683097839,0.199798434972763,0.4431899189949035,-0.8738783001899719,1.6394637823104858,3.370238780975342,2.171804428100586,0.2247707879409485,-0.4591540402887416,-0.0630205686065207,92.0
1652956270.019338,-0.3969428837299347,-0.4027940630912781,0.3811834156513214,0.2385872453451156,0.424389123916626,-0.8734815716743469,1.6019920110702517,3.3948652744293213,2.148247480392456,0.2666409518285902,-0.4382871229607114,-0.0442221586957077,92.0
1652956270.029316,-0.439330130815506,-0.316409707069397,0.3703663647174835,0.2769156396389007,0.4050853252410888,-0.8713343739509583,1.5765502452850342,3.396937131881714,2.116262674331665,0.3077118490981222,-0.4170721435759975,-0.0267540768362772,92.0
1652956270.039281,-0.4814182221889496,-0.2344138026237487,0.3554724156856537,0.3145634531974792,0.3852807581424713,-0.8675301671028137,1.571100115776062,3.384210586547852,2.090014934539795,0.347852333164507,-0.3955120605192301,-0.0106379011219574,92.0
1652956270.049333,-0.5250599384307861,-0.1484501957893371,0.3378688991069793,0.3513540029525757,0.364767849445343,-0.8622614741325378,1.594516038894653,3.355276107788086,2.0529072284698486,0.3869376742523059,-0.3733834550938019,0.0040352454062678,92.0
1652956270.059312,-0.5581196546554565,-0.0729135274887085,0.3223050236701965,0.3870382010936737,0.3433901667594909,-0.8557363152503967,1.6626453399658203,3.3118436336517334,2.009871006011963,0.4247539682321498,-0.3505242021848012,0.0170534981276162,92.0
1652956270.06912,-0.5878890752792358,0.0114260911941528,0.3060734570026397,0.4214462637901306,0.3209559619426727,-0.8481569886207581,1.7510974407196045,3.263340711593628,1.9286614656448364,0.4611617478561757,-0.3267386885450598,0.0281479796430493,92.0
1652956270.07922,-0.6110068559646606,0.0988548398017883,0.2702917456626892,0.4544517397880554,0.2974572777748108,-0.8396384716033936,1.8899024724960327,3.2125046253204346,1.8394501209259035,0.4960981574879562,-0.3020282822011401,0.0368922583584906,92.0
1652956270.089071,-0.6145647764205933,0.1787589788436889,0.2118512988090515,0.4860400855541229,0.2727678418159485,-0.830278754234314,2.018695116043091,3.1544926166534424,1.742600440979004,0.5296104650812112,-0.2762688103559764,0.0431442991595086,92.0
1652956270.099,-0.612259566783905,0.2620594501495361,0.1687645018100738,0.5160682201385498,0.2473426908254623,-0.8200580477714539,2.1214759349823,3.092319965362549,1.6167958974838257,0.5616904364589017,-0.2499367624887175,0.0468893080940765,92.0
1652956270.10895,-0.6159764528274536,0.3378461599349975,0.1531341820955276,0.5444738268852234,0.221820056438446,-0.8089154362678528,2.1452229022979736,3.015177726745605,1.4720466136932373,0.5924371526998901,-0.2236806255681822,0.0482273373803334,92.0
1652956270.1191158,-0.6239987015724182,0.4027408957481384,0.1117708384990692,0.5710355043411255,0.1971280872821808,-0.7969059348106384,2.0690276622772217,2.900718927383423,1.3256473541259766,0.6217576513453349,-0.1984276667278733,0.0476136323606112,92.0
1652956270.128859,-0.6398928165435791,0.4576714634895324,0.0477451831102371,0.5955814123153687,0.1742701977491378,-0.7841637134552002,1.867082357406616,2.7413768768310547,1.1872090101242063,0.649560763360963,-0.1751645808782097,0.0459809750825785,92.0
1652956270.139245,-0.6535652279853821,0.5292564034461975,0.0152482688426971,0.6179817318916321,0.1540327221155166,-0.7709555625915527,1.6196774244308472,2.571856737136841,1.0446654558181765,0.6757029877501145,-0.1546484172951595,0.0440711166793873,92.0
1652956270.14878,-0.6524897217750549,0.5897510647773743,0.0168144851922988,0.6381922960281372,0.1362769305706024,-0.7577197551727295,1.4371345043182373,2.3581621646881104,0.9232776165008544,0.6999797328965168,-0.1367023006486363,0.0419657576193793,92.0
1652956270.15892,-0.6484288573265076,0.6308109760284424,0.0289572328329086,0.6560735702514648,0.1201669201254844,-0.7450687289237976,1.349064826965332,2.114309787750244,0.8604270219802856,0.7219672211806483,-0.1204580170338585,0.0396457696845851,92.0
1652956270.168699,-0.6446896195411682,0.6582033634185791,0.0319484323263168,0.671667218208313,0.1047245413064956,-0.7334138751029968,1.3514138460159302,1.8643711805343628,0.8157930970191956,0.7414811613167441,-0.1049169181549833,0.0368877701020854,92.0
1652956270.178667,-0.6247419118881226,0.660430908203125,0.0179731175303459,0.6849684715270996,0.0891435891389846,-0.7230986952781677,1.44779634475708,1.5844806432724,0.8052269816398621,0.758324956826537,-0.0892620762010352,0.0333038388479824,92.0
1652956270.188774,-0.6041473150253296,0.6634546518325806,0.012586735188961,0.6961274147033691,0.0727709308266639,-0.7142206430435181,1.5804930925369265,1.3649910688400269,0.7969112992286682,0.7725699527021211,-0.0728353156648367,0.0285871554230251,92.0
1652956270.198557,-0.5925945043563843,0.6593372225761414,0.0147153623402118,0.7057384848594666,0.0557802431285381,-0.7062731981277466,1.6585899591445925,1.2107237577438354,0.7688543796539307,0.7850194484924722,-0.0558092098513252,0.0228105642693334,92.0
1652956270.2085152,-0.5911800265312195,0.6753979325294495,0.0055024400353431,0.714165985584259,0.0388701185584068,-0.6988964080810547,1.6584986448287964,1.1094962358474731,0.7202634215354919,0.7962037737507306,-0.0388799143620825,0.0162355429452518,92.0
1652956270.218504,-0.5990415811538696,0.6802201867103577,-0.0285324621945619,0.7218901515007019,0.0227493811398744,-0.6916337013244629,1.5675718784332275,1.0612399578094482,0.6494409441947937,0.806799890945832,-0.0227513438206065,0.0094153956687908,92.0
1652956270.228471,-0.6057379841804504,0.6724516153335571,-0.0527204386889934,0.72909015417099,0.0081952940672636,-0.6843686699867249,1.3923841714859009,1.0117273330688477,0.558907151222229,0.8170273631510613,-0.0081953854383961,0.0028318793049696,92.0
1652956270.2387462,-0.6036867499351501,0.6642036437988281,-0.0497285425662994,0.7357974052429199,-0.0041960175149142,-0.6771888136863708,1.179287314414978,0.9607587456703186,0.4510999917984009,0.8268529602961547,0.0041960298398645,-0.0031300887803087,92.0
1652956270.248362,-0.5990169048309326,0.6460539102554321,-0.0347115918993949,0.7418697476387024,-0.0142996404320001,-0.6703915596008301,0.962514340877533,0.8584259748458862,0.3397874236106872,0.8359676004014394,0.0143001277914994,-0.0083726522845884,92.0
1652956270.2586389,-0.5977392792701721,0.6503456234931946,-0.0090304501354694,0.7471839189529419,-0.0222042929381132,-0.6642463207244873,0.7551310658454895,0.7538742423057556,0.2579008042812347,0.8440920495090996,0.0222061176049586,-0.012750854606711,92.0
1652956270.268295,-0.5798611640930176,0.675034761428833,0.0244703907519578,0.7517362236976624,-0.0282087940722703,-0.6588603258132935,0.5650064945220947,0.642174482345581,0.1988240778446197,0.8511448497228851,0.0282125369013337,-0.0161853378722547,92.0
1652956270.2782888,-0.5466997027397156,0.6960363388061523,0.0484181344509124,0.7554857730865479,-0.0326863229274749,-0.6543492674827576,0.419328898191452,0.5167028307914734,0.1492906212806701,0.8570119335292147,0.0326921464830815,-0.0187612243174977,92.0
1652956270.288216,-0.5387616157531738,0.7098063826560974,0.0952092409133911,0.7583814859390259,-0.0360051430761814,-0.6508157849311829,0.3002365231513977,0.3918946087360382,0.1165806055068969,0.8615816006600052,0.0360129268629798,-0.0205837974995189,92.0
1652956270.2981892,-0.5521001219749451,0.7342196702957153,0.1363474130630493,0.7605504989624023,-0.0386148653924465,-0.6481295228004456,0.2797725200653076,0.2952626049518585,0.0876051485538482,0.8650352929915152,0.038624469715683,-0.0221039190021716,92.0
1652956270.308156,-0.5481367111206055,0.766588568687439,0.178015261888504,0.76215660572052,-0.041052371263504,-0.6460899114608765,0.2492544502019882,0.2168737053871154,0.1062760725617408,0.8676315992974584,0.0410639095002073,-0.0235318968349103,92.0
1652956270.31811,-0.5275658965110779,0.7955961227416992,0.2235744893550872,0.7631616592407227,-0.0434139668941497,-0.6447476744651794,0.1675718426704406,0.1167191416025161,0.1531732827425003,0.8693069692864134,0.043427617845014,-0.0243368665211523,92.0
1652956270.328176,-0.5266944766044617,0.8107597827911377,0.2437027394771576,0.7635109424591064,-0.0452164039015769,-0.6442099809646606,-0.029565529897809,0.0136562995612621,0.2015598267316818,0.8699437156894152,0.0452318252126928,-0.0237840042707506,92.0
1652956270.338084,-0.5483058094978333,0.844136118888855,0.2492752373218536,0.7631496787071228,-0.0460129044950008,-0.6445816159248352,-0.2968038916587829,-0.0907414779067039,0.2792508900165558,0.8694261825927155,0.0460291559059514,-0.0210394016195879,92.0
1652956270.347986,-0.5318611860275269,0.8606125116348267,0.2666164040565491,0.7619637846946716,-0.0455928370356559,-0.6460128426551819,-0.5936211943626404,-0.2393041551113128,0.3678044974803924,0.8675656409558277,0.045608649309123,-0.0155548507664009,92.0
1652956270.358059,-0.4933608770370483,0.8587555885314941,0.297173410654068,0.7596268057823181,-0.0441979579627513,-0.6488556265830994,-0.7990068197250366,-0.4293936789035797,0.464079886674881,0.863882412130551,0.0442123593349754,-0.0075321375137062,92.0
1652956270.367889,-0.4644739031791687,0.8574293851852417,0.3297538161277771,0.7559778690338135,-0.042659692466259,-0.6532056927680969,-0.8395718336105347,-0.6269464492797852,0.5588127970695496,0.858199604349952,0.0426726428465837,0.0020829225092944,92.0
1652956270.377886,-0.420407235622406,0.8251258730888367,0.3628268837928772,0.7508974075317383,-0.0417972318828105,-0.6590949296951294,-0.7807151675224304,-0.8390112519264221,0.6586259603500366,0.85041491752432,0.0418094117913506,0.0121990587349035,92.0
1652956270.387824,-0.3889802694320678,0.7859143614768982,0.3996945023536682,0.7443270087242126,-0.0421505533158779,-0.6664837598800659,-0.6908571720123291,-1.0547523498535156,0.7354150414466858,0.8405185366315587,0.04216304612264,0.0222859397082165,92.0
1652956270.3979611,-0.3783831596374511,0.7449748516082764,0.4167008697986603,0.7364001870155334,-0.0431962236762046,-0.6751658320426941,-0.6786782741546631,-1.220673680305481,0.775307297706604,0.8287514146751311,0.0432096688183702,0.0323722419318885,92.0
1652956270.4077249,-0.3692682981491089,0.7125517725944519,0.3750578165054321,0.7272090315818787,-0.0441557355225086,-0.6849943399429321,-0.7752745151519775,-1.3867292404174805,0.8288294672966003,0.8152820664771505,0.044170097159601,0.0430750303392011,92.0
1652956270.417714,-0.3219271898269653,0.7077956795692444,0.3328520059585571,0.7167179584503174,-0.0445371866226196,-0.6959396004676819,-0.9149040579795836,-1.5529078245162964,0.8980727195739746,0.8001058382443116,0.0445519251504482,0.0551103333957474,92.0
1652956270.42765,-0.2543487548828125,0.6797726154327393,0.3711901009082794,0.704818844795227,-0.0450487583875656,-0.707955539226532,-0.7502408623695374,-1.741310477256775,0.9554567337036132,0.7831779148887648,0.0450640079980409,0.0677352472160623,92.0
1652956270.4377189,-0.2198929190635681,0.5993196368217468,0.4867611229419708,0.6913285255432129,-0.0488643869757652,-0.7208863496780396,-0.0942174941301345,-1.9163177013397217,1.0580472946166992,0.7644711120026246,0.048883855286873,0.0779955657805001,92.0
1652956270.44759,-0.2149493098258972,0.5247417688369751,0.6632499694824219,0.6761462688446045,-0.0586662292480468,-0.7344279885292053,0.6497910618782043,-2.1030466556549072,1.22102952003479,0.7441039427373982,0.0586999330659021,0.0842947307834599,92.0
1652956270.457658,-0.2168236374855041,0.4907610416412353,0.7516502141952515,0.6592065095901489,-0.0738243013620376,-0.7483293414115906,1.0105582475662231,-2.248380184173584,1.4230196475982666,0.7221642192352702,0.0738915247747542,0.0883596249940871,92.0
1652956270.4676309,-0.1984387636184692,0.4482707381248474,0.5947249531745911,0.640424907207489,-0.090818703174591,-0.7626322507858276,0.8048592805862427,-2.4157803058624268,1.630684494972229,0.6985166630691244,0.0909440143815018,0.0937340540901526,92.0
1652956270.477497,-0.1371104121208191,0.3776280879974365,0.3459227681159973,0.6195171475410461,-0.1053527295589447,-0.7778813242912292,0.1193475127220153,-2.5937795639038086,1.84145987033844,0.6725517468993429,0.1055485980121103,0.1042046108242618,92.0
1652956270.487416,-0.0769934058189392,0.2953108549118042,0.2132820785045623,0.5963569283485413,-0.115091785788536,-0.7944258451461792,-0.5471532344818115,-2.789820671081543,1.948647379875183,0.6439340238257382,0.1153473999361893,0.1206733195723373,92.0
1652956270.497414,-0.0543100237846374,0.1847941279411316,0.238288328051567,0.5710185170173645,-0.1206583380699157,-0.8120218515396118,-0.8890764713287354,-2.95645809173584,1.9970901012420652,0.6128742969537312,0.1209530426122504,0.1410215839397035,92.0
1652956270.507335,-0.0627921819686889,0.0945055484771728,0.2736326456069946,0.5439324378967285,-0.1239897012710571,-0.8299180865287781,-1.037886381149292,-3.055320978164673,2.0495612621307373,0.5801654418356402,0.124309610841912,0.1632532875910556,92.0
1652956270.517307,-0.0731626152992248,0.0408020615577697,0.2599719166755676,0.5156522989273071,-0.1257556080818176,-0.8475188612937927,-1.13664972782135,-3.096397638320923,2.085879325866699,0.5465918537678658,0.1260894460105048,0.1867104926605,92.0
1652956270.5272732,-0.1029480695724487,-0.05229252576828,0.2209687381982803,0.4867066740989685,-0.126562625169754,-0.8643486499786377,-1.1007602214813232,-3.0749425888061523,2.07080626487732,0.5128380699520704,0.1269029610762989,0.2104545747752625,92.0
1652956270.537651,-0.1495185196399688,-0.1689421534538269,0.1857569515705108,0.4578376710414886,-0.1270106434822082,-0.8799164891242981,-1.0243500471115112,-2.9675822257995605,2.0340962409973145,0.4797707377037791,0.1273546252719095,0.2336566504742115,92.0
1652956270.547142,-0.1810259222984314,-0.2794989943504333,0.1346706002950668,0.4296527206897735,-0.1271785646677017,-0.8939933776855469,-0.9744332432746888,-2.8051109313964844,2.019343852996826,0.4480070454551816,0.127523926122143,0.2563338220946103,92.0
1652956270.5573049,-0.1968093514442443,-0.3965063691139221,0.0052037686109542,0.4029861688613891,-0.1264653652906417,-0.9064263105392456,-1.046950101852417,-2.5708792209625244,1.9755619764328003,0.4183441014855713,0.1268049186412113,0.2787883157219859,92.0
1652956270.567062,-0.1721409857273101,-0.4886215925216675,-0.1136767566204071,0.3784551620483398,-0.1237652972340583,-0.9173079133033752,-1.2008471488952637,-2.3043830394744877,1.8584904670715328,0.3912967215592406,0.1240834626180443,0.3009274087179708,92.0
1652956270.57704,-0.1139990389347076,-0.5488467812538147,-0.1456006169319152,0.3562171459197998,-0.1183612048625946,-0.9268764853477478,-1.3902591466903689,-2.080228567123413,1.6889653205871582,0.3669164653820918,0.1186393211890866,0.3222797963966034,92.0
1652956270.586997,-0.0765648186206817,-0.577501118183136,-0.1649102568626403,0.3359642922878265,-0.1103125512599945,-0.9353924989700316,-1.5479038953781128,-1.899951219558716,1.5551410913467407,0.3448200126909895,0.1105375161356344,0.3426135196164425,92.0
1652956270.59696,-0.0388301908969879,-0.567912220954895,-0.1958995312452316,0.3172268569469452,-0.0998921245336532,-0.9430740475654602,-1.720333456993103,-1.7771557569503784,1.4396584033966064,0.3244858636562858,0.1000590003658759,0.3621770491874355,92.0
1652956270.607062,-0.0214792490005493,-0.5731058120727539,-0.2055993825197219,0.299570769071579,-0.0872931033372879,-0.9500722289085388,-1.8389315605163572,-1.70095956325531,1.3118473291397097,0.3054461566466254,0.0874043490114311,0.3807856244842662,92.0
1652956270.616874,-0.0526764690876007,-0.5963969826698303,-0.2129838764667511,0.2828401029109955,-0.0732252597808837,-0.9563679099082948,-1.863543510437012,-1.6140135526657104,1.1591817140579224,0.2875476811258938,0.073290853475333,0.3980278816743628,92.0
1652956270.626837,-0.0684556066989898,-0.6101478338241577,-0.2103408575057983,0.2672166526317596,-0.0587631799280643,-0.9618431329727172,-1.773306131362915,-1.5067566633224487,1.01917827129364,0.2709835325895472,0.0587970533872017,0.4135019244089191,92.0
1652956270.636829,-0.0698215365409851,-0.6162287592887878,-0.2369273602962494,0.2528965175151825,-0.0447346530854702,-0.9664585590362548,-1.6571680307388306,-1.370130181312561,0.8899521827697754,0.2559348829235055,0.0447495863668744,0.4271438582150691,92.0
1652956270.646759,-0.09283347427845,-0.6103072166442871,-0.2806214690208435,0.2402334511280059,-0.03120718896389,-0.9702133536338806,-1.5750861167907717,-1.1897873878479004,0.7758095860481262,0.2427269419972688,0.0312122562441171,0.4391482293117233,92.0
1652956270.6568089,-0.1041817665100097,-0.5917636156082153,-0.3051432967185974,0.229349672794342,-0.0179921202361583,-0.9731777906417848,-1.502508282661438,-1.0258173942565918,0.6781149506568909,0.2314476343842668,0.0179930916369148,0.4497826538085932,92.0
1652956270.66668,-0.110074445605278,-0.5666167140007019,-0.2895417213439941,0.2200140804052353,-0.0053038978949189,-0.9754822850227356,-1.3953323364257812,-0.8905192613601685,0.5597653388977051,0.2218320818352295,0.0053039229315785,0.4590356660441379,92.0
1652956270.676826,-0.1336184293031692,-0.5458344221115112,-0.2718319892883301,0.2118350565433502,0.006679996382445,-0.9772825837135316,-1.29172945022583,-0.7956166863441467,0.4473293721675873,0.2134570793321896,-0.0066800459568576,0.4668137767868685,92.0
1652956270.6865869,-0.1651287823915481,-0.5198410153388977,-0.3008574843406677,0.2044354826211929,0.0182799473404884,-0.97870934009552,-1.273432970046997,-0.741709291934967,0.364842414855957,0.2059218718100116,-0.018280965529088,0.4734086331528779,92.0
1652956270.696559,-0.1925940215587616,-0.5037086009979248,-0.3330481648445129,0.1973853409290313,0.0302985087037086,-0.9798576831817628,-1.3262144327163696,-0.7166670560836792,0.2897343635559082,0.1987825582590692,-0.0303031462516765,0.4791927801966484,92.0
1652956270.707057,-0.2207384556531906,-0.5073260068893433,-0.3556805253028869,0.1904803365468979,0.043165236711502,-0.980741560459137,-1.3909021615982056,-0.7175793051719666,0.236371710896492,0.1918324346102601,-0.043178652083179,0.4843811094312557,92.0
1652956270.716684,-0.2615542411804199,-0.5145292282104492,-0.3488478362560272,0.1836276650428772,0.0565809532999992,-0.9813661575317384,-1.3932726383209229,-0.697528064250946,0.1928066611289978,0.1849753561056587,-0.0566111863545161,0.4890821197447987,92.0
1652956270.77066,-0.3434584736824035,-0.5452625751495361,-0.3438181281089782,0.1710952669382095,0.0803293511271476,-0.9819743633270264,-1.0202429294586182,-0.5986903309822083,0.1504688262939453,0.1725042592123873,-0.0804159947746295,0.4968071572563826,92.0
1652956270.7715402,-0.3104695379734039,-0.5330708622932434,-0.3439423739910126,0.1771077811717987,0.0693451836705207,-0.981745421886444,-1.2636412382125854,-0.6521596312522888,0.1671271622180938,0.1784812572932849,-0.0694008841571699,0.4932239405372609,92.0
1652956270.784349,-0.411820650100708,-0.572485625743866,-0.4927680790424347,0.1540234684944152,0.0995337963104248,-0.9830411076545716,-0.1964386105537414,-0.2859839200973511,0.0696605741977691,0.1554170538127935,-0.0996988781126277,0.5053145085768346,92.0
1652956270.786134,-0.4070209562778473,-0.5550867319107056,-0.5689516067504883,0.1516194194555282,0.1013612747192382,-0.983228087425232,-0.2061111330986023,-0.2209541201591491,0.0393800139427185,0.1530005807801578,-0.1015356481768872,0.5061663486877999,92.0
1652956270.796263,-0.4163795411586761,-0.5230123400688171,-0.5993126034736633,0.1497322618961334,0.1034019291400909,-0.983304798603058,-0.2115463763475418,-0.1579724997282028,-0.0055086323991417,0.1511136710983866,-0.1035870798075541,0.5066804057192537,92.0
1652956270.806214,-0.4312258958816528,-0.4768735766410827,-0.5782274007797241,0.1484348028898239,0.1054337620735168,-0.9832857251167296,-0.1824658066034317,-0.0898581594228744,-0.1196813136339187,0.1498266957023412,-0.1056300851184154,0.5063987978507823,92.0
1652956270.819143,-0.4365881681442261,-0.4247475266456604,-0.5613757967948914,0.1477851122617721,0.1071673780679702,-0.9831961989402772,-0.1043156012892723,0.0027215732261538,-0.2779556512832641,0.1491940004666194,-0.1073735805697006,0.5046577014524459,92.0
1652956270.826807,-0.4379911422729492,-0.3597269058227539,-0.5626952052116394,0.1479979008436203,0.1083799824118614,-0.9830312132835388,-0.0389116294682025,0.1143906340003013,-0.4616973400115967,0.1494303306919292,-0.108593285603473,0.5011384867027722,92.0
1652956270.835988,-0.435315728187561,-0.3298116326332092,-0.5634731650352478,0.1490914225578308,0.1092952489852905,-0.9827646017074584,0.0192193202674388,0.2402164787054062,-0.6743316054344177,0.1505581271543508,-0.1095140231800685,0.4955249417134116,92.0
1652956270.846153,-0.4212867617607116,-0.3006017208099365,-0.6010898947715759,0.1510078907012939,0.110321432352066,-0.9823572635650636,-0.0098530780524015,0.3114563822746277,-0.8167547583580017,0.1525260244758652,-0.1105464492360796,0.488100612057615,92.0
1652956270.855701,-0.4081003665924072,-0.2828516960144043,-0.6390926837921143,0.1533244252204895,0.1115657836198806,-0.9818577766418456,0.0349868312478065,0.3642668724060058,-0.928221881389618,0.1549064195641951,-0.1117985282745967,0.479444526890992,92.0
1652956270.865793,-0.3869384527206421,-0.2550399303436279,-0.5986483693122864,0.1559967398643493,0.112732209265232,-0.9813034534454346,0.0312235839664936,0.4047305881977081,-1.0478140115737915,0.1576497405420245,-0.1129723596154507,0.4696107911306844,92.0
1652956270.875653,-0.3772317171096802,-0.2393456697463989,-0.550774097442627,0.1586953997611999,0.1143269091844558,-0.9806860685348512,-0.0136906271800398,0.3962127566337585,-1.1382275819778442,0.1604301056367945,-0.1145774432372006,0.4587432683547785,92.0
1652956270.885689,-0.3737317323684692,-0.2360267639160156,-0.5376666784286499,0.1611158400774002,0.1167376786470413,-0.9800071716308594,-0.1093238741159439,0.3715617060661316,-1.18768572807312,0.1629451092309423,-0.1170044630782441,0.4473226253210465,92.0
1652956270.895642,-0.3675445914268493,-0.2284957766532898,-0.5186297297477722,0.1631074100732803,0.1203752979636192,-0.9792373180389404,-0.2360219061374664,0.3272736072540283,-1.2345726490020752,0.1650504962372017,-0.1206679225367233,0.4355924524767428,92.0
1652956270.9054542,-0.3718272447586059,-0.1866424679756164,-0.4516707062721252,0.1646587252616882,0.125010535120964,-0.9783965945243835,-0.2825469076633453,0.3062726855278015,-1.2901233434677124,0.166732063719575,-0.1253384435934369,0.4235587294093405,92.0
1652956270.915755,-0.3940765857696533,-0.1160181760787963,-0.2858437895774841,0.1661866456270218,0.1296547949314117,-0.9775334596633912,-0.196283683180809,0.3786904215812683,-1.4117618799209597,0.1683960882619113,-0.1300208261444154,0.4106597643038079,92.0
1652956270.925199,-0.4144726991653442,-0.0547489523887634,-0.0754199177026748,0.168684184551239,0.1331286430358886,-0.9766383171081544,0.0239327140152454,0.5568398237228394,-1.683261156082153,0.1710317838622208,-0.1335250531077612,0.3955927132061188,92.0
1652956270.935431,-0.41107839345932,-0.0801649689674377,-0.0172161906957626,0.1724309772253036,0.1347698867321014,-0.9757584929466248,0.2751266062259674,0.7126770615577698,-1.9956393241882324,0.1749090418953998,-0.1351812293373032,0.377071371328126,92.0
1652956270.945386,-0.3536129593849182,-0.1269841194152832,-0.164743110537529,0.176885724067688,0.1352173388004303,-0.9748988151550292,0.3464286029338836,0.7730536460876465,-2.153348445892334,0.1794874789432761,-0.1356328184082641,0.3558598132516061,92.0
1652956270.955322,-0.2763334512710571,-0.1612980961799621,-0.3211253881454468,0.1813170164823532,0.1362498849630355,-0.9739404916763306,0.2345369607210159,0.7426480650901794,-2.225505828857422,0.184061335068348,-0.1366750035267579,0.3336432122235458,92.0
1652956270.965229,-0.2374157011508941,-0.1805012822151184,-0.3188868761062622,0.1851849406957626,0.1390314847230911,-0.9728189706802368,0.0430831722915172,0.6981449723243713,-2.2986857891082764,0.1881085061849785,-0.1394833407811192,0.3110708276328935,92.0
1652956270.975107,-0.2360979318618774,-0.198002815246582,-0.2069066166877746,0.1885363608598709,0.1435215920209884,-0.971522331237793,-0.0679634511470794,0.672532320022583,-2.343653678894043,0.1916802769314232,-0.1440189347691546,0.288158796573888,92.0
1652956270.985295,-0.2432948797941208,-0.1973229050636291,-0.1297362744808197,0.1915371567010879,0.148886039853096,-0.9701270461082458,-0.1152698472142219,0.6602811217308044,-2.382058620452881,0.1949281180708637,-0.1494416666917793,0.2650134418971789,92.0
1652956270.995143,-0.2334016561508178,-0.1832224130630493,-0.0923850238323211,0.1941713839769363,0.1545951068401336,-0.9687093496322632,-0.0972524955868721,0.6418970823287964,-2.4070491790771484,0.1978218588343685,-0.1552176135273094,0.2415241271417759,92.0
1652956271.005072,-0.2083105593919754,-0.1680054664611816,-0.0587177276611328,0.1964240074157714,0.1598529517650604,-0.9674009680747986,-0.0084921363741159,0.5999497771263123,-2.410346269607544,0.2003198199235572,-0.1605416936714815,0.217849406714711,92.0
1652956271.0150409,-0.1845341473817825,-0.1310293078422546,-0.0027863532304763,0.1981297880411148,0.1637665629386901,-0.9663980007171632,0.1879154592752456,0.5739871263504028,-2.4352471828460693,0.202216671013358,-0.1645075632503266,0.1937229848035597,92.0
1652956271.024982,-0.169484257698059,-0.0811793804168701,0.1043619066476821,0.19960518181324,0.1656576246023178,-0.9657718539237976,0.4271144568920135,0.5845040678977966,-2.4851081371307373,0.2038097662493494,-0.1664248091842724,0.1687743988330022,92.0
1652956271.035118,-0.1581393033266067,-0.0452436208724975,0.2157348990440368,0.2012301981449127,0.1655517220497131,-0.9654527902603148,0.6408560276031494,0.6308246850967407,-2.593255519866944,0.2054889064830179,-0.1663174283299989,0.1425529493834652,92.0
1652956271.045063,-0.1446977853775024,-0.0081291198730468,0.2565726637840271,0.2031542807817459,0.1642342209815979,-0.9652748107910156,0.7060547471046448,0.6603416800498962,-2.6609675884246826,0.2074352470641202,-0.164981637005853,0.1151326549534402,92.0
1652956271.055176,-0.1154329925775528,0.0288259983062744,0.2240428775548935,0.2049105763435363,0.1632251739501953,-0.9650747179985046,0.622279167175293,0.6054078340530396,-2.683173179626465,0.209219033547426,-0.1639587947585293,0.0873035438613833,92.0
1652956271.064908,-0.0879829078912735,0.0665780305862426,0.1848729252815246,0.2059029042720794,0.1634089350700378,-0.964832365512848,0.4846578538417816,0.509637176990509,-2.6817705631256104,0.2102539511356298,-0.1641450506136546,0.0596270245506769,92.0
1652956271.07478,-0.0553577542304992,0.0990184545516967,0.2255955934524536,0.2060078531503677,0.1648005247116089,-0.9645732641220092,0.3727182745933532,0.413958340883255,-2.64176344871521,0.2104128486033775,-0.1655557747851957,0.0324268654942428,92.0
1652956271.084848,-0.0247754156589508,0.1283045411109924,0.307653546333313,0.205119103193283,0.1669405847787857,-0.9643946290016174,0.2994354665279388,0.3037619888782501,-2.58779525756836,0.2095691720867487,-0.1677258929392101,0.0059079315250101,92.0
1652956271.094952,-0.005894735455513,0.147608995437622,0.3673543035984039,0.2033435404300689,0.1694346517324447,-0.9643356800079346,0.272446721792221,0.2158816754817962,-2.5339674949646,0.2078194222668658,-0.1702559941636992,-0.0200004536348293,92.0
1652956271.104775,0.0197571814060211,0.153641402721405,0.3852460980415344,0.2007018774747848,0.1719286292791366,-0.9644476771354676,0.2578448951244354,0.1169613301753997,-2.450615644454956,0.2051720693533577,-0.1727871135718585,-0.0452241731927124,92.0
1652956271.114688,0.041357085108757,0.1603977680206298,0.3869156241416931,0.1972446590662002,0.173966959118843,-0.9647953510284424,0.3217812478542328,0.0259398091584444,-2.337332248687744,0.201663020734525,-0.17485663408787,-0.0695304577290765,92.0
1652956271.124726,0.0364189445972442,0.1619024872779846,0.4019213616847992,0.1932716816663742,0.1744794249534607,-0.9655066132545472,0.4992439150810241,-0.0213576648384332,-2.2170674800872803,0.1975652230133168,-0.1753770533591474,-0.0929086570449311,92.0
1652956271.134616,0.013804093003273,0.1630162596702575,0.4491229653358459,0.1894582957029342,0.1728253066539764,-0.96655935049057,0.7035448551177979,0.0115749854594469,-2.093333959579468,0.1935590877052235,-0.173697416667311,-0.1154752463552331,92.0
1652956271.1445022,0.0062866657972335,0.1489431858062744,0.4914489388465881,0.1864929348230362,0.1691193431615829,-0.9677907824516296,0.8370994329452515,0.0848974585533142,-1.9707034826278689,0.1903662325741326,-0.169936068563671,-0.1371341179538361,92.0
1652956271.154563,0.0299177467823028,0.140655517578125,0.5083188414573669,0.1842699348926544,0.1644259095191955,-0.9690245985984802,0.8583658933639526,0.1087726950645446,-1.8598538637161253,0.1879165851620646,-0.1651759723499108,-0.1577470388663677,92.0
1652956271.164442,0.0462640821933746,0.1412568688392639,0.5003117322921753,0.1824499666690826,0.1596919149160385,-0.9701600670814514,0.8008806109428406,0.125100165605545,-1.7708654403686523,0.185890540489004,-0.1603785588739592,-0.1772968654137627,92.0
1652956271.17437,0.0555779784917831,0.1416959762573242,0.5033380389213562,0.1811011582612991,0.155536487698555,-0.9710873961448668,0.7039569616317749,0.1604522913694381,-1.70794415473938,0.1843751315869296,-0.1561705296845387,-0.1959255021473212,92.0
1652956271.184403,0.0647345632314682,0.1344464421272277,0.5192433595657349,0.1800927817821502,0.1524943262338638,-0.9717572331428528,0.5523460507392883,0.1600548923015594,-1.6471532583236694,0.1832478649894501,-0.1530916260710996,-0.2137185183862573,92.0
1652956271.194453,0.0656030178070068,0.1295757889747619,0.4906302094459533,0.1791938096284866,0.1507424861192703,-0.972196638584137,0.4031699299812317,0.1576468646526336,-1.5689820051193235,0.1822727195888315,-0.1513193055096751,-0.2305048576717864,92.0
1652956271.2043471,0.0579522252082824,0.1311634182929992,0.4444956183433532,0.1783759593963623,0.1502309590578079,-0.972426176071167,0.2700295448303222,0.1483303308486938,-1.4892693758010864,0.1814170966901349,-0.150801881314644,-0.2462507429472269,92.0
1652956271.21429,0.0603534877300262,0.141290545463562,0.4300014674663543,0.1776379197835922,0.1506412625312805,-0.972497820854187,0.1748735010623932,0.1461982131004333,-1.3886685371398926,0.1806697201428475,-0.1512169025008875,-0.2609190994574139,92.0
1652956271.224164,0.0706501901149749,0.1504110693931579,0.4298954010009765,0.176938995718956,0.151586577296257,-0.9724783301353456,0.131363570690155,0.1276320964097976,-1.2878633737564087,0.1799776769812438,-0.1521731962118288,-0.2744491875595435,92.0
1652956271.234231,0.0685696601867675,0.1597877144813537,0.407574325799942,0.1764102727174759,0.1523469686508178,-0.9724555611610411,0.1647545546293258,0.1604262590408325,-1.2073698043823242,0.1794554765467238,-0.1529425307876627,-0.2870877729648498,92.0
1652956271.244385,0.0647525787353515,0.1677697896957397,0.3934266269207001,0.1763821244239807,0.1525633931159973,-0.97242671251297,0.2113679200410843,0.1999988406896591,-1.109472393989563,0.1794326622734074,-0.1531615143968067,-0.2989163768436071,92.0
1652956271.2542691,0.0658153593540191,0.1595842838287353,0.3789840042591095,0.1769673079252243,0.1522202491760254,-0.9723742008209229,0.2360969632863998,0.2541310489177704,-1.017646312713623,0.1800247197912123,-0.1528143171474257,-0.3098868650872969,92.0
1652956271.2641392,0.0695160776376724,0.153260052204132,0.3600265681743622,0.1782256811857223,0.151966854929924,-0.9721840023994446,0.1577118188142776,0.3120558261871338,-0.930324912071228,0.1813117721193769,-0.1525579427457207,-0.3199003614431049,92.0
1652956271.273841,0.0658974349498748,0.1471701860427856,0.3368364572525024,0.1800590455532074,0.1527418345212936,-0.971724569797516,0.0043896399438381,0.3425964415073395,-0.8494492173194885,0.1832203119742742,-0.1533420680722484,-0.3288342560836583,92.0
1652956271.283877,0.0608332157135009,0.1378265023231506,0.3242469727993011,0.1822393536567688,0.1548332571983337,-0.9709868431091307,-0.1248317211866378,0.3685697019100189,-0.7855495810508728,0.1855263475380445,-0.1554586745064874,-0.3368238155848048,92.0
1652956271.293885,0.0664238929748535,0.1190045475959777,0.3259420990943908,0.1847510933876037,0.157807320356369,-0.9700329303741456,-0.1995624303817749,0.3843862116336822,-0.7223911285400391,0.1882045098691861,-0.1584697615817261,-0.3440080828341065,92.0
1652956271.303969,0.0782933831214904,0.1028264760971069,0.3130905628204345,0.1872706413269043,0.1611068397760391,-0.9690068364143372,-0.2131275087594986,0.3611504137516022,-0.6448292136192322,0.1909068466363893,-0.1618120437403335,-0.3503707931209286,92.0
1652956271.313932,0.0803622901439666,0.091027021408081,0.2756990194320678,0.1896572858095169,0.1642729192972183,-0.9680106043815612,-0.1988468319177627,0.3322897255420685,-0.5766709446907043,0.1934740530452146,-0.1650208704517587,-0.356005402816336,92.0
1652956271.323804,0.0808583050966262,0.0822557210922241,0.2392192929983139,0.1917552798986435,0.1669239401817321,-0.9671433568000792,-0.1429667919874191,0.2896389365196228,-0.5007769465446472,0.195731306056741,-0.1677090036736496,-0.3609893025285271,92.0
1652956271.33406,0.0827094465494155,0.078635036945343,0.2008102834224701,0.1935509890317917,0.169017031788826,-0.966421902179718,-0.1120325773954391,0.2492446452379226,-0.4278404414653778,0.1976608167834985,-0.1698322597586806,-0.3653567141110776,92.0
1652956271.343956,0.0783585309982299,0.0913835167884826,0.1602979153394699,0.1950943022966385,0.1709399074316024,-0.9657731652259828,-0.1237699314951896,0.2228224575519561,-0.3811134994029999,0.1993259729069542,-0.1717835361867343,-0.3691041542146371,92.0
1652956271.3540812,0.066322848200798,0.1065197587013244,0.1376459002494812,0.1965098530054092,0.1730993688106537,-0.9651013016700744,-0.1735108494758606,0.2076027542352676,-0.3517183363437652,0.2008698466010865,-0.1739756849673896,-0.3724300178400418,92.0
1652956271.363999,0.0544734299182891,0.131236732006073,0.134499505162239,0.1979833096265792,0.175665944814682,-0.964336097240448,-0.2156251519918441,0.230088785290718,-0.3458945155143738,0.2024915682025768,-0.1765821842191204,-0.375482589836654,92.0
1652956271.37378,0.0514498651027679,0.1354112029075622,0.1381740570068359,0.1997251361608505,0.1786442250013351,-0.96342933177948,-0.265757292509079,0.2549267709255218,-0.3404662013053894,0.2044110305706863,-0.1796083380898019,-0.3783930146697928,92.0
1652956271.383842,0.0555281043052673,0.1230467557907104,0.1295549273490905,0.2015978246927261,0.1820448487997055,-0.9624022245407104,-0.3037434816360473,0.2554940581321716,-0.318321943283081,0.2064879393126917,-0.1830656449573854,-0.3810638788226077,92.0
1652956271.393815,0.0559838861227035,0.0896846055984497,0.1005349606275558,0.2034156024456024,0.1855063289403915,-0.9613581895828248,-0.2830613553524017,0.2368812412023544,-0.283657968044281,0.2085163700806711,-0.1865871091258046,-0.3834322922263774,92.0
1652956271.403926,0.0528813898563385,0.0515769124031066,0.0817608684301376,0.2050227373838424,0.1884112805128097,-0.960451364517212,-0.2120021879673004,0.2043813467025756,-0.2407998591661453,0.21030849595688,-0.189544205785964,-0.3855132211631534,92.0
1652956271.413939,0.050927385687828,0.0252723693847656,0.0864056646823883,0.2064426690340042,0.1904956251382827,-0.9597358107566832,-0.1313344985246658,0.178224042057991,-0.196549579501152,0.2118752154902776,-0.1916669846723618,-0.387329875652826,92.0
1652956271.423538,0.0446223765611648,0.0200322270393371,0.0884699523448944,0.2076970040798187,0.1920018792152404,-0.95916485786438,-0.1167477741837501,0.1603155136108398,-0.159816563129425,0.2132471024125309,-0.1932015692032326,-0.3888487449601913,92.0
1652956271.433906,0.0384331494569778,0.0277397036552429,0.0696751177310943,0.2088355869054794,0.1937221139669418,-0.9585715532302856,-0.1886720359325409,0.1407886892557144,-0.1324749588966369,0.2145093669709633,-0.1949547231862797,-0.389982973745029,92.0
1652956271.4438648,0.0329900681972503,0.0361191034317016,0.0480352342128753,0.2098688930273056,0.1963495761156082,-0.9578109979629515,-0.3121935129165649,0.1212654262781143,-0.1089628860354423,0.2157041418429117,-0.1976336279101418,-0.3906262846912851,92.0
1652956271.453582,0.0278676003217697,0.0436699390411376,0.0435415357351303,0.2107646614313125,0.2001260966062545,-0.9568321704864502,-0.4337846636772156,0.1071575954556465,-0.0812023654580116,0.2168110592600841,-0.2014866244938472,-0.3907359352429869,92.0
1652956271.46338,0.0188360810279846,0.0460389852523803,0.0522193312644958,0.2115716934204101,0.204601377248764,-0.9557068943977356,-0.4648318588733673,0.0957673117518425,-0.0536165460944175,0.2178635157064075,-0.2060564481541079,-0.3903779881475251,92.0
1652956271.473511,0.0074001103639602,0.0344843864440918,0.0677384138107299,0.212402805685997,0.2088424116373062,-0.9546045660972596,-0.3971026241779327,0.0954354777932167,-0.0288483463227748,0.2189369220175034,-0.2103911240829302,-0.3898505072386509,92.0
1652956271.483333,0.0018485635519027,0.0320016741752624,0.0853286683559417,0.2132546603679657,0.2121109366416931,-0.9536935687065125,-0.2863474488258362,0.0903390422463417,0.0109608508646488,0.2199902677307676,-0.2137345498878554,-0.3891893794688024,92.0
1652956271.493307,-0.0071237385272979,0.0133204460144042,0.0859415531158447,0.2142160832881927,0.2143056839704513,-0.9529871940612792,-0.2022735923528671,0.0973737835884094,0.0556127429008483,0.2211086537219176,-0.2159809357386384,-0.3883137469858063,92.0
