1655120156.212206,0.0167757272720336,0.0068898797035217,0.0030432939529418,0.4321072697639465,0.3706749379634857,-0.822121262550354,-0.0249664112925529,0.0525059811770916,-0.0189578868448734,0.483917561852389,-0.3797356207711346,0.1199685464759631,72.0
1655120156.222152,0.0121988654136657,0.0029789805412292,0.0009856522083282,0.4329151809215545,0.3708252310752868,-0.8216282725334167,-0.0300108380615711,0.0486343279480934,-0.0122698908671736,0.484934591660372,-0.379897436555506,0.1201330242552114,72.0
1655120156.232203,0.0102283358573913,-0.0001485347747802,-0.0022137761116027,0.4336955547332763,0.3710950016975403,-0.821094810962677,-0.0554275177419185,0.0553289838135242,-0.0135032003745436,0.4859458835614336,-0.380187933571143,0.1203919813522828,72.0
1655120156.242074,0.008091002702713,-0.0024535059928894,-0.0025993883609771,0.4348410367965698,0.3715111017227173,-0.8203004002571106,-0.0772212296724319,0.0572367124259471,-0.016977597028017,0.4874364454385123,-0.3806360956658026,0.120896881367756,72.0
1655120156.252032,0.0098303854465484,-0.0040023922920227,0.0028881132602691,0.4361991882324219,0.371989756822586,-0.8193618059158325,-0.0803544372320175,0.0584934577345848,-0.0201363712549209,0.4892027725822526,-0.3811516930623659,0.1215145146513646,72.0
1655120156.2619882,0.0087904632091522,-0.0033191442489624,0.0083563327789306,0.4374222159385681,0.3724420368671417,-0.8185039758682251,-0.0624713115394115,0.0558136776089668,-0.0169863477349281,0.4908004153132715,-0.3816389681021502,0.1220574710686969,72.0
1655120156.272073,0.0074291825294494,-0.0033032894134521,0.0096567273139953,0.4383562803268432,0.3728505671024322,-0.8178179264068604,-0.0504974722862243,0.0536802224814891,-0.0109305866062641,0.4920367231888069,-0.3820792359251473,0.1224540986745005,72.0
1655120156.282076,0.0043434500694274,-0.0021416544914245,0.0057058334350585,0.4391226768493652,0.3732156753540039,-0.8172400593757629,-0.0478140003979206,0.050749409943819,-0.0019943499937653,0.4930590624939865,-0.3824727357602226,0.122808102152812,72.0
1655120156.292039,0.0015105009078979,-0.0028291344642639,0.005274087190628,0.4397583305835724,0.3735711276531219,-0.8167356848716736,-0.0470044016838073,0.0391769111156463,0.0042070867493748,0.4939200854325493,-0.3828559061073625,0.1231867755246022,72.0
1655120156.302201,0.0001879334449768,-0.0038050413131713,0.0075485110282897,0.4401806592941284,0.3739059269428253,-0.8163549304008484,-0.048444639891386,0.0371334664523601,0.0051423897966742,0.4945156350450312,-0.3832168573391312,0.1234884891021283,72.0
1655120156.311988,-0.0006975531578063,-0.003573715686798,0.0083669126033782,0.4405320584774017,0.3741861879825592,-0.8160369396209717,-0.051144815981388,0.0242781229317188,0.0165441818535327,0.4950119333558245,-0.3835190405525158,0.1238503917337569,72.0
1655120156.321824,-0.0032771527767181,-0.0068481564521789,0.008695900440216,0.4407466053962707,0.3744522631168365,-0.8157989382743835,-0.0494745522737503,0.0131872277706861,0.0141279716044664,0.4953374301054294,-0.3838060016847411,0.1242403489675051,72.0
1655120156.3318892,-0.0045710504055023,-0.0131208300590515,0.0093525350093841,0.4409112930297851,0.3747264444828033,-0.8155840635299683,-0.0416304767131805,0.0078923311084508,0.0161565020680427,0.495603918433865,-0.3841017013839766,0.1246247804124051,72.0
1655120156.34183,-0.0049820244312286,-0.016899824142456,0.0115951299667358,0.4410170912742615,0.3749557435512543,-0.8154214024543762,-0.0258252136409282,-0.0024254471063613,0.0197997819632291,0.4957877486671528,-0.3843490503535601,0.1250153737401503,72.0
1655120156.351794,-0.0067037940025329,-0.0161607265472412,0.0095692873001098,0.4410603642463684,0.3750894963741302,-0.8153364658355713,-0.0206134095788002,-0.0121515775099396,0.018605887889862,0.4958724001031498,-0.3844933040065217,0.1253419659399164,72.0
1655120156.3617458,-0.0061767399311065,-0.0138823986053466,0.0067848861217498,0.4410063624382019,0.3751426041126251,-0.8153412342071533,-0.0063688913360238,-0.0215439610183239,0.0167344436049461,0.4958187058474605,-0.3845506158265904,0.1255861261363403,72.0
1655120156.37173,-0.0088191032409667,-0.0147073864936828,0.0024692118167877,0.4408411383628845,0.3751400113105774,-0.8154318332672119,-0.0085553480312228,-0.0207095928490161,0.0228543877601623,0.4956154451277454,-0.3845478154370106,0.1257738714991785,72.0
1655120156.381638,-0.0097638070583343,-0.0159941911697387,0.0044877529144287,0.4406719505786896,0.3751508891582489,-0.8155182600021362,-0.0043422263115644,-0.0189516395330429,0.0202388986945152,0.4954105184093104,-0.3845595430481744,0.1259811232937971,72.0
1655120156.391634,-0.007679671049118,-0.0184043049812316,0.0070317387580871,0.4404951632022857,0.3751246035099029,-0.8156258463859558,0.0031982478685677,-0.025281973183155,0.0207211971282959,0.4951875425955399,-0.3845312011949899,0.1261531988271616,72.0
1655120156.401758,-0.0058381259441375,-0.0201972126960754,0.0086430609226226,0.4402252733707428,0.3749933838844299,-0.8158318996429443,0.0164605230093002,-0.0232020989060401,0.0255957711488008,0.4948258022283378,-0.3843896492983309,0.1262456487545969,72.0
1655120156.41149,-0.0055627822875976,-0.0250880718231201,0.006939023733139,0.439904123544693,0.3747901022434234,-0.8160985112190247,0.0215024203062057,-0.0279342699795961,0.0249877702444791,0.4943843839936233,-0.3841703549724538,0.1262991084398166,72.0
1655120156.421561,-0.0050527155399322,-0.023367166519165,0.0069607198238372,0.439546674489975,0.3745852708816528,-0.8163850903511047,0.019443929195404,-0.025043249130249,0.0220479071140289,0.49389834776724,-0.3839494408648542,0.1263133994767417,72.0
1655120156.4314752,-0.0042597353458404,-0.0226063728332519,5.245208740234375e-06,0.4391961991786957,0.3743691146373749,-0.8166728019714355,0.0159503947943449,-0.0184876099228858,0.0242151878774166,0.4934184717759509,-0.3837163252102508,0.1263402303228649,72.0
1655120156.441459,-0.0024241805076599,-0.018311321735382,-0.0018824934959411,0.4389780461788177,0.3742426931858063,-0.8168479800224304,0.0038242237642407,-0.0092300903052091,0.0192775353789329,0.4931218134977622,-0.3835799972085292,0.1263943138984044,72.0
1655120156.4514651,-0.0040409564971923,-0.0185445547103881,0.0011914074420928,0.4387943148612976,0.3740679621696472,-0.8170267343521118,0.017428983002901,-0.0013631121255457,0.0158409923315048,0.4928560716093615,-0.3833915840070224,0.1263816350320719,72.0
1655120156.46138,-2.7954578399658203e-05,-0.0181390047073364,0.0045323073863983,0.4386417865753174,0.3737941086292267,-0.8172339797019958,0.0304796043783426,0.0047061257064342,0.0169049631804227,0.4926054580330536,-0.383096283020811,0.1263139082899141,72.0
1655120156.471445,0.0018990039825439,-0.0197305679321289,0.0035642981529235,0.4385611116886139,0.3734651207923889,-0.8174276351928711,0.0348493158817291,0.0078246863558888,0.0124305859208107,0.4924301015222714,-0.3827416142071022,0.1262020328380984,72.0
1655120156.481266,-0.0003134608268737,-0.0124917030334472,-0.0016831159591674,0.438484787940979,0.3731735646724701,-0.8176016807556152,0.0278169754892587,0.0095082307234406,0.0143022947013378,0.4922689131115383,-0.3824273452884021,0.1260884559785308,72.0
1655120156.4912438,-0.0024390220642089,-0.0085207819938659,-0.0050843656063079,0.4384283423423767,0.3728974461555481,-0.8177579641342163,0.0209518782794475,0.0178234186023473,0.0204241033643484,0.4921357139404701,-0.3821297559029858,0.1260171166577419,72.0
1655120156.501251,-0.0036423206329345,-0.005711019039154,-0.0015878975391387,0.4383956789970398,0.3726968765258789,-0.8178669214248657,0.0230589713901281,0.0155800785869359,0.0161100085824728,0.4920492228872894,-0.3819136017117508,0.1259759302311222,72.0
1655120156.511177,-0.006109595298767,-0.0075244903564453,0.0009201169013977,0.4383757412433624,0.3724471926689148,-0.817991316318512,0.0209982171654701,0.0173729173839092,0.0121456272900104,0.4919669719205468,-0.3816445376224399,0.1259222782856516,72.0
1655120156.521093,-0.0066916644573211,-0.0097638964653015,0.0059007108211517,0.438423752784729,0.3721815347671509,-0.8180865049362183,0.0149930557236075,0.0218780282884836,0.0136183183640241,0.4919641162200039,-0.3813582989795773,0.1258636332650912,72.0
1655120156.531057,-0.0058396458625793,-0.0045469999313354,0.0080568790435791,0.4384567439556122,0.3719785213470459,-0.818161129951477,0.0186045691370964,0.0294477976858615,0.0050711706280708,0.491957457402237,-0.3811395821186263,0.1257533294311112,72.0
1655120156.541186,-0.002643197774887,-0.0032355189323425,0.0064023733139038,0.4385562241077423,0.3718629777431488,-0.818160355091095,0.0024805255234241,0.034655075520277,0.005873616784811,0.4920522858494869,-0.3810151144193689,0.1256759286153973,72.0
1655120156.5509892,0.0010760724544525,0.0050626993179321,0.0067362487316131,0.4387431740760803,0.3718495368957519,-0.8180662393569946,-0.0097449822351336,0.0386684611439704,0.0099498517811298,0.4922777167063978,-0.3810006331811097,0.1257056270422278,72.0
1655120156.560921,0.0024514496326446,0.0052734613418579,0.0110629498958587,0.4389547407627105,0.3718410730361938,-0.8179565668106079,-0.0016379859298467,0.0433330386877059,0.0080034239217638,0.4925343884117866,-0.3809915176447593,0.1257400845777995,72.0
1655120156.570896,0.0031635463237762,0.0024107694625854,0.0150484144687652,0.4391734302043915,0.3716703057289123,-0.817916750907898,0.0144387185573577,0.0387087278068065,0.0181846879422664,0.4927622032278972,-0.3808075683105773,0.1257539933290896,72.0
1655120156.580796,-0.0031210780143737,0.0025879144668579,0.0202134251594543,0.4394155740737915,0.3714644312858581,-0.8178802728652954,0.0142417112365365,0.0382865630090236,0.0176893398165702,0.4930105817335778,-0.3805858042182115,0.1257842239153846,72.0
1655120156.590826,-0.0033637583255767,0.0028078556060791,0.0184955596923828,0.439581960439682,0.3713207244873047,-0.8178561329841614,0.0025754673406481,0.0416104532778263,0.0211202912032604,0.4931807573842642,-0.3804310263161917,0.1258294412078606,72.0
1655120156.600831,0.0005672872066497,0.0040691494941711,0.0046629905700683,0.4397860467433929,0.3713593482971191,-0.8177288770675659,-0.0307742338627576,0.0485690273344516,0.0278688929975032,0.4934392525804874,-0.3804726369467818,0.1260409877595301,72.0
1655120156.61087,-0.0023609399795532,0.0048677921295166,0.0025495886802673,0.4400897622108459,0.3716264069080353,-0.8174440860748291,-0.0466325581073761,0.0492918118834495,0.0275762118399143,0.4938726650437509,-0.3807602811697926,0.1264252924944986,72.0
1655120156.620661,-0.0016619861125946,0.0065929889678955,0.0089316666126251,0.4404283761978149,0.3719277083873749,-0.817124605178833,-0.0476422309875488,0.0414196103811264,0.0348889455199241,0.4943570186000584,-0.3810848481655437,0.1269068978919717,72.0
1655120156.6306329,-0.0023628175258636,0.0094560384750366,0.010477989912033,0.4408850967884063,0.3721361458301544,-0.8167833685874939,-0.0312174502760171,0.0310489982366561,0.0464997962117195,0.4949646043602941,-0.3813093915779801,0.127514397102131,72.0
1655120156.640602,-0.0004904270172119,0.0058722496032714,0.0122558772563934,0.4413167834281921,0.372189313173294,-0.816525936126709,-0.0195154529064893,0.020690843462944,0.0550554320216178,0.4955056197975449,-0.3813666680219716,0.1281446234690385,72.0
1655120156.650568,0.0036258697509765,0.006334900856018,0.0133382678031921,0.4416712820529938,0.3721597492694855,-0.8163477182388306,-0.0086034163832664,0.0126132108271121,0.0587633475661277,0.4959329271902498,-0.3813348428894184,0.1287408932639433,72.0
1655120156.660543,0.0041398406028747,0.0074319839477539,0.0094388723373413,0.4418287277221679,0.3720766007900238,-0.8163004517555237,-0.0017889207229018,-0.000326023902744,0.0644731298089027,0.4961063293760738,-0.3812452619274988,0.1293012709321801,72.0
1655120156.670507,0.0050415396690368,0.005971610546112,0.0019081830978393,0.4419035911560058,0.3719779253005981,-0.8163048624992371,-0.013487122952938,-0.0055665923282504,0.0666185691952705,0.4961749905856153,-0.3811389284875236,0.1299063525332985,72.0
1655120156.680793,0.0052251517772674,0.001948058605194,-0.0045013129711151,0.4420556426048279,0.3718871474266052,-0.8162639141082764,-0.021840326488018,-0.0115267466753721,0.0619768723845481,0.4963400741126209,-0.3810411637985431,0.1305993225575317,72.0
1655120156.690415,0.0069038867950439,-0.0021587014198303,-0.0082026720046997,0.4421164095401764,0.3718196153640747,-0.8162617683410645,-0.0148343481123447,-0.0156149649992585,0.056069977581501,0.4963987321468294,-0.3809684048954972,0.1312334899136111,72.0
1655120156.7005,0.0077356994152069,-0.0037967562675476,-0.0136042535305023,0.4421238601207733,0.3717890679836273,-0.8162716627120972,-0.0178894605487585,-0.0235006399452686,0.0564436987042427,0.4964007113432811,-0.3809354849333163,0.1318410096562596,72.0
1655120156.710353,0.0096466839313507,-0.0040814280509948,-0.0177384316921234,0.4421507120132446,0.3718796372413635,-0.8162158131599426,-0.0318026132881641,-0.0160685554146766,0.048378050327301,0.496454769978666,-0.3810330572567112,0.1324728587223354,72.0
1655120156.720243,0.0122907161712646,-0.006280779838562,-0.0198322534561157,0.4421770274639129,0.3720203340053558,-0.816137433052063,-0.0271849557757377,-0.0154377585276961,0.0328424610197544,0.4965199051240107,-0.3811846223695941,0.1330102938271221,72.0
1655120156.73025,0.0119218230247497,-0.0082085728645324,-0.0174721479415893,0.4422254264354706,0.3722084760665893,-0.81602543592453,-0.0221342705190181,-0.0182210281491279,0.0235730595886707,0.4966232685053517,-0.3813873163418374,0.1334350132483038,72.0
1655120156.740096,0.012190818786621,-0.0065173506736755,-0.0152395665645599,0.4422463476657867,0.3723562657833099,-0.8159466981887817,-0.0145319467410445,-0.0237331334501504,0.0092356307432055,0.496683525933567,-0.3815465561002139,0.1337549957944825,72.0
1655120156.7503262,0.013371855020523,-0.0057078599929809,-0.0150954127311706,0.4422250092029571,0.3723799288272857,-0.815947413444519,-0.0049336468800902,-0.0242180954664945,0.0078768851235508,0.4966629126506128,-0.3815720675643405,0.1339301891945009,72.0
1655120156.760116,0.0120095908641815,-0.0082958340644836,-0.0162578225135803,0.4421681761741638,0.3723674118518829,-0.8159839510917664,-0.0057447804138064,-0.0233577340841293,0.0063232341781258,0.4965903259380428,-0.381558586932228,0.1340772225656469,72.0
1655120156.770091,0.0138491094112396,-0.0078200697898864,-0.0177111029624938,0.4421139657497406,0.3723253607749939,-0.8160325288772583,-0.0087874410673975,-0.0234373621642589,0.0045594228431582,0.4965140370359341,-0.3815132564143229,0.1342074233383068,72.0
1655120156.780113,0.0123918950557708,-0.0066196918487548,-0.0225376486778259,0.4420452713966369,0.372284322977066,-0.8160884380340576,-0.0186128411442041,-0.0225477609783411,0.0025703469291329,0.496420277183236,-0.3814690480704886,0.1343299810313656,72.0
1655120156.790028,0.0097407698631286,-0.0072352886199951,-0.0206160545349121,0.4420565962791443,0.3723158538341522,-0.8160678744316101,-0.0216238107532262,-0.0183522161096334,0.0001348862424492,0.4964415324572233,-0.381503014277792,0.1345159972341243,72.0
1655120156.800022,0.0063699185848236,-0.0085573196411132,-0.0167146623134613,0.4421010911464691,0.3723512291908264,-0.8160277009010315,-0.0293282717466354,-0.0170448701828718,0.0028142165392637,0.4965043164803278,-0.3815411408024472,0.1347473424824681,72.0
1655120156.809967,0.0051506459712982,-0.0076253414154052,-0.0159512162208557,0.4421912133693695,0.3724423050880432,-0.8159372806549072,-0.0382344126701355,-0.0057184458710253,0.0074779447168111,0.4966361021488938,-0.3816392618829764,0.135048419840104,72.0
1655120156.820109,-0.0012664794921875,-0.0047083497047424,-0.0131559669971466,0.4423522651195526,0.3725461959838867,-0.8158025741577148,-0.0344340801239013,-0.0018288458231836,0.0073258774355053,0.4968578480133427,-0.3817512299017108,0.1353814357532235,72.0
1655120156.829826,-0.0081017911434173,-0.0025727748870849,-0.0095794796943664,0.4426109790802002,0.372708112001419,-0.8155882358551025,-0.0440923050045967,0.0061627682298421,0.0036379322409629,0.4972130387109244,-0.3819257098879436,0.135736939792169,72.0
1655120156.8398662,-0.0071387290954589,-0.0004897713661193,-0.0082282721996307,0.4428839087486267,0.3728675544261932,-0.8153672218322754,-0.0414393953979015,0.0182029195129871,0.0059275655075907,0.4975851815799525,-0.3820975243772128,0.136052682947952,72.0
1655120156.849769,-0.0125107765197753,-0.004760205745697,-0.010432630777359,0.4432510733604431,0.3730272054672241,-0.8150945901870728,-0.0456229522824287,0.0280595440417528,0.0029504187405109,0.4980731830358098,-0.3822696062387838,0.1363746168935365,72.0
1655120156.859741,-0.0165289640426635,-0.0103100538253784,-0.0063948929309844,0.4436987042427063,0.3731856346130371,-0.8147784471511841,-0.0430729761719703,0.047207087278366,-0.0036303675733506,0.4986598286222038,-0.3824403627879877,0.1366613731057588,72.0
1655120156.8696918,-0.0202597975730896,-0.0165773630142211,0.0011473000049591,0.4441336393356323,0.3734254240989685,-0.8144315481185913,-0.0385783612728118,0.0484779477119445,-0.0176977179944515,0.4992504178851658,-0.3826988374943538,0.1368187016790006,72.0
1655120156.8796391,-0.0237718224525451,-0.0189424753189086,-0.000686764717102,0.4445176124572754,0.373733639717102,-0.8140805959701538,-0.0453778095543384,0.0717409253120422,-0.0302830543369054,0.4997950111753603,-0.3830311013433866,0.1367878751382952,72.0
1655120156.889761,-0.0315824151039123,-0.0298765897750854,0.0034282207489013,0.4449734389781952,0.3740742206573486,-0.813675045967102,-0.0294276066124439,0.0798526480793953,-0.0458582863211631,0.5004359841181166,-0.3833983070870906,0.1366152490368931,72.0
1655120156.899652,-0.0403116047382354,-0.0403069853782653,0.00409397482872,0.4453865885734558,0.374430775642395,-0.8132849335670471,-0.0267329514026641,0.0956088677048683,-0.0532398447394371,0.5010287760443565,-0.3837828185542722,0.1362347102398561,72.0
1655120156.90955,-0.0488532781600952,-0.0494435429573059,6.642937660217285e-05,0.445886880159378,0.3748877644538879,-0.8128001093864441,-0.0477197244763374,0.1267603933811187,-0.0451222658157348,0.501753288825555,-0.3842757086733719,0.135841362719605,72.0
1655120156.919485,-0.0619639158248901,-0.0620946288108825,0.0054711401462554,0.4466378688812256,0.3754186928272247,-0.8121424317359924,-0.0506779663264751,0.1523241847753524,-0.0472440421581268,0.5028049593743746,-0.3848484734634871,0.1355356542451183,72.0
1655120156.929445,-0.0655127465724945,-0.0742246508598327,0.0125851333141326,0.4475164711475372,0.3758883476257324,-0.8114413022994995,-0.0307450070977211,0.1777941286563873,-0.0503591448068618,0.5040003484296889,-0.3853552291056406,0.1351610564600585,72.0
1655120156.9393911,-0.0667286217212677,-0.0842286944389343,0.0052174925804138,0.4484882056713104,0.3762980103492737,-0.810714602470398,-0.0189294908195734,0.1928613781929016,-0.0553290173411369,0.5052975468777237,-0.3857973621707489,0.1346456117257231,72.0
1655120156.9493608,-0.0716237425804138,-0.0971538424491882,-0.0079695582389831,0.4495990872383117,0.3766829073429107,-0.8099201321601868,-0.0094915144145488,0.2156250178813934,-0.0651893764734268,0.5067620539737385,-0.3862128142913837,0.1339794503855902,72.0
1655120156.959372,-0.0780026614665985,-0.1097295880317688,-0.0127044916152954,0.4508968889713287,0.3770385980606079,-0.809032678604126,-0.000383703969419,0.2313295155763626,-0.070506751537323,0.5084522317260252,-0.3865968212579687,0.1332546562901474,72.0
1655120156.969355,-0.0755428373813629,-0.1213385462760925,-0.0174899995326995,0.4522517323493957,0.3773074746131897,-0.808150589466095,0.0272303484380245,0.2445180267095565,-0.0794999822974205,0.5101938232080745,-0.3868871623245241,0.1323613287516453,72.0
1655120156.979241,-0.0731996297836303,-0.1341804265975952,-0.0174531936645507,0.4536774754524231,0.3773469626903534,-0.8073326349258423,0.0605194605886936,0.2602303028106689,-0.0938358530402183,0.5119686273313947,-0.3869297839576769,0.1311911007843845,72.0
1655120156.989359,-0.0742519199848175,-0.1438178420066833,-0.0193629562854766,0.4551569819450378,0.3771509826183319,-0.8065910935401917,0.1047628223896026,0.2791427373886108,-0.114590398967266,0.5137535341534317,-0.3867181844076521,0.1296206969454086,72.0
1655120156.99928,-0.0733611285686492,-0.1506063938140869,-0.0260587632656097,0.456616073846817,0.3767209947109222,-0.8059671521186829,0.1415082514286041,0.2914739549160003,-0.1332905888557434,0.5154563733499594,-0.3862539293632859,0.1276569303132441,72.0
1655120157.009166,-0.0685503482818603,-0.1577340364456176,-0.0319268405437469,0.4581376612186432,0.376149833202362,-0.8053702116012573,0.1628958284854889,0.2995212376117706,-0.1542384922504425,0.5172027615969657,-0.3856374441108053,0.1253541895608301,72.0
1655120157.019068,-0.0626804232597351,-0.1557320952415466,-0.0369719862937927,0.4596682488918304,0.3755492269992828,-0.8047781586647034,0.1732926070690155,0.301683098077774,-0.1793759763240814,0.5189540739970272,-0.3849893119701985,0.1227834815451782,72.0
1655120157.029055,-0.0504793226718902,-0.149735689163208,-0.0451616644859313,0.4611543118953705,0.3749040961265564,-0.8042286038398743,0.2062540203332901,0.3079756200313568,-0.2096766233444214,0.5206400089331779,-0.3842933072830823,0.119846203395161,72.0
1655120157.03899,-0.0366950333118438,-0.1438103914260864,-0.0466212630271911,0.4625372588634491,0.3741053938865661,-0.8038062453269958,0.2456975728273391,0.3100726008415222,-0.2339611947536468,0.522160215387415,-0.3834319272597481,0.1164545585884659,72.0
1655120157.048963,-0.031703233718872,-0.1397587060928344,-0.0393378138542175,0.4641067087650299,0.37309330701828,-0.8033718466758728,0.2932139635086059,0.3147733509540558,-0.263649582862854,0.5238599191423107,-0.3823408448305672,0.1126789427529772,72.0
1655120157.0590448,-0.0246425867080688,-0.1423925161361694,-0.0293241441249847,0.4655909836292267,0.3718534111976623,-0.8030878305435181,0.3336714208126068,0.3148928582668304,-0.2897326350212097,0.5253974741491324,-0.3810048046773796,0.1084149588382618,72.0
1655120157.068894,-0.0100903809070587,-0.145546555519104,-0.0154207944869995,0.4668926894664764,0.3707369565963745,-0.802848219871521,0.2725337743759155,0.29023277759552,-0.3162044584751129,0.5267393888157745,-0.3798024095317102,0.1039384255971408,72.0
1655120157.078837,0.0081810057163238,-0.1599010825157165,-0.0260166525840759,0.468228816986084,0.3701328337192535,-0.8023486733436584,0.2622561156749725,0.3116430044174194,-0.3423302769660949,0.5282530615297298,-0.3791519926086304,0.0994413643861607,72.0
1655120157.088811,0.0162597000598907,-0.1347308754920959,-0.0273974239826202,0.4692748785018921,0.3698808848857879,-0.801853597164154,0.2130254507064819,0.2869293987751007,-0.374527633190155,0.5294940670812072,-0.3788808037806488,0.0947781910949185,72.0
1655120157.0987449,0.0415928661823272,-0.1091577410697937,-0.018257737159729,0.4700647592544555,0.3702017068862915,-0.8012427091598511,0.1704598069190979,0.269932210445404,-0.3933635652065277,0.5305601075528804,-0.3792261593507657,0.090219118657177,72.0
1655120157.108567,0.0623552203178405,-0.0908655524253845,-0.0176692008972167,0.4706037044525146,0.3707117736339569,-0.8006902933120728,0.1650858223438263,0.2351337373256683,-0.4055943787097931,0.5313615970240102,-0.3797752961687577,0.0856428021576456,72.0
1655120157.118501,0.0746298432350158,-0.0595425367355346,-0.0027303993701934,0.4708412587642669,0.3713064193725586,-0.8002749681472778,0.1835250109434127,0.210161805152893,-0.4251385331153869,0.5318087969416186,-0.3804156428788641,0.0808604149204647,72.0
1655120157.128612,0.0821436047554016,-0.0429484844207763,0.008112221956253,0.4706822335720062,0.3715569376945495,-0.8002522587776184,0.2588149905204773,0.1502814292907714,-0.4333754181861877,0.5316735873835063,-0.3806854669231279,0.0756756586309506,72.0
1655120157.138424,0.110151469707489,-0.0319966077804565,0.0163612365722656,0.4700181484222412,0.3712882697582245,-0.8007671236991882,0.3234876990318298,0.0853671506047248,-0.4363911747932434,0.5307759749932623,-0.3803960780854594,0.0700754576057899,72.0
1655120157.148392,0.1377928853034973,-0.0173321366310119,0.0159561038017272,0.4687896966934204,0.3705337345600128,-0.8018360137939453,0.3704198002815246,0.0058478219434618,-0.4335019290447235,0.5290528051351588,-0.3795836082430691,0.0641708606340652,72.0
1655120157.1583362,0.1648536026477813,0.0139676332473754,-0.0017220377922058,0.4668296575546264,0.369428277015686,-0.8034878969192505,0.421877920627594,-0.0909319818019867,-0.4344966113567352,0.5263347347692975,-0.3783937147111382,0.0580451640227116,72.0
1655120157.168466,0.1808554530143737,0.0379058122634887,-0.0398780703544616,0.464163988828659,0.3678046762943268,-0.8057738542556763,0.4640799760818481,-0.1839399635791778,-0.4058407247066498,0.522621120187338,-0.3766471049163211,0.0517128362006389,78.0
1655120157.179524,0.1825758218765258,0.0592541694641113,-0.0507158041000366,0.4609635174274444,0.3659623861312866,-0.8084455132484436,0.4433176815509796,-0.2497715801000595,-0.384590208530426,0.5182081746244994,-0.374666705174934,0.0456425463919728,78.0
1655120157.188882,0.1765004396438598,0.0623073577880859,-0.0564160943031311,0.4573191106319427,0.3642468750476837,-0.8112850189208984,0.4248470664024353,-0.3005386292934418,-0.3849957883358001,0.513298435039392,-0.3728240111109082,0.0397584371324166,78.0
1655120157.19868,0.1759284436702728,0.0401476621627807,-0.0506767332553863,0.45328289270401,0.3626579344272613,-0.8142566084861755,0.3922163248062134,-0.3428045809268951,-0.3831237852573395,0.5079597204332936,-0.3711184072579352,0.0340205106173555,78.0
1655120157.208349,0.1719760596752166,0.0052693486213684,-0.0419850051403045,0.4490870833396911,0.3613819479942322,-0.8171436786651611,0.342559814453125,-0.3442536294460296,-0.3845706880092621,0.5025218730805927,-0.3697495730851489,0.0285161875981842,78.0
1655120157.218307,0.1672291755676269,-0.0202937126159667,-0.0288291871547698,0.4449228644371032,0.3604941964149475,-0.8198094367980957,0.2818990647792816,-0.345877468585968,-0.3637688755989074,0.4972328925347025,-0.3687976708730401,0.0233898422778021,78.0
1655120157.228327,0.1705363690853119,-0.0503960847854614,-0.0229218006134033,0.4408679902553558,0.3599426746368408,-0.8222388029098511,0.2336939722299575,-0.3311656415462494,-0.3403993844985962,0.4921709650300882,-0.3682064371359979,0.0187806223809163,78.0
1655120157.238189,0.1736609935760498,-0.0905568599700927,-0.0253846049308776,0.4370719790458679,0.3597199022769928,-0.8243601322174072,0.1621431559324264,-0.311097115278244,-0.3068810403347015,0.4875111191717492,-0.3679676983943152,0.0147015114880677,78.0
1655120157.248174,0.1922021508216858,-0.1233373880386352,-0.0277164876461029,0.4335912466049194,0.3600223660469055,-0.8260644674301147,0.0715243071317672,-0.2707763314247131,-0.2831280529499054,0.4833591254508411,-0.36829188045403,0.0113378606401175,78.0
1655120157.258105,0.2148769795894622,-0.1498393416404724,-0.034036636352539,0.4306765496730804,0.3609561920166015,-0.8271809220314026,-0.0110804233700037,-0.1958428025245666,-0.2631503641605377,0.4800353616148338,-0.3692929986975461,0.0086016583781665,78.0
1655120157.268225,0.2176668345928192,-0.164222776889801,-0.0118538737297058,0.4286953806877136,0.3621803820133209,-0.8276748657226562,-0.0194818973541259,-0.0698257386684417,-0.2198167741298675,0.4779054241605723,-0.3706060302354598,0.0064091081822421,78.0
1655120157.278041,0.2086279690265655,-0.1867746114730835,0.0360656082630157,0.4279381334781647,0.3628296256065368,-0.8277823328971863,0.0764138028025627,0.0493282936513423,-0.1619979441165924,0.477130801176519,-0.3713026606743049,0.004486276452388,78.0
1655120157.2879782,0.2127915024757385,-0.2039341330528259,0.1007708311080932,0.4283217191696167,0.3620129525661468,-0.8279415369033813,0.2686695158481598,0.1608553528785705,-0.0918095335364341,0.4774178943739595,-0.3704264022463692,0.0024359533378472,78.0
1655120157.298,0.2249763309955597,-0.2559769749641418,0.1514803171157837,0.429946094751358,0.3589109182357788,-0.8284499645233154,0.5217030644416809,0.262276142835617,0.0114929629489779,0.4787133591237789,-0.3671007975645755,9.491073028554417e-05,78.0
1655120157.30797,0.2545028328895569,-0.3159458041191101,0.1946282088756561,0.4326766729354858,0.3534064590930938,-0.8293942213058472,0.7482879757881165,0.3563166260719299,0.0920493230223655,0.4808391948204848,-0.3612100598238795,-0.0025244660722422,78.0
1655120157.317908,0.287837266921997,-0.3637337684631347,0.2115064859390258,0.4365278780460357,0.3458970487117767,-0.83054119348526,0.9424617290496826,0.4773179888725281,0.1497019678354263,0.4839129466629898,-0.3531946844574552,-0.0055663414328291,78.0
1655120157.327999,0.3098775446414947,-0.3785604238510132,0.2137374579906463,0.4416177272796631,0.3365859985351562,-0.8316752314567566,1.1120628118515017,0.6098861694335938,0.2087410539388656,0.4881372741423082,-0.3432890088348583,-0.0090085087198445,78.0
1655120157.337926,0.3004140257835388,-0.3833398818969726,0.2159392237663269,0.4480905532836914,0.3258698582649231,-0.8324804306030273,1.2096030712127686,0.7646552324295044,0.2681098282337188,0.4937847611364175,-0.3319316785922917,-0.0125784588643189,78.0
1655120157.3477569,0.2743857800960541,-0.3899054527282715,0.2199634611606598,0.4559455811977386,0.3142314851284027,-0.8326897621154785,1.2751562595367432,0.9037414789199828,0.3158592283725738,0.5009660885803279,-0.3196470131206484,-0.0161486191357041,78.0
1655120157.357717,0.2590544819831848,-0.3973943591117859,0.2316958010196685,0.464974969625473,0.301965057849884,-0.8322351574897766,1.2942163944244385,1.0174810886383057,0.3765073120594024,0.5095028814339756,-0.3067532520532566,-0.0194818709390204,78.0
1655120157.36776,0.2526329159736633,-0.3824296593666076,0.2259991466999054,0.474982351064682,0.2895495593547821,-0.8309950232505798,1.2433902025222778,1.1198253631591797,0.4160203635692596,0.5192622643772626,-0.2937562089726211,-0.0224353677359139,78.0
1655120157.377655,0.2264674603939056,-0.349886953830719,0.2198833227157592,0.4859958589076996,0.2775532007217407,-0.8287172317504883,1.1533386707305908,1.2518742084503174,0.4530532956123352,0.5303918878663725,-0.2812463185745639,-0.0247775680929616,78.0
1655120157.387603,0.2045821547508239,-0.3210569620132446,0.2296956181526184,0.4980087280273437,0.2659555971622467,-0.8253816962242126,1.1075751781463623,1.3510122299194336,0.4971523284912109,0.5428921418558471,-0.2691950905614835,-0.0265011839940432,78.0
1655120157.397684,0.1906450390815735,-0.2913529276847839,0.2529922723770141,0.5107556581497192,0.2543929815292358,-0.8212264776229858,1.063631296157837,1.4250259399414062,0.5500218272209167,0.5563976624588794,-0.2572199842319883,-0.0277365177295799,78.0
1655120157.407635,0.1742905974388122,-0.2554000616073608,0.2771961688995361,0.5241345763206482,0.2428691089153289,-0.8162704706192017,1.040489673614502,1.5059051513671875,0.5989110469818115,0.5708079244506068,-0.2453224203951994,-0.0285140576052793,78.0
1655120157.4174829,0.1514561176300048,-0.2218596935272216,0.2829280495643616,0.5381190180778503,0.2311100214719772,-0.8105652928352356,1.0603667497634888,1.5914125442504885,0.6350570321083069,0.5860717047986993,-0.2332184428502302,-0.0291404915679385,78.0
1655120157.427424,0.1186398863792419,-0.1949343681335449,0.2916634678840637,0.5525941848754883,0.2188803702592849,-0.8041958808898926,1.1179895401000977,1.6502134799957275,0.6525732278823853,0.6020420011290893,-0.220666871543877,-0.0298841835988787,78.0
1655120157.437391,0.0914288759231567,-0.161802589893341,0.2879508137702942,0.5673387050628662,0.2060524523258209,-0.7972885966300964,1.169464111328125,1.6913806200027466,0.668802797794342,0.6184589857532665,-0.2075391231535955,-0.0310743686555735,78.0
1655120157.447356,0.0670358538627624,-0.1414146423339843,0.2792567014694214,0.5823169946670532,0.1928654909133911,-0.7897529602050781,1.1815146207809448,1.7657581567764282,0.6958842277526855,0.6353498168124189,-0.1940816276212413,-0.0324441051542766,78.0
1655120157.457298,0.0478560924530029,-0.1473086476325988,0.2671835720539093,0.597697377204895,0.1792885959148407,-0.7814175486564636,1.231006383895874,1.829445242881775,0.7207189798355103,0.6529619238828643,-0.1802632752922506,-0.0340360377056044,78.0
1655120157.467318,0.0437871813774108,-0.1545681953430175,0.2778183221817016,0.6132866740226746,0.1651443243026733,-0.7724032402038574,1.2622809410095217,1.871792435646057,0.7730280160903931,0.6710704848432372,-0.1659043427030715,-0.0358506797953908,78.0
1655120157.477384,0.0368521213531494,-0.1464703679084777,0.2794393599033355,0.6290108561515808,0.1505533307790756,-0.762678861618042,1.2946932315826416,1.9187687635421755,0.7782845497131348,0.6896446034282199,-0.1511279560788742,-0.0378616551882434,78.0
1655120157.487159,-0.0045626163482666,-0.1143714189529419,0.251017689704895,0.6448671221733093,0.1359909772872924,-0.7520989179611206,1.277099370956421,1.990764141082764,0.7488920092582703,0.7087878743790882,-0.1364136599943221,-0.0403455713452313,78.0
1655120157.4972758,-0.0627291202545166,-0.0803587436676025,0.2148326933383941,0.660843014717102,0.1220508515834808,-0.7405336499214172,1.173362374305725,2.054572105407715,0.7219297885894775,0.7285933949394539,-0.1223559222526268,-0.0429228825273224,78.0
1655120157.507133,-0.1075996160507202,-0.0317095518112182,0.181573212146759,0.6769202351570129,0.1093508675694465,-0.727888286113739,1.006468653678894,2.1229946613311768,0.6853331923484802,0.7491329428581457,-0.1095699752865763,-0.0450432371076554,78.0
1655120157.517017,-0.1469404697418213,0.0064783096313476,0.1558322012424469,0.6929609179496765,0.0983029454946518,-0.7142420411109924,0.8171491026878357,2.1577036380767822,0.6252544522285461,0.7702762906989822,-0.098461963794855,-0.046580368402518,78.0
1655120157.5270329,-0.179722249507904,0.0509836077690124,0.1349488198757171,0.708820641040802,0.0889586582779884,-0.6997567415237427,0.6572193503379822,2.1853244304656982,0.5706444978713989,0.7918328490825632,-0.089076412290014,-0.0475262331500988,78.0
1655120157.536973,-0.208187997341156,0.0821164846420288,0.1230030581355094,0.7243927121162415,0.0810222253203392,-0.6846097707748413,0.5190249681472778,2.191969633102417,0.5256325602531433,0.8136255114961253,-0.0811111335963411,-0.0479479541988524,78.0
1655120157.5472,-0.2117995023727417,0.1060162782669067,0.126114010810852,0.7394483089447021,0.0743406862020492,-0.6690961122512817,0.3735998868942261,2.157134771347046,0.4860118627548218,0.8353034213317204,-0.0744093281221575,-0.047790738002968,78.0
1655120157.556905,-0.2037845849990844,0.1206597685813903,0.1330608129501342,0.7538637518882751,0.0687824562191963,-0.6534203886985779,0.2556499540805816,2.112388134002685,0.4627500772476196,0.8566512416228452,-0.0688368108859699,-0.047006974769366,78.0
1655120157.566887,-0.2102023363113403,0.125820517539978,0.144639104604721,0.7676057815551758,0.0641164109110832,-0.6377071738243103,0.148852914571762,2.072354555130005,0.4291503131389618,0.8775702150984848,-0.0641604186786641,-0.0456126501209211,78.0
1655120157.576812,-0.2332311868667602,0.1410120725631714,0.1474817395210266,0.7807469964027405,0.0602208860218524,-0.6219385862350464,0.0995425581932067,2.0320403575897217,0.3892196416854858,0.8981354799797007,-0.0602573443926397,-0.0439589933439157,78.0
1655120157.586797,-0.2502073049545288,0.1359809637069702,0.150626927614212,0.793237030506134,0.0566484853625297,-0.6062721610069275,0.1064393445849418,1.9809082746505735,0.3677518963813782,0.9182049713436636,-0.0566788253916275,-0.0424269945518695,78.0
1655120157.596813,-0.2690631747245788,0.1246172189712524,0.1597562134265899,0.8050891160964966,0.0530886575579643,-0.5907732248306274,0.1068375557661056,1.9296973943710327,0.363528847694397,0.9377450131807376,-0.0531136263424673,-0.0411137028189597,78.0
1655120157.60706,-0.2990745306015014,0.131498098373413,0.1481976807117462,0.8163169026374817,0.0496325083076953,-0.5754678845405579,0.1068708449602127,1.867658615112305,0.3404687941074371,0.9567515870138688,-0.0496529095824801,-0.0399546273577435,78.0
1655120157.616647,-0.3168779015541076,0.1467350125312805,0.1260533928871154,0.8267654180526733,0.0464014373719692,-0.5606297254562378,0.0493220016360282,1.7715747356414795,0.340028315782547,0.974919990944331,-0.0464181047331084,-0.0386730712632928,78.0
1655120157.626591,-0.3083767890930176,0.1569825410842895,0.1015805900096893,0.836422324180603,0.0434999950230121,-0.5463563799858093,-0.0217750780284404,1.680521845817566,0.3428406119346618,0.9921703731250908,-0.043513726174961,-0.0368936184387594,78.0
1655120157.636588,-0.3131744861602783,0.1705920100212097,0.0942755043506622,0.8453856110572815,0.0408563241362571,-0.5325915217399597,-0.0650025084614753,1.5955826044082642,0.3470920622348785,1.0086108198494643,-0.0408676982721522,-0.0346703945705593,78.0
1655120157.64669,-0.3267959356307983,0.1700205206871032,0.0960840880870819,0.8536360859870911,0.0382695645093917,-0.5194621086120605,-0.073024220764637,1.496891736984253,0.3537912368774414,1.024129287024352,-0.0382789102503644,-0.0322347065003359,78.0
1655120157.656475,-0.3376209735870361,0.1706429719924926,0.0961921215057373,0.8611193895339966,0.0355217605829238,-0.5071603655815125,-0.0746882930397987,1.3806848526000977,0.3778144717216491,1.0385379072171896,-0.0355292358510831,-0.0297418691102038,78.0
1655120157.666472,-0.3397407531738281,0.1604087352752685,0.0914119482040405,0.8679083585739136,0.0325046703219413,-0.4956596493721008,-0.0688892602920532,1.2762184143066406,0.3956475257873535,1.0519004072190128,-0.0325103968029803,-0.0272153818477379,78.0
1655120157.676429,-0.3421935439109802,0.1606056094169616,0.0897469222545623,0.8740538358688354,0.0292716473340988,-0.4849464893341064,-0.0524239987134933,1.19331955909729,0.4195516705513,1.064256619136353,-0.0292758283855072,-0.0246918195217894,78.0
1655120157.686439,-0.3674021959304809,0.1481831669807434,0.0874108672142028,0.8796701431274414,0.0257025565952062,-0.4748891592025757,-0.035848218947649,1.0979496240615845,0.4484057128429413,1.0757798869730475,-0.0257053876379723,-0.0222643309515393,78.0
1655120157.696451,-0.3827282786369324,0.1416400969028473,0.0810862183570861,0.8846812844276428,0.0216970015317201,-0.4656910002231598,-0.0550816394388675,0.9987381100654602,0.5065632462501526,1.0862570731339858,-0.0216987037625364,-0.0196578440582621,78.0
1655120157.706331,-0.354900062084198,0.1375308334827423,0.0675840675830841,0.889155924320221,0.0172548070549964,-0.457278847694397,-0.0556132011115551,0.9084585309028624,0.5590227246284485,1.0957867754854629,-0.0172556631598427,-0.0167050054324669,78.0
1655120157.716397,-0.3294569849967956,0.1350369155406952,0.0568805932998657,0.8931317925453186,0.0122722489759325,-0.4496274292469024,-0.0189865492284297,0.8229377269744873,0.6032106876373291,1.1044101857958828,-0.0122725570214434,-0.0137269046914054,78.0
1655120157.726239,-0.3301429152488708,0.128942996263504,0.0477757453918457,0.8966558575630188,0.0065913442522287,-0.4426789879798889,0.0626755580306053,0.7332696318626404,0.6476458311080933,1.1122014179437394,-0.0065913919438878,-0.0111411543448668,78.0
1655120157.736215,-0.324600338935852,0.1172989904880523,0.0330114662647247,0.8997496962547302,0.0001001111668301,-0.4364061057567596,0.1573439389467239,0.6619796752929688,0.6938486099243164,1.1191958326170277,-0.0001001111688555,-0.0092184455992118,78.0
1655120157.7461538,-0.3097408413887024,0.1161871254444122,0.0236044526100158,0.9024225473403932,-0.0071249604225158,-0.4307929277420044,0.2262175381183624,0.5889542102813721,0.7360498309135437,1.1254129257816603,0.0071250206516826,-0.0078479580465649,78.0
1655120157.756103,-0.3024141192436218,0.1129453182220459,0.0060978531837463,0.9047089219093324,-0.0150089794769883,-0.4257658421993255,0.268849104642868,0.5227483510971069,0.770545482635498,1.1309352373085466,0.0150095427542957,-0.0068925383955477,78.0
1655120157.766074,-0.2978812456130981,0.1283605694770813,-0.0081368386745452,0.9066457748413086,-0.0232199616730213,-0.4212531149387359,0.3099131882190704,0.4737610816955566,0.781674325466156,1.1358444701350416,0.0232220483932591,-0.0061896656433423,78.0
1655120157.77601,-0.2878109216690063,0.1239778399467468,-0.0156666338443756,0.9083247184753418,-0.0318187326192855,-0.4170534610748291,0.3926742970943451,0.4309239983558655,0.7975327968597412,1.1403628509646828,0.0318241058603131,-0.0060775427768105,78.0
1655120157.785991,-0.2864195704460144,0.1186008155345916,-0.0244377516210079,0.9096952676773072,-0.0408393256366252,-0.4132633507251739,0.4489476978778839,0.3734274208545685,0.8081023097038269,1.1443824989267513,0.0408506866355428,-0.0066053688599772,78.0
1655120157.79607,-0.2918719053268432,0.1244580745697021,-0.0473903715610504,0.9107378125190736,-0.0499759241938591,-0.4099500477313995,0.425759881734848,0.3158225417137146,0.8057869672775269,1.147834625673112,0.0499967511597868,-0.0073072647877803,78.0
1655120157.805937,-0.2942409515380859,0.1452407240867614,-0.0777525082230568,0.9114895462989808,-0.0588136427104473,-0.4070968925952911,0.3476664125919342,0.2680667638778686,0.788607656955719,1.1507499525743807,0.0588476004659273,-0.0075600166514313,78.0
1655120157.8158588,-0.2997438907623291,0.1726691126823425,-0.1098332405090332,0.9119569063186646,-0.0671381875872612,-0.4047553539276123,0.2433778941631317,0.2068013250827789,0.7751908898353577,1.153083821459953,0.0671887301852364,-0.0070946194285374,78.0
1655120157.825956,-0.2842440605163574,0.2003110647201538,-0.1229462623596191,0.9120973944664,-0.0748381242156028,-0.4030851721763611,0.1242712065577507,0.1293763220310211,0.7529066205024719,1.1546718371340976,0.0749081615238866,-0.0056821131855148,78.0
1655120157.835773,-0.2566325068473816,0.2308472990989685,-0.1323740780353546,0.9118753671646118,-0.081798255443573,-0.4022340774536133,0.0006543966010212,0.0497714467346668,0.7212610244750977,1.1553628666252136,0.0818897465117842,-0.0032905323576966,78.0
1655120157.845765,-0.2501843571662903,0.2666517794132232,-0.1246615573763847,0.911316990852356,-0.0880459323525428,-0.402180403470993,-0.0840490385890007,-0.0269622150808572,0.6965663433074951,1.155185936318921,0.0881600850696246,-3.543301382336226e-05,78.0
1655120157.8556771,-0.233878493309021,0.2668252289295196,-0.0979900285601615,0.910407304763794,-0.0938892588019371,-0.4029184281826019,-0.1105110719799995,-0.1210572347044944,0.6866312623023987,1.154138812600388,0.0940277503980371,0.0036436759845169,78.0
1655120157.865675,-0.2132359147071838,0.2566101253032684,-0.058209054172039,0.9090670943260192,-0.099704161286354,-0.4045441150665283,-0.108872964978218,-0.2155818790197372,0.6958713531494141,1.152099670931754,0.0998700968138936,0.0074633578950105,78.0
1655120157.875612,-0.2207714915275573,0.2467156648635864,-0.0232729017734527,0.9072338342666626,-0.1056333482265472,-0.4071466624736786,-0.1135423481464386,-0.3357092440128326,0.71445232629776,1.1489590052511105,0.1058307875648534,0.0113054779620975,78.0
1655120157.88559,-0.2149813175201416,0.241080641746521,-0.0049273669719696,0.9048463106155396,-0.1117718145251274,-0.4108042418956756,-0.1360860019922256,-0.4436913728713989,0.7530990242958069,1.1446173041136276,0.1120058594977459,0.0154642229048893,78.0
1655120157.8957682,-0.2048225402832031,0.2409664988517761,0.0143128633499145,0.9018897414207458,-0.118087850511074,-0.4155118465423584,-0.1941343992948532,-0.5603345036506653,0.8021926283836365,1.139069698380746,0.118364034659894,0.0201958281339415,78.0
1655120157.905532,-0.2107820510864257,0.2526181936264038,0.0443519353866577,0.898312509059906,-0.1245979070663452,-0.4213194251060486,-0.2656517326831817,-0.673560619354248,0.8677090406417847,1.132244930025385,0.1249225667329437,0.0258141897586749,78.0
1655120157.915426,-0.2020219564437866,0.2871629595756531,0.0809376388788223,0.8940080404281616,-0.1312916576862335,-0.4283831715583801,-0.3608418405056,-0.8156384825706482,0.9297215938568116,1.1239499290592678,0.1316717971264094,0.0325199740407712,78.0
1655120157.925427,-0.1785382032394409,0.330132782459259,0.1098901182413101,0.8888806700706482,-0.1380730867385864,-0.4368375837802887,-0.4475327730178833,-0.9636817574501038,0.9832974672317504,1.1140146249334206,0.1385155986234888,0.0403512996341787,78.0
1655120157.9353518,-0.158729612827301,0.3664765357971191,0.1256252825260162,0.8828964233398438,-0.144729271531105,-0.4467072784900665,-0.5591340065002441,-1.1094317436218262,1.0265882015228271,1.1023947984693414,0.145239357891429,0.0493814239103006,78.0
1655120157.94532,-0.1507675051689148,0.3896494507789612,0.1374467313289642,0.8760329484939575,-0.1513932645320892,-0.4578715860843658,-0.6122331619262695,-1.2435985803604126,1.1066468954086304,1.0891817007695068,0.1519776317648132,0.0595719079165037,78.0
1655120157.955264,-0.1439701318740844,0.3682979941368103,0.1524165570735931,0.8681979775428772,-0.1585353463888168,-0.4702115058898926,-0.6628804206848145,-1.3778432607650757,1.2111856937408447,1.0744291591605557,0.1592070560902637,0.070693733638643,78.0
1655120157.965392,-0.1154168844223022,0.3388474583625793,0.1745182871818542,0.8592522740364075,-0.1660953909158706,-0.4838365316390991,-0.7609766721725464,-1.5170258283615112,1.3341838121414185,1.057958641345836,0.1668687226804131,0.0831948535772695,78.0
1655120157.9751658,-0.0863788127899169,0.32552570104599,0.1868611872196197,0.8491656184196472,-0.1739217042922973,-0.4986672699451446,-0.8615602254867554,-1.6443428993225098,1.4399800300598145,1.0398091564508232,0.1748106846077752,0.0973049586082141,78.0
1655120157.985106,-0.070546269416809,0.3194153308868408,0.2079232931137085,0.837864875793457,-0.1818917989730835,-0.5146821141242981,-0.965299129486084,-1.7907052040100098,1.5406010150909424,1.0199442602942896,0.1829100053907973,0.1130120109121737,78.0
1655120157.995335,-0.0596334934234619,0.3414540290832519,0.2125891149044037,0.8251973390579224,-0.1894872635602951,-0.5321126580238342,-1.1303024291992188,-1.9501924514770508,1.606119990348816,0.9980635628877312,0.190639924901401,0.130510612320798,78.0
1655120158.0050712,-0.0533270835876464,0.3425390720367431,0.1925250887870788,0.8113226294517517,-0.1964771002531051,-0.5505927205085754,-1.2256851196289062,-2.043614625930786,1.670976996421814,0.974553004169612,0.1977636898013744,0.1496681105493867,78.0
1655120158.015055,-0.045933723449707,0.3013032674789428,0.1862899363040924,0.7962082624435425,-0.2028304189443588,-0.5700106024742126,-1.375254511833191,-2.1653995513916016,1.7175371646881104,0.9494745168627036,0.2042475610414729,0.170321220181296,78.0
1655120158.025111,-0.0363218188285827,0.2908504009246826,0.1893753260374069,0.7798976898193359,-0.2081741094589233,-0.5902736186981201,-1.4393798112869265,-2.2325081825256348,1.7494330406188965,0.9229190658033196,0.2097077987324909,0.1924840120503339,78.0
1655120158.034955,-0.0470750331878662,0.2197014689445495,0.1700971722602844,0.7625290751457214,-0.2131574302911758,-0.6108300685882568,-1.440282940864563,-2.340528726577759,1.782452940940857,0.8954105704585661,0.2148055318634245,0.21508126538204,78.0
1655120158.044941,-0.0324271321296691,0.2020924091339111,0.16034796833992,0.7437917590141296,-0.2177514880895614,-0.6319477558135986,-1.4459021091461182,-2.455738067626953,1.8304308652877808,0.866517126175744,0.2195100865596236,0.2381525697389363,78.0
1655120158.054895,-0.0296493768692016,0.1890140771865844,0.1239393949508667,0.7239699959754944,-0.2220686376094818,-0.653110146522522,-1.4172885417938232,-2.462899208068848,1.8626184463500977,0.8368093998055264,0.2239355735458509,0.2616094824854052,78.0
1655120158.0650768,-0.0531055331230163,0.1377251148223877,0.135439395904541,0.7035113573074341,-0.2260765731334686,-0.6737664341926575,-1.3929035663604736,-2.4846787452697754,1.8616156578063965,0.8069917185488595,0.2280480772064756,0.2850968744911585,78.0
1655120158.074805,-0.0423961877822876,0.1000102758407592,0.1547692865133285,0.6821513772010803,-0.2292626500129699,-0.6943401098251343,-1.4261550903320312,-2.544487953186035,1.8378459215164185,0.7765434366867625,0.2313200928332313,0.3086341131511929,78.0
1655120158.084774,-0.0285896658897399,0.0734738707542419,0.1062442064285278,0.6602118611335754,-0.231457769870758,-0.7145261168479919,-1.408597111701965,-2.5107767581939697,1.7992249727249146,0.7459098990470298,0.2335758767132519,0.3321649832634322,78.0
1655120158.09479,-0.0495129823684692,0.0218603610992431,0.0452378392219543,0.6380138993263245,-0.2326157242059707,-0.7340491414070129,-1.4471862316131592,-2.511802911758423,1.73591148853302,0.7155188217831527,0.2347663192376883,0.355355390508115,78.0
1655120158.105054,-0.0554460287094116,0.0047162771224975,-0.0016467869281768,0.6155350804328918,-0.2324382662773132,-0.7530530691146851,-1.462141752243042,-2.473195552825928,1.679646611213684,0.6852526229345426,0.2345838614019571,0.3783721945338201,78.0
1655120158.114676,-0.0677723288536071,-0.0516644716262817,-0.0475693345069885,0.5932849645614624,-0.2315138876438141,-0.7709826827049255,-1.4021995067596436,-2.3911874294281006,1.621024250984192,0.6558759782397656,0.2336335627100991,0.4007007219274748,78.0
1655120158.124642,-0.0830108523368835,-0.113063633441925,-0.0496023893356323,0.5713073015213013,-0.2300148904323578,-0.7878458499908447,-1.3634512424468994,-2.328831911087036,1.5580849647521973,0.6274072188632551,0.2320929764233159,0.4221977926470379,78.0
1655120158.134554,-0.0893147587776184,-0.1387790441513061,-0.0627771019935607,0.5499165058135986,-0.2281622141599655,-0.8034511804580688,-1.243773102760315,-2.188716411590576,1.4877349138259888,0.6002085226166726,0.2301896832748902,0.4426617299853213,78.0
1655120158.1444511,-0.1171334981918335,-0.1925302147865295,-0.0765792429447174,0.5295631885528564,-0.2263076603412628,-0.817525327205658,-1.1558475494384766,-2.0440127849578857,1.406391143798828,0.5748014717363991,0.2282853216222901,0.4617618689084562,78.0
1655120158.154484,-0.1358475089073181,-0.2248530983924865,-0.0816264003515243,0.5104659199714661,-0.224373310804367,-0.8301090598106384,-1.0220600366592407,-1.8633027076721191,1.3177287578582764,0.5513312687954962,0.2262998957195599,0.4795159096099992,78.0
1655120158.164458,-0.1458194851875305,-0.2695437669754028,-0.10132297873497,0.4925906360149383,-0.2227126359939575,-0.8412808775901794,-0.9288129210472108,-1.75989830493927,1.2353404760360718,0.529707829315497,0.224596110949368,0.4957642620777559,78.0
1655120158.1743689,-0.125476598739624,-0.261014461517334,-0.1114421188831329,0.4756199419498443,-0.2207416743040084,-0.8515037894248962,-0.9090407490730286,-1.6498593091964722,1.1456838846206665,0.5093949916692492,0.2225748388027049,0.5109941742007115,78.0
1655120158.18439,-0.1116150617599487,-0.2355650663375854,-0.1455954760313034,0.4596832394599914,-0.2181587368249893,-0.8608705401420593,-0.8708111047744751,-1.513956069946289,1.0273213386535645,0.4904566662881871,0.2199273692487315,0.5251360079524338,78.0
1655120158.19446,-0.1255543231964111,-0.2470811605453491,-0.1825541108846664,0.4451343417167663,-0.2151966989040374,-0.8692213892936707,-0.8327258825302124,-1.3872922658920288,0.9033485651016236,0.4732862405583155,0.2168932499887314,0.537869211762969,78.0
1655120158.204585,-0.1481551826000213,-0.2721869349479675,-0.1899147480726242,0.431999146938324,-0.2118796408176422,-0.876632034778595,-0.7856428027153015,-1.2168320417404177,0.7979395985603333,0.4578663117791223,0.2134978680480641,0.5493426672076519,78.0
1655120158.21427,-0.1629458367824554,-0.3229002356529236,-0.1878871172666549,0.4204835891723633,-0.2082462608814239,-0.8830781579017639,-0.7584141492843628,-1.0469294786453247,0.6882501244544983,0.4443916943678173,0.2097815727852376,0.5595947948622052,78.0
1655120158.224187,-0.1710345149040222,-0.3685446977615356,-0.1746142655611038,0.4107042551040649,-0.2043834924697876,-0.8885658979415894,-0.7062093019485474,-0.8819766044616699,0.5665002465248108,0.4329614430631121,0.2058338694885125,0.5685353239049679,78.0
1655120158.234158,-0.1812889277935028,-0.3737421035766601,-0.1690278351306915,0.402693897485733,-0.2003721594810485,-0.8931341767311096,-0.6472001075744629,-0.6940228343009949,0.4287265837192535,0.4235832455117101,0.2017377623494743,0.5760100234862793,78.0
1655120158.244084,-0.2005648016929626,-0.360339343547821,-0.1836700588464737,0.3966096639633178,-0.1962890028953552,-0.8967560529708862,-0.5867809653282166,-0.5079584121704102,0.2798273861408233,0.4164083798903319,0.1975718604769682,0.5818578354576512,78.0
1655120158.254034,-0.213443785905838,-0.3497965335845947,-0.2127289772033691,0.3923225104808807,-0.1918730288743972,-0.8995931148529053,-0.5915818214416504,-0.3569971024990082,0.147264152765274,0.4112440581168839,0.1930702750851544,0.5862229535491135,78.0
1655120158.266937,-0.2138184010982513,-0.3242414593696594,-0.2399386912584304,0.3895995616912842,-0.1866207122802734,-0.901878535747528,-0.6523317098617554,-0.206864595413208,0.0138525618240237,0.4077735674315471,0.1877212989972946,0.5894687370894586,78.0
1655120158.274138,-0.2225708067417144,-0.2982847094535827,-0.2546852827072143,0.3885558545589447,-0.1803427636623382,-0.9036043286323548,-0.6863760352134705,-0.0444719120860099,-0.1304747909307479,0.4061036362036422,0.1813349205066259,0.5916259874788997,78.0
1655120158.28399,-0.2364434897899627,-0.3014039993286133,-0.2541677951812744,0.389061838388443,-0.173413947224617,-0.9047422409057616,-0.6761918663978577,0.0887937322258949,-0.251267522573471,0.4061192187588941,0.1742950867947916,0.5926028918408458,78.0
1655120158.294028,-0.2421395480632782,-0.3176491260528564,-0.2305664122104644,0.3909279406070709,-0.1662536114454269,-0.9052817821502686,-0.6406285166740417,0.2123670130968094,-0.3601824343204498,0.4076415712756407,0.1670291826568269,0.5924171732296946,78.0
1655120158.303894,-0.2516564726829529,-0.3186599016189575,-0.2015192955732345,0.3940972089767456,-0.1591373980045318,-0.9051865339279176,-0.5745006203651428,0.3468281626701355,-0.4726317524909973,0.4106269658486727,0.1598168620749538,0.5910067801652215,78.0
1655120158.314055,-0.2729238271713257,-0.3174814581871032,-0.1794056892395019,0.3986256718635559,-0.1521982848644256,-0.904396653175354,-0.4961998164653778,0.479512482881546,-0.6014973521232605,0.4151469592700051,0.1527920938229596,0.5882266281546361,78.0
1655120158.3238611,-0.284721314907074,-0.3017452955245971,-0.1775448322296142,0.4043654203414917,-0.1453005820512771,-0.9029818773269652,-0.4415893256664276,0.5813128352165222,-0.7319414019584656,0.4210322368414983,0.1458167737560583,0.58400214297728,78.0
1655120158.333765,-0.2798048853874206,-0.2734062671661377,-0.1953310966491699,0.4110609292984009,-0.1382565051317215,-0.9010627269744872,-0.411573588848114,0.6610536575317383,-0.8482428193092346,0.4279943029811209,0.1387008008085669,0.5785295050864258,78.0
1655120158.343878,-0.2770729660987854,-0.2508057355880737,-0.2083874642848968,0.4184913635253906,-0.1309526860713958,-0.8987303972244263,-0.3875550627708435,0.7270829677581787,-0.9536680579185486,0.4357897353325745,0.1313298849662494,0.5719991915386998,78.0
1655120158.353674,-0.273616760969162,-0.249440312385559,-0.2018705010414123,0.4265097677707672,-0.1235384047031402,-0.8960065245628357,-0.3161875903606415,0.7824462652206421,-1.0472029447555542,0.4442736471905675,0.1238548202260494,0.5644482081326778,78.0
1655120158.363656,-0.2643938362598419,-0.2627782821655273,-0.187039703130722,0.4348344504833221,-0.1166559234261512,-0.8929224014282227,-0.1843685954809188,0.7878980040550232,-1.1273902654647827,0.4531766433554399,0.1169221454934477,0.5557100408981966,78.0
1655120158.373609,-0.244447261095047,-0.281707227230072,-0.1654615551233291,0.4429335594177246,-0.1104478314518928,-0.8897253274917603,-0.0849217548966407,0.7373550534248352,-1.1863439083099363,0.4619115382388425,0.1106736282263728,0.5459094377883126,78.0
1655120158.383598,-0.232566088438034,-0.2803466320037842,-0.1558016985654831,0.4507514536380768,-0.104528471827507,-0.8865082859992981,-0.0221992544829845,0.7367126941680908,-1.2607883214950562,0.4703904176945922,0.1047197644454767,0.5352052292841989,78.0
1655120158.393643,-0.2399477958679199,-0.2837552428245544,-0.1527953743934631,0.4584841132164001,-0.0986847132444381,-0.8832064270973206,0.023668635636568,0.7188420295715332,-1.3368871212005615,0.4788209776179327,0.0988455977181138,0.523591679775062,78.0
1655120158.403512,-0.2377688586711883,-0.2846767902374267,-0.1390042304992675,0.4659639596939087,-0.0925478562712669,-0.8799502849578857,0.0291656665503978,0.6906332969665527,-1.4243799448013306,0.4869950413035553,0.0926804840558848,0.5112442961579691,78.0
1655120158.413589,-0.2247378230094909,-0.2888674736022949,-0.1499311327934265,0.4731660783290863,-0.0858323946595192,-0.8767820000648499,0.0017543481662869,0.6622350215911865,-1.5116746425628662,0.4948716883380524,0.0859381359357683,0.4982151837621272,78.0
1655120158.4233708,-0.2190800309181213,-0.2815663814544678,-0.1590106636285781,0.480203628540039,-0.0782329440116882,-0.8736613392829895,-0.0550641939043998,0.6636587381362915,-1.596651911735535,0.5025706645871562,0.0783129648379758,0.4847090904630037,78.0
1655120158.433358,-0.2243944704532623,-0.2718274593353271,-0.1590605974197387,0.4872728288173675,-0.069546565413475,-0.8704760074615479,-0.1152819916605949,0.6897006630897522,-1.6825571060180664,0.5103188829227304,0.0696027484894721,0.4708135112965821,78.0
1655120158.500747,-0.2163322567939758,-0.2550670504570007,-0.1450081467628479,0.4944388568401336,-0.0599783919751644,-0.8671405911445618,-0.135198175907135,0.707941472530365,-1.7694581747055054,0.5182153685111648,0.0600144108330803,0.4564295974143094,78.0
1655120158.50108,-0.1617546677589416,-0.2278806567192077,-0.0679503083229065,0.5159873366355896,-0.0303620416671037,-0.8560579419136047,0.0751250982284545,0.7708924412727356,-1.9890128374099727,0.5424377667424835,0.0303667076783391,0.4086109690024376,78.0
1655120158.503059,-0.1573773026466369,-0.1577627658843994,-0.0154274553060531,0.5370464324951172,-0.0023032336030155,-0.8435495495796204,0.2588789463043213,0.8066840767860413,-2.170891046524048,0.5669335181751198,0.0023032356857308,0.3527538862635755,78.0
1655120158.513051,-0.1406548619270324,-0.1326042413711547,-0.0035789012908935,0.5437309741973877,0.0072715589776635,-0.8392280340194702,0.2781505286693573,0.8081129193305969,-2.220059394836426,0.5748934459418233,-0.0072716232366581,0.332910017939028,78.0
1655120158.523061,-0.1190305352210998,-0.111963927745819,0.0107556711882352,0.5501523017883301,0.0170763824135065,-0.8348897099494934,0.2930130958557129,0.8010326623916626,-2.252472162246704,0.5826426771953533,-0.0170772132864596,0.3127025724904854,78.0
1655120158.533187,-0.106432557106018,-0.0919856429100036,0.0297922939062118,0.5562921762466431,0.0270772371441125,-0.8305454850196838,0.3093491196632385,0.8121033310890198,-2.284909725189209,0.5901626937637169,-0.0270805466347386,0.2922191300319678,78.0
1655120158.542896,-0.1105130314826965,-0.0691942572593689,0.0476196855306625,0.5622646808624268,0.0373107381165027,-0.8261151909828186,0.3363455832004547,0.8167476058006287,-2.3322958946228027,0.597595647374972,-0.0373194007809251,0.271336006903541,78.0
1655120158.5529451,-0.1166685819625854,-0.0469019412994384,0.0613387189805507,0.5680539608001709,0.0476090423762798,-0.8216130137443542,0.3821150660514831,0.839179515838623,-2.3612992763519287,0.604923163085887,-0.0476270447255876,0.2500153900700054,78.0
1655120158.5627232,-0.1229625940322876,-0.0332164764404296,0.0802006870508194,0.5737071633338928,0.0577998124063015,-0.8170185089111328,0.4353825449943542,0.8600389957427979,-2.378467321395874,0.6121982747004137,-0.0578320453982613,0.2283051425225247,78.0
1655120158.5726938,-0.1141012907028198,-0.0206015110015869,0.0987454056739807,0.579250156879425,0.0675601363182067,-0.8123452663421631,0.5277501344680786,0.8718833923339844,-2.3756141662597656,0.6194367867525604,-0.0676116376098249,0.2061616948682788,78.0
1655120158.582726,-0.0889690518379211,-0.01075279712677,0.1218924820423126,0.5845286846160889,0.0766548812389373,-0.8077439069747925,0.6223698854446411,0.859047532081604,-2.370436429977417,0.6264266441156388,-0.0767301521907347,0.1835541662440533,78.0
1655120158.5925422,-0.0733685493469238,0.0067931413650512,0.1369105875492096,0.589481770992279,0.0852421373128891,-0.803271472454071,0.677540123462677,0.8535857200622559,-2.3643712997436523,0.633085542253536,-0.0853457098889444,0.1606029788085636,78.0
1655120158.602469,-0.0727818012237548,0.0255202651023864,0.1364270448684692,0.5941745042800903,0.0936449989676475,-0.7988662123680115,0.6949513554573059,0.8525049686431885,-2.352622985839844,0.639503413527517,-0.0937824091728659,0.1375280783369145,78.0
1655120158.612404,-0.0690929293632507,0.0435870289802551,0.1255029439926147,0.5986643433570862,0.1021734327077865,-0.7944567799568176,0.6560575366020203,0.8588123321533203,-2.341372489929199,0.6457704121767246,-0.1023520472240293,0.1146206008491101,78.0
1655120158.622513,-0.0627413988113403,0.0569003820419311,0.1227056980133056,0.6029787063598633,0.1112420707941055,-0.7899631857872009,0.5741416215896606,0.8678939938545227,-2.311762809753418,0.6519587823320108,-0.1114727880892174,0.0923261521755752,78.0
1655120158.632371,-0.0560218095779418,0.0669644474983215,0.1247840821743011,0.6071386933326721,0.1209739670157432,-0.7853330373764038,0.4750161170959472,0.8764163851737976,-2.2901768684387207,0.6581201204901787,-0.1212709955459684,0.070791994479889,78.0
1655120158.6422992,-0.0449994802474975,0.0789114832878112,0.1305506080389022,0.6111156940460205,0.1314122825860977,-0.7805564403533936,0.3876857459545135,0.8800241351127625,-2.258892774581909,0.6642411552692169,-0.1317934892529386,0.0501065338770958,78.0
1655120158.6522942,-0.0281625986099243,0.0952637195587158,0.1433753818273544,0.6148476600646973,0.142314925789833,-0.7756989002227783,0.328065812587738,0.8743319511413574,-2.214762687683105,0.6702351770293983,-0.1427997503447763,0.0302355531926851,78.0
1655120158.662276,-0.0110429525375366,0.1078340411186218,0.1577860563993454,0.6183121800422668,0.1532643437385559,-0.7708437442779541,0.3245145082473755,0.8682503700256348,-2.1631336212158203,0.6760346646242368,-0.1538707997280543,0.0109655463890143,78.0
1655120158.672262,0.0095472335815429,0.1072739958763122,0.1769903153181076,0.6214951872825623,0.1637994647026062,-0.7661027908325195,0.3667343854904175,0.844362735748291,-2.101771116256714,0.6815586717365055,-0.1645409208133244,-0.0079548625551606,78.0
1655120158.682394,0.0276019573211669,0.1083292961120605,0.1949145644903183,0.6242992281913757,0.1736767292022705,-0.761634349822998,0.4137104153633117,0.8107730746269226,-2.040160894393921,0.6866284308351139,-0.1745619124856716,-0.0266649879460844,78.0
1655120158.692505,0.0450512766838073,0.1166428327560424,0.2043937593698501,0.6267778873443604,0.1830573976039886,-0.7573899626731873,0.4100538194179535,0.7923687696456909,-1.979392409324646,0.691315318255482,-0.184095503844403,-0.0450377763776334,78.0
1655120158.702497,0.052435278892517,0.1231070756912231,0.2145603150129318,0.6290831565856934,0.1922542601823806,-0.7531883120536804,0.3674967586994171,0.7874917387962341,-1.9016965627670288,0.6958547912268315,-0.1934587465235675,-0.062700587424278,78.0
1655120158.7122169,0.0515780448913574,0.1297816038131714,0.2240773737430572,0.631222128868103,0.2013376653194427,-0.7490137815475464,0.3398891985416412,0.7651278376579285,-1.8343051671981807,0.7002627617622504,-0.2027233669619373,-0.079549265694135,78.0
1655120158.722183,0.0651408433914184,0.1332157850265503,0.2245303094387054,0.6330859661102295,0.2101773172616958,-0.7450016736984253,0.3244074285030365,0.7325621247291565,-1.7559125423431396,0.7043651301537074,-0.2117563319753998,-0.0956914194709615,78.0
1655120158.7321172,0.0785217881202697,0.1345792412757873,0.2216776609420776,0.6347501277923584,0.2187214940786361,-0.7411161065101624,0.2795085310935974,0.7066829800605774,-1.6622285842895508,0.7082432754479073,-0.2205040424786959,-0.1109678640405225,78.0
1655120158.742174,0.0750179886817932,0.1403714418411255,0.2282806634902954,0.6363009214401245,0.2270721048116684,-0.7372647523880005,0.2302816063165664,0.6886904239654541,-1.5705795288085938,0.7120252015770602,-0.2290701947073488,-0.1251791392703354,78.0
1655120158.7521238,0.0822761058807373,0.1468556523323059,0.2341770231723785,0.6377097368240356,0.2351833134889602,-0.7334951162338257,0.19629667699337,0.6536038517951965,-1.4784761667251587,0.7156565838229938,-0.2374071731739536,-0.1384322311819586,78.0
1655120158.762177,0.1050426363945007,0.1560431718826294,0.2351716607809066,0.6389453411102295,0.2429472208023071,-0.7298805117607117,0.171269342303276,0.6234264969825745,-1.3819535970687866,0.7190626582659422,-0.2454029413842864,-0.1507191836443874,78.0
1655120158.7719588,0.1136359572410583,0.1602781414985656,0.2307818531990051,0.6400566101074219,0.2503125071525574,-0.7264097929000854,0.1473510265350341,0.5945454239845276,-1.2984251976013184,0.7222875461899949,-0.2530030242805932,-0.1621463965564498,78.0
1655120158.781911,0.1092571020126342,0.1653708219528198,0.2290676832199096,0.6410632729530334,0.2573672235012054,-0.7230491042137146,0.1134495213627815,0.56993168592453,-1.2088229656219482,0.7253684313057512,-0.2602966571779568,-0.1727452674447091,78.0
1655120158.792028,0.1080386638641357,0.1637782454490661,0.227163016796112,0.6420375108718872,0.264063149690628,-0.7197628021240234,0.0879084765911102,0.5488311052322388,-1.1204572916030884,0.7283846506971224,-0.267232470163196,-0.1824104854839435,78.0
1655120158.801938,0.1093046069145202,0.1589977741241455,0.2250688076019287,0.6429994106292725,0.2704145610332489,-0.716538667678833,0.0553028620779514,0.5184593200683594,-1.02358877658844,0.7313594625557804,-0.2738236211012064,-0.1911744693105355,78.0
1655120158.811842,0.1089674830436706,0.153555691242218,0.231040358543396,0.6439468264579773,0.2763906717300415,-0.7134007215499878,0.0181293934583663,0.4944387972354889,-0.928174078464508,0.7342739427136792,-0.2800364301751121,-0.1989324365650847,78.0
1655120158.821764,0.1112251281738281,0.1466548442840576,0.2318092286586761,0.6449393033981323,0.2820457220077514,-0.7102840542793274,-0.0068012550473213,0.4824604392051697,-0.8413291573524475,0.7372185159653787,-0.2859257348309518,-0.2057837345246751,78.0
1655120158.8318992,0.1067720055580139,0.1406837105751037,0.230360746383667,0.6459745168685913,0.287308931350708,-0.707227349281311,-0.0211053621023893,0.4552273154258728,-0.7622489333152771,0.7401639167176642,-0.2914161169800213,-0.2118496828865564,78.0
1655120158.841724,0.1018217802047729,0.1407187581062317,0.223671942949295,0.6469879150390625,0.2921361327171325,-0.7043174505233765,-0.0395267084240913,0.4312410354614258,-0.6796581745147705,0.7429982975830146,-0.2964596520815,-0.2171666859533952,78.0
1655120158.851682,0.1004808545112609,0.1347744464874267,0.2078423500061035,0.6480542421340942,0.2965521514415741,-0.7014859318733215,-0.0503456704318523,0.40670046210289,-0.598781168460846,0.74582631722367,-0.3010803714989893,-0.2217660435864369,78.0
1655120158.8616362,0.1009142398834228,0.1302640438079834,0.2001784741878509,0.6491467356681824,0.3005691766738891,-0.6987608075141907,-0.0680652782320976,0.3803042769432068,-0.5196533203125,0.7486065338132398,-0.3052893626533175,-0.2256173932403984,78.0
1655120158.8715348,0.0965331196784973,0.1242066621780395,0.1864349842071533,0.6502777338027954,0.3042266368865967,-0.6961213946342468,-0.0833301842212677,0.3674080371856689,-0.448850154876709,0.7513621927651322,-0.3091264841046548,-0.2288295066162246,78.0
1655120158.881535,0.0896610021591186,0.1144355535507202,0.174940139055252,0.6514582633972168,0.307619035243988,-0.6935219168663025,-0.1094400808215141,0.3452691733837127,-0.3847598433494568,0.7541338089957142,-0.3126897092428736,-0.2313297603937348,78.0
1655120158.891618,0.0938724875450134,0.1063090562820434,0.1642197966575622,0.6526636481285095,0.3108015656471252,-0.6909648776054382,-0.1371869593858719,0.3259589970111847,-0.3271506726741791,0.7569000756586703,-0.3160362450152836,-0.2331639740556049,78.0
1655120158.901671,0.0917302370071411,0.0990456938743591,0.151311457157135,0.6538751721382141,0.3137611448764801,-0.6884775161743164,-0.1609218418598175,0.3036954998970032,-0.2784539759159088,0.759626487049505,-0.3191516286851246,-0.2344027245725856,78.0
1655120158.9114509,0.0843036174774169,0.0982623696327209,0.138204276561737,0.6550762057304382,0.3165686428546905,-0.6860462427139282,-0.1841089278459549,0.2751315832138061,-0.2227641195058822,0.7623096480521616,-0.3221099063634287,-0.2350825998635345,78.0
1655120158.921416,0.0740906000137329,0.0977934002876281,0.1257560551166534,0.6562407612800598,0.3192207217216491,-0.683700442314148,-0.2072906792163849,0.252386063337326,-0.1772339195013046,0.7649078368092017,-0.3249070865303935,-0.2351876886679274,78.0
1655120158.931322,0.070796251296997,0.0937262773513794,0.1187272071838378,0.6573377847671509,0.3217024505138397,-0.6814796924591064,-0.2239802479743957,0.2195900976657867,-0.1353003233671188,0.7673678924603061,-0.3275269769084389,-0.234776825580754,78.0
1655120158.941413,0.0695168375968933,0.0868077874183654,0.1151537895202636,0.6583577990531921,0.3239788711071014,-0.6794134378433228,-0.221571683883667,0.1839937418699264,-0.0987388491630554,0.7696601376142421,-0.3299321877550298,-0.23401164076881,78.0
1655120158.951292,0.0689662098884582,0.0820430517196655,0.1097511053085327,0.6591984033584595,0.3259788453578949,-0.6776394248008728,-0.2007022947072982,0.147540882229805,-0.0674059987068176,0.7716045205761188,-0.3320469433514557,-0.233073759759685,78.0
1655120158.9612231,0.0633928775787353,0.0682406425476074,0.102278858423233,0.6599194407463074,0.3276069760322571,-0.6761507987976074,-0.1893857270479202,0.1118353456258773,-0.029938519001007,0.773250157535332,-0.3337696614254337,-0.2319959033812296,78.0
1655120158.971301,0.0592732429504394,0.0600988864898681,0.1001196205615997,0.6605448126792908,0.3289422392845154,-0.6748907566070557,-0.1759759038686752,0.0850316956639289,0.0033825347200036,0.7746560162525892,-0.3351832596886761,-0.2307208893583071,78.0
1655120158.981162,0.0537694096565246,0.0508310794830322,0.0949587821960449,0.6610895395278931,0.3298917114734649,-0.6738932132720947,-0.1422088891267776,0.0584064796566963,0.0315065793693065,0.7758075493535161,-0.336188854107081,-0.2294169141858601,78.0
1655120158.991104,0.048343539237976,0.0344804525375366,0.08937868475914,0.6615257859230042,0.3304668962955475,-0.6731829047203064,-0.1184640675783157,0.0278427638113498,0.0556803569197654,0.7766645374708373,-0.3367982169610986,-0.2281393855061566,78.0
1655120159.001159,0.0465382933616638,0.0300442576408386,0.0760899484157562,0.6618203520774841,0.330800861120224,-0.6727291941642761,-0.111958235502243,-0.0005428052973002,0.0738676190376281,0.7772241506912348,-0.3371521027250919,-0.2268075045145892,78.0
1655120159.011022,0.0433496236801147,0.0287135243415832,0.0607981979846954,0.6620182394981384,0.3310627043247223,-0.6724055409431458,-0.1232969164848327,-0.0208816323429346,0.0865559801459312,0.7776142340269007,-0.3374295630595478,-0.2253085779876905,78.0
1655120159.0209231,0.0384095907211303,0.0316352248191833,0.0502232909202575,0.6621518731117249,0.33130744099617,-0.6721534729003906,-0.1297359019517898,-0.0298002921044826,0.0990350246429443,0.7779025656648885,-0.3376889343870937,-0.2236260641078525,78.0
1655120159.0309138,0.0311510562896728,0.0209203958511352,0.0480816960334777,0.6622692942619324,0.3314196169376373,-0.6719824075698853,-0.1092035919427871,-0.0446565262973308,0.1115968897938728,0.7781184402186498,-0.3378078478645878,-0.2219143167300397,78.0
1655120159.0410771,0.025892436504364,0.0066412091255187,0.051861435174942,0.6623246073722839,0.3312409520149231,-0.6720159649848938,-0.0784789696335792,-0.0566061288118362,0.1263396143913269,0.7781352254093716,-0.337618460903027,-0.2203258416598138,78.0
1655120159.050877,0.0241127610206604,-0.0050352811813354,0.0443764328956604,0.6630820035934448,0.3312796652317047,-0.6712495684623718,-0.0273354239761829,-0.0590851046144962,0.1370609998703003,0.779277151183006,-0.3376594870655889,-0.2185169403269581,78.0
1655120159.060842,0.0219243168830871,-0.0106862187385559,0.0410255789756774,0.6637903451919556,0.3309531211853027,-0.6707103252410889,0.0052819051779806,-0.0626817047595977,0.1459493041038513,0.7802127324880583,-0.3373134483106684,-0.2170003109972996,78.0
1655120159.07073,0.0162031650543212,-0.0132684707641601,0.0434549450874328,0.6643997430801392,0.3303243219852447,-0.6704168915748596,0.0257026255130767,-0.065728522837162,0.1521607488393783,0.7808903668243264,-0.3366471680244619,-0.2156676226821575,78.0
1655120159.080744,0.0154324173927307,-0.0243246555328369,0.0383762121200561,0.665002703666687,0.3294063508510589,-0.6702707409858704,0.0643655955791473,-0.0625668168067932,0.1616874188184738,0.7814528916447945,-0.3356747696744357,-0.2144937724258427,78.0
1655120159.090832,0.0174428224563598,-0.0289894342422485,0.0296341180801391,0.6655099391937256,0.3281844556331634,-0.670366644859314,0.0788291618227958,-0.0675851181149482,0.1688724756240844,0.7817626004122556,-0.3343809274661475,-0.2135528843095491,78.0
1655120159.1008391,0.0139355063438415,-0.0281135439872741,0.0272082686424255,0.6660265922546387,0.3268719017505646,-0.6704949140548706,0.0711161121726036,-0.0660447478294372,0.1699361205101013,0.7820549276145304,-0.3329917481703675,-0.2125973879218949,78.0
1655120159.110713,0.0049463510513305,-0.0226958394050598,0.0154775381088256,0.6664249897003174,0.3256174027919769,-0.6707092523574829,0.046327143907547,-0.0744481831789016,0.1707464158535003,0.782194093199052,-0.3316646535094802,-0.2116078897421701,78.0
1655120159.1205611,0.0042952299118041,-0.0185154676437377,0.0067210793495178,0.6666794419288635,0.3245929777622223,-0.6709529757499695,0.0143686775118112,-0.0719850361347198,0.1643313914537429,0.7822032974127469,-0.3305813804466858,-0.210461162250636,78.0
1655120159.130498,-0.0004894137382507,-0.0177927613258361,0.0010387003421783,0.6668406128883362,0.3237445652484894,-0.6712026000022888,-0.0141291432082653,-0.0795990601181984,0.1609737873077392,0.782138191952335,-0.3296845435975534,-0.2091551857647038,78.0
1655120159.140537,-0.002315878868103,-0.0199177265167236,-0.0011353492736816,0.6669123768806458,0.3230347633361816,-0.6714733242988586,-0.0360400378704071,-0.0872772186994552,0.1648590713739395,0.7819903737977745,-0.3289344226854148,-0.2076978510769821,78.0
1655120159.150464,-0.0018916130065917,-0.029273509979248,0.0079231858253479,0.666900098323822,0.3224295675754547,-0.6717763543128967,-0.0422005243599414,-0.0916986018419265,0.1619389206171035,0.7817555975957237,-0.3282950098365085,-0.2061292604906169,78.0
1655120159.160452,-0.0087798237800598,-0.031091570854187,0.0111331343650817,0.6667540073394775,0.3218136429786682,-0.6722165942192078,-0.0302911363542079,-0.0968691334128379,0.1584517806768417,0.7813184973060808,-0.327644414521051,-0.2046260251538157,78.0
1655120159.170329,-0.0132707357406616,-0.0341315269470214,0.0099221467971801,0.6665604114532471,0.3210410177707672,-0.6727777123451233,-0.006259037181735,-0.0941700190305709,0.1564400345087051,0.7807561205524151,-0.3268284743202469,-0.2033204137130443,78.0
1655120159.180475,-0.0106966495513916,-0.0400952696800231,0.0096821784973144,0.6663362383842468,0.3200602233409881,-0.6734668016433716,0.0092943562194705,-0.1061678230762481,0.1631469428539276,0.7800761148823404,-0.3257930606845221,-0.2021774352388898,78.0
1655120159.1903272,-0.008166491985321,-0.0323373079299926,0.0052160620689392,0.6660643815994263,0.3189721405506134,-0.6742514371871948,0.0091705191880464,-0.0990139842033386,0.1565542072057724,0.7792899104059019,-0.3246447934286522,-0.2010784348140432,78.0
1655120159.200292,-0.0136638879776,-0.0280678868293762,-0.0029115378856658,0.665839672088623,0.3179291784763336,-0.6749655604362488,0.0048434156924486,-0.0909416750073432,0.1520502716302871,0.7785919816558862,-0.3235445497937798,-0.200010920220214,78.0
1655120159.2102242,-0.0160434246063232,-0.0253205895423889,-0.0016821324825286,0.6655946969985962,0.3168829381465912,-0.6756987571716309,0.0028554992750287,-0.0850173681974411,0.148370087146759,0.7778652471665907,-0.322441258213587,-0.1989683426204999,78.0
1655120159.2201529,-0.0160656571388244,-0.0343682765960693,0.0005744099617004,0.6653422713279724,0.3158470690250397,-0.6764319539070129,0.0096630714833736,-0.0793887749314308,0.1461639255285263,0.7771334219164049,-0.3213492913946018,-0.1979781081951166,78.0
1655120159.230159,-0.0154252648353576,-0.0378318428993225,-0.0010668933391571,0.6650070548057556,0.3148180544376373,-0.677240788936615,0.0181742012500762,-0.0746582001447677,0.137507289648056,0.7762840517272195,-0.3202649674497684,-0.1971322162285061,78.0
1655120159.2401152,-0.0119634866714477,-0.0384424328804016,-0.0017499923706054,0.6645817756652832,0.3137769103050232,-0.6781408786773682,0.0187587663531303,-0.0730390027165412,0.1316366046667099,0.7753003064456149,-0.319168248717273,-0.1964290768397336,78.0
1655120159.250207,-0.0114864110946655,-0.034106969833374,-0.0070132315158843,0.664013147354126,0.312829852104187,-0.679134726524353,0.0036320108920335,-0.0648820102214813,0.1242289170622825,0.7741403582360393,-0.3181709810518493,-0.1957833045964522,78.0
1655120159.260087,-0.0126368999481201,-0.0262413024902343,-0.0096340179443359,0.6633783578872681,0.3119716048240661,-0.6801490783691406,0.0017640693113207,-0.0582395493984222,0.1153629794716835,0.772916213920149,-0.31726751196925,-0.195158304340432,78.0
1655120159.270005,-0.0156770348548889,-0.0291958451271057,-0.0061355233192443,0.6628631949424744,0.311189204454422,-0.6810092329978943,0.0011682529002428,-0.0549031421542167,0.1096338033676147,0.7718961756102352,-0.31644412261875,-0.1945421374391132,78.0
1655120159.279901,-0.0148745775222778,-0.0279621481895446,-0.0031984150409698,0.6622896194458008,0.3103424906730652,-0.6819530129432678,0.0123809603974223,-0.0565319322049617,0.102144718170166,0.7707713422696781,-0.3155532994835773,-0.1940375303728606,78.0
1655120159.289924,-0.0150855779647827,-0.0247622728347778,-0.0035646259784698,0.6617376804351807,0.3095490932464599,-0.6828488111495972,0.0084746358916163,-0.045565191656351,0.1003205329179763,0.7696986378342878,-0.3147187876996037,-0.1936159004743317,78.0
1655120159.2999191,-0.0180829763412475,-0.0202652215957641,-0.0039930045604705,0.661057710647583,0.3087872564792633,-0.6838515996932983,-0.0031513934955,-0.046570535749197,0.0924540907144546,0.7684515317936961,-0.3139177272633675,-0.1932173360859596,78.0
1655120159.30983,-0.0195963978767395,-0.0133211612701416,-0.0066777467727661,0.660251796245575,0.3080388009548187,-0.6849668622016907,-0.0063463877886533,-0.0442216284573078,0.0889437049627304,0.7670277428982243,-0.3131309065808898,-0.1928922007126106,78.0
1655120159.319876,-0.0183732509613037,-0.0059447884559631,-0.0091024339199066,0.6594406366348267,0.3073507249355316,-0.6860564947128296,-0.0127350445836782,-0.0419084057211875,0.0893937796354293,0.7656192969760873,-0.3124077298151839,-0.1925194219241003,78.0
1655120159.32968,-0.0141465067863464,-0.0034487247467041,-0.009393572807312,0.6587387323379517,0.3066194951534271,-0.6870573163032532,-0.0090577527880668,-0.0482719764113426,0.0878491774201393,0.7643590074628955,-0.3116394267353817,-0.192109975003832,78.0
1655120159.33971,-0.0087416172027587,0.001596450805664,-0.005875289440155,0.6580640077590942,0.3059240877628326,-0.6880131363868713,-0.0066092424094676,-0.0645739883184433,0.0823476165533065,0.7631526800569374,-0.3109089141865933,-0.1916733785626732,78.0
1655120159.349643,-0.0045732855796813,0.008437693119049,-0.005579799413681,0.6572068929672241,0.3052471578121185,-0.6891322731971741,-0.0011682705953717,-0.0839274451136589,0.0826152339577674,0.7616898511066357,-0.310197957609695,-0.1913110835237927,78.0
1655120159.359634,0.0002410411834716,0.0122267007827758,-0.0053083598613739,0.6562529802322388,0.3045637309551239,-0.6903425455093384,0.0105898519977927,-0.1071363613009452,0.0786535143852233,0.7600882060170068,-0.3094803535766528,-0.1909988901540378,78.0
1655120159.3695412,0.0059103965759277,0.0091571807861328,0.0028869807720184,0.6552222967147827,0.3038451671600342,-0.6916370391845703,0.0319740362465381,-0.1254738271236419,0.0713647007942199,0.7583679607653205,-0.3087260437506565,-0.1907807398918473,78.0
1655120159.379521,0.011318027973175,0.0046507120132446,0.0074171423912048,0.6540414094924927,0.3029924035072326,-0.6931272745132446,0.0662766173481941,-0.1538929492235183,0.0732669979333877,0.7563929553621975,-0.3078310875438203,-0.1907856460647766,78.0
1655120159.389728,0.0188808441162109,-0.0011793971061706,0.0088917016983032,0.6527957320213318,0.3019755780696869,-0.6947435140609741,0.0788805559277534,-0.1750746667385101,0.0717022791504859,0.7542790240334795,-0.3067642915668066,-0.1909004283052863,78.0
1655120159.3994842,0.0262050628662109,-0.0039499998092651,0.0069923102855682,0.6516055464744568,0.3008384704589844,-0.6963521838188171,0.1048644855618476,-0.1939002722501754,0.0709925442934036,0.7522144480473684,-0.3055717341209188,-0.1910686439893777,78.0
1655120159.409418,0.0282172560691833,-0.0077897310256958,0.0020632743835449,0.6504631042480469,0.2996182143688202,-0.6979445219039917,0.115131638944149,-0.1989949643611908,0.0737246870994567,0.7501997455526404,-0.3042924632757411,-0.191310952250622,78.0
1655120159.419544,0.0267624258995056,-0.0096124410629272,0.0025674104690551,0.6494459509849548,0.2983511090278625,-0.6994329690933228,0.1313297897577285,-0.2102002054452896,0.0742983296513557,0.7483569032623882,-0.3029646287488652,-0.1915233829629232,78.0
