1652955323.0561972,-0.0193737745285034,-0.0459322929382324,-0.0323297977447509,-0.6762745976448059,0.5945245623588562,-0.4349636733531952,-0.6053172945976257,0.1444944143295288,0.352628231048584,-0.9992331854865646,-0.6366742618700397,-0.3984793543347689,107.0
1652955323.066155,-0.0458028316497802,-0.0659494400024414,0.0166784524917602,-0.673252522945404,0.5997003316879272,-0.4325398504734039,-0.5870890021324158,0.2032690495252609,0.4178335964679718,-0.9997377855762448,-0.6431265573208248,-0.4021954861228644,107.0
1652955323.076093,-0.0667251348495483,-0.0793098211288452,0.1098663210868835,-0.6693742871284485,0.6054046750068665,-0.4306083619594574,-0.5832694172859192,0.2597988247871399,0.5362749695777893,-0.9991456652249774,-0.6502741714322853,-0.4050522043205315,107.0
1652955323.086086,-0.0853776931762695,-0.0809001922607421,0.1950878500938415,-0.6646377444267273,0.6116443276405334,-0.4291247725486755,-0.5275707244873047,0.3191558718681335,0.6094698309898376,-0.9974836804782768,-0.6581373592466259,-0.4070454313345414,107.0
1652955323.0960112,-0.085016131401062,-0.0927396416664123,0.2224591374397277,-0.6592467427253723,0.6179796457290649,-0.4283632040023803,-0.4556315541267395,0.3564607501029968,0.6802104115486145,-0.9945780392125222,-0.6661703301868585,-0.4078013907083915,107.0
1652955323.10629,-0.0649402737617492,-0.1161459684371948,0.1926599740982055,-0.6531842947006226,0.6245091557502747,-0.4281806945800781,-0.4042456150054931,0.3920246064662933,0.754431426525116,-0.9905446668771116,-0.6745029206615902,-0.4073343997938542,107.0
1652955323.1159248,-0.0301557183265686,-0.1237005889415741,0.1373662948608398,-0.6466785073280334,0.6312341094017029,-0.4281944632530212,-0.4143608808517456,0.3895058333873749,0.7856416702270508,-0.9859311738192864,-0.6831433743685942,-0.4062219058529331,107.0
1652955323.125999,-0.0084003806114196,-0.1093636155128479,0.1038132309913635,-0.6400524973869324,0.6381605863571167,-0.4278830289840698,-0.4541365206241607,0.3743966519832611,0.789218544960022,-0.9815170127583298,-0.6921067687002842,-0.405257631550893,107.0
1652955323.135884,-0.0051081180572509,-0.1029985547065734,0.0867828130722045,-0.6333960890769958,0.6451812982559204,-0.4272595345973968,-0.4902613461017608,0.3772571980953216,0.7924846410751343,-0.9773534972081634,-0.7012605399320917,-0.4046018008165277,107.0
1652955323.1458611,-0.0047081112861633,-0.0930843949317932,0.0604116320610046,-0.626731276512146,0.6522195339202881,-0.4264010190963745,-0.4897596538066864,0.3634982407093048,0.7874794602394104,-0.9733756138572586,-0.7105088185159087,-0.4041198421400019,107.0
1652955323.155764,-0.0001437067985534,-0.0910748243331909,0.0215298533439636,-0.6201109886169434,0.6592105031013489,-0.4253283441066742,-0.5167994499206543,0.3395000696182251,0.7779253125190735,-0.969602584269004,-0.7197683190280851,-0.4037166056701388,107.0
1652955323.16574,0.0031917095184326,-0.0977672934532165,0.0078632235527038,-0.6136503219604492,0.6662853956222534,-0.4236713051795959,-0.6020339131355286,0.3174754679203033,0.7537946701049805,-0.9665345359852744,-0.7292162053993094,-0.4040334471919736,107.0
1652955323.175686,0.0052139163017272,-0.1180010437965393,0.0116685032844543,-0.6074632406234741,0.6733595728874207,-0.4213970899581909,-0.637378454208374,0.2911415994167328,0.719528317451477,-0.964311246369788,-0.7387436041372238,-0.4052340824388818,107.0
1652955323.185803,0.007262110710144,-0.1107720136642456,0.0063552856445312,-0.6015005111694336,0.6803817749023438,-0.4186621308326721,-0.672200083732605,0.2791171669960022,0.698458194732666,-0.9627400750029388,-0.7482834471711176,-0.407097865052329,107.0
1652955323.195632,-0.005135178565979,-0.1012665033340454,-0.0100518465042114,-0.5955272316932678,0.6872215867042542,-0.4160216748714447,-0.60884028673172,0.3203167617321014,0.7057631015777588,-0.9610260012858476,-0.7576574505768008,-0.4088904463252736,107.0
1652955323.2056189,-0.020734429359436,-0.1045113801956176,-0.022825539112091,-0.5890985131263733,0.6937697529792786,-0.4143026471138,-0.501626193523407,0.3923518061637878,0.7279000878334045,-0.957870768361641,-0.7667102603224607,-0.4094818448431586,107.0
1652955323.21545,-0.036712646484375,-0.1035497188568115,-0.0005663633346557,-0.5822755694389343,0.6998308897018433,-0.4137536883354187,-0.3837092518806457,0.4695166945457458,0.719228208065033,-0.9530045558104918,-0.7751606963340192,-0.4086824520667467,107.0
1652955323.225664,-0.0474855899810791,-0.1353926360607147,0.0442472100257873,-0.5753172636032104,0.7053102850914001,-0.4141830503940582,-0.3038309216499328,0.5011422634124756,0.6960001587867737,-0.9468252297629488,-0.7828607366242556,-0.4068111719131428,107.0
1652955323.235475,-0.0482021570205688,-0.1986967325210571,0.0539270639419555,-0.568329393863678,0.7104161977767944,-0.4151032567024231,-0.2856170833110809,0.5196197628974915,0.6952964663505554,-0.9399628927379584,-0.7900894367116151,-0.4042901889882724,107.0
1652955323.245412,-0.0474151372909545,-0.2089351415634155,0.0132421255111694,-0.5610750317573547,0.7158227562904358,-0.4156833291053772,-0.3824376463890075,0.5466058254241943,0.7295604348182678,-0.93316446249756,-0.797801664556102,-0.4021942151532259,107.0
1652955323.255497,-0.0755112171173095,-0.2002258896827697,-0.0071901082992553,-0.5531052947044373,0.7217897176742554,-0.4160460233688354,-0.449109673500061,0.6554442644119263,0.8278607726097107,-0.925888443992811,-0.8063847246890797,-0.400259061625051,107.0
1652955323.265336,-0.1253616213798523,-0.137617826461792,0.105039358139038,-0.5433855056762695,0.7289602756500244,-0.4163523912429809,-0.5631041526794434,0.8139819502830505,1.020463466644287,-0.916995485645273,-0.816801898374146,-0.3980836805724297,107.0
1652955323.275314,-0.183620810508728,-0.0964212417602539,0.2782688736915588,-0.5314977765083313,0.7379664778709412,-0.4158315062522888,-0.9620360732078552,0.9838804006576538,1.2019026279449463,-0.9068940103818918,-0.8300520096344772,-0.3965652085563741,107.0
1652955323.285249,-0.2223333120346069,-0.1782339811325073,0.4611322283744812,-0.5179469585418701,0.7498052716255188,-0.4117317497730255,-1.5426156520843506,1.0100315809249878,1.3273438215255735,-0.8991543086370244,-0.8477677391289097,-0.3996571873207489,107.0
1652955323.29535,-0.1734644174575805,-0.36264568567276,0.5131711959838867,-0.5033698678016663,0.7639284729957581,-0.4037726819515228,-1.857558012008667,0.956023097038269,1.4864879846572876,-0.8947523489202457,-0.8693791482412004,-0.4067853659572796,107.0
1652955323.30515,-0.0967955589294433,-0.4718217253684997,0.4540069103240967,-0.4875705242156982,0.7792390584945679,-0.3937788605690002,-1.941783308982849,0.9330003261566162,1.6498748064041138,-0.8914174133103627,-0.8934507186369313,-0.4146363047849736,107.0
1652955323.315116,-0.0815252363681793,-0.4114958345890045,0.4253575205802917,-0.4703395366668701,0.7951014637947083,-0.3828766644001007,-1.9980546236038208,0.9962514042854308,1.804632782936096,-0.8875509718537901,-0.9191748742294183,-0.4218228618422327,107.0
1652955323.3252192,-0.1187060475349426,-0.356092631816864,0.4462650418281555,-0.4513624310493469,0.8111050128936768,-0.371995747089386,-1.926058650016785,1.1375770568847656,1.9392073154449463,-0.8814951631690726,-0.9460388534375762,-0.4274831013713108,107.0
1652955323.335051,-0.1283963620662689,-0.336431473493576,0.4442062377929687,-0.430655300617218,0.8265914916992188,-0.3623294532299042,-1.7332319021224976,1.2648489475250244,2.055495262145996,-0.8713487762451217,-0.9730241240118502,-0.4297348890366467,107.0
1652955323.3450298,-0.0994401276111602,-0.3197154104709625,0.3784929513931274,-0.4086471796035766,0.8412030339241028,-0.3540973961353302,-1.5550278425216677,1.3080840110778809,2.1311583518981934,-0.8567943893465584,-0.999504303873842,-0.4276854581930633,107.0
1652955323.354952,-0.0655499696731567,-0.2978652715682983,0.2654984593391418,-0.3859119713306427,0.8549237847328186,-0.3466659188270569,-1.4378522634506226,1.3272416591644287,2.1595139503479004,-0.8389194971979765,-1.025403917502919,-0.4220870581610441,107.0
1652955323.3650851,-0.0446576178073883,-0.2763286530971527,0.1529476642608642,-0.3627826869487762,0.8677279949188232,-0.3397601246833801,-1.315065860748291,1.3211654424667358,2.178738832473755,-0.8181567512631368,-1.050612805851084,-0.4132819825859655,107.0
1652955323.37489,-0.0281949341297149,-0.2693485915660858,0.0662782192230224,-0.339419960975647,0.879629373550415,-0.3332362174987793,-1.2335480451583862,1.287968993186951,2.1839499473571777,-0.7945909345915915,-1.0750825097389456,-0.4011987659999143,107.0
1652955323.384841,-0.025782823562622,-0.27890145778656,0.0053560733795166,-0.3162888288497925,0.8904417157173157,-0.327223390340805,-1.0166923999786377,1.2017203569412231,2.1237902641296387,-0.7684078242065261,-1.098314856115418,-0.385656306291603,107.0
1652955323.3949409,-0.0397294759750366,-0.2547366619110107,-0.0324500799179077,-0.2940261662006378,0.8993171453475952,-0.3236934840679168,-0.5745719075202942,1.135126709938049,2.0290489196777344,-0.7374078689700299,-1.1182055270748217,-0.3639700986784593,107.0
1652955323.404712,-0.0689047873020172,-0.2009675800800323,-0.0015111565589904,-0.2722971439361572,0.9062809944152832,-0.3232786059379577,-0.2234863340854644,1.125292181968689,1.9980688095092771,-0.7000060089375106,-1.1344006234009123,-0.3349701460222899,107.0
1652955323.41467,-0.0981480479240417,-0.1682066321372985,0.0076315402984619,-0.2508358657360077,0.9114817380905152,-0.3260102272033691,0.1703551709651947,1.13561749458313,1.927533268928528,-0.655808858251171,-1.1468719663818008,-0.2987537914405831,107.0
1652955323.424765,-0.1095980852842331,-0.119078516960144,-0.0427333116531372,-0.2301237434148788,0.9149104952812196,-0.3316355347633362,0.4491300880908966,1.121429204940796,1.804269909858704,-0.6066240020422584,-1.1552860833920495,-0.2572167335308455,107.0
1652955323.434636,-0.1091212034225463,-0.0346541404724121,-0.0757897496223449,-0.210565835237503,0.916991651058197,-0.3388046622276306,0.5661147236824036,1.1635019779205322,1.6438268423080444,-0.556075803967024,-1.1604723319507468,-0.2144183153813609,107.0
1652955323.444638,-0.1010245829820633,0.0445001423358917,-0.0723414421081543,-0.1922189742326736,0.9181209206581116,-0.3465630710124969,0.5892730355262756,1.2481505870819092,1.4695192575454712,-0.5064013165651003,-1.1633125214115083,-0.1733827062063694,107.0
1652955323.4545522,-0.0766401290893554,0.1006603837013244,-0.0283462405204772,-0.1750690191984176,0.9187424182891846,-0.3539257049560547,0.4846767783164978,1.2768088579177856,1.3143470287322998,-0.4593577082100027,-1.1648836242968363,-0.1359495775315553,107.0
1652955323.464668,-0.0531664490699768,0.0786783099174499,0.0492510199546813,-0.1592970639467239,0.9195905923843384,-0.3591348528861999,0.2016666233539581,1.1912941932678225,1.1723130941390991,-0.4174837070293375,-1.167037090513016,-0.1037788185461614,107.0
1652955323.474471,-0.0521905571222305,-0.0033361613750457,0.109994888305664,-0.1449531018733978,0.921010971069336,-0.3615624904632568,-0.0436073169112205,1.1167287826538086,1.0627323389053345,-0.3812884181590116,-1.170667959530503,-0.0769086614461181,107.0
1652955323.484522,-0.0325336158275604,-0.0305263996124267,0.1340410709381103,-0.1312085837125778,0.922889530658722,-0.3620211780071258,-0.1758100837469101,1.1366705894470217,1.066488265991211,-0.3477081576581193,-1.1755182977099887,-0.0525875148062159,107.0
1652955323.4943829,0.0256764069199562,0.0543578565120697,0.1249134540557861,-0.1165426149964332,0.9249217510223388,-0.3618529438972473,-0.1550415009260177,1.2406516075134275,1.214091420173645,-0.3115811368237139,-1.1808297722313814,-0.026253637901537,107.0
1652955323.504366,0.0814195051789283,0.1527467668056488,0.1435853838920593,-0.0998522490262985,0.9266813397407532,-0.3623414635658264,-0.033464465290308,1.2615007162094116,1.4123432636260986,-0.2689007048295264,-1.1854846510642278,0.006222367102393,107.0
1652955323.514302,0.0613445341587066,0.1817301511764526,0.281625747680664,-0.0818524733185768,0.9280300736427308,-0.3634012937545776,0.0110352924093604,1.127918004989624,1.54893159866333,-0.2215427901332874,-1.189089251781436,0.0444834217837331,107.0
1652955323.524471,-0.0513911247253418,0.1529488563537597,0.536901593208313,-0.0629888921976089,0.9291018843650818,-0.3644203841686249,0.0596835240721702,1.1172094345092771,1.6601651906967163,-0.1711556600685594,-1.1919768239520585,0.0868095584950535,107.0
1652955323.534332,-0.1836501657962799,0.0428224503993988,0.7338448166847229,-0.042851410806179,0.9294701814651488,-0.3664003610610962,0.2328867316246032,1.189942479133606,1.7853524684906006,-0.1164235358042783,-1.192974042127322,0.1333309330624729,107.0
1652955323.544194,-0.2418509423732757,-0.1191575527191162,0.7327109575271606,-0.0212717577815055,0.9287118315696716,-0.3701918125152588,0.5407209992408752,1.207846760749817,1.9327040910720823,-0.057398330150966,-1.1909235484473972,0.1840303117515716,107.0
1652955323.554142,-0.197203904390335,-0.1753316223621368,0.5216835737228394,0.0019065275555476,0.926512897014618,-0.3762583434581756,0.6990002989768982,1.1410322189331057,2.134939432144165,0.005067027126778,-1.1850367517680769,0.2386775089878008,107.0
1652955323.564131,-0.1436870992183685,-0.0920112431049346,0.3396119475364685,0.0264994893223047,0.9235411286354064,-0.3825828731060028,0.7096705436706543,1.0152499675750732,2.3110616207122803,0.0691542546171785,-1.177213928478531,0.2963368033285072,107.0
1652955323.574056,-0.1574156284332275,-0.0184762775897979,0.2500000596046448,0.0520688369870185,0.9197997450828552,-0.3889181315898895,0.7544850707054138,0.9561215043067932,2.4356439113616943,0.1330898250485249,-1.1675698550471407,0.355142921829041,107.0
1652955323.584042,-0.2067272961139679,0.0789101719856262,0.2250037193298339,0.0785381197929382,0.915148377418518,-0.3953927159309387,0.7985923886299133,1.0304458141326904,2.508633852005005,0.1960809891767537,-1.155875819965481,0.413070746343756,107.0
1652955323.5939689,-0.2356287837028503,0.1675010323524475,0.1993055343627929,0.1057764068245887,0.9095507860183716,-0.4019065499305725,0.8583470582962036,1.1054664850234983,2.536336660385132,0.2573505329795303,-1.142201874323709,0.4685245852394201,107.0
1652955323.604107,-0.2421977221965789,0.2247681021690368,0.1510451436042785,0.1331582963466644,0.903062641620636,-0.4083465933799743,0.8455333113670349,1.1428852081298828,2.521458864212036,0.3152186900189263,-1.1268474442496554,0.5200081457290118,107.0
1652955323.613906,-0.2388165444135666,0.2445345818996429,0.1112346053123474,0.1601878851652145,0.8961354494094849,-0.413861334323883,0.7547282576560974,1.122179627418518,2.45992112159729,0.3692989581920208,-1.110983211881441,0.5675361376505482,107.0
1652955323.623993,-0.237872764468193,0.2279129326343536,0.1008173823356628,0.185977503657341,0.8890813589096069,-0.4182663261890411,0.6643813252449036,1.0261132717132568,2.3319954872131348,0.4183867332615584,-1.0953343972876874,0.610469992018054,107.0
1652955323.633772,-0.2353701591491699,0.1546612381935119,0.1154701709747314,0.210116758942604,0.8819205164909363,-0.4219799339771271,0.6037365794181824,0.8841201066970825,2.238546848297119,0.4619907966401933,-1.079920935406101,0.648944932028572,107.0
1652955323.643992,-0.2350051552057266,0.035430759191513,0.0983879566192627,0.2329756468534469,0.8744819164276123,-0.425445407629013,0.6152704358100891,0.7872161865234375,2.194770097732544,0.5010018918765848,-1.0643667452908707,0.6839506147736881,107.0
1652955323.654379,-0.2142142355442047,0.0103915929794311,0.0455004572868347,0.2553671002388,0.8663954138755798,-0.4291232824325561,0.6660032272338867,0.7425953149795532,2.235185146331787,0.5368016089189485,-1.047938038165586,0.7163818999226871,108.0
1652955323.663998,-0.1688554584980011,0.0800669193267822,-0.0042288303375244,0.2782151401042938,0.856981635093689,-0.4337961375713348,0.9250033497810364,0.758386492729187,2.346128463745117,0.5702702938687269,-1.0293838273956577,0.7465937630595944,108.0
1652955323.6738172,-0.1137394607067108,0.227582961320877,0.0077463388442993,0.3019107580184936,0.845326840877533,-0.4407634735107422,1.1971889734268188,0.7516981363296509,2.456191301345825,0.6005688744793422,-1.007176669269216,0.7732297195143568,108.0
1652955323.683648,-0.0858048200607299,0.3145662546157837,0.1461955308914184,0.3256118893623352,0.8321676254272461,-0.4488588273525238,1.2314093112945557,0.5813447833061218,2.4825124740600586,0.6275844739058517,-0.9830052633442404,0.7974148623281693,108.0
1652955323.693596,-0.134427934885025,0.2064057886600494,0.2913320660591125,0.3479135632514953,0.8183786869049072,-0.4573975503444671,1.2689956426620483,0.4701513051986694,2.3693342208862305,0.650274181101976,-0.9585840366342792,0.8186925690793079,108.0
1652955323.703586,-0.2074423432350158,0.0300477743148803,0.3696911334991455,0.3688954710960388,0.8041217923164368,-0.4661592543125152,1.3785210847854614,0.5708797574043274,2.2479403018951416,0.6694447048974205,-0.9341966839618296,0.8360731687109314,108.0
1652955323.713506,-0.2132267653942108,-0.0881931185722351,0.3262637853622436,0.3897862136363983,0.788650393486023,-0.475497156381607,1.6241165399551392,0.8050032258033752,2.2282557487487797,0.686664873355221,-0.9086108379599128,0.8491407435018374,108.0
1652955323.723649,-0.1181257963180542,-0.0197539329528808,0.2294196486473083,0.4117659032344818,0.7715417742729187,-0.4849458336830139,1.724636435508728,1.012156963348389,2.3097314834594727,0.7039694123643055,-0.8812611008702933,0.859622096980455,108.0
1652955323.733408,0.0375712811946868,0.1023116409778595,0.1725530624389648,0.434794932603836,0.7533960938453674,-0.4933028221130371,1.5949121713638306,1.0089175701141355,2.424135208129883,0.7224408111653067,-0.8532115563193934,0.8703616029128342,108.0
1652955323.7435331,0.1892545819282531,0.0999525189399719,0.1345492005348205,0.4572450518608093,0.735171377658844,-0.5004500150680542,1.3932965993881226,0.7275503873825073,2.445632219314575,0.7403152760787999,-0.8259194986163478,0.8826324015525647,108.0
1652955323.753294,0.2616934180259704,-0.0395684242248535,0.0954107642173767,0.4775491058826446,0.7171961665153503,-0.5075201988220215,1.3181582689285278,0.4224729537963867,2.358435869216919,0.7549821728572064,-0.7997704561261145,0.8949257501479002,108.0
1652955323.763296,0.1975053250789642,-0.0683908462524414,0.0893800258636474,0.4951978623867035,0.6990417242050171,-0.5158681869506836,1.496138572692871,0.2317170947790146,2.1994025707244877,0.7649568917902485,-0.774056517062062,0.9046960740532788,108.0
1652955323.773251,0.0495115518569946,0.0037176609039306,0.1899291276931762,0.5114625096321106,0.6799592971801758,-0.5254156589508057,1.7341938018798828,0.4115237295627594,2.0888712406158447,0.771942103675787,-0.7477071356090945,0.9104608425548658,108.0
1652955323.783206,-0.0788984298706054,0.2011065483093261,0.3678370118141174,0.5279645323753357,0.6598272323608398,-0.5346789360046387,1.8688017129898071,0.7326274514198303,1.9598475694656368,0.7790796626438251,-0.7205888231708305,0.912756808605418,108.0
1652955323.793175,-0.0955958366394043,0.410592257976532,0.5167763233184814,0.5450891256332397,0.6404197812080383,-0.541054904460907,1.5656667947769165,1.0811389684677124,1.8408206701278689,0.7891124067173572,-0.6950446792060619,0.9142696452683624,108.0
1652955323.803163,0.0236795544624328,0.6074508428573608,0.536090612411499,0.5632192492485046,0.623165488243103,-0.5426315069198608,1.093773365020752,1.3784641027450562,1.7908480167388916,0.8040131004099053,-0.672783661246831,0.9182332744746384,108.0
1652955323.813233,0.2429726123809814,0.8070915937423706,0.4490829110145569,0.5811545252799988,0.6091141700744629,-0.5396660566329956,0.3916129171848297,1.2281646728515625,1.6951117515563965,0.822397417654299,-0.6549431485524985,0.926465338673384,108.0
1652955323.823185,0.4414847493171692,1.0189162492752075,0.3988077044486999,0.595746636390686,0.5995138883590698,-0.5344802141189575,-0.3343530595302582,0.5043818950653076,1.561457872390747,0.8395523947801511,-0.6428935934001638,0.9400932302002132,108.0
1652955323.832996,0.4551964402198791,1.172189712524414,0.4955703616142273,0.6053198575973511,0.5932816863059998,-0.5306644439697266,-0.6894149780273438,-0.2663618326187134,1.4784947633743286,0.8510225027533563,-0.6351293780671348,0.9575239259779926,108.0
1652955323.842997,0.2464443445205688,1.2029633522033691,0.766090989112854,0.6111757755279541,0.5878977179527283,-0.5299438834190369,-0.7036564350128174,-0.8655911684036255,1.5900170803070068,0.856464440489608,-0.6284575182364583,0.976538478409554,108.0
1652955323.852921,-0.0114446282386779,1.1714850664138794,1.0620428323745728,0.615814745426178,0.5799250602722168,-0.5333472490310669,-0.2497245967388153,-1.1688474416732788,1.919529676437378,0.8570384824597218,-0.6186367244700087,0.9952492168566408,108.0
1652955323.862898,-0.1998789310455322,1.132896065711975,1.2107748985290527,0.6213572025299072,0.5664620995521545,-0.5413280725479126,0.4208764135837555,-1.2599475383758545,2.30612850189209,0.8541210623989328,-0.6022063871924133,1.011302202781578,108.0
1652955323.872841,-0.2587806582450866,1.0733039379119873,1.1641963720321655,0.6279822587966919,0.5469090342521667,-0.5536505579948425,1.110366940498352,-1.3545063734054563,2.6192774772644043,0.8482213021738417,-0.5786677101087431,1.0239335546735118,108.0
1652955323.882968,-0.2229866981506347,1.028865098953247,0.9419231414794922,0.634211003780365,0.5223560929298401,-0.5700180530548096,1.4951375722885132,-1.6183106899261477,2.8008477687835693,0.8386540620958021,-0.5496116423049979,1.0335209000153298,108.0
1652955323.892764,-0.1817175149917602,1.0424044132232666,0.7391043901443481,0.6381689310073853,0.4951792061328888,-0.5895236730575562,1.686817288398743,-1.9840521812438965,2.8608553409576416,0.8250007738081193,-0.5180411049519449,1.04197728104153,108.0
1652955323.902766,-0.1938815712928772,0.978890061378479,0.5954216718673706,0.6393924355506897,0.4665901362895965,-0.611122727394104,1.717427372932434,-2.209295749664306,2.910172939300537,0.8080007463203486,-0.4854316023157922,1.0502449226642956,108.0
1652955323.912565,-0.2569034099578857,0.8689650893211365,0.4676951169967651,0.638556182384491,0.437181681394577,-0.6333389282226562,1.746641993522644,-2.3038487434387207,2.955919981002808,0.7895001156704606,-0.4524626451201823,1.05922337243734,108.0
1652955323.9227772,-0.346583604812622,0.764920711517334,0.3483548164367676,0.6363632678985596,0.4071384370326996,-0.6551948189735413,1.6929470300674438,-2.268031120300293,3.0044198036193848,0.7708186793078877,-0.4193188671156156,1.069103051089421,108.0
1652955323.932603,-0.4320627450942993,0.7187570333480835,0.2817748486995697,0.633341372013092,0.3778169155120849,-0.6753763556480408,1.3718411922454834,-2.1904282569885254,3.022663354873657,0.7532899893371785,-0.3874373147450938,1.0811386591813843,108.0
1652955323.942586,-0.5097935795783997,0.6306058764457703,0.2444094717502594,0.6298649907112122,0.3508359491825104,-0.69295334815979,1.0002561807632446,-2.0280587673187256,3.012282371520996,0.7377419044646483,-0.3584636519163213,1.0963251334862214,108.0
1652955323.95285,-0.5539290308952332,0.5397486686706543,0.1877479255199432,0.6265456080436707,0.3262292146682739,-0.7078242301940918,0.6566334366798401,-1.8386037349700928,2.9938406944274902,0.7245617114561198,-0.3323117790113946,1.1140788201068914,108.0
1652955323.962476,-0.5624427795410156,0.4534865617752075,0.1145730018615722,0.6228981018066406,0.3044334352016449,-0.7206374406814575,0.324382483959198,-1.8147772550582888,2.897239923477173,0.7127781868878738,-0.3093435697156132,1.1340864582139003,108.0
1652955323.972385,-0.5696823000907898,0.4043477773666382,0.0244514644145965,0.6179153323173523,0.2853783369064331,-0.732625424861908,0.1578176170587539,-1.8299177885055544,2.711414337158203,0.7006651126039946,-0.2894011502028126,1.1547201724210645,108.0
1652955323.982349,-0.5930598974227905,0.3414868712425232,-0.0385863780975341,0.6116755604743958,0.2687958180904388,-0.744044303894043,0.0579120554029941,-1.808598637580872,2.4600298404693604,0.6880694211565146,-0.2721426355076968,1.1746821898771935,108.0
1652955323.9925709,-0.6314631104469299,0.2796967625617981,-0.0819140374660492,0.6043177247047424,0.2539417147636413,-0.7551912069320679,0.1590331345796585,-1.7920409440994265,2.2041573524475098,0.6748739595469708,-0.2567533783430539,1.192678105565555,108.0
1652955324.0026212,-0.643831193447113,0.248714804649353,-0.1294043660163879,0.595857560634613,0.2397254854440689,-0.766476035118103,0.2643238604068756,-1.8015446662902832,2.0026943683624268,0.6608069694845673,-0.242083088927545,1.2082524526610086,108.0
1652955324.01224,-0.66128009557724,0.1866453886032104,-0.2042393684387207,0.58651202917099,0.2261053025722503,-0.7777403593063354,0.3653568923473358,-1.7855210304260254,1.8239874839782717,0.6461347121331422,-0.2280775784512421,1.22187319141911,108.0
1652955324.0225291,-0.6732586026191711,0.1567254662513733,-0.3379427194595337,0.5765941739082336,0.2121035754680633,-0.7890192270278931,0.6195729374885559,-1.7303770780563354,1.7008484601974487,0.6310820316241122,-0.2137270051471201,1.233323472679701,108.0
1652955324.032186,-0.6793214678764343,0.1282461881637573,-0.4652689099311828,0.5665589570999146,0.1969584673643112,-0.8001365065574646,0.8734402656555176,-1.6435859203338623,1.53809654712677,0.6161268450882479,-0.198254641076239,1.2423039592410758,108.0
1652955324.042192,-0.7009583115577698,0.0695902109146118,-0.5287110805511475,0.556365966796875,0.1809328347444534,-0.8109995722770691,1.1110405921936035,-1.5728195905685425,1.3397791385650637,0.6012850480289671,-0.1819348551080707,1.2485045033329618,108.0
1652955324.052124,-0.7226952314376831,0.0612165331840515,-0.5247716903686523,0.5461204648017883,0.1644354909658432,-0.8214094638824463,1.2592649459838867,-1.4610999822616575,1.139084815979004,0.5867492658328357,-0.1651856809440543,1.252173084937225,108.0
1652955324.062079,-0.7447139024734497,0.022037923336029,-0.4924617409706116,0.5361414551734924,0.147964134812355,-0.8310589790344238,1.383514404296875,-1.370285153388977,0.9569624066352844,0.5729443646074703,-0.1485094315592156,1.253702689422212,108.0
1652955324.072034,-0.7649980187416077,-0.0738367438316345,-0.4770191311836242,0.5261063575744629,0.1314686834812164,-0.8401952981948853,1.43898606300354,-1.349011778831482,0.8221293687820435,0.559441287403109,-0.131850373252667,1.2536046716032203,108.0
1652955324.082003,-0.798011839389801,-0.1625037789344787,-0.491020917892456,0.515800416469574,0.1153343394398689,-0.848909854888916,1.4535226821899414,-1.312443733215332,0.6903364062309265,0.5459914302913813,-0.1155915758264626,1.252405247755619,108.0
1652955324.092104,-0.8321877717971802,-0.215977668762207,-0.5244083404541016,0.5058022141456604,0.0999699458479881,-0.8568373322486877,1.385124683380127,-1.196927785873413,0.6044796705245972,0.5332662848076671,-0.1001372176738129,1.250578493423408,108.0
1652955324.101936,-0.8272212147712708,-0.2208657264709472,-0.576082170009613,0.496654748916626,0.0863971635699272,-0.8636374473571777,1.0517233610153198,-1.0743893384933472,0.5922970175743103,0.5218892884108622,-0.0865050080414659,1.2494836149291793,108.0
1652955324.111886,-0.7822539210319519,-0.2406673431396484,-0.6882115006446838,0.4882017374038696,0.0758916288614273,-0.8694248199462891,0.7342968583106995,-1.0136131048202517,0.6286867260932922,0.511646698805694,-0.075964671679768,1.2504468489251284,108.0
1652955324.121963,-0.6999965310096741,-0.2970851063728332,-0.8361860513687134,0.4799342155456543,0.0667769387364387,-0.8747593760490417,0.6836161017417908,-0.9861138463020324,0.6362082958221436,0.5018039350904822,-0.0668266656873428,1.252674047860581,108.0
1652955324.131777,-0.6371634602546692,-0.5326045751571655,-0.8886536359786987,0.4716818332672119,0.0573548451066017,-0.8799015283584595,0.8864720463752747,-1.0088744163513184,0.5142005681991577,0.4920793568314585,-0.0573863355847223,1.2541570486866902,108.0
1652955324.141784,-0.6234114766120911,-0.7507248520851135,-0.8433696627616882,0.4628279507160187,0.0452587604522705,-0.8852920532226562,1.4311619997024536,-1.0286115407943726,0.3541776239871979,0.4817183673141058,-0.0452742259315706,1.2526640631766477,108.0
1652955324.1517,-0.6739416718482971,-0.8841130137443542,-0.7562975287437439,0.4543523490428924,0.0290942322462797,-0.8903468251228333,1.9547184705734253,-0.8785560131072998,0.1605422049760818,0.4718610766712841,-0.0290983386634869,1.2472333355633685,108.0
1652955324.161831,-0.7587242722511292,-0.9943782091140748,-0.7969546318054199,0.4482078552246094,0.009234975092113,-0.8938816785812378,2.4347829818725586,-0.5009279847145081,-0.0291161462664604,0.4647808994191289,-0.0092351067243947,1.2378546096210108,108.0
1652955324.17162,-0.7639682292938232,-1.0412745475769043,-1.0053315162658691,0.4454561769962311,-0.0134215150028467,-0.895203173160553,2.6830341815948486,-0.1269179731607437,-0.1037168800830841,0.4617285405057789,0.0134219183455848,1.2257540599175136,108.0
1652955324.1816149,-0.6862024068832397,-0.9907373189926147,-1.2924325466156006,0.4455560147762298,-0.0359518527984619,-0.8945319056510925,2.4719574451446533,0.1253938972949981,-0.2743863761425018,0.4621172172414405,0.0359596011484709,1.2126047946191565,108.0
1652955324.191529,-0.6133706569671631,-0.9400235414505004,-1.5949971675872805,0.4479653239250183,-0.0542337633669376,-0.8924044966697693,2.122764587402344,0.359983742237091,-0.6910994648933411,0.4652268710506297,0.0542603851661362,1.198119105691296,108.0
1652955324.201761,-0.5743975639343262,-0.9437539577484132,-1.7990278005599976,0.451838880777359,-0.0664658918976783,-0.8896201252937317,1.5011184215545654,0.3787563443183899,-1.116716742515564,0.469948371985019,0.0665149300705116,1.181852922588212,108.0
1652955324.211471,-0.6223636269569397,-0.9650263786315918,-1.822160482406616,0.4561648368835449,-0.0710431933403015,-0.887054979801178,0.997589945793152,0.3859210014343261,-1.6237356662750244,0.474979657940426,0.0711030917038995,1.1641020147113903,108.0
1652955324.2215629,-0.7239727973937988,-0.94963276386261,-1.7383853197097778,0.461002767086029,-0.0706661939620971,-0.8845805525779724,0.8453631401062012,0.4263871908187866,-2.027125835418701,0.4804273012902291,0.0707251418943479,1.14366250699112,108.0
1652955324.231508,-0.8192582130432129,-0.8519171476364136,-1.5802732706069946,0.466703861951828,-0.0679200291633606,-0.8818017840385437,0.8497204184532166,0.5293891429901123,-2.374629497528076,0.4867819734000143,0.0679723602948213,1.1203179902847915,108.0
1652955324.241322,-0.8775315880775452,-0.7329756021499634,-1.4661357402801514,0.473692387342453,-0.0634968429803848,-0.8783983588218689,0.8761914372444153,0.6799352765083313,-2.746623039245605,0.494566590171007,0.0635395910822023,1.0937908696815255,108.0
1652955324.251256,-0.8959430456161499,-0.6084008812904358,-1.4346075057983398,0.4817126989364624,-0.0571527779102325,-0.8744635581970215,0.8858605623245239,0.7402874231338501,-3.1656382083892822,0.5035082310681543,0.0571839394062908,1.0636576001887366,108.0
1652955324.261232,-0.9172714948654176,-0.4564509391784668,-1.4207736253738403,0.4901016652584076,-0.0484798774123191,-0.8703160881996155,0.8478562235832214,0.7871483564376831,-3.5465126037597656,0.5128684219991246,0.0484988876790843,1.0301762574645743,108.0
1652955324.2711802,-0.9625943899154664,-0.3404169082641601,-1.3714089393615725,0.4988491833209991,-0.0373892970383167,-0.8658819198608398,0.8308051824569702,0.8617633581161499,-3.890367031097412,0.52267323703999,0.0373980149987924,0.9938323601386466,108.0
1652955324.281141,-1.0050280094146729,-0.247689664363861,-1.2778021097183228,0.5078051090240479,-0.0245965681970119,-0.8611208200454712,0.9146071672439576,0.9236733317375184,-4.178988933563232,0.5328134153899029,0.0245990490197325,0.954734133272716,108.0
1652955324.291106,-1.031583309173584,-0.2103841304779052,-1.1443768739700315,0.5166906714439392,-0.0112322252243757,-0.856098473072052,1.1359392404556274,0.9650261998176576,-4.462798118591309,0.5430192340462526,0.0112324609915352,0.9126119472674322,108.0
1652955324.3013592,-1.0581625699996948,-0.1764435768127441,-0.9874707460403442,0.524928867816925,0.0017376973992213,-0.8511443734169006,1.4523229598999023,0.9123345017433168,-4.790935516357422,0.5526324538834012,-0.0017376982758476,0.8666011522555683,108.0
1652955324.3110409,-1.1131353378295898,-0.1008459329605102,-0.823904812335968,0.5321110486984253,0.0141056180000305,-0.846557080745697,1.809411883354187,0.9038257002830504,-5.109329700469971,0.5611544782390673,-0.0141060862396779,0.8161415879450012,108.0
1652955324.321101,-1.169083595275879,-0.0286874771118164,-0.7103663086891174,0.5389717817306519,0.025139870122075,-0.8419485688209534,2.174072504043579,0.972453236579895,-5.328766345977783,0.5694182637025287,-0.0251425181535123,0.7614981614959562,108.0
1652955324.330929,-1.2142245769500732,0.0433741211891174,-0.6340774893760681,0.5457674860954285,0.0355515070259571,-0.8371821641921997,2.3362324237823486,1.0489851236343384,-5.534106731414795,0.5777168369630983,-0.0355590003152463,0.7037923444541336,108.0
1652955324.340941,-1.2314391136169434,0.0986933708190918,-0.5641539692878723,0.5525907278060913,0.0459807440638542,-0.8321834206581116,2.6231629848480225,1.1497284173965454,-5.758648872375488,0.5861716259393763,-0.0459969608346702,0.6432861141248675,108.0
1652955324.350896,-1.200838565826416,0.1331984996795654,-0.432646632194519,0.5598015189170837,0.0549610629677772,-0.8268020153045654,3.040008544921875,1.2942709922790527,-5.943417549133301,0.5951692457207313,-0.0549887698202753,0.579013767479379,108.0
1652955324.3611112,-1.1605439186096191,0.1205930113792419,-0.1955043971538543,0.5666413307189941,0.0624172091484069,-0.8215970993041992,3.416627883911133,1.19908607006073,-6.161327838897705,0.6037680072136306,-0.0624578099899673,0.5110802163817623,108.0
1652955324.371208,-1.1376159191131592,0.1137956976890564,0.0741517096757888,0.5715606212615967,0.0690062120556831,-0.8176531791687012,3.660426378250122,1.0099562406539917,-6.432578086853027,0.6100717980236502,-0.0690610993209008,0.4391044032649166,108.0
1652955324.380783,-1.1145771741867063,0.062848687171936,0.3698305487632751,0.5742023587226868,0.0770840570330619,-0.8150765299797058,3.501537799835205,0.7685176730155945,-6.647818088531494,0.61372408269763,-0.0771605980480997,0.3650283053139462,108.0
1652955324.390984,-1.1089249849319458,-0.1223410367965698,0.6241359710693359,0.5721513032913208,0.0889376774430275,-0.8153116106987,3.036731481552124,0.0672118887305259,-6.871537685394287,0.6119047382802922,-0.0890553476224522,0.2907627907230553,108.0
1652955324.400879,-1.197022795677185,-0.2210660576820373,0.8256835341453552,0.5636761784553528,0.1064300537109375,-0.8191103935241699,2.166127920150757,-0.4427177011966705,-6.827087879180908,0.6027330672013395,-0.1066320116340858,0.2193432723737512,108.0
1652955324.41066,-1.3884007930755615,-0.1468108296394348,0.9805131554603576,0.5523717999458313,0.1304486691951751,-0.8233277797698975,0.9954113960266112,-0.3220494389533996,-6.489207267761231,0.5909286309374278,-0.1308215017275928,0.1549311232404397,108.0
1652955324.4208078,-1.5196948051452637,0.0511895418167114,1.1324660778045654,0.5434374213218689,0.1616317629814148,-0.8237420320510864,-0.4451406300067901,0.3808349370956421,-5.817149639129639,0.5831765059976257,-0.1623439375431697,0.1015746547513173,108.0
1652955324.430582,-1.4360263347625732,0.2192977666854858,1.3537191152572632,0.5404574275016785,0.2004189789295196,-0.8171524405479431,-1.944949746131897,1.2858167886734009,-5.085025310516357,0.584341436282177,-0.2017855523302463,0.0622332499218462,108.0
1652955324.44066,-1.1417361497879028,0.2716289758682251,1.6328368186950684,0.5422335863113403,0.2462372183799743,-0.8033368587493896,-2.908287525177002,1.6942477226257324,-4.485682010650635,0.5937335946682543,-0.2487960075631416,0.0357764669376521,108.0
1652955324.4505382,-0.758878231048584,0.2658977508544922,1.978942394256592,0.5441260933876038,0.2916111052036285,-0.7866955399513245,-2.7061235904693604,1.5744869709014893,-3.881036043167114,0.6051068957418586,-0.2959107157939503,0.0167396069629072,108.0
1652955324.46048,-0.4104781150817871,0.1959063410758972,2.39855432510376,0.5444197654724121,0.3285574615001678,-0.7717883586883545,-1.8858922719955444,1.285298228263855,-3.149606943130493,0.6143411664826157,-0.334775831308311,0.0003875140857734,108.0
1652955324.4704251,-0.2727266550064087,0.1273763179779052,2.671529531478882,0.5437990427017212,0.3550970554351806,-0.7603872418403625,-1.129485249519348,1.0792691707611084,-2.438213586807251,0.6208286251866182,-0.3630178916762646,-0.0144759201825821,108.0
1652955324.480397,-0.3273727297782898,0.0997560620307922,2.577734470367432,0.5442764163017273,0.3722472786903381,-0.751794695854187,-0.4539334774017334,1.122034788131714,-1.791348576545715,0.626632408310559,-0.3814291337296191,-0.0280202918558713,108.0
1652955324.4903588,-0.302481472492218,0.2298812866210937,2.2297372817993164,0.5475529432296753,0.3827199339866638,-0.744117796421051,-0.2910561263561249,1.2285146713256836,-1.1304658651351929,0.6343780564838197,-0.3927386030905429,-0.0385906126733631,108.0
1652955324.500369,-0.0660651922225952,0.3343055248260498,1.951784372329712,0.5532631278038025,0.3895699381828308,-0.7362983822822571,-0.3941364288330078,1.1033353805541992,-0.4568901360034942,0.6444038792372256,-0.4001645924518916,-0.0432262216628009,108.0
1652955324.510407,0.1636330485343933,0.3205996751785278,1.7440489530563354,0.5592826008796692,0.3936767876148224,-0.7295352220535278,-0.4322959184646606,0.7478538751602173,0.0651511177420616,0.6540587774626625,-0.4046279667060674,-0.0421051907911279,108.0
1652955324.520318,0.1817381381988525,0.2870188355445862,1.540300726890564,0.5647827982902527,0.3951698243618011,-0.7244730591773987,-0.4093480110168457,0.5103957653045654,0.4720139503479004,0.6621634434182517,-0.4062527079012324,-0.0370432633766698,108.0
1652955324.530181,0.0289936065673828,0.2324644327163696,1.348571538925171,0.5712261199951172,0.395004391670227,-0.7194944620132446,-0.6172808408737183,0.5970826745033264,0.8639909625053406,0.671026945310946,-0.4060726413934393,-0.0279328085773772,108.0
1652955324.540135,-0.123281180858612,0.2415746450424194,1.1276642084121704,0.5802666544914246,0.3940795063972473,-0.7127355933189392,-0.7214149236679077,0.82581627368927,1.1231940984725952,0.6833036901263563,-0.405066083305993,-0.0148668151113312,108.0
1652955324.550054,-0.1174685359001159,0.3840603828430176,0.9268834590911864,0.5911166667938232,0.3927423059940338,-0.7045102119445801,-0.8946416974067688,0.8866941332817078,1.2862228155136108,0.6981003456368261,-0.4036116226355287,0.0007513521138225,108.0
1652955324.560078,-0.0062618851661682,0.4235548377037048,0.775077223777771,0.6023007035255432,0.3907552361488342,-0.6960921287536621,-0.8447700142860413,0.7582631707191467,1.4871008396148682,0.7132868481989612,-0.4014519154038954,0.0184289570146018,108.0
1652955324.570019,0.0333510637283325,0.4339616298675537,0.6328616738319397,0.6130265593528748,0.3861660063266754,-0.6892564296722412,-0.6057858467102051,0.5823333859443665,1.6755973100662231,0.7269292922667913,-0.3964715363541147,0.0364822697715542,108.0
1652955324.580124,-0.0392832159996032,0.4784128665924072,0.5223687291145325,0.6232523322105408,0.3786474764347076,-0.6842387318611145,-0.3028733432292938,0.4937462508678436,1.7858103513717651,0.738788077156783,-0.3883345239532328,0.0537091988226055,108.0
1652955324.5899448,-0.1167699694633483,0.5233659744262695,0.4385018050670624,0.6330968737602234,0.3683066368103027,-0.6808367371559143,-0.0176282450556755,0.4018307328224182,1.848633408546448,0.7490806236999811,-0.377186947585957,0.0691378210657004,108.0
1652955324.599922,-0.1511447429656982,0.5279933214187622,0.3325692117214203,0.6420962810516357,0.3561819791793823,-0.6788569688796997,0.0370376631617546,0.2557006776332855,1.9249540567398071,0.7575764384432828,-0.3641786898998971,0.0837418894175371,108.0
1652955324.6097589,-0.1980398893356323,0.5413520336151123,0.1525720953941345,0.6498984694480896,0.3435368835926056,-0.6779487729072571,0.0444461107254028,0.0765609145164489,1.881417989730835,0.7642766521446606,-0.3506804061713883,0.0980972615411894,108.0
1652955324.619896,-0.2676481604576111,0.6109004020690918,-0.0449444651603698,0.6558927893638611,0.3317333459854126,-0.6780543923377991,-0.057771872729063,-0.1038895547389984,1.7488974332809448,0.7687861540024228,-0.3381403715413259,0.1119832258246746,108.0
1652955324.6297622,-0.3396168947219848,0.6457734107971191,-0.1851784884929657,0.6602650880813599,0.3215157389640808,-0.6787324547767639,-0.1493532508611679,-0.1979167163372039,1.606176733970642,0.7716070792676069,-0.3273297829558635,0.1253925538492872,108.0
1652955324.6397429,-0.4036664962768554,0.6762082576751709,-0.2435365617275238,0.663477897644043,0.3127656280994415,-0.6796873807907104,-0.321063220500946,-0.3182972073554992,1.5331690311431885,0.773330620229586,-0.3181033500393339,0.1388547680844558,108.0
1652955324.649797,-0.4765031337738037,0.722615659236908,-0.2415825128555297,0.6654375195503235,0.305791437625885,-0.6809439659118652,-0.5393889546394348,-0.4673223495483398,1.4832607507705688,0.7738815516593864,-0.310769587597448,0.1532873726778606,108.0
1652955324.659626,-0.5530014038085938,0.7812501192092896,-0.2115483880043029,0.6660079956054688,0.3004307746887207,-0.6827699542045593,-0.6988409161567688,-0.6519566178321838,1.4354937076568604,0.7729712785872765,-0.3051442747400343,0.1687681233754699,108.0
1652955324.669591,-0.6323599219322205,0.8377357125282288,-0.1745356619358062,0.6653188467025757,0.2958124577999115,-0.6854530572891235,-0.7338586449623108,-0.799394965171814,1.4477286338806152,0.7704935752324745,-0.3003059167842857,0.1847336616720901,108.0
1652955324.679586,-0.7210586071014404,0.8993660807609558,-0.1417714655399322,0.6636397242546082,0.2911091446876526,-0.6890847086906433,-0.7293877601623535,-0.9406562447547911,1.492113471031189,0.7665902004907456,-0.2953859797849739,0.2010374099968768,108.0
1652955324.689662,-0.8113108277320862,0.951450526714325,-0.1376540660858154,0.6611948013305664,0.2861067652702331,-0.693515956401825,-0.7296284437179565,-1.0383470058441162,1.554430365562439,0.7615443406682197,-0.2901612705656292,0.2177280786930365,108.0
1652955324.699662,-0.8878265023231506,0.9865408539772034,-0.168265163898468,0.6581359505653381,0.2805697917938232,-0.6986685395240784,-0.6422432065010071,-1.1195212602615356,1.597158908843994,0.7555334862843347,-0.2843876871396291,0.2345593841385855,108.0
1652955324.7094278,-0.9303739070892334,1.0121636390686035,-0.2238074243068695,0.6545407772064209,0.2741308808326721,-0.7045770287513733,-0.5461432933807373,-1.193561553955078,1.6299211978912354,0.7485995195462118,-0.2776858401649406,0.2509865354866139,108.0
1652955324.719676,-0.9323322772979736,1.00932514667511,-0.2683599591255188,0.6499531269073486,0.2674291431903839,-0.7113668322563171,-0.5444843769073486,-1.3656843900680542,1.5949454307556152,0.7403153766436663,-0.2707240108494222,0.2671045035600279,108.0
1652955324.729457,-0.9244909882545472,0.9522202014923096,-0.3192853927612304,0.6433325409889221,0.2609204947948456,-0.7197526097297668,-0.3878995776176452,-1.6293772459030151,1.483527898788452,0.7293927151666804,-0.2639756107960101,0.2822504235170602,108.0
1652955324.7393432,-0.8995428085327148,0.9050061106681824,-0.3700068593025207,0.6343755125999451,0.254070520401001,-0.7300793528556824,-0.2297006249427795,-1.855093479156494,1.3361510038375854,0.7153721176939289,-0.2568865791536554,0.2951928685123938,108.0
1652955324.749267,-0.8726160526275635,0.8904293775558472,-0.3912863135337829,0.6229822635650635,0.2480367571115493,-0.7418698668479919,-0.241524189710617,-2.095329523086548,1.127010464668274,0.6985108696370576,-0.2506531610623304,0.30636093277373,108.0
1652955324.759249,-0.8596515655517578,0.9042274951934814,-0.4318646788597107,0.6089801788330078,0.2438153326511383,-0.7547829747200012,-0.1994353234767913,-2.274136781692505,0.8118258714675903,0.6788906156131645,-0.2462979710291321,0.3156243024813848,108.0
1652955324.769186,-0.8272578716278076,0.9282369017601012,-0.5152746438980103,0.5934168696403503,0.2409826219081878,-0.7679738402366638,-0.1011942476034164,-2.224271774291992,0.4593770503997803,0.6578743449701996,-0.2433781801432137,0.3215659612278807,108.0
1652955324.779204,-0.7390950918197632,0.9713835120201112,-0.5989935398101807,0.5772756338119507,0.2409459799528122,-0.7801909446716309,-0.3235522210597992,-2.126316547393799,0.1162559241056442,0.6370159541043638,-0.243340434802341,0.3251753579490668,108.0
1652955324.789253,-0.5815893411636353,0.8991979956626892,-0.7324333190917969,0.5612340569496155,0.2436942905187606,-0.7909674048423767,-0.3231077194213867,-1.9878767728805544,-0.1256599575281143,0.617109257201232,-0.2461731645231102,0.3271578020809999,108.0
1652955324.799381,-0.3466712832450866,0.792334258556366,-0.8779032230377197,0.5437232255935669,0.2473794668912887,-0.8019778728485107,-0.312696099281311,-2.3625221252441406,-0.3588785529136657,0.5957926152975945,-0.2499747264011159,0.3269373769337447,108.0
1652955324.809052,-0.1224332451820373,0.7830700874328613,-0.9229586124420166,0.5203061103820801,0.2537690699100494,-0.8154035210609436,-0.527897834777832,-3.107356548309326,-0.8504566550254822,0.5679616404018444,-0.2565749145416928,0.3242371305094825,108.0
1652955324.819136,-0.0193040668964386,0.7984907627105713,-0.8395708799362183,0.4883592128753662,0.2648027837276459,-0.8314955234527588,-0.6971142888069153,-3.947572946548462,-1.4833778142929075,0.5310484765604128,-0.2679993977392365,0.3172736740178113,108.0
1652955324.828972,-0.0868866741657257,0.7783104181289673,-0.6685147285461426,0.4474365711212158,0.2790188789367676,-0.8496758341789246,-0.7723204493522644,-4.6837263107299805,-1.958552360534668,0.4846979369376433,-0.2827722604090937,0.3053337808102869,108.0
1652955324.838922,-0.3308554887771606,0.6905916333198547,-0.5004907250404358,0.3987417817115783,0.2956109344959259,-0.8681124448776245,-0.9639926552772522,-5.187254428863525,-2.4537429809570312,0.4305777289610978,-0.3000949659789826,0.2886990011113486,108.0
1652955324.84893,-0.606890857219696,0.5206030011177063,-0.3712588548660278,0.3447905778884887,0.3153353333473205,-0.8841284513473511,-1.251414179801941,-5.204372406005859,-2.918732166290283,0.3718369135642142,-0.3208100070289181,0.2672888050272056,108.0
1652955324.859005,-0.7321487665176392,0.2155557870864868,-0.3146162629127502,0.2897048592567444,0.3359480202198028,-0.8962198495864868,-1.194916844367981,-5.071557521820068,-3.110372304916382,0.3126500680226088,-0.3426115727400043,0.2415837075886143,108.0
1652955324.868775,-0.5824143290519714,0.061187744140625,-0.2840625345706939,0.2319045960903167,0.3545885980129242,-0.9058074951171876,-1.1644514799118042,-5.420909404754639,-3.182184934616089,0.2506362250858852,-0.3624740328181033,0.2129942722464808,108.0
1652955324.878748,-0.3805880546569824,-0.0712386965751648,-0.2016381621360778,0.1698488295078277,0.371636301279068,-0.9127090573310852,-1.1722489595413208,-5.6777849197387695,-3.2897393703460693,0.1839884566573157,-0.380770928422205,0.1819328710248653,108.0
1652955324.888781,-0.349274605512619,-0.3452314734458923,-0.0583544075489044,0.104370929300785,0.3880510330200195,-0.9157090783119202,-1.48031485080719,-5.903627872467041,-3.4383718967437744,0.1134885060680085,-0.3985159651206726,0.1482757043778616,108.0
1652955324.898963,-0.5691816806793213,-0.5977188944816589,0.0915187001228332,0.0363141521811485,0.4062534868717193,-0.9130385518074036,-1.960537075996399,-5.882869243621826,-3.7123866081237793,0.0397519037925183,-0.4183501945981244,0.1110651904010355,108.0
1652955324.908606,-0.9011452198028564,-0.946999967098236,0.1705742180347442,-0.0317467115819454,0.4259680509567261,-0.9041810631752014,-2.3831138610839844,-5.63271427154541,-3.920088291168213,-0.0350965931585943,-0.4400316102266943,0.0692320993600622,108.0
1652955324.918705,-1.129385471343994,-1.1277903318405151,0.2732243239879608,-0.0977265238761901,0.4467616081237793,-0.8892995119094849,-2.829561710357666,-5.250434398651123,-4.035526752471924,-0.1094523962196255,-0.4631423271329538,0.0231722452945467,108.0
1652955324.928544,-1.210849642753601,-1.2297981977462769,0.4220867455005646,-0.1595728397369384,0.466127336025238,-0.8702079653739929,-2.6640753746032715,-4.606145858764648,-4.085036754608154,-0.1813583781531072,-0.4849084091527202,-0.0264455598710673,108.0
1652955324.9385118,-1.1167314052581787,-1.48674213886261,0.594923734664917,-0.215177908539772,0.4783336520195007,-0.8514078855514526,-1.931663393974304,-3.936026811599731,-3.9964869022369385,-0.2475481696360693,-0.4987562394640056,-0.0766370507879849,108.0
1652955324.9484658,-0.9810792207717896,-1.666056513786316,0.8566514253616333,-0.2648467719554901,0.4825361669063568,-0.8348742723464966,-1.3546788692474363,-3.380122423171997,-3.9296834468841553,-0.3071878025705299,-0.5035479945005427,-0.124963231679901,108.0
1652955324.9585729,-1.0032343864440918,-1.7684245109558103,1.1122512817382812,-0.3092504739761352,0.4811325073242187,-0.8202900290489197,-1.0627520084381104,-2.8995354175567627,-3.795664310455322,-0.3605241546245119,-0.5019461054909179,-0.17093554719687,108.0
1652955324.968372,-0.9975986480712892,-1.802175521850586,1.2911072969436646,-0.3487454652786255,0.4785612821578979,-0.8058261275291443,-1.294524312019348,-2.5399398803710938,-3.501232862472534,-0.4084419329200597,-0.4990154405789945,-0.2143330825735407,108.0
1652955324.978344,-0.7870458364486694,-1.7433615922927856,1.2741155624389648,-0.3833034336566925,0.4775933921337127,-0.7905586957931519,-1.498268485069275,-2.1682322025299072,-3.130645513534546,-0.4514554180494209,-0.4979134580216756,-0.2552508887505311,108.0
1652955324.988297,-0.4834127724170685,-1.6579978466033936,1.1780552864074707,-0.4127512872219085,0.4786982536315918,-0.7749093174934387,-1.7393417358398438,-1.833855152130127,-2.7043116092681885,-0.4894209903476221,-0.499171445409959,-0.2930329885033751,108.0
1652955324.998384,-0.3217208981513977,-1.6049580574035645,1.1826928853988647,-0.4375718235969543,0.4813695549964905,-0.7594829201698303,-1.7505043745040894,-1.4911390542984009,-2.365652084350586,-0.522693918343186,-0.502216543510415,-0.3278424967348424,108.0
1652955325.0082111,-0.2890883088111877,-1.6218899488449097,1.304999589920044,-0.4580126404762268,0.4850088953971863,-0.7449770569801331,-1.8568482398986816,-1.141570210456848,-2.0348334312438965,-0.551231558654454,-0.5063733451998503,-0.3598260905162393,108.0
1652955325.018301,-0.3187733292579651,-1.567043423652649,1.4681116342544556,-0.4742107987403869,0.4906437993049621,-0.7310217618942261,-1.9960893392562864,-0.8323745131492615,-1.653892159461975,-0.5754578898665764,-0.5128284268569545,-0.3894516588397774,108.0
1652955325.028286,-0.3038540184497833,-1.429041028022766,1.570388674736023,-0.4862004220485687,0.4976959526538849,-0.7182673215866089,-1.779280185699463,-0.5465482473373413,-1.182938814163208,-0.5950588294045832,-0.5209403117219167,-0.4151602873148876,108.0
1652955325.0381222,-0.1821915209293365,-1.3417046070098877,1.6429111957550049,-0.4936509132385254,0.5038935542106628,-0.7088019251823425,-1.242214322090149,-0.2178529202938079,-0.6701117753982544,-0.6083449592361505,-0.5281005616814456,-0.4338221913616906,108.0
1652955325.048061,-0.0604805052280426,-1.3252689838409424,1.7670531272888184,-0.4962976276874542,0.5091310143470764,-0.7031887173652649,-0.8776752352714539,0.1047475934028625,-0.2269017696380615,-0.614595673304932,-0.5341748438532149,-0.4450260415931371,108.0
1652955325.058018,-0.0702725052833557,-1.2766655683517456,1.831065654754639,-0.4946537613868713,0.513859212398529,-0.7009040117263794,-0.4955238699913025,0.3899005055427551,0.1927748620510101,-0.6145658214623263,-0.5396773376773032,-0.4498621781208882,108.0
1652955325.067972,-0.1100965738296508,-1.1430584192276,1.760000228881836,-0.4888263046741485,0.5182285308837891,-0.7017749547958374,-0.1990204751491546,0.6377451419830322,0.6741372346878052,-0.6084115274632073,-0.544778340858417,-0.4478880685021851,108.0
1652955325.07792,-0.1013072729110717,-1.0025842189788818,1.651638746261597,-0.4788930714130401,0.5238677263259888,-0.7044317722320557,-0.164661169052124,0.8600362539291382,1.139480710029602,-0.5970596484958131,-0.5513853023674626,-0.4403817780348009,108.0
1652955325.087906,-0.0959565937519073,-0.8854642510414124,1.5151920318603516,-0.4649108350276947,0.5311335325241089,-0.7083467245101929,-0.0874141156673431,1.0616235733032229,1.590173602104187,-0.5808138549114946,-0.5599378493045565,-0.4278293389029476,108.0
1652955325.098217,-0.0950737297534942,-0.7773740291595459,1.4500412940979004,-0.447055846452713,0.5401625037193298,-0.7129976153373718,-0.1500276923179626,1.2739044427871704,2.002819776535034,-0.5600426250249598,-0.5706301711873851,-0.4107562855029736,108.0
1652955325.107809,-0.1470498740673065,-0.7276405096054077,1.4055047035217283,-0.4254447519779205,0.5507941246032715,-0.7180686593055725,-0.184903398156166,1.4519368410110474,2.3573009967803955,-0.5348752678864827,-0.5833153997559867,-0.389581352173046,108.0
1652955325.117875,-0.2571132481098175,-0.6128808259963989,1.3772151470184326,-0.4005406498908996,0.5627719163894653,-0.7230871319770813,-0.2832107841968536,1.6344650983810425,2.6408112049102783,-0.5058565241785937,-0.5977353502187104,-0.3649657968712408,108.0
1652955325.127703,-0.3822409808635711,-0.4941082596778869,1.337416648864746,-0.372092604637146,0.5759133100509644,-0.7279223799705505,-0.3692989945411682,1.859782338142395,2.9425299167633057,-0.4725442162772336,-0.6137209026195297,-0.3370058422050181,108.0
1652955325.137694,-0.4581251740455627,-0.3479014635086059,1.2784974575042725,-0.3398638665676117,0.5898648500442505,-0.7324970960617065,-0.4455666244029999,2.024148941040039,3.2727127075195312,-0.4344185122205463,-0.630891477039325,-0.304898819911175,108.0
1652955325.147649,-0.4987309873104095,-0.2374517917633056,1.2286219596862793,-0.3042018711566925,0.6044163107872009,-0.7363030314445496,-0.5007081627845764,2.1155989170074463,3.62530255317688,-0.3917889238122464,-0.6490330005388086,-0.2680479898688889,108.0
1652955325.157593,-0.5268667936325073,-0.1332965493202209,1.196254849433899,-0.2654459774494171,0.6189306974411011,-0.739231526851654,-0.525847315788269,2.1350350379943848,3.954479217529297,-0.3447441461709745,-0.667380580842592,-0.2258228958414064,108.0
1652955325.1677089,-0.5517517328262329,-0.0590139031410217,1.21183443069458,-0.2242035567760467,0.6330905556678772,-0.740897536277771,-0.5967488884925842,2.0734610557556152,4.269782066345215,-0.2938502443197034,-0.6855392608565688,-0.1781649124222536,108.0
1652955325.177521,-0.6215217709541321,-0.0111480951309204,1.2372382879257202,-0.181273728609085,0.6464133858680725,-0.7411407828330994,-0.5847111344337463,1.936676859855652,4.565439701080322,-0.2398780430755813,-0.7028742925105022,-0.1249613540047813,108.0
1652955325.187481,-0.7176476120948792,0.0844155550003051,1.2335911989212036,-0.1367226243019104,0.6580561399459839,-0.7404519319534302,-0.5486578345298767,1.8727948665618896,4.82722282409668,-0.1825909491493862,-0.7182342668982316,-0.0661531180613653,108.0
1652955325.19774,-0.7809164524078369,0.1411398649215698,1.2184604406356812,-0.090482622385025,0.6672359704971313,-0.7393302321434021,-0.3993192017078399,1.8229169845581052,5.045907974243164,-0.1217789996726314,-0.7304916952420301,-0.002165539337139,108.0
1652955325.20741,-0.8029712438583374,0.1759250164031982,1.1692448854446411,-0.0430524460971355,0.6723231077194214,-0.7390048503875732,-0.0467104278504848,1.752963304519653,5.21967887878418,-0.0581915503651436,-0.7373425739149236,0.0661201878422725,108.0
1652955325.217494,-0.8427799940109253,0.2210597991943359,1.1112608909606934,0.0052555268630385,0.6725068688392639,-0.7400722503662109,0.2432201951742172,1.7443716526031494,5.362461090087891,0.0071012504433784,-0.7375908197570515,0.1373686281391921,108.0
1652955325.227262,-0.9073931574821472,0.2537897825241089,1.0216840505599976,0.0544572584331035,0.6687151789665222,-0.7415217757225037,0.3307096064090729,1.7838795185089111,5.458053112030029,0.0733082607380894,-0.7324793854939073,0.2098264295710377,108.0
1652955325.237451,-0.933635115623474,0.2774194478988647,0.8771387934684753,0.1039536073803901,0.6620305776596069,-0.7422326803207397,0.2883922457695007,1.737916350364685,5.543881893157959,0.1391501667220705,-0.72352484680775,0.2823307787921697,108.0
1652955325.247233,-0.9369433522224426,0.3330843448638916,0.7399635314941406,0.1531450301408767,0.6532402634620667,-0.7415010929107666,0.1582006365060806,1.6962361335754397,5.602475643157959,0.2036700796526526,-0.7118560925648392,0.354443549411383,108.0
1652955325.257213,-0.9639089107513428,0.3732891082763672,0.6284937262535095,0.2019154280424118,0.6424413919448853,-0.7392559051513672,0.083978071808815,1.6883137226104736,5.645767211914063,0.2666299406051208,-0.6976798115805288,0.4256140805355407,108.0
1652955325.267103,-0.9970115423202516,0.4367277026176452,0.5629568099975586,0.2500326633453369,0.6290293335914612,-0.7360746264457703,0.1113417893648147,1.653852462768555,5.669152736663818,0.3274550924936545,-0.6803039312513643,0.4950828761495785,108.0
1652955325.277123,-1.034380316734314,0.4701210856437683,0.5350553393363953,0.2969535291194916,0.612481951713562,-0.7325875163078308,0.2108188420534134,1.6119064092636108,5.63389778137207,0.3851089400955634,-0.6591965515316545,0.5617202287893671,108.0
1652955325.287086,-1.0743589401245115,0.4931986927986145,0.4882566332817077,0.3419065177440643,0.5924165844917297,-0.7294809818267822,0.4017536342144012,1.5038368701934814,5.552628040313721,0.4382941836721874,-0.6340551922476801,0.6241544679068851,108.0
1652955325.297061,-1.125476956367493,0.5497994422912598,0.4360371828079223,0.3840370178222656,0.5694712400436401,-0.7267860770225525,0.4343989193439483,1.3415225744247437,5.4329376220703125,0.4861121184916739,-0.6058624591023019,0.6820325502314871,108.0
1652955325.306996,-1.1781151294708252,0.5887197256088257,0.3698348999023437,0.422774463891983,0.544624388217926,-0.724324643611908,0.4881585240364074,1.1216892004013062,5.309037208557129,0.5283337622052069,-0.575941161200581,0.7356595426815943,108.0
1652955325.317098,-1.204230785369873,0.6422948837280273,0.281082272529602,0.4577860832214355,0.5178069472312927,-0.7227087020874023,0.5542512536048889,0.8620303869247437,5.215081691741943,0.5646390851928981,-0.544285451939165,0.785318643214618,108.0
1652955325.326929,-1.2296998500823977,0.7340967655181885,0.2114983201026916,0.4890992343425751,0.4888496696949005,-0.7223628163337708,0.7147322297096252,0.6282356381416321,5.142415523529053,0.5951789525425818,-0.5107706262340787,0.8312697645545352,108.0
1652955325.336909,-1.2739274501800537,0.8119142055511475,0.1741698086261749,0.5169845819473267,0.4576509296894073,-0.7233827710151672,0.8253966569900513,0.4382886588573456,5.053215026855469,0.6205081278584927,-0.4753514247860545,0.8735451269528047,108.0
1652955325.346926,-1.3139960765838623,0.8963910341262817,0.123315691947937,0.5414435863494873,0.4257108867168426,-0.7249890565872192,0.6784467697143555,0.2323762327432632,4.966158390045166,0.6414692194407131,-0.4397473673555933,0.913412105457162,108.0
1652955325.356797,-1.3171405792236328,1.0084861516952517,-0.0264242887496948,0.5624560713768005,0.3944510817527771,-0.726671576499939,0.4745881557464599,0.0019765808247029,4.910691261291504,0.6586955723567731,-0.4054704288574771,0.9525327159589584,108.0
1652955325.366706,-1.272998571395874,1.113330364227295,-0.2554637193679809,0.5799595713615417,0.3638622164726257,-0.7288699150085449,0.2745282053947449,-0.2848139703273773,4.879601955413818,0.6721116113150017,-0.3724110036511385,0.9915013921346142,108.0
1652955325.376538,-1.2281477451324463,1.1895062923431396,-0.451252669095993,0.5933362245559692,0.3345840275287628,-0.7321240901947021,0.0274150632321834,-0.6593108773231506,4.736139297485352,0.6810691576406128,-0.3411637824327003,1.0303918108494072,108.0
1652955325.386451,-1.219336986541748,1.2465084791183472,-0.583638072013855,0.6015238165855408,0.3076676428318023,-0.7372311353683472,-0.1528633683919906,-1.1329007148742676,4.482166290283203,0.6843749394445081,-0.3127407975792955,1.0685338104440074,108.0
1652955325.396675,-1.2414720058441162,1.3067502975463867,-0.6703651547431946,0.6041582226753235,0.2831124067306518,-0.7448760271072388,-0.2368791699409485,-1.5940824747085571,4.161871910095215,0.6814639903918951,-0.2870377449195433,1.104763774401574,108.0
1652955325.406429,-1.295403242111206,1.3398138284683228,-0.7184850573539734,0.6014944314956665,0.261316567659378,-0.75492924451828,-0.3365255892276764,-2.0084946155548096,3.814878463745117,0.672759776532923,-0.2643859142003048,1.13884103100147,108.0
1652955325.416655,-1.341726303100586,1.3932015895843506,-0.7493724822998047,0.5941370725631714,0.242414578795433,-0.7669656872749329,-0.4061017334461212,-2.3222010135650635,3.470139741897583,0.6590971450095383,-0.2448538974320971,1.1706392880976315,108.0
1652955325.4263148,-1.3563859462738037,1.429717779159546,-0.76933753490448,0.5832687616348267,0.226872444152832,-0.779952883720398,-0.5893823504447937,-2.496545553207397,3.153997898101806,0.6421080893789853,-0.2288651788269435,1.200689327373164,108.0
1652955325.436356,-1.3384335041046145,1.3952480554580688,-0.846247136592865,0.5696956515312195,0.2143502384424209,-0.7934109568595886,-0.6716798543930054,-2.6819963455200195,2.956941604614258,0.6227267568297478,-0.2160265639431195,1.2296149153036282,108.0
1652955325.446727,-1.292793035507202,1.373882293701172,-0.9467992782592772,0.5537946224212646,0.2047186493873596,-0.8070946931838989,-0.992668628692627,-2.797214984893799,2.7784500122070312,0.6013756188963537,-0.2061762675454402,1.258270711219587,108.0
1652955325.456514,-1.2720012664794922,1.2945712804794312,-1.0191560983657837,0.536222517490387,0.2005068659782409,-0.8199161291122437,-1.4627618789672852,-2.887946367263794,2.52533221244812,0.5791797498634119,-0.2018752637383779,1.2876907486794538,108.0
1652955325.4663382,-1.229595184326172,1.1843769550323486,-1.0939499139785769,0.5165824294090271,0.2016313076019287,-0.8321582674980164,-1.893139123916626,-3.0605266094207764,2.268836736679077,0.5555548191448378,-0.2030231570688789,1.3173832962926424,108.0
1652955325.476316,-1.173919916152954,1.1502306461334229,-1.116366624832153,0.4947817325592041,0.2089875191450119,-0.8435136675834656,-2.3740622997283936,-3.1808247566223145,1.9092142581939695,0.5304876579206202,-0.2105395084121598,1.3468887752319374,108.0
1652955325.486403,-1.1310420036315918,1.0936542749404907,-1.0863029956817627,0.4710535705089569,0.2214806973934173,-0.8538471460342407,-2.520792245864868,-3.322103261947632,1.5853897333145142,0.5041349652847202,-0.2233326103364101,1.3747503990149668,108.0
1652955325.496506,-1.0687270164489746,1.0652506351470947,-1.0098891258239746,0.4450392723083496,0.2365737706422805,-0.8636972308158875,-2.556999683380127,-3.546091794967652,1.32535982131958,0.4757906682049874,-0.2388379996279433,1.4001280762974566,108.0
1652955325.50618,-1.0193790197372437,1.0928664207458496,-0.9200642108917236,0.4162905514240265,0.2533162534236908,-0.8732314109802246,-2.505195140838623,-3.782477855682373,1.1015079021453855,0.4448542113032381,-0.256106790599759,1.422870426279862,108.0
1652955325.516468,-0.9812779426574708,1.0694271326065063,-0.8516172170639038,0.3846897482872009,0.2699980735778808,-0.8826748132705688,-2.1948771476745605,-4.065948963165283,0.932017147541046,0.4110017706630824,-0.2733910393559017,1.442564489646996,108.0
1652955325.526097,-0.9591230154037476,0.9935513138771056,-0.7884507179260254,0.3500073850154876,0.28471240401268,-0.8924313187599182,-1.8626350164413448,-4.304039478302002,0.7527762651443481,0.3737601329171909,-0.288706403471862,1.4587192453586573,108.0
1652955325.535956,-1.0192604064941406,0.8205416798591614,-0.7824331521987915,0.3126258254051208,0.2980583012104034,-0.9019015431404114,-1.6172293424606323,-4.457413673400879,0.5189526081085205,0.3336691562066971,-0.3026578562266379,1.4711866708606451,108.0
1652955325.5459871,-1.102886438369751,0.6755580902099609,-0.8889007568359375,0.273387998342514,0.3122101724147796,-0.9098262786865234,-1.837988018989563,-4.480406284332275,0.236529067158699,0.2919005410645516,-0.3175186254861137,1.480430154396695,108.0
1652955325.556008,-1.133746862411499,0.5668758153915405,-1.0334773063659668,0.2331272363662719,0.3309170007705688,-0.9144099950790404,-2.3220326900482178,-4.434055805206299,-0.0524571947753429,0.2496303995158345,-0.3372751567976675,1.487143493689502,108.0
1652955325.565946,-1.035538911819458,0.4015353918075561,-1.1755590438842771,0.1921244710683822,0.3543158769607544,-0.9151767492294312,-2.737581253051758,-4.469749450683594,-0.2684343457221985,0.2069266340013912,-0.3621823908287925,1.491528243059126,108.0
1652955325.575908,-0.9006181359291077,0.3115937709808349,-1.2207422256469729,0.1494431346654892,0.3820430040359497,-0.9119812846183776,-3.205145359039306,-4.555362224578857,-0.6059674024581909,0.162422903907894,-0.3920059836297406,1.492897028974671,108.0
1652955325.586011,-0.8646022081375122,0.2506455779075622,-1.1446038484573364,0.1050806120038032,0.4136926829814911,-0.9043320417404176,-3.535810232162476,-4.536814212799072,-0.9980835318565368,0.1156781788083867,-0.4265063882733826,1.4893552917844255,108.0
1652955325.595963,-0.9135279059410096,0.1620663404464721,-0.9952390193939208,0.0597222782671451,0.4470671117305755,-0.8925045132637024,-3.691822052001953,-4.44483757019043,-1.4165005683898926,0.0668157730902469,-0.4634838538267353,1.479806625031302,108.0
1652955325.605772,-1.0063045024871826,0.0583767890930175,-0.8646194934844971,0.0132318912073969,0.4802049994468689,-0.8770565390586853,-3.6695594787597656,-4.360090255737305,-1.921930432319641,0.0150855583338831,-0.5008883980777483,1.462814393295415,108.0
1652955325.615874,-1.0772948265075684,0.0389232635498046,-0.7695720195770264,-0.0345979370176792,0.5113323926925659,-0.8586863279342651,-3.5949831008911133,-4.184877872467041,-2.4469947814941406,-0.0402699255748392,-0.5367344683354184,1.4372236799970814,108.0
1652955325.625684,-1.1402925252914429,-0.0935614705085754,-0.7016249895095825,-0.0833251774311065,0.5391952991485596,-0.8380485773086548,-3.3415451049804688,-4.056632518768311,-2.86104679107666,-0.0991019103799843,-0.5694813409499456,1.4032517884186462,108.0
1652955325.635656,-1.1621160507202148,-0.2071447968482971,-0.6803017854690552,-0.1331874132156372,0.5622293949127197,-0.8161858320236206,-3.059049367904663,-3.997282981872559,-3.22454047203064,-0.1617569823328963,-0.5970791690842464,1.362379742513652,108.0
1652955325.645592,-1.1407854557037354,-0.2614076137542724,-0.6402907967567444,-0.1844557225704193,0.5799729228019714,-0.7934781908988953,-2.6781320571899414,-3.917835235595703,-3.622537851333618,-0.2284080721657488,-0.6186954261705987,1.3147835534736605,108.0
1652955325.65574,-1.0871288776397705,-0.3802571296691894,-0.6032182574272156,-0.2364949136972427,0.5905535817146301,-0.771567702293396,-2.0575060844421387,-3.819284200668335,-3.875316858291626,-0.2974205357686018,-0.6317446686806556,1.2627100107586653,108.0
1652955325.665525,-1.107400894165039,-0.4648013710975647,-0.5714143514633179,-0.2887631356716156,0.5939058661460876,-0.750927209854126,-1.6279523372650146,-3.74641227722168,-4.136635780334473,-0.3671099813467405,-0.6359049942728915,1.2086832038478663,108.0
1652955325.675497,-1.237125277519226,-0.4958921670913696,-0.6097207069396973,-0.341411828994751,0.5915933847427368,-0.7303802967071533,-1.4293172359466553,-3.5986454486846924,-4.504215240478516,-0.4372652505128895,-0.6330337217255108,1.1521856248530145,108.0
1652955325.6854448,-1.3778636455535889,-0.5164201855659485,-0.7406463027000427,-0.3938649594783783,0.58447265625,-0.7094097137451172,-1.3769680261611938,-3.414300441741944,-4.814474105834961,-0.5068274861677617,-0.6242299818496457,1.0932840721913424,108.0
1652955325.695434,-1.540492057800293,-0.5402080416679382,-0.8200676441192627,-0.4461261928081512,0.5738672018051147,-0.6867663264274597,-1.610877513885498,-3.337485074996948,-5.181910991668701,-0.5760968282286938,-0.6112202408636351,1.0316502162183094,108.0
1652955325.705392,-1.714784860610962,-0.5657304525375366,-0.8078006505966187,-0.4986400008201599,0.5599370002746582,-0.6616864204406738,-1.7309818267822266,-3.2717113494873047,-5.545797824859619,-0.6457945141115176,-0.59430974605887,0.9667444963554858,108.0
1652955325.715471,-1.8201640844345093,-0.562961220741272,-0.7382001876831055,-0.550746738910675,0.5415449738502502,-0.635143518447876,-1.7470552921295166,-3.214001178741455,-5.787775993347168,-0.7143504994544264,-0.5722738437876914,0.9010778449807236,108.0
1652955325.725435,-1.8977200984954836,-0.5251865386962891,-0.6289252042770386,-0.6011814475059509,0.5181159377098083,-0.6083887219429016,-1.5703227519989014,-3.0324223041534424,-5.968962669372559,-0.779439671169885,-0.5446466989896502,0.8370093282680021,108.0
1652955325.735254,-1.972651481628418,-0.5356239080429077,-0.4847793579101562,-0.6489765644073486,0.4894180595874786,-0.5824941992759705,-1.4526474475860596,-2.8702189922332764,-6.104325771331787,-0.8393319525969248,-0.5114222874161268,0.7764471974278757,108.0
1652955325.745204,-1.9991631507873533,-0.6300474405288696,-0.3571525812149048,-0.6938607692718506,0.4565636217594147,-0.556872546672821,-1.4780367612838743,-2.7386860847473145,-6.167327880859375,-0.8944896126339192,-0.4741288989242639,0.7189212230214838,108.0
1652955325.755136,-1.90433406829834,-0.6860715746879578,-0.3566218614578247,-0.7350245714187622,0.4214259684085846,-0.5311676263809204,-1.725491285324097,-2.5255415439605717,-6.108215808868408,-0.9450283138913008,-0.4350171732356212,0.6637495167897965,108.0
1652955325.765126,-1.8706215620040891,-0.6966758966445923,-0.3732910752296448,-0.7716668248176575,0.3860016465187073,-0.5055028796195984,-2.258244037628174,-2.17930269241333,-6.042729377746582,-0.9908587619871172,-0.3962933752177839,0.6084550543913835,108.0
1652955325.775089,-1.8876832723617556,-0.7520704865455627,-0.2668237090110779,-0.8032348155975342,0.3521203398704529,-0.4804427325725555,-2.9499170780181885,-1.7725399732589722,-5.826259613037109,-1.0317493739035346,-0.3598355551890362,0.5510275873060014,108.0
1652955325.785034,-1.7666531801223757,-0.787209153175354,-0.1468402743339538,-0.8293248414993286,0.3215686976909637,-0.456961840391159,-3.653372287750244,-1.2764508724212646,-5.435469150543213,-1.0671821225979448,-0.327385725237923,0.4912269869657419,108.0
1652955325.795177,-1.6527044773101809,-0.6600451469421387,-0.0050462782382965,-0.8496150970458984,0.2959245443344116,-0.4365580677986145,-4.49889087677002,-0.595960259437561,-5.035529613494873,-1.096145719316692,-0.3004232623400123,0.4277150158154033,108.0
1652955325.804955,-1.575694561004639,-0.600334107875824,0.1047105193138122,-0.8642927408218384,0.2754774391651153,-0.4208449125289917,-4.931405544281006,0.0673684254288673,-4.476282596588135,-1.1176641184722855,-0.2790863226573323,0.3613801479059105,108.0
1652955325.81504,-1.4242244958877563,-0.5924476385116577,0.1719974279403686,-0.8740392327308655,0.2593685388565063,-0.4108328521251678,-4.874212265014648,0.6335806846618652,-3.9944329261779785,-1.131403208480324,-0.2623682976403078,0.2966196702811561,108.0
1652955325.82488,-1.3297146558761597,-0.6340900659561157,0.234185591340065,-0.8803226947784424,0.2441163659095764,-0.4067422449588775,-4.334078788757324,1.0797014236450195,-3.8361990451812735,-1.1379770764450277,-0.2466083931092511,0.2364602789510575,108.0
1652955325.834864,-1.236034870147705,-0.7188297510147095,0.2204895913600921,-0.8842809200286865,0.2263487428426742,-0.4084283709526062,-3.5938408374786377,1.3939021825790403,-3.8949673175811768,-1.1381101042002928,-0.2283274914922506,0.1829720330840772,108.0
1652955325.844802,-1.1959586143493652,-0.6792083978652954,0.0832110196352005,-0.8866679072380066,0.2045391649007797,-0.4147092998027801,-3.29205584526062,1.6592814922332764,-4.150091171264648,-1.1333073410121202,-0.2059928957605556,0.1344025782689973,108.0
1652955325.854629,-1.2379188537597656,-0.5911227464675903,-0.0871723592281341,-0.8876917362213135,0.1799914985895156,-0.4238001406192779,-3.400225877761841,1.8208158016204836,-4.5457282066345215,-1.1253768407827318,-0.1809778145910411,0.084896621165089,108.0
1652955325.864866,-1.2796037197113037,-0.4908093214035034,-0.2044264376163482,-0.8875259160995483,0.1538434624671936,-0.4343156516551971,-3.857450008392334,1.90719735622406,-4.839298248291016,-1.1157005522283094,-0.1544568775505942,0.0315016328289443,108.0
1652955325.874712,-1.3669321537017822,-0.3896721601486206,-0.0973705649375915,-0.8860129714012146,0.1280101388692855,-0.4456396102905273,-4.288491249084473,1.9469923973083496,-5.029261589050293,-1.1047740424135093,-0.1283623512687972,-0.0274726898915083,108.0
1652955325.884636,-1.393754005432129,-0.3268165588378906,0.1815889775753021,-0.8829337954521179,0.1038571000099182,-0.4578665196895599,-4.503840923309326,1.99674391746521,-4.917043209075928,-1.0924001681206204,-0.1040447144455401,-0.0895299450065862,108.0
1652955325.89465,-1.3498297929763794,-0.2236104607582092,0.5079753994941711,-0.8777245879173279,0.0832110270857811,-0.4718849956989288,-4.625628471374512,2.193934440612793,-4.605650424957275,-1.0775051926814607,-0.0833073518715936,-0.1523329616944215,108.0
1652955325.904499,-1.334993600845337,-0.0846324861049652,0.7615033388137817,-0.8696726560592651,0.0670640394091606,-0.4890520870685577,-4.456316947937012,2.524175882339477,-4.079052448272705,-1.058528110370884,-0.0671144117031414,-0.2130691044495829,108.0
1652955325.914657,-1.3381227254867554,-0.0255640745162963,1.012134075164795,-0.8588225841522217,0.0560725629329681,-0.5091953277587891,-4.188316822052002,2.761263847351074,-3.4933066368103027,-1.0356142668204464,-0.0561019872973254,-0.2694067746699262,108.0
1652955325.924475,-1.2333095073699951,-0.0032377243041992,1.2083101272583008,-0.8456701040267944,0.0487393550574779,-0.5314759016036987,-3.578907966613769,2.9600207805633545,-3.009284734725952,-1.0097076102194429,-0.0487586730728044,-0.3194972497577499,108.0
1652955325.934699,-1.1353178024291992,0.0245642662048339,1.303350806236267,-0.8305789232254028,0.0424590148031711,-0.5552800893783569,-2.7504868507385254,3.075383186340332,-2.6132521629333496,-0.9814938886915788,-0.0424717808738278,-0.3612342373970265,108.0
1652955325.944398,-1.10945463180542,0.1154072284698486,1.2877753973007202,-0.8141294121742249,0.0355429649353027,-0.5795947313308716,-1.9782679080963133,3.077983856201172,-2.326188564300537,-0.9521153028057376,-0.0355504529616214,-0.3945109673084537,108.0
1652955325.9543471,-0.9872841835021972,0.2321007251739502,1.1732110977172852,-0.7968498468399048,0.0279606841504573,-0.6035301089286804,-1.4808839559555054,3.0206949710845947,-2.0794949531555176,-0.922579159222753,-0.0279643288822324,-0.4212111179170585,108.0
1652955325.964334,-0.8181887865066528,0.3440672159194946,1.039827585220337,-0.7790403366088867,0.0207801908254623,-0.6266293525695801,-1.2588077783584597,2.953086376190185,-1.867814064025879,-0.8934021228930837,-0.0207816875709689,-0.4439591506578142,108.0
1652955325.974324,-0.691618025302887,0.4561149477958679,0.9673725366592408,-0.7607899308204651,0.0152933057397603,-0.6488180756568909,-1.309054255485535,2.8791825771331787,-1.6828149557113647,-0.8646664567591721,-0.0152939019970752,-0.4649647161166307,108.0
1652955325.984231,-0.622329592704773,0.5268455147743225,0.9445606470108032,-0.7423555850982666,0.0121194841340184,-0.6698966026306152,-1.4370397329330444,2.8008623123168945,-1.5624723434448242,-0.8366605919635997,-0.0121197804519917,-0.4858568816404219,108.0
1652955325.994223,-0.5633093118667603,0.5764629244804382,0.9286174774169922,-0.7236934304237366,0.0119188567623496,-0.6900187730789185,-1.7097082138061523,2.7601778507232666,-1.3781890869140625,-0.8092136642072014,-0.0119191388938912,-0.5072461870043886,108.0
1652955326.004291,-0.481978178024292,0.5895294547080994,0.8783005475997925,-0.7047284841537476,0.0160474311560392,-0.7092956304550171,-2.0166704654693604,2.734984874725342,-1.1046271324157717,-0.782168289330585,-0.0160481195836063,-0.5291987166542006,108.0
1652955326.014235,-0.4430129528045654,0.6323345303535461,0.8397881984710693,-0.6854203343391418,0.0250340551137924,-0.7277171611785889,-2.319148540496826,2.717972040176392,-0.795778751373291,-0.7554759668884289,-0.0250366715718776,-0.5510909825438749,108.0
1652955326.024154,-0.4512036442756653,0.625594973564148,0.8829717636108398,-0.6655719876289368,0.0377892106771469,-0.7453764081001282,-2.291613817214966,2.752148389816284,-0.4695204496383667,-0.7288975253735472,-0.0377982097264985,-0.5714573615981436,108.0
1652955326.03405,-0.4363623261451721,0.6175448298454285,0.9498375058174132,-0.6449518203735352,0.0525884926319122,-0.7624117136001587,-2.1527087688446045,2.7667465209960938,-0.1034566909074783,-0.702130187912867,-0.0526127619180963,-0.5880841915794925,108.0
1652955326.044045,-0.3998910784721374,0.6315163373947144,0.9698148965835572,-0.6237754225730896,0.0688508003950119,-0.7785652279853821,-2.034531831741333,2.7498040199279785,0.1656475514173507,-0.6754635934297702,-0.0689053107596557,-0.6011082406332144,108.0
1652955326.053858,-0.3449393510818481,0.6490602493286133,0.9022761583328248,-0.6022195816040039,0.0861575752496719,-0.793667733669281,-1.9004756212234497,2.697157859802246,0.4549259841442108,-0.6490969370201863,-0.0862645243129337,-0.6107755572634022,108.0
1652955326.067456,-0.2792284488677978,0.6536120772361755,0.8196462392807007,-0.5803145170211792,0.1042274981737136,-0.8076953291893005,-1.7616606950759888,2.652754306793213,0.7128190994262695,-0.6230225876144262,-0.1044171345826244,-0.616921423809846,108.0
1652955326.074475,-0.2450812458992004,0.6608645915985107,0.7593449354171753,-0.5581719875335693,0.1226587668061256,-0.8206087946891785,-1.67442786693573,2.579184055328369,0.8880550861358643,-0.5973083218324754,-0.122968442138252,-0.6201418542184246,108.0
1652955326.083942,-0.2471315264701843,0.6847588419914246,0.7011886835098267,-0.5359343886375427,0.1413557380437851,-0.8323417901992798,-1.5933035612106323,2.5091347694396973,1.0221214294433594,-0.5720660879809283,-0.1418307669984135,-0.6212281508657885,108.0
1652955326.093794,-0.2498143315315246,0.7313441634178162,0.6009054183959961,-0.5137813687324524,0.1599129736423492,-0.8428859114646912,-1.472278356552124,2.399199724197388,1.1847052574157717,-0.5474122109880186,-0.1606024974864122,-0.6200211748511835,108.0
1652955326.1038408,-0.2414050996303558,0.7621756196022034,0.5065481662750244,-0.4919323623180389,0.1779762357473373,-0.8522481918334961,-1.3107144832611084,2.26973557472229,1.336370587348938,-0.5234989877337114,-0.1789294738991222,-0.616243007589019,108.0
1652955326.113915,-0.2373832464218139,0.7806339263916016,0.4568945169448852,-0.4706551432609558,0.1952049881219864,-0.8604526519775391,-1.1591217517852783,2.104374408721924,1.4574187994003296,-0.500525888861884,-0.1964664471783543,-0.6100156788852183,108.0
1652955326.123682,-0.2279131412506103,0.807824432849884,0.4122378826141357,-0.4501722753047943,0.2112513780593872,-0.8675931096076965,-0.9790199995040894,1.9494729042053225,1.535094976425171,-0.4786332349730308,-0.212855056894426,-0.6016793058430646,108.0
1652955326.133584,-0.2083190083503723,0.8395124077796936,0.3596461117267608,-0.4305818378925323,0.2258793115615844,-0.8738294243812561,-0.8298848271369934,1.7866570949554443,1.5695652961730957,-0.4578330006595172,-0.2278455783132167,-0.5916512853291667,108.0
1652955326.143702,-0.1801099181175232,0.8576265573501587,0.2916864156723022,-0.4122363328933716,0.2391057163476944,-0.8791414499282837,-0.6955650448799133,1.5795166492462158,1.5442914962768557,-0.4384659884409639,-0.2414447522351077,-0.5806593154747954,108.0
1652955326.1535869,-0.1397549211978912,0.8673608303070068,0.2098167538642883,-0.3955692648887634,0.250403493642807,-0.8836419582366943,-0.473604679107666,1.3655744791030884,1.4951229095458984,-0.4209045132139333,-0.2530969982346577,-0.5689751640818653,108.0
1652955326.163501,-0.0881821811199188,0.8685638904571533,0.1393383145332336,-0.3807357549667358,0.2591143250465393,-0.8876373767852783,-0.2215166538953781,1.1601386070251465,1.421329140663147,-0.4051960753530404,-0.2621050981812119,-0.556650503266471,108.0
1652955326.173466,-0.0404201447963714,0.8763027787208557,0.0999791026115417,-0.3679509162902832,0.2650415599346161,-0.8912716507911682,0.0225000008940696,0.918997287750244,1.3048200607299805,-0.3915245063295647,-0.2682470109945569,-0.5440282826353714,108.0
1652955326.183416,0.008094847202301,0.8621037602424622,0.063484638929367,-0.3576585054397583,0.2685465216636657,-0.8944066166877747,0.1903138905763626,0.6516690254211426,1.1776466369628906,-0.3804060016909793,-0.2718838038196721,-0.531704892079123,108.0
1652955326.193404,0.0600650608539581,0.8121104836463928,-0.0008845031261444,-0.3501957356929779,0.2702019810676574,-0.8968577980995178,0.3068304061889648,0.3538075387477875,1.0320143699645996,-0.3722636490661221,-0.2736028229695765,-0.5200892903072646,108.0
1652955326.203336,0.1116594076156616,0.7573312520980835,-0.0794304013252258,-0.3458513915538788,0.2704245746135711,-0.8984750509262085,0.3660750091075897,0.0625377148389816,0.8491028547286987,-0.3674492134597149,-0.2738340014655935,-0.5097055809412673,108.0
1652955326.2136111,0.1393489241600036,0.7152770757675171,-0.1366606652736663,-0.3445797264575958,0.2697172164916992,-0.8991760015487671,0.3559813499450683,-0.2237441092729568,0.6428862810134888,-0.3659552808056789,-0.2730993379938615,-0.5011479234738107,108.0
1652955326.223256,0.1441816091537475,0.6702695488929749,-0.1718800067901611,-0.3461622595787048,0.2687884867191314,-0.8988461494445801,0.2783018350601196,-0.4451295435428619,0.474765419960022,-0.3676120149376,-0.2721349971130906,-0.4945849370705297,108.0
1652955326.233247,0.1279380023479461,0.6086158752441406,-0.2013913691043853,-0.3496635556221008,0.2682095170021057,-0.8976631164550781,0.1695534884929657,-0.5762191414833069,0.344120591878891,-0.3714450078269313,-0.2715339699004451,-0.4898259453629776,108.0
1652955326.2431788,0.110660970211029,0.5613016486167908,-0.2160850763320922,-0.3544049561023712,0.2679953873157501,-0.8958658576011658,0.1195186972618103,-0.6623908877372742,0.2660112977027893,-0.3767079486024614,-0.2713117033547014,-0.4863576215648823,108.0
1652955326.253113,0.0764759480953216,0.4744482636451721,-0.1820695102214813,-0.3601216673851013,0.2680679559707641,-0.8935614228248596,0.0447115637362003,-0.753258228302002,0.1808327585458755,-0.3831057003214914,-0.2713870299172414,-0.4838596995815189,108.0
1652955326.263084,0.0155419707298278,0.3744920492172241,-0.1159731447696685,-0.3668604493141174,0.2682099938392639,-0.8907731771469116,0.0449249483644962,-0.8319148421287537,0.0806602239608764,-0.3906756615994057,-0.2715344580979035,-0.4824893906905471,108.0
1652955326.273054,-0.0330075621604919,0.2818052768707275,-0.0587087869644165,-0.3744174540042877,0.2677998542785644,-0.887747049331665,0.0916525050997734,-0.8926652669906616,0.0130790537223219,-0.3991243495319402,-0.2711087626767429,-0.481803454326938,108.0
1652955326.283152,-0.0482922196388244,0.217561662197113,-0.0468062460422515,-0.3826160728931427,0.2666242718696594,-0.8845996260643005,0.1626753509044647,-0.9526330828666688,-0.04653150588274,-0.408231493646055,-0.2698887957010986,-0.4814481994749155,108.0
1652955326.29329,-0.0412321686744689,0.1772310733795166,-0.069770336151123,-0.391430914402008,0.2649454176425934,-0.8812410831451416,0.1576169431209564,-1.0020556449890137,-0.0917650312185287,-0.4180046781146539,-0.2681473101336606,-0.4814106757000698,108.0
1652955326.302938,-0.0347085893154144,0.1479851603507995,-0.0831873416900634,-0.4006705284118652,0.2633172571659088,-0.8775689005851746,0.1075829342007637,-1.0380512475967407,-0.1189062967896461,-0.4283030442882389,-0.2664592104884841,-0.4818249685642203,108.0
1652955326.313041,-0.0297053754329681,0.1248326897621154,-0.0912979543209075,-0.4100072085857391,0.2623030841350555,-0.8735509514808655,0.0373913310468196,-1.0160712003707886,-0.0995954498648643,-0.4388340631858534,-0.265408091215954,-0.482579145378839,108.0
1652955326.3228412,-0.0194242894649505,0.0916860699653625,-0.1110135018825531,-0.4188539981842041,0.2617244720458984,-0.8695181012153625,0.0250011086463928,-0.9657447934150696,-0.0705400183796882,-0.4489073858135727,-0.2648085292146084,-0.4832615870210007,108.0
1652955326.3328362,-0.0167590379714965,0.0529621839523315,-0.1013980507850647,-0.4270887076854706,0.2612032294273376,-0.865660548210144,0.0217850748449563,-0.8879762291908264,-0.1019464135169982,-0.4583274895551902,-0.2642685065619264,-0.4839324974224734,108.0
