1652965412.261853,-0.0221409499645233,-0.0188686251640319,-0.0152109265327453,-0.071914218366146,0.6213205456733704,-0.7802494168281555,0.0231098048388957,-0.0349214896559715,-0.045130830258131,-0.0919085711656213,-0.6704269126547029,0.1084847903286998,68.0
1652965412.2718449,-0.0556038171052932,-0.0457516312599182,-0.0143487453460693,-0.072035938501358,0.6210534572601318,-0.7804507613182068,0.0119215985760092,0.0272462777793407,-0.0234697423875331,-0.0920396390884819,-0.6700860956407146,0.1081933224420206,68.0
1652965412.281754,-0.085643470287323,-0.0568514466285705,-0.0126588940620422,-0.0713694468140602,0.6208894848823547,-0.7806424498558044,0.0458796992897987,0.120751142501831,0.0136664779856801,-0.0911705454578754,-0.6698768540752087,0.108248043941486,68.0
1652965412.29175,-0.1046777814626693,-0.060806393623352,0.0050462484359741,-0.0695775896310806,0.6207319498062134,-0.780929446220398,0.054951224476099,0.2099177688360214,0.1323670297861099,-0.088861237863386,-0.6696759484370581,0.109304446674033,68.0
1652965412.301711,-0.1383460760116577,-0.0886377096176147,0.0124723315238952,-0.0667320191860199,0.6208131313323975,-0.7811132073402405,-0.0300933625549078,0.2833032608032226,0.2109458446502685,-0.0852250057796463,-0.669779517193196,0.1114164973261647,68.0
1652965412.311734,-0.1709671318531036,-0.1226091980934143,0.052614688873291,-0.0627517402172088,0.6215033531188965,-0.7808942198753357,-0.0977959781885147,0.3946801126003265,0.2463256865739822,-0.0801865176175797,-0.6706602043627247,0.1142073624498945,68.0
1652965412.321615,-0.1418255418539047,-0.1670804023742675,0.096015453338623,-0.0580951012670993,0.6217732429504395,-0.7810397148132324,0.111730620265007,0.4191205203533172,0.2330767512321472,-0.0742450282690783,-0.6710047941121069,0.1171334660238399,68.0
1652965412.331585,-0.0606743097305297,-0.2403126955032348,0.1378512382507324,-0.0534461475908756,0.6200069785118103,-0.7827738523483276,0.3715715110301971,0.350550502538681,0.3110168278217315,-0.0681720881047732,-0.6687516251272414,0.120736857635908,68.0
1652965412.341532,-0.0658541172742843,-0.2810996770858764,0.2440434694290161,-0.0489377528429031,0.6165675520896912,-0.785779595375061,0.5426983833312988,0.2844983637332916,0.3763202130794525,-0.062198902285803,-0.664375431063512,0.1254007291522807,68.0
1652965412.351507,-0.117435947060585,-0.2759540677070617,0.2806612253189087,-0.0442156493663787,0.6115964651107788,-0.7899333834648132,0.7901558876037598,0.2644239962100982,0.4822032451629638,-0.0559155511735465,-0.6580768776784194,0.1312637526728754,68.0
1652965412.3614712,-0.1720384210348129,-0.2521181106567383,0.3158911466598511,-0.0386549308896064,0.6044121980667114,-0.7957334518432617,1.0751582384109497,0.2999682426452636,0.6280328631401062,-0.0485395787690549,-0.6490278363772063,0.1387573145231462,68.0
1652965412.37146,-0.220964714884758,-0.2192641496658325,0.4117679595947265,-0.0318276472389698,0.5954188704490662,-0.80278480052948,1.2347187995910645,0.3468782305717468,0.797735869884491,-0.039625796012627,-0.6377869335771377,0.1482422129345304,68.0
1652965412.381517,-0.2555657625198364,-0.2210806012153625,0.4370005130767822,-0.0235937684774398,0.5852773189544678,-0.81048983335495,1.342241644859314,0.4001624584197998,0.9964836835861206,-0.029102285366839,-0.6252220088634869,0.1598109094327083,68.0
1652965412.391355,-0.2964115738868713,-0.2426488399505615,0.4611083269119262,-0.0136775486171245,0.5745056867599487,-0.8183863162994385,1.3694727420806885,0.4844831824302673,1.2096025943756104,-0.0167112710214349,-0.6120001115560958,0.173629168707663,68.0
1652965412.401278,-0.3168406188488006,-0.2754275202751159,0.471900463104248,-0.0017934163333848,0.563133716583252,-0.8263638615608215,1.4154506921768188,0.5668357014656067,1.477445125579834,-0.0021702467563844,-0.5981730769977658,0.190032534191202,68.0
1652965412.411231,-0.3237940669059753,-0.3297574520111084,0.4869280457496643,0.012133315205574,0.5515851378440857,-0.8340303897857666,1.3428500890731812,0.6600841283798218,1.7226921319961548,0.0145467831047789,-0.5842634021191098,0.2091503102243456,68.0
1652965412.421185,-0.3264689445495605,-0.4019940495491028,0.4850125312805176,0.0281291026622056,0.5407748222351074,-0.8406969904899597,1.170610785484314,0.7933656573295593,1.944283962249756,0.0334467873095979,-0.5713579410737589,0.2305561912426121,68.0
1652965412.431199,-0.2984560132026672,-0.505093514919281,0.4613968133926391,0.0462434738874435,0.5309127569198608,-0.846163809299469,0.9927046298980712,0.9131988883018494,2.1570615768432617,0.0545964205304725,-0.5596772920574604,0.2541955573323792,68.0
1652965412.441128,-0.262104332447052,-0.5881338715553284,0.4535182118415832,0.0663493201136589,0.5219303369522095,-0.8504036664962769,0.8552631139755249,1.052491307258606,2.3588266372680664,0.0778632302683505,-0.5491124506202744,0.2798725618604416,68.0
1652965412.451237,-0.2108207494020462,-0.6625177264213562,0.4438768625259399,0.0885368213057518,0.5131543874740601,-0.8537176251411438,0.7650341987609863,1.180694818496704,2.570786237716675,0.1033379646821052,-0.5388559610199343,0.3076149859540864,68.0
1652965412.461041,-0.1563787758350372,-0.7220783233642578,0.4681044220924377,0.1126928776502609,0.5042313933372498,-0.8561840057373047,0.7051989436149597,1.319464087486267,2.7752585411071777,0.1308699818279339,-0.5284916761699979,0.337339702911385,68.0
1652965412.47106,-0.0999600887298584,-0.7529886364936829,0.4465555250644684,0.1389157921075821,0.4947133958339691,-0.8578817248344421,0.6816768646240234,1.4603536128997805,2.9777727127075195,0.1605353954470136,-0.5175050251007154,0.3689097413484534,68.0
1652965412.480957,-0.0280714035034179,-0.7658697366714478,0.3914536237716675,0.1668806076049804,0.4843245446681976,-0.858825147151947,0.6570685505867004,1.5861259698867798,3.156013250350952,0.1919210469136666,-0.5055909580008096,0.4020440390083817,68.0
1652965412.49094,0.0322516709566116,-0.7668294310569763,0.346145898103714,0.1965691149234771,0.472884863615036,-0.8589181900024414,0.6210213303565979,1.700567364692688,3.379381895065308,0.2249821837079577,-0.4925619691646055,0.436764833647288,68.0
1652965412.5008888,0.0588395744562149,-0.7379604578018188,0.3407776057720184,0.2275373935699463,0.460385113954544,-0.8580631017684937,0.5733036994934082,1.7466061115264893,3.61142373085022,0.2592098017190739,-0.4784289677383505,0.473274401538349,68.0
1652965412.510853,0.0791342258453369,-0.6488696336746216,0.350027322769165,0.2590005397796631,0.4469545185565948,-0.8562420606613159,0.4234532117843628,1.636949896812439,3.904222249984741,0.2937352219421517,-0.4633579597178331,0.5121496891019501,68.0
1652965412.520875,0.0908856391906738,-0.5258026123046875,0.3331373333930969,0.2903857231140136,0.4334031939506531,-0.8531341552734375,0.1669004559516906,1.6322643756866455,4.093789100646973,0.3280748130460639,-0.4482656387362861,0.5534689590296294,68.0
1652965412.530772,0.0099775493144989,-0.4379685521125793,0.3049156963825226,0.3220537006855011,0.4206549525260925,-0.8481337428092957,-0.1093604192137718,1.7082654237747192,4.1500325202941895,0.3629026929899548,-0.4341671245789365,0.5961998487862419,68.0
1652965412.5407372,-0.0729637444019317,-0.3863014578819275,0.2619023025035858,0.3541832268238067,0.4087214767932892,-0.841130793094635,-0.3307017385959625,1.9200948476791384,4.053938865661621,0.3985455591723946,-0.4210527479615868,0.6388513574181468,68.0
1652965412.55077,-0.0781205296516418,-0.3649706840515136,0.1645140349864959,0.3865464329719543,0.397100955247879,-0.8324017524719238,-0.4855808019638061,1.9577606916427608,4.087936401367188,0.4347435391643717,-0.4083559072291185,0.6811512732649321,68.0
1652965412.560856,-0.0600783824920654,-0.3464204668998718,0.084876924753189,0.4187972545623779,0.3852768838405609,-0.8222959637641907,-0.642086386680603,1.9933557510375977,4.125266075134277,0.4710617564483073,-0.3955078496027192,0.7238289220018601,68.0
1652965412.570695,-0.0878151059150695,-0.3120433092117309,0.0428256094455719,0.4510048329830169,0.3729153573513031,-0.810881495475769,-0.6972066164016724,2.086987972259521,4.12904691696167,0.5075837968563579,-0.3821490430134428,0.7664400359530329,68.0
1652965412.580385,-0.0854718685150146,-0.2609602808952331,-0.0208498835563659,0.4831006526947021,0.3591067194938659,-0.7985337376594543,-0.6634789109230042,2.1584954261779785,4.151889801025391,0.5440766244675965,-0.3673105782757359,0.8083869196984386,68.0
1652965412.590695,-0.0830470323562622,-0.2071757316589355,-0.080556035041809,0.515114963054657,0.3439379930496216,-0.785088062286377,-0.7266860604286194,2.263970136642456,4.144495010375977,0.5806681334330787,-0.3511075572345198,0.8496905969214956,68.0
1652965412.600492,-0.0637221336364746,-0.1569863557815551,-0.1257662177085876,0.5468001365661621,0.3278688788414001,-0.7703970670700073,-0.7373250126838684,2.363539934158325,4.084438323974609,0.6172490172040953,-0.3340468805812404,0.8900519111395333,68.0
1652965412.610461,-0.052991509437561,-0.1144836544990539,-0.1512775719165802,0.578015923500061,0.3105793297290802,-0.7546111941337585,-0.6696841716766357,2.460445642471313,4.000051021575928,0.653649161085684,-0.3158024282179512,0.9285904380664805,68.0
1652965412.620402,-0.0159830451011657,-0.0809642672538757,-0.1553236544132232,0.608268141746521,0.2918134927749634,-0.738142728805542,-0.571606457233429,2.477588891983032,3.9156556129455566,0.6892358074065008,-0.2961222945328637,0.9649968222842692,68.0
1652965412.63057,0.0263489484786987,-0.0507633090019226,-0.1654430925846099,0.636965811252594,0.2715831995010376,-0.7214686274528503,-0.4436706304550171,2.4362568855285645,3.79787802696228,0.7232721766964832,-0.2750376925228232,0.9989077323706242,68.0
1652965412.6403332,0.0497381091117858,-0.0108915567398071,-0.1825961470603943,0.6636865139007568,0.2499331533908844,-0.7050202488899231,-0.2338902354240417,2.3548097610473637,3.654813289642334,0.7552082169388274,-0.2526112208992803,1.0297040616928357,68.0
1652965412.650315,0.0788469314575195,0.0155954360961914,-0.188023641705513,0.688014030456543,0.2267046719789505,-0.6893777847290039,0.0103511996567249,2.2134571075439453,3.469122648239136,0.7844080663950507,-0.2286929160167943,1.0567328413882169,68.0
1652965412.660356,0.1036674380302429,0.0646715760231018,-0.19202920794487,0.7098091244697571,0.2025577872991562,-0.6746416687965393,0.2137887477874755,2.0797359943389893,3.254068374633789,0.8107944706971079,-0.2039691458202953,1.07988070548678,68.0
1652965412.670568,0.1166327595710754,0.1087511181831359,-0.2099845707416534,0.7291008830070496,0.1778648048639297,-0.6608904004096985,0.3852076232433319,1.9138699769973757,3.061824321746826,0.8344314202545663,-0.1788162342671712,1.099406974636199,68.0
1652965412.680169,0.1138177514076232,0.1646476984024047,-0.2241978943347931,0.7459082007408142,0.1532292515039444,-0.6481834650039673,0.5132414698600769,1.7618879079818726,2.8415260314941406,0.8553829000030182,-0.1538352995868593,1.1157860951830088,68.0
1652965412.690311,0.0867085456848144,0.2183976173400879,-0.249777615070343,0.7606273293495178,0.129294216632843,-0.6361832022666931,0.581898033618927,1.6376900672912598,2.59351110458374,0.8742551744009193,-0.1296571839892503,1.129307159491293,68.0
1652965412.700074,0.0442492961883544,0.2484466433525085,-0.2766849994659424,0.7734082937240601,0.1067783832550048,-0.6248505115509033,0.5546300411224365,1.5119880437850952,2.354764223098755,0.8912459218338048,-0.1069823379732681,1.1406191309343214,68.0
1652965412.710053,-0.0222949981689453,0.2583640813827514,-0.2859307527542114,0.7844562530517578,0.085735447704792,-0.6142295598983765,0.6682753562927246,1.3706657886505127,2.125523328781128,0.9065073102462424,-0.0858408301422355,1.149838564677952,68.0
1652965412.720001,-0.0705575942993164,0.2630665898323059,-0.2647630572319031,0.7938241958618164,0.0652696564793586,-0.6046345829963684,0.8638895750045776,1.2129032611846924,1.900374412536621,0.9198661818857692,-0.0653160877975595,1.156172692751975,68.0
1652965412.729985,-0.1048707365989685,0.2962813973426819,-0.2151378691196441,0.801419198513031,0.0450176149606704,-0.5964064598083496,1.1280930042266846,1.0476853847503662,1.6492841243743896,0.9310253339234268,-0.0450328326737189,1.1589423263171967,68.0
1652965412.739912,-0.1565189957618713,0.3227525353431701,-0.1826008856296539,0.8074894547462463,0.0256642419844865,-0.5893235206604004,1.303638935089111,0.8750438094139099,1.3963068723678589,0.9403347256682778,-0.0256670594083494,1.1583053743912497,68.0
1652965412.7498698,-0.2094699144363403,0.3327993750572204,-0.17191743850708,0.8122988939285278,0.0072750858962535,-0.5831961035728455,1.4667857885360718,0.708484411239624,1.174030303955078,0.948119724157974,-0.0072751503038494,1.154622496200786,68.0
1652965412.759853,-0.2730062007904053,0.3358699679374695,-0.1509652733802795,0.8161276578903198,-0.0101370336487889,-0.5777828097343445,1.5693153142929075,0.6312999725341797,0.9638134837150574,0.9547503945157474,0.0101372072294198,1.1483900285563444,68.0
1652965412.769705,-0.3509721755981445,0.3540554046630859,-0.1402654647827148,0.819523811340332,-0.026345269754529,-0.5724392533302307,1.5997158288955688,0.5898249745368958,0.7835065722465515,0.9610762630588028,0.0263483174838705,1.1404711146804565,68.0
1652965412.779753,-0.4228289723396301,0.3566595911979675,-0.1349750459194183,0.8225177526473999,-0.0411876775324344,-0.56724613904953,1.5688804388046265,0.5426080226898193,0.6505832672119141,0.9670531748233556,0.0411993308030757,1.1314713273893522,68.0
1652965412.7897282,-0.4846870899200439,0.335353672504425,-0.0770855247974395,0.825080156326294,-0.054887730628252,-0.562343418598175,1.5885900259017944,0.4692781865596771,0.5127175450325012,0.9725522332263048,0.054915328406361,1.121852670674967,68.0
1652965412.799808,-0.527179479598999,0.3379918336868286,-0.0403588935732841,0.8270909786224365,-0.067307136952877,-0.5580235123634338,1.5986335277557373,0.3520149886608124,0.3446499705314636,0.9772650354499156,0.0673580616763761,1.1110692404299995,68.0
1652965412.809637,-0.5628902912139893,0.3596436977386474,-0.0185508951544761,0.8284847140312195,-0.078495018184185,-0.5544830560684204,1.6002726554870603,0.2251611649990081,0.2193274497985839,0.980991001998889,0.0785758509692346,1.099370479603763,68.0
1652965412.8195848,-0.6046223640441895,0.387896180152893,-0.0111907124519348,0.8292927742004395,-0.0885102227330207,-0.5517603158950806,1.5732781887054443,0.1163155883550643,0.0920581892132759,0.9837138379279732,0.0886261981563915,1.0870562876489311,68.0
1652965412.829687,-0.6390460729598999,0.4066943526268005,-0.0074279308319091,0.8296283483505249,-0.0975372642278671,-0.5497302412986755,1.6674749851226809,0.0129183642566204,-0.0506004318594932,0.985598901602786,0.0976925870418066,1.0737016495425211,68.0
1652965412.839443,-0.6515565514564514,0.414145827293396,0.0258091762661933,0.8295045495033264,-0.1060093864798545,-0.5483468174934387,1.768593668937683,-0.0931986942887306,-0.1651534736156463,0.9866898702281062,0.1062089545290057,1.0588028660759463,68.0
1652965412.849465,-0.660731315612793,0.3921580910682678,0.0554589331150054,0.828944206237793,-0.1142510399222374,-0.5475383400917053,1.8774501085281368,-0.1972103118896484,-0.256969690322876,0.987057718433217,0.1145010739296321,1.0423246306901126,68.0
1652965412.859387,-0.6890999674797058,0.3675280213356018,0.0715915039181709,0.8279854655265808,-0.1222506687045097,-0.5472612380981445,1.9468048810958865,-0.28132164478302,-0.3317789435386657,0.9867582732890932,0.1225572451729159,1.0246971922668695,68.0
1652965412.8695822,-0.7256250381469727,0.3156113624572754,0.0758571028709411,0.8268060684204102,-0.1299495100975036,-0.5472702980041504,1.9382494688034055,-0.3151083588600158,-0.3754923343658447,0.9860947958420452,0.1303180619931184,1.0064859823567165,68.0
1652965412.8792949,-0.729407787322998,0.2875346541404724,0.0673645287752151,0.8254312872886658,-0.1370819360017776,-0.5476053953170776,1.825607180595398,-0.3777246475219726,-0.394245833158493,0.9850466451430502,0.1375149307183669,0.9885003557914188,68.0
1652965412.889292,-0.7249564528465271,0.291054904460907,0.0407438725233078,0.8237875699996948,-0.1431913822889328,-0.5485163331031799,1.6016188859939575,-0.4281944632530212,-0.4076061248779297,0.9833615069507088,0.1436852854181153,0.9718808474105188,68.0
1652965412.899383,-0.7291989922523499,0.3077005743980407,0.0064993351697921,0.8219265937805176,-0.1479025334119796,-0.5500558614730835,1.3296220302581787,-0.4611549377441406,-0.4078362584114074,0.9810229498625388,0.148447136275367,0.9573169294023648,68.0
1652965412.909248,-0.7119609713554382,0.3339297771453857,-0.0018458217382431,0.8199015855789185,-0.1510930210351944,-0.5522066950798035,1.079138159751892,-0.5068193674087524,-0.4270096719264984,0.9780753356011932,0.1516738888823697,0.9448992043011508,68.0
1652965412.919178,-0.6684972047805786,0.3694601058959961,-0.017307311296463,0.8175297975540161,-0.152889221906662,-0.5552206635475159,0.8169284462928772,-0.5820987820625305,-0.4176954925060272,0.974205075712595,0.1534912023242492,0.9345971876475636,68.0
1652965412.929165,-0.6438359618186951,0.417563796043396,-0.0441865026950836,0.8147038817405701,-0.1532622277736663,-0.559256911277771,0.5623286366462708,-0.6647441387176514,-0.4298149943351745,0.9692194572165312,0.1538686635256734,0.9264781182259416,68.0
1652965412.939239,-0.6409469246864319,0.4692730903625488,-0.0450780391693115,0.8114333748817444,-0.1522181332111358,-0.5642743110656738,0.2879858016967773,-0.7287541031837463,-0.4210223853588104,0.9631613597957868,0.152812167314102,0.920474843001052,68.0
1652965412.9490728,-0.6374228000640869,0.5336239337921143,-0.0076062083244323,0.8076956272125244,-0.1497119069099426,-0.5702755451202393,0.0729171782732009,-0.8253712058067322,-0.4518700540065765,0.9560198372133586,0.1502768850748066,0.9165226348629896,68.0
1652965412.959002,-0.6174432635307312,0.5583747029304504,0.0047258734703063,0.8033258318901062,-0.1460375338792801,-0.5773566365242004,-0.0562435425817966,-0.9410302639007568,-0.4767487943172455,0.9476247439136308,0.1465616749185281,0.9137876958945604,68.0
1652965413.02934,-0.5944933295249939,0.5581856369972229,0.0053035914897918,0.7981981635093689,-0.1416713893413543,-0.5854988694190979,-0.0902904570102691,-1.074004292488098,-0.5038057565689087,0.937922418781866,0.1421496268333563,0.911516912739346,68.0
1652965413.032122,-0.5896248817443848,0.5363031029701233,0.0397044718265533,0.7922463417053223,-0.1372691839933395,-0.5945611596107483,-0.0248550567775964,-1.181167483329773,-0.5206493735313416,0.9269911994477986,0.1377039770784046,0.9089146302976407,68.0
1652965413.038908,-0.5348313450813293,0.5395083427429199,-0.0438671112060546,0.7370560765266418,-0.111421599984169,-0.6665834784507751,-0.1914499700069427,-1.913426399230957,-0.760706901550293,0.8355630604147464,0.1116534438981882,0.8844384948868775,68.0
1652965413.048688,-0.5181723833084106,0.5301768779754639,-0.0836835503578186,0.7248374223709106,-0.1034960225224495,-0.6811015605926514,-0.395139992237091,-1.990702509880066,-0.8841199278831482,0.8164960739010262,0.1036816827144405,0.8810560373507127,68.0
1652965413.06199,-0.4787328839302063,0.5043311715126038,-0.1316355764865875,0.7117803692817688,-0.0931721776723861,-0.6961951851844788,-0.6129741668701172,-2.085155248641968,-1.0235804319381714,0.7964669355426617,0.0933075137153413,0.8781008845405702,68.0
1652965413.0697842,-0.4097574353218078,0.4856016635894775,-0.1554413735866546,0.6977059841156006,-0.0809325352311134,-0.7117978930473328,-0.6670632362365723,-2.2038910388946533,-1.1581041812896729,0.7754007248887138,0.0810211516726343,0.8750421769866159,68.0
1652965413.078557,-0.3559584021568298,0.4826406836509704,-0.1627739369869232,0.6824048757553101,-0.0678474083542823,-0.7278188467025757,-0.6512536406517029,-2.3112988471984863,-1.2739890813827517,0.7532059109558892,0.0678995702962107,0.8708466124810633,68.0
1652965413.088523,-0.2996665239334106,0.4522259831428528,-0.1599268317222595,0.6659232378005981,-0.0545964799821376,-0.7440198063850403,-0.5529529452323914,-2.403836965560913,-1.3582522869110107,0.7300648195336263,0.0546236385096405,0.8652310688013177,68.0
1652965413.098233,-0.2248464226722717,0.3921712636947632,-0.1545290350914001,0.6481710076332092,-0.0417295172810554,-0.7603505849838257,-0.4509336054325104,-2.511413335800171,-1.4306637048721311,0.7059224299251771,0.0417416359771354,0.8580653923795868,68.0
1652965413.108382,-0.1285530924797058,0.3477652668952942,-0.1656493544578552,0.6291024088859558,-0.029403755441308,-0.7767661213874817,-0.355509877204895,-2.607062339782715,-1.4844467639923096,0.6807480878943646,0.0294079931815332,0.8493888985267506,68.0
1652965413.118151,-0.0255104899406433,0.3011792302131653,-0.1713811159133911,0.6086097955703735,-0.0175684913992881,-0.7932751178741455,-0.3118292987346649,-2.720440149307251,-1.5168557167053225,0.6544257816497668,0.0175693954764464,0.8396900489210971,68.0
1652965413.12817,0.0550673604011535,0.2161385416984558,-0.1549977362155914,0.5865952372550964,-0.0059977550990879,-0.8098580241203308,-0.2677577137947082,-2.831493377685547,-1.58546245098114,0.6268614366546924,0.0059977910540324,0.8290754760474363,68.0
1652965413.138401,0.0957645177841186,0.0765694379806518,-0.1340630948543548,0.5633236169815063,0.0054314988665282,-0.8262184858322144,-0.2663329541683197,-2.8659675121307373,-1.6655949354171753,0.5984129342362566,-0.0054315256200815,0.8173720466658632,68.0
1652965413.1480498,0.0946507453918457,-0.0850290060043335,-0.1279681921005249,0.5395350456237793,0.0170825757086277,-0.8417898416519165,-0.2782471179962158,-2.8079946041107178,-1.7794666290283203,0.5699782610989998,-0.0170834057206472,0.8045167998438226,68.0
1652965413.1584191,0.1153125166893005,-0.2179266214370727,-0.1374154835939407,0.515684187412262,0.0293222162872552,-0.85627681016922,-0.3305418789386749,-2.735691547393799,-1.8809881210327148,0.5420649695061666,-0.0293264189336746,0.7906618725160345,68.0
1652965413.168368,0.1854134798049926,-0.2751303911209106,-0.1647709012031555,0.4914664328098297,0.0418765991926193,-0.8698891401290894,-0.3431226313114166,-2.7561018466949463,-1.94442355632782,0.5142682875893302,-0.0418888476123667,0.7758927125884161,68.0
1652965413.178152,0.2594201564788818,-0.2173448801040649,-0.1946381032466888,0.4662878811359405,0.0540283657610416,-0.8829816579818726,-0.3265631794929504,-2.8069350719451904,-1.94713032245636,0.4858610439329188,-0.0540546854971246,0.7603718058167622,68.0
1652965413.188731,0.2748036086559295,-0.086061418056488,-0.2202007621526718,0.4398875534534454,0.0659496635198593,-0.895628035068512,-0.3947946727275848,-2.9059927463531494,-1.9463210105896,0.4565424308089655,-0.0659975607494984,0.7446779554212658,68.0
1652965413.198062,0.2848128974437713,0.0468981862068176,-0.2645497620105743,0.4115371704101562,0.0784230381250381,-0.9080126881599426,-0.5632529258728027,-3.1019396781921387,-1.954417109489441,0.4255354743804433,-0.0785036479236042,0.7290801310925047,68.0
1652965413.20847,0.2690078020095825,0.1463086605072021,-0.2915483713150024,0.3804978132247925,0.0923601165413856,-0.9201581478118896,-0.765197217464447,-3.3365437984466557,-2.0133209228515625,0.3921013889256757,-0.0924919365914974,0.7135571908961181,68.0
1652965413.2177072,0.2003991603851318,0.1457118988037109,-0.2581855654716491,0.3466894924640655,0.1065742224454879,-0.9319057464599608,-0.7050639986991882,-3.554387092590332,-2.0754036903381348,0.3561573150633974,-0.1067770070590772,0.6971511569722635,68.0
1652965413.227837,0.1512975692749023,-0.0195411443710327,-0.1440818011760711,0.3107538521289825,0.1201865375041961,-0.9428611993789672,-0.747069776058197,-3.6075520515441895,-2.110514640808105,0.3183741638131455,-0.1204777776815369,0.6797825083229131,68.0
1652965413.237998,0.0710776448249816,-0.1902090907096862,-0.0696967840194702,0.2741371989250183,0.133356437087059,-0.9523995518684388,-0.7193002700805664,-3.578209400177002,-2.104754447937012,0.2802623986395869,-0.1337549067836288,0.6617323904441069,68.0
1652965413.248135,0.0397583544254303,-0.3891944885253906,-0.0182506740093231,0.2373412549495697,0.1454479247331619,-0.9604759216308594,-0.7405503988265991,-3.543221473693848,-2.0397024154663086,0.2422549003875847,-0.1459657018005005,0.6434566621962947,68.0
1652965413.258312,0.0424940586090087,-0.5727373361587524,0.0496060252189636,0.2007768154144287,0.1573336571455001,-0.9669202566146852,-0.8059476017951965,-3.434432983398437,-1.974394917488098,0.2047362527287081,-0.157990106170856,0.625462019466847,68.0
1652965413.267715,0.0633982717990875,-0.6739335656166077,0.087801843881607,0.1647206246852874,0.1684542596340179,-0.9718489050865172,-0.759427011013031,-3.3974406719207764,-1.89235258102417,0.1678964012530099,-0.1692613030600612,0.6078101940193877,68.0
1652965413.277778,0.120717242360115,-0.6970720291137695,0.1232127547264099,0.1285350918769836,0.1777668446302414,-0.975642204284668,-0.5807572603225708,-3.395105600357056,-1.840676426887512,0.130989717956159,-0.1787166829876048,0.5901751736661607,68.0
1652965413.2877789,0.1415796428918838,-0.762362003326416,0.1076992601156234,0.0923376008868217,0.1836215257644653,-0.9786505699157716,-0.2021210491657257,-3.385714292526245,-1.7106153964996338,0.0940734632680831,-0.1846693674521599,0.572729722890867,68.0
1652965413.297655,0.1357222944498062,-0.860941469669342,0.1058775633573532,0.0565079301595687,0.1844208687543869,-0.9812215566635132,0.2947944402694702,-3.3309133052825928,-1.5833783149719238,0.0575258283017686,-0.1854825985389963,0.5560630508968588,68.0
1652965413.307624,0.1018990576267242,-0.9293898344039916,0.139662355184555,0.0218649860471487,0.1803449541330337,-0.9833603501319884,0.596439778804779,-3.154858350753784,-1.4836019277572632,0.0222313048631667,-0.181337142012979,0.5404226373372685,68.0
1652965413.3176188,0.0179212391376495,-0.906162440776825,0.1213813126087188,-0.0103376191109418,0.1745171248912811,-0.9845998883247375,0.5750994682312012,-2.882049560546875,-1.4643120765686035,-0.0104989237277952,-0.1754153503941273,0.5254643575510195,68.0
1652965413.327815,-0.0343119502067565,-0.8582358360290527,0.043487012386322,-0.0398915372788906,0.1695104241371154,-0.9847207069396972,0.3165989518165588,-2.6294195652008057,-1.488966464996338,-0.0404883698732864,-0.1703328828420606,0.5106820107748715,68.0
1652965413.337977,-0.0901631340384483,-0.8687658309936523,0.0096593350172042,-0.066849797964096,0.1670374274253845,-0.9836816787719728,0.0083671435713768,-2.349767208099365,-1.51360285282135,-0.0678544394210227,-0.1678241162916576,0.4955862569049963,68.0
1652965413.3476691,-0.1515579223632812,-0.9966712594032288,0.0051710158586502,-0.09107206761837,0.1662156879901886,-0.9818748235702516,-0.0807811096310615,-2.074668407440185,-1.50316321849823,-0.092488607089601,-0.1669907188674092,0.4803298985992577,68.0
1652965413.3575702,-0.2183475941419601,-1.173695087432861,0.0657321512699127,-0.1120967343449592,0.1654690057039261,-0.979823648929596,-0.069517932832241,-1.7169063091278076,-1.4645427465438845,-0.1139097697297974,-0.1662335549590581,0.4653163401482133,68.0
1652965413.367395,-0.2631839513778686,-1.3278528451919556,0.1389693319797516,-0.1291805505752563,0.1641007363796234,-0.9779485464096068,-0.0038646217435598,-1.3064903020858765,-1.4277002811431885,-0.1313330685109057,-0.164846313478961,0.4507880443956614,68.0
1652965413.377389,-0.2755942344665527,-1.4250657558441162,0.1974423378705978,-0.1421456485986709,0.1616274863481521,-0.9765608906745912,0.1314554512500763,-0.8869755864143372,-1.389643311500549,-0.1445422781789754,-0.1623395959638548,0.4367797968111233,68.0
1652965413.387906,-0.2533378899097442,-1.4488486051559448,0.2364664226770401,-0.1510810256004333,0.1573018729686737,-0.9759255051612854,0.3282670676708221,-0.4879107475280761,-1.3615463972091677,-0.1535887512587392,-0.1579579143020321,0.4234079176241874,68.0
1652965413.397305,-0.240666776895523,-1.4224355220794678,0.2403413653373718,-0.1560464650392532,0.1511991620063781,-0.9761087894439696,0.4926949441432953,-0.1203009411692619,-1.347761869430542,-0.1585244695163801,-0.1517812668737794,0.4106066155909471,68.0
1652965413.407339,-0.2415492832660675,-1.333097219467163,0.2143025696277618,-0.1572696715593338,0.1438517272472381,-0.9770224690437316,0.5776101350784302,0.2702654898166656,-1.3234378099441528,-0.1595992762858571,-0.1443525364035495,0.3981607823651135,68.0
1652965413.417083,-0.2524971961975097,-1.22359299659729,0.2159440219402313,-0.1548971831798553,0.1359999477863311,-0.9785248637199402,0.611980140209198,0.594394326210022,-1.313090682029724,-0.1569939750147876,-0.13642271271762,0.3860151626469015,68.0
1652965413.4273129,-0.2562853693962097,-1.119129657745361,0.1870711892843246,-0.1490948796272277,0.1282974332571029,-0.9804643988609314,0.5561421513557434,0.9013025760650636,-1.2822896242141724,-0.1509094426225381,-0.1286520384047033,0.3739642211587424,68.0
1652965413.437034,-0.2782697081565857,-1.0235891342163086,0.1603717505931854,-0.1403704434633255,0.1215801537036895,-0.9826059341430664,0.4447812736034393,1.19671893119812,-1.212289571762085,-0.1418952315971121,-0.1218816904545378,0.3623143390680541,68.0
1652965413.447246,-0.3035986423492431,-0.9547919034957886,0.1811659336090088,-0.1287286281585693,0.1161058023571968,-0.984859585762024,0.3534899652004242,1.4578888416290283,-1.145174264907837,-0.1299707718058151,-0.1163682582443002,0.3511617590505599,68.0
1652965413.45722,-0.3275561928749084,-0.9120724201202391,0.2306612133979797,-0.1144909262657165,0.1116697192192077,-0.9871280193328856,0.287049651145935,1.7012324333190918,-1.0927311182022097,-0.1154679462951137,-0.1119031174231113,0.3404401540595011,68.0
1652965413.466897,-0.3453564941883087,-0.8811999559402466,0.2545234560966491,-0.0976671874523162,0.1082542687654495,-0.9893139600753784,0.1797354370355606,1.9532241821289065,-1.0450220108032229,-0.0984032766435341,-0.1084668281488256,0.3300311505551432,68.0
1652965413.477106,-0.3732539415359497,-0.8376577496528625,0.2646702826023102,-0.0781925767660141,0.1061030328273773,-0.99127596616745,0.0796312093734741,2.207643508911133,-0.9853137731552124,-0.0787177366746814,-0.1063031309455901,0.3200279828027106,68.0
1652965413.486856,-0.3989965915679931,-0.7881461381912231,0.3059979677200317,-0.0562341064214706,0.1047686338424682,-0.9929054379463196,0.0814607888460159,2.42997145652771,-0.9228267073631288,-0.056575471168877,-0.1049612539827837,0.3105624723732802,68.0
1652965413.496913,-0.3934211730957031,-0.7389205098152161,0.350095272064209,-0.0321159437298774,0.1031975597143173,-0.9941422343254088,0.1534549593925476,2.631005048751831,-0.8674353957176208,-0.0322939474881604,-0.103381612519436,0.3016706809793834,68.0
1652965413.507131,-0.3896521031856537,-0.6580877304077148,0.3561867475509643,-0.0060388073325157,0.1013175100088119,-0.9948357939720154,0.1892345249652862,2.8156402111053467,-0.8259233832359314,-0.0060700803272345,-0.1014916551987872,0.2932436652044111,68.0
1652965413.516655,-0.4125347733497619,-0.5817628502845764,0.3441663384437561,0.0218334775418043,0.0991167426109314,-0.9948362708091736,0.2837762832641601,2.967475652694702,-0.7910602688789368,0.0219432831677728,-0.0992797563276185,0.2851361194989317,68.0
1652965413.527102,-0.4138607978820801,-0.5080746412277222,0.3326271474361419,0.0510830879211425,0.0960837826132774,-0.9940615892410278,0.4032406210899353,3.089195251464844,-0.7579702138900757,0.0513430899724728,-0.0962322455446794,0.2772758053355887,68.0
1652965413.536581,-0.4086307883262634,-0.4211338758468628,0.3141736984252929,0.0814670994877815,0.0919542387127876,-0.9924250841140748,0.5207716822624207,3.186145782470703,-0.7164793014526367,0.0819052737516486,-0.0920843239539577,0.2696296027393137,68.0
1652965413.546673,-0.4127282798290252,-0.3369790911674499,0.2962656021118164,0.1127557530999183,0.0873861238360405,-0.989772617816925,0.5422325134277344,3.275001049041748,-0.6917329430580139,0.1134318461760961,-0.0874977274066265,0.262123861021647,68.0
1652965413.5570722,-0.4251862168312073,-0.2706450819969177,0.2766129076480865,0.1447296887636184,0.0827163159847259,-0.9860077500343324,0.5749498009681702,3.345172643661499,-0.6630446314811707,0.1457427731340412,-0.0828109330024763,0.2546581186389328,68.0
1652965413.566531,-0.4492963254451751,-0.225954532623291,0.2816140949726105,0.1773999780416488,0.0779592618346214,-0.981046199798584,0.6110726594924927,3.434556007385254,-0.6612001657485962,0.1788941989533492,-0.0780384496998948,0.2471745301317722,68.0
1652965413.576734,-0.4911614954471588,-0.1676716208457946,0.2728084027767181,0.2108117789030075,0.0731693729758262,-0.9747844338417052,0.6562362909317017,3.523928642272949,-0.6649696826934814,0.2129849845285416,-0.0732348170412764,0.2394725227277318,68.0
1652965413.5863972,-0.4996913373470306,-0.0758028030395507,0.2380281090736389,0.2445033639669418,0.0678343251347541,-0.9672727584838868,0.7470051050186157,3.540703773498535,-0.643622875213623,0.2475896847161966,-0.0678864553895195,0.2315312676831723,68.0
1652965413.596622,-0.4942058026790619,0.0077731013298034,0.2078491151332855,0.2781413495540619,0.0620635971426963,-0.958532989025116,0.7980079650878906,3.5590522289276123,-0.6357235312461853,0.2824179212745754,-0.0621035116587039,0.2233729845308819,68.0
1652965413.6069078,-0.4992117285728454,0.0818588733673095,0.1594231128692627,0.3116049468517303,0.0565497800707817,-0.9485275149345398,0.733048141002655,3.578988790512085,-0.6355549693107605,0.3174072438308049,-0.0565799641487949,0.2150297113422966,68.0
1652965413.616339,-0.5212532877922058,0.176145851612091,0.1053249537944793,0.3450905680656433,0.0527408346533775,-0.9370864033699036,0.528733491897583,3.621755123138428,-0.6402950286865234,0.3528477608336028,-0.0527653174244978,0.2069846757577387,68.0
1652965413.626584,-0.5179668664932251,0.2578848004341125,0.0606656819581985,0.3782574236392975,0.0509523674845695,-0.9242971539497375,0.3328343033790588,3.604473352432251,-0.6231480240821838,0.3884446360490314,-0.0509744413942709,0.1994871749419134,68.0
1652965413.636332,-0.5029943585395813,0.3454823493957519,0.0481180101633071,0.4108465611934662,0.0516439527273178,-0.910240650177002,0.0780195966362953,3.5961132049560547,-0.6218013167381287,0.4239846299662809,-0.0516669361735803,0.1930648039352344,68.0
1652965413.6463552,-0.5036134123802185,0.4126197099685669,0.0203178375959396,0.4428071677684784,0.05414504930377,-0.8949805498123169,-0.0789037123322486,3.5823633670806885,-0.570214569568634,0.4594527514815572,-0.0541715408858753,0.1876343338066354,68.0
1652965413.656537,-0.5018473863601685,0.4568665027618408,0.0185863673686981,0.4740763902664184,0.0581958554685115,-0.8785583972930908,-0.2725691199302673,3.571720838546753,-0.5155828595161438,0.4948290673290518,-0.0582287562485473,0.183681342653677,68.0
1652965413.666274,-0.5276390314102173,0.5193633437156677,0.0070990473031997,0.5047508478164673,0.063640683889389,-0.8609160780906677,-0.4503082036972046,3.577017307281494,-0.4637889266014099,0.5302814199614329,-0.0636837230690435,0.181216003261153,68.0
1652965413.676691,-0.5241568088531494,0.6136720776557922,0.0122716128826141,0.5346548557281494,0.0702936947345733,-0.8421419262886047,-0.57923424243927,3.541191816329956,-0.4288658201694488,0.5656689435872366,-0.0703517162433479,0.1800288206003117,68.0
1652965413.686496,-0.49527108669281,0.7356615662574768,0.0095185041427612,0.5633405447006226,0.0780516862869262,-0.8225298523902893,-0.7706068754196167,3.4595179557800293,-0.3782252967357635,0.6005112890841662,-0.0781311569959789,0.1805082901958633,68.0
1652965413.696038,-0.4513571858406067,0.9064942002296448,-0.0342052727937698,0.590319037437439,0.087214320898056,-0.8024445176124573,-0.929695725440979,3.285564661026001,-0.4028842151165008,0.6342542526901365,-0.0873252647993825,0.1822680771700484,68.0
1652965413.7059689,-0.3406481742858886,0.9798375368118286,-0.0449199676513671,0.6151690483093262,0.0976238250732421,-0.7823277115821838,-1.0661156177520752,3.1239173412323,-0.4421192407608032,0.6663508113864887,-0.0977795625828994,0.1849682088812723,68.0
1652965413.715822,-0.3019136190414428,1.0095893144607544,-0.0089541375637054,0.6384767293930054,0.109356977045536,-0.7618323564529419,-1.1572723388671875,3.074781894683838,-0.5463831424713135,0.6975332501542929,-0.1095761230833925,0.1883075286562368,68.0
1652965413.7262568,-0.2843244671821594,0.955221712589264,-0.0113042742013931,0.6609113812446594,0.1218847259879112,-0.7405000329017639,-1.2066806554794312,3.109112501144409,-0.5991435050964355,0.7286673288346458,-0.1221885479594143,0.1915380382767931,68.0
1652965413.735986,-0.2424952387809753,0.7938616275787354,-0.0863051861524581,0.6828791499137878,0.1346755474805832,-0.7180101871490479,-1.318982720375061,3.099081754684448,-0.4471209645271301,0.760325760413959,-0.135086026238439,0.1962217788141386,68.0
1652965413.745842,-0.2647587656974792,0.5596489906311035,-0.1878972351551056,0.7039677500724792,0.1465459316968917,-0.694948673248291,-1.4358587265014648,3.073452949523926,-0.2231957167387008,0.7918452869053811,-0.1470755999491352,0.2036007421149817,68.0
1652965413.755729,-0.3786436319351196,0.3623369932174682,-0.2232775688171386,0.7248502969741821,0.1579089313745498,-0.6705645322799683,-1.605610728263855,3.143119096755981,-0.067388042807579,0.8242815379867817,-0.1585726497927054,0.2136781568922698,68.0
1652965413.7657,-0.4859679937362671,0.2331029176712036,-0.2207595705986023,0.7455810308456421,0.1687576323747635,-0.6446934938430786,-1.6459064483642578,3.190281867980957,0.0059370351955294,0.8578378109430899,-0.1695690847827302,0.2258229236333519,68.0
1652965413.775667,-0.4922791719436645,0.2083494067192077,-0.2089695036411285,0.7654419541358948,0.1786807924509048,-0.618200421333313,-1.5809228420257568,3.0907087326049805,0.0763076841831207,0.891415060896292,-0.1796454998726458,0.2386356009359813,68.0
1652965413.785632,-0.4681949615478515,0.2616322636604309,-0.1656723618507385,0.7838993072509766,0.1875687390565872,-0.5918782353401184,-1.588314175605774,2.9590988159179688,0.0920805186033248,0.9240750718093648,-0.1886863663145594,0.2519316035352037,68.0
1652965413.79549,-0.4617671370506286,0.3927117586135864,-0.1232083886861801,0.8004207015037537,0.1962522119283676,-0.5664024949073792,-1.7029112577438354,2.7021734714508057,0.1054277494549751,0.9549672233875685,-0.1975343265184134,0.2658638669954625,68.0
1652965413.8056989,-0.4418476819992065,0.5323617458343506,-0.0756279826164245,0.814787745475769,0.2051903456449508,-0.5422341823577881,-1.8865694999694824,2.409571886062622,0.1093583106994628,0.9836078882813784,-0.2066581856046959,0.2814621985838707,68.0
1652965413.815452,-0.4317929148674011,0.6421552896499634,-0.0831051766872406,0.8269192576408386,0.2152920812368393,-0.5194746255874634,-2.270260095596313,2.092660903930664,0.0978059694170951,1.0098957396038302,-0.2169909077785458,0.2997728698368597,68.0
1652965413.82546,-0.4141998887062073,0.7148315906524658,-0.1229406148195266,0.8369293212890625,0.2267919480800628,-0.4981110394001007,-2.583136796951294,1.782402276992798,0.1020281463861465,1.0339395686215924,-0.2287825315160576,0.3214732993684863,68.0
1652965413.835538,-0.3783976435661316,0.7442092895507812,-0.1448903977870941,0.8450419306755066,0.2390370815992355,-0.4782943427562713,-2.7822954654693604,1.4834709167480469,0.1036856174468994,1.055751563071766,-0.2413740662258444,0.3457927733649084,68.0
1652965413.845388,-0.3395435810089111,0.77177894115448,-0.1588814258575439,0.8515217304229736,0.251120775938034,-0.4602707326412201,-2.747677087783813,1.166146755218506,0.1105592399835586,1.0752549181602646,-0.2538379609248157,0.3713256575650861,68.0
1652965413.85533,-0.3089280128479004,0.7570260763168335,-0.1279908418655395,0.8564286828041077,0.2621766328811645,-0.4447396397590637,-2.586841106414795,0.8802765011787415,0.1299826949834823,1.0918316524011131,-0.2652770557734439,0.3962754730352824,68.0
1652965413.8655062,-0.293953001499176,0.7532001733779907,-0.1065979897975921,0.8600693345069885,0.2715149819850921,-0.4319263696670532,-2.2451863288879395,0.6159010529518127,0.1544166654348373,1.1053906921782564,-0.2749667965286202,0.419227055923173,68.0
1652965413.875671,-0.2634021639823913,0.7326843738555908,-0.1052730977535247,0.8625690340995789,0.2787654995918274,-0.4222137928009033,-1.861572265625,0.3463353216648102,0.1860741227865219,1.1155968064582478,-0.2825084204991048,0.4390106069218699,68.0
1652965413.885227,-0.2578368782997131,0.7155085802078247,-0.1131819188594818,0.8640227317810059,0.2840650975704193,-0.4156580865383148,-1.5113999843597412,0.0869735181331634,0.2171295136213302,1.122404589883685,-0.2880312138316611,0.4556133568173403,68.0
1652965413.8951778,-0.2682660222053528,0.6953635215759277,-0.0742740035057067,0.8645336627960205,0.2876071035861969,-0.4121451377868652,-1.196099042892456,-0.1531310081481933,0.2531498074531555,1.125941186782381,-0.2917274404707191,0.4693486481854755,68.0
1652965413.905122,-0.2899113893508911,0.6786615252494812,-0.0330944061279296,0.8642216324806213,0.2896862030029297,-0.4113427698612213,-0.9954124689102172,-0.3801420331001282,0.2944035530090332,1.126557613006284,-0.2938989760291953,0.4807339302336446,68.0
1652965413.915065,-0.2953344583511352,0.6821061372756958,-0.0393036603927612,0.863129198551178,0.2909058034420013,-0.4127731919288635,-0.9801735281944276,-0.6015583276748657,0.3505379557609558,1.1247169297678403,-0.2951734366013365,0.4914126985790336,68.0
1652965413.925066,-0.2867218255996704,0.6865440011024475,-0.0824342668056488,0.8612763285636902,0.2919221818447113,-0.4159141480922699,-1.0467180013656616,-0.7991572022438049,0.3726482987403869,1.1209184887715746,-0.2962359532529398,0.502516629949328,68.0
1652965413.9349952,-0.2614281177520752,0.6642496585845947,-0.0420353710651397,0.85865718126297,0.2930576801300049,-0.4205057919025421,-1.131559133529663,-0.9937171339988708,0.4011912047863006,1.1154025489622612,-0.2974233653268711,0.5144764119830536,68.0
1652965413.945273,-0.2554929256439209,0.6337587833404541,0.0018776357173919,0.8553159832954407,0.294387012720108,-0.4263460636138916,-1.1695557832717896,-1.166295886039734,0.4250480830669403,1.1083765446896676,-0.2988140535051747,0.5271734114271036,68.0
1652965413.954938,-0.2364735007286071,0.5729906558990479,0.0216152071952819,0.8512500524520874,0.2957065403461456,-0.4335099756717682,-1.1922324895858765,-1.340378999710083,0.4478780329227447,1.099765960603688,-0.3001950512645195,0.5401886645613109,68.0
1652965413.96487,-0.2366309762001037,0.515918493270874,0.0305656790733337,0.8463874459266663,0.2970404624938965,-0.4420353770256042,-1.222799301147461,-1.51750910282135,0.4771184623241424,1.0894987248751886,-0.3015917353826273,0.553623254339962,68.0
1652965413.974826,-0.2790579795837402,0.4565794169902801,0.0480989217758178,0.8407034277915955,0.2984586656093597,-0.4518186151981354,-1.2511413097381592,-1.6858839988708496,0.4922467172145843,1.0776555697720838,-0.303077301069796,0.5673719707386995,68.0
1652965413.984812,-0.3072283864021301,0.4173975586891174,0.0885612666606903,0.8341448903083801,0.3000190258026123,-0.4628077149391174,-1.2895694971084597,-1.856207013130188,0.5163462162017822,1.0642532720289946,-0.3047126007783623,0.5815168574028703,68.0
1652965413.994764,-0.3164898157119751,0.3881158232688904,0.1012052297592163,0.8266369700431824,0.3017641007900238,-0.4749840795993805,-1.2946840524673462,-2.031325340270996,0.527245819568634,1.0492640863004594,-0.3065424770613123,0.5960017033747199,68.0
1652965414.0047169,-0.2677044868469238,0.3530393838882446,0.1163626611232757,0.8180584907531738,0.3033761084079742,-0.4886136949062347,-1.2634875774383545,-2.2449817657470703,0.5829570293426514,1.032375872258907,-0.3082337493633126,0.6105155981559558,68.0
1652965414.01478,-0.255521297454834,0.3310441970825195,0.1288774609565735,0.8083014488220215,0.3046552836894989,-0.503819465637207,-1.201613426208496,-2.4389634132385254,0.6134210824966431,1.0134157936321315,-0.309576476506152,0.6248177845481346,68.0
1652965414.024828,-0.2603763341903686,0.3333297967910766,0.1590205132961273,0.7972720861434937,0.3055028021335602,-0.5206009149551392,-1.1273785829544067,-2.646714210510254,0.6662020087242126,0.9923306537943448,-0.3104664258775236,0.6387166308940015,68.0
1652965414.0346231,-0.2595381736755371,0.3026036024093628,0.15260711312294,0.7848525047302246,0.3057668805122375,-0.5389927625656128,-1.01386559009552,-2.847401857376098,0.7035650014877319,0.9690225036694696,-0.3107437902165201,0.652054571854371,68.0
1652965414.044544,-0.2722423076629638,0.2725160717964172,0.1594676375389099,0.7710826396942139,0.3054371178150177,-0.5586946606636047,-0.9381467700004578,-3.0093936920166016,0.7665652632713318,0.943777413840254,-0.3103974572451247,0.6648362691097135,68.0
1652965414.054512,-0.2596213817596435,0.2534025907516479,0.1717157959938049,0.756035566329956,0.3044347167015075,-0.5794219374656677,-0.8662924766540527,-3.149178028106689,0.8450177311897278,0.9168846953921554,-0.3093449165138595,0.6773980235200223,68.0
1652965414.064467,-0.2291101813316345,0.2275832891464233,0.1347793340682983,0.739654004573822,0.3031478524208069,-0.6008437275886536,-0.8916425704956055,-3.320089101791382,0.8763660788536072,0.8885816890683286,-0.3079942314508315,0.690185021083026,68.0
1652965414.074424,-0.2044671177864074,0.1666039228439331,0.0997754335403442,0.7216026782989502,0.3020342290401459,-0.6229484677314758,-0.8773151636123657,-3.4874343872070312,0.925539493560791,0.8586402813893037,-0.3068258106800248,0.7033271233382647,68.0
1652965414.084556,-0.1999920010566711,0.0595539212226867,0.1136956512928009,0.7019909024238586,0.3004889190196991,-0.6456897854804993,-0.7568119168281555,-3.636146068572998,0.9893323183059692,0.8271501980836372,-0.3052052315012351,0.7164468887452161,68.0
1652965414.09435,-0.2081992626190185,-0.0686771869659423,0.136838287115097,0.6808860898017883,0.2975488901138305,-0.6692225933074951,-0.554119348526001,-3.750532388687134,1.09570574760437,0.7940368626529315,-0.3021242280117965,0.7288041769287832,68.0
1652965414.104374,-0.2011512517929077,-0.1212619543075561,0.1399790048599243,0.6584572196006775,0.2927602529525757,-0.6933437585830688,-0.3253920972347259,-3.876519918441773,1.265499472618103,0.7595964227320583,-0.2971122962686939,0.7408248370363851,68.0
1652965414.114232,-0.17006915807724,-0.1076446175575256,0.1088099181652069,0.6348060965538025,0.2851872742176056,-0.7181152105331421,-0.0568488761782646,-3.9785330295562735,1.5050686597824097,0.7238985976750694,-0.2892018002481099,0.7528119806140569,68.0
1652965414.12428,-0.1588886976242065,-0.0834890007972717,0.1406658589839935,0.610258936882019,0.2743732035160064,-0.7431711554527283,0.2884363532066345,-4.005840301513672,1.732680082321167,0.687508080289505,-0.2779378345074174,0.7649068451832587,68.0
1652965414.134213,-0.1298932433128357,-0.0793088674545288,0.180521011352539,0.5850934386253357,0.259618729352951,-0.7682862877845764,0.736039400100708,-3.9794416427612314,1.937150478363037,0.6508563416203522,-0.2626273739182628,0.7765617819876044,68.0
1652965414.1441169,-0.103225827217102,-0.1425128579139709,0.1943133473396301,0.559341549873352,0.2407147288322448,-0.793217122554779,1.144820213317871,-3.916568994522095,2.0783824920654297,0.6141777825675848,-0.2431021685601473,0.7875223084257572,68.0
1652965414.154274,-0.1186355948448181,-0.182938277721405,0.1857942193746566,0.5334457755088806,0.2190214395523071,-0.8169854283332825,1.3961597681045532,-3.728959321975708,2.1104848384857178,0.5784420799625662,-0.2208114522766341,0.7979312204943496,68.0
1652965414.1642308,-0.1247733831405639,-0.2262493371963501,0.2519987821578979,0.5079521536827087,0.1958314329385757,-0.8388293385505676,1.56840980052948,-3.529837131500244,2.135494947433472,0.5444895339418274,-0.1971052224098954,0.8082317834091027,68.0
1652965414.173993,-0.1434363722801208,-0.2355134487152099,0.4598085582256317,0.4826087355613708,0.1699826866388321,-0.859182596206665,2.1056902408599854,-3.399935483932495,2.1513473987579346,0.5117867462549042,-0.1708121030364594,0.81782842072807,68.0
1652965414.183961,-0.1834701597690582,-0.2986579537391662,0.6027333736419678,0.4571518003940582,0.1376993209123611,-0.8786643743515015,3.032165050506592,-3.2368898391723637,2.1690828800201416,0.4797399400363372,-0.1381382330492438,0.8246264744392461,68.0
1652965414.193973,-0.2285859882831573,-0.3618553876876831,0.5498257875442505,0.4320619404315948,0.0978334844112396,-0.8965216279029846,3.721339702606201,-3.013216257095337,2.2374427318573,0.449088532716609,-0.0979902300027387,0.8291027620088475,68.0
1652965414.203947,-0.2572838962078094,-0.3541573882102966,0.3380549252033233,0.4077355563640594,0.0535466335713863,-0.9115286469459534,3.9722886085510254,-2.776759624481201,2.267483711242676,0.4206143904276186,-0.0535722541031561,0.8332670555315503,68.0
1652965414.213804,-0.2617023885250091,-0.3580923676490783,0.0960651934146881,0.3839558064937591,0.0087321521714329,-0.923310160636902,3.846795082092285,-2.5719778537750244,2.2388803958892822,0.3940925375918974,-0.0087322634424038,0.8383918764865896,68.0
1652965414.223969,-0.2728181481361389,-0.3717378973960876,-0.1042354851961135,0.361120730638504,-0.0336429364979267,-0.9319120049476624,3.5250048637390137,-2.3028757572174072,2.2401697635650635,0.3696888107320089,0.0336492878679772,0.8453860048632438,68.0
1652965414.233801,-0.2670472264289856,-0.4508142471313476,-0.307611346244812,0.3396638035774231,-0.0724698603153228,-0.9377508163452148,3.106130361557007,-2.051751136779785,2.2566516399383545,0.3475116557108938,0.0725334420004375,0.8547821982024312,68.0
1652965414.2437649,-0.2513757050037384,-0.5683910250663757,-0.4465613663196563,0.3195367157459259,-0.1062035411596298,-0.9416034817695618,2.5410594940185547,-1.8344998359680176,2.204140901565552,0.3271591579865028,0.1064042100999847,0.8665438546452298,68.0
1652965414.2537,-0.2513890862464905,-0.6337113380432129,-0.4865720868110657,0.3005529046058655,-0.1340944170951843,-0.9442915916442872,1.9792550802230835,-1.6673372983932495,2.0890259742736816,0.3081455610096026,0.1344995699371478,0.8799560702467257,68.0
1652965414.263651,-0.2710588276386261,-0.6054133772850037,-0.464756041765213,0.2827623188495636,-0.1556205600500106,-0.9464817643165588,1.357658863067627,-1.502914309501648,1.8910750150680544,0.2903104846138709,0.156255640761319,0.8941939035731156,68.0
1652965414.273617,-0.2868520617485046,-0.5211202502250671,-0.4419168531894684,0.2663595080375671,-0.1708761155605316,-0.9486063122749328,0.891212522983551,-1.3799564838409424,1.5939475297927856,0.2737414360806669,0.1717187971855657,0.9080215904664276,68.0
1652965414.283606,-0.2667543292045593,-0.4314947128295898,-0.4558395743370056,0.2511293292045593,-0.1818252205848693,-0.9507226943969728,0.6712868213653564,-1.302588701248169,1.296325445175171,0.2582473356635966,0.1828422995795707,0.920097652140372,68.0
1652965414.293652,-0.2570092678070068,-0.3603817820549011,-0.4974629282951355,0.2371270805597305,-0.1907084882259369,-0.952575981616974,0.6243073344230652,-1.184011697769165,1.0524873733520508,0.2439736690267291,0.1918838292757509,0.9299687789860503,68.0
1652965414.303526,-0.2614980340003967,-0.332999050617218,-0.5645759105682373,0.224587008357048,-0.1992485225200653,-0.953866183757782,0.7164883613586426,-1.0513229370117188,0.885612964630127,0.2312375849313732,0.20059100471392,0.9378979527030208,68.0
1652965414.313434,-0.268434077501297,-0.3701149225234985,-0.6217818260192871,0.2133956253528595,-0.2082352638244629,-0.9545157551765442,0.8048906326293945,-0.9270520210266112,0.7352953553199768,0.2199474815180691,0.2097703238448279,0.9442178325389398,68.0
1652965414.323423,-0.2909035682678222,-0.4168002009391784,-0.6224050521850586,0.2036080062389373,-0.2176523208618164,-0.9545528888702391,0.9040957689285278,-0.7894406318664551,0.5597794651985168,0.2101525810763126,0.2194084748095988,0.9488784631237338,68.0
1652965414.333334,-0.3058703243732452,-0.4420480728149414,-0.6082578897476196,0.1955035179853439,-0.2275117635726928,-0.9539480209350586,0.9758510589599608,-0.689292311668396,0.358209490776062,0.2021424388910558,0.2295216764183863,0.9515137765558586,68.0
1652965414.343361,-0.3104980587959289,-0.4192160964012146,-0.6051551103591919,0.1886566281318664,-0.2372826635837555,-0.9529457688331604,0.9681071043014526,-0.622555673122406,0.1520730853080749,0.1954448482249885,0.2395676611409485,0.9521355807402452,68.0
1652965414.353317,-0.3115425407886505,-0.3678244352340698,-0.621432900428772,0.1828499138355255,-0.2460750192403793,-0.9518471360206604,0.8599119782447815,-0.5785433650016785,-0.0696853995323181,0.1897880685748088,0.2486286551286078,0.9507652767468726,68.0
1652965414.363408,-0.3061336874961853,-0.3108969330787658,-0.6375988721847534,0.1779446005821228,-0.2531786859035492,-0.9509133696556092,0.7021468281745911,-0.5485668182373047,-0.2905378937721252,0.1849906764315856,0.2559645777744271,0.9474384931387608,68.0
1652965414.373199,-0.3064380884170532,-0.2842898964881897,-0.6352730989456177,0.1739002466201782,-0.2581900060176849,-0.950313925743103,0.5133922696113586,-0.519708514213562,-0.5183205008506775,0.180989925662869,0.2611482257310031,0.9422103882738658,68.0
1652965414.383203,-0.3090635538101196,-0.2495781183242797,-0.6274606585502625,0.1707120984792709,-0.2611501812934875,-0.9500831365585328,0.3314954042434692,-0.4909250736236572,-0.7073727250099182,0.1777841500127209,0.2642135325272995,0.9351912598320355,68.0
1652965414.393132,-0.3000965118408203,-0.1913042068481445,-0.6186600923538208,0.1682453006505966,-0.2619704604148865,-0.9502973556518556,0.1196569204330444,-0.4677662253379822,-0.8748648166656494,0.1752291220352115,0.2650633917051427,0.9267322208884464,68.0
1652965414.403123,-0.2919219136238098,-0.1455191373825073,-0.5975969433784485,0.166311576962471,-0.2605116069316864,-0.9510384798049928,-0.0907698273658752,-0.4602648913860321,-1.0316201448440552,0.173123077315923,0.2635520687521178,0.917027536543672,68.0
1652965414.413178,-0.2914949357509613,-0.1196749210357666,-0.5573794841766357,0.1647401601076126,-0.2570431232452392,-0.9522549510002136,-0.2584336400032043,-0.4686534404754638,-1.178919553756714,0.1713044870282527,0.2599612607123035,0.9061099685537236,68.0
1652965414.422992,-0.2940214276313782,-0.1168661117553711,-0.4887255132198334,0.1634214520454406,-0.2521192133426666,-0.9537973403930664,-0.3332312107086181,-0.4788030087947845,-1.3060420751571655,0.1696900164401002,0.2548696039561121,0.8940260588938191,68.0
1652965414.4332051,-0.2963055372238159,-0.1283481121063232,-0.426102340221405,0.1622113138437271,-0.2466882020235061,-0.9554226398468018,-0.3393603861331939,-0.4872637093067169,-1.429796576499939,0.1681759752930579,0.2492613518645957,0.8807023721992044,68.0
1652965414.442902,-0.3053876459598541,-0.1302219629287719,-0.3808431029319763,0.1611158102750778,-0.2412424832582473,-0.956997275352478,-0.2946824133396148,-0.4991057217121124,-1.5391521453857422,0.1667914695412529,0.2436459477589601,0.8662027878308339,68.0
1652965414.4529262,-0.302809864282608,-0.1341680288314819,-0.3413560092449188,0.1600181311368942,-0.2363265007734298,-0.9584069848060608,-0.1958536356687545,-0.5253334045410156,-1.649788498878479,0.1654365961068324,0.2385835089849893,0.8505103764243722,68.0
1652965414.462864,-0.2871297895908355,-0.1224207878112793,-0.2946052551269531,0.1588339060544967,-0.232646957039833,-0.9595036506652832,0.0022876812145113,-0.551983654499054,-1.7481495141983032,0.1640498997566551,0.2347984346636956,0.8334862892317628,68.0
1652965414.4728,-0.2599440813064575,-0.1009732484817504,-0.2676635980606079,0.1575728952884674,-0.2310699522495269,-0.9600924253463744,0.2528007924556732,-0.5795929431915283,-1.84528911113739,0.1626723849025567,0.2331772482558269,0.8151436806386279,68.0
1652965414.482791,-0.2423430532217025,-0.0709019899368286,-0.2414166331291198,0.15620718896389,-0.2317584156990051,-0.9601496458053588,0.505095899105072,-0.6162710785865784,-1.9483586549758911,0.1612774607912286,0.2338849313577865,0.7953892679032243,68.0
1652965414.492653,-0.2360973954200744,-0.0539989471435546,-0.231005847454071,0.1547222733497619,-0.2345855832099914,-0.9597033858299256,0.7258475422859192,-0.6577275991439819,-2.048987627029419,0.1598434509934068,0.2367922311507726,0.7742126550357618,68.0
1652965414.502872,-0.2273662686347961,-0.0438142418861389,-0.2193623185157776,0.1531475335359573,-0.2392863631248474,-0.9587950110435486,0.9223384857177734,-0.7081912755966187,-2.1450109481811523,0.158391176504916,0.2416307999135667,0.7516499045463733,68.0
1652965414.5126429,-0.2127256989479065,-0.0431068539619445,-0.205396756529808,0.1513548493385315,-0.2455767542123794,-0.9574882388114928,1.08558189868927,-0.7789098024368286,-2.2500996589660645,0.15677764394853,0.2481146210682151,0.7277424717035725,68.0
1652965414.522589,-0.213753804564476,-0.0418317317962646,-0.1960150301456451,0.1493922173976898,-0.2530511021614074,-0.9558488726615906,1.2006621360778809,-0.8289492726325989,-2.35239052772522,0.1550384373317695,0.2558327041262975,0.7025447588665765,68.0
1652965414.532655,-0.2148770242929458,-0.042414903640747,-0.1979919672012329,0.1473874002695083,-0.2611907720565796,-0.9539687037467957,1.2408716678619385,-0.8893803358078003,-2.453003406524658,0.1532872141537636,0.2642555894604934,0.6761458604221144,68.0
1652965414.542548,-0.2121087610721588,-0.0357764959335327,-0.2092743515968322,0.1452905386686325,-0.2688750922679901,-0.9521538019180298,1.1210325956344604,-0.9424129724502563,-2.5476059913635254,0.1514234122643332,0.2722249223919679,0.6487520838863895,68.0
1652965414.552487,-0.2014151215553283,-0.0161479711532592,-0.2369400262832641,0.1431570798158645,-0.2740005254745483,-0.9510151147842408,0.7035965919494629,-0.9816677570343018,-2.623272180557251,0.1494090384514821,0.2775502953803819,0.6208501066955584,68.0
1652965414.562472,-0.1785284280776977,0.0047739148139953,-0.3063937723636627,0.1408849954605102,-0.2741115987300873,-0.951322376728058,0.1004790216684341,-1.0416622161865234,-2.7343668937683105,0.147025231465653,0.2776657952211616,0.5928266603515306,68.0
1652965414.572644,-0.1605978906154632,-0.0017947554588317,-0.3618480563163757,0.1383963525295257,-0.2679126858711242,-0.9534512162208556,-0.5906321406364441,-1.076609492301941,-2.881329298019409,0.1441463121138956,0.2712258721798871,0.5644470623714434,68.0
1652965414.582395,-0.1657060235738754,-0.0099376440048217,-0.3352547585964203,0.1357682943344116,-0.2553977072238922,-0.9572559595108032,-1.1636561155319214,-1.0802414417266846,-3.021643877029419,0.1408910050203977,0.2582590384016739,0.5356137066049034,68.0
1652965414.592332,-0.1976894736289978,-0.0287151932716369,-0.2650485932826996,0.1333431750535965,-0.2383693903684616,-0.961976945400238,-1.502506136894226,-1.0083481073379517,-3.1697402000427246,0.1377360192783429,0.2406864946491801,0.5059899586195391,68.0
1652965414.602325,-0.210246279835701,-0.0258486866950988,-0.1481684148311615,0.1315414607524871,-0.2192937433719635,-0.9667508006095886,-1.5482661724090576,-0.911738395690918,-3.345917224884033,0.1352350403170083,0.2210905417952574,0.4751500323481749,68.0
1652965414.612234,-0.202995628118515,-0.0370995998382568,0.0120975375175476,0.1303180158138275,-0.2005741149187088,-0.9709722995758056,-1.3765515089035034,-0.8256477117538452,-3.5439412593841557,0.1334166609494615,0.2019439163151349,0.4423739289235748,68.0
1652965414.622178,-0.1917971968650818,-0.0707368850708007,0.1890361011028289,0.1296786665916443,-0.1843058913946151,-0.9742765426635742,-1.004568576812744,-0.7318354249000549,-3.755392074584961,0.132324747945312,0.1853656033701392,0.4073011522915294,68.0
1652965414.632204,-0.176228791475296,-0.1097751259803772,0.270462691783905,0.130086213350296,-0.1717536002397537,-0.9765133261680604,-0.5807259678840637,-0.5903080701828003,-3.959738969802856,0.1324352587942027,0.1726094396151751,0.3696485192469146,68.0
1652965414.64231,-0.1276517063379287,-0.1059902906417846,0.2605934143066406,0.1316495090723037,-0.1621284186840057,-0.9779482483863832,-0.3415447771549225,-0.4688402116298675,-4.123932838439941,0.1338136161906005,0.1628472271876311,0.3297599823331902,68.0
1652965414.652091,-0.0451962053775787,-0.0826544761657714,0.1877246648073196,0.1340939104557037,-0.1533160954713821,-0.9790367484092712,-0.3602564930915832,-0.393321543931961,-4.2620954513549805,0.1361181920397203,0.1539231723268633,0.2883304538049248,68.0
1652965414.66192,0.0216839462518692,-0.0413717627525329,0.13604137301445,0.136580228805542,-0.1434418857097625,-0.9801889061927797,-0.4710237383842468,-0.4039459526538849,-4.404815196990967,0.1384492750308112,0.1439383976098147,0.2456095273619102,68.0
1652965414.6718,0.0429648011922836,-0.0017077922821044,0.1672656834125518,0.1389199793338775,-0.1324909180402755,-0.981400728225708,-0.4803006052970886,-0.360078364610672,-4.4904303550720215,0.14061852289201,0.1328816286089593,0.2019620243375598,68.0
1652965414.681845,0.0238077789545059,-0.0041773319244384,0.2627301216125488,0.1415212005376815,-0.1223187297582626,-0.982349157333374,-0.2981238663196563,-0.2485760897397995,-4.509618282318115,0.1430796305652417,0.1226258185841548,0.1578577831856858,68.0
1652965414.691767,-0.0159255862236022,0.0055846571922302,0.4223566055297851,0.1446792483329773,-0.1144800037145614,-0.9828338027000428,0.0178215652704238,-0.1870285868644714,-4.449407577514648,0.1461565393921893,0.11473154937676,0.1134851438476442,68.0
1652965414.7017488,-0.0535526871681213,0.0043513178825378,0.5958832502365112,0.1480045765638351,-0.1105316802859306,-0.9827905893325806,0.4707986414432525,-0.1350958794355392,-4.342959403991699,0.1494730216306714,0.1107579886680809,0.069580206568739,68.0
1652965414.7118092,-0.0561943501234054,0.0218841433525085,0.6723533272743225,0.1512718796730041,-0.1100364103913307,-0.982348620891571,0.7007849216461182,-0.1608776748180389,-4.19652795791626,0.1527898602540441,0.1102596839812632,0.0263154725637127,68.0
1652965414.7216249,-0.0589480698108673,0.0800895094871521,0.6548712253570557,0.1542392075061798,-0.1115515530109405,-0.9817160964012146,0.8629011511802673,-0.156482920050621,-3.952646017074585,0.1558379186479846,0.1117842149251623,-0.015356615399429,68.0
1652965414.731615,-0.0918537080287933,0.0997180342674255,0.6086364984512329,0.1566730439662933,-0.1142517030239105,-0.981019914150238,0.8749820590019226,-0.2119760066270828,-3.5416159629821777,0.1583668759627154,0.1145017414317421,-0.0539008634401765,68.0
1652965414.7419748,-0.1323899775743484,0.0865480303764343,0.6497843861579895,0.1584367454051971,-0.1170390471816062,-0.9804078936576844,0.7545846700668335,-0.2124838083982467,-3.1192703247070312,0.1602177398472724,0.1173079131497192,-0.0881190434051117,68.0
1652965414.752137,-0.1778429895639419,0.0485191345214843,0.6745254993438721,0.1596545130014419,-0.1186020374298095,-0.980022430419922,0.4881523251533508,-0.2424877285957336,-2.7788095474243164,0.1614903960250866,0.1188818610500935,-0.1183527801685269,68.0
1652965414.762517,-0.1748174726963043,0.0704543590545654,0.6217449307441711,0.1602605879306793,-0.1170757338404655,-0.9801070690155028,0.0220903474837541,-0.2656087875366211,-2.3854317665100098,0.1620790339112115,0.1173448479054136,-0.1444080821726364,68.0
1652965414.771601,-0.1538426280021667,0.086450457572937,0.5135260820388794,0.1600224375724792,-0.1109381914138794,-0.9808595776557922,-0.5602579712867737,-0.2627496421337127,-2.005997657775879,0.1617203423822414,0.1111670193196981,-0.1654967302029887,68.0
1652965414.781649,-0.1361236423254013,0.0785253047943115,0.5093077421188354,0.1589050143957138,-0.1004942581057548,-0.982166051864624,-0.9952182769775392,-0.2935810685157776,-1.5545094013214111,0.1604004691971845,0.1006641847407526,-0.1816717080002562,68.0
1652965414.7912989,-0.1556259989738464,0.0350662469863891,0.5693628787994385,0.1575638651847839,-0.0865900889039039,-0.9837051630020142,-1.369517207145691,-0.2461810559034347,-1.2093510627746582,0.1588247907220695,0.0866986629909329,-0.1934565357560238,68.0
1652965414.801332,-0.1457584649324417,-0.0263223648071289,0.6105773448944092,0.1562412530183792,-0.0705230087041854,-0.9851980209350586,-1.5468780994415283,-0.1952179968357086,-0.8863308429718018,0.1572788674091312,0.0705815987214412,-0.2014678081914929,68.0
1652965414.811212,-0.1217619925737381,-0.063915729522705,0.6793818473815918,0.1550719439983368,-0.0543360598385334,-0.98640775680542,-1.4842015504837036,-0.1351303309202194,-0.6259013414382935,0.1559325146002413,0.0543628336599207,-0.2065359717981931,68.0
1652965414.8211908,-0.0987988114356994,-0.1023419499397277,0.7332702279090881,0.1543713212013244,-0.040155004709959,-0.9871965646743774,-1.2335113286972046,-0.0578139685094356,-0.4040237963199615,0.1551172403841321,0.0401658040546914,-0.2094901326887225,68.0
1652965414.8312,-0.0681127607822418,-0.1110873818397522,0.7271672487258911,0.154233381152153,-0.0290776304900646,-0.9876064658164978,-0.9226611256599426,0.0020584734156727,-0.1976832449436187,0.1549175307095293,0.0290817295468731,-0.2107881574892415,68.0
1652965414.841462,-0.0389629304409027,-0.0983299016952514,0.6911526322364807,0.1546092927455902,-0.0213528331369161,-0.987744927406311,-0.6230337023735046,0.0655639469623565,-0.0178961642086505,0.1552676723438111,0.0213544557318333,-0.2106470252680614,68.0
1652965414.851733,-0.0047469139099121,-0.0820603370666503,0.6064381003379822,0.1554579883813858,-0.0166096184402704,-0.9877028465270996,-0.372203379869461,0.1045137420296669,0.1356608271598816,0.1561127690505575,0.0166103817870975,-0.209288801804706,68.0
1652965414.861954,0.0362434387207031,-0.0632857084274292,0.5017366409301758,0.1565513759851455,-0.0139131359755992,-0.9875718355178832,-0.2613663375377655,0.1230440214276313,0.2619338035583496,0.1572133434925489,0.0139135845993281,-0.2068015070858929,68.0
1652965414.871793,0.0531735718250274,-0.0415381789207458,0.3788351714611053,0.1578402370214462,-0.0119376014918088,-0.9873924851417542,-0.2509424388408661,0.1469930857419967,0.3534148037433624,0.1585144830182545,0.0119378847483515,-0.2033696993901384,68.0
1652965414.881649,0.0678639113903045,-0.0333647727966308,0.2690849900245666,0.1592479199171066,-0.0099144615232944,-0.9871888160705566,-0.2945338785648346,0.1478460878133773,0.431260347366333,0.1599367267443431,0.009914624090604,-0.1990842329150998,68.0
1652965414.891062,0.0803169459104538,-0.0266505479812622,0.1821176558732986,0.1606040894985199,-0.007450302131474,-0.9869908094406128,-0.3550581932067871,0.133439615368843,0.4917415678501129,0.1613071734378346,0.007450371089242,-0.1940365001193222,68.0
1652965414.901032,0.0936687588691711,-0.0057626962661743,0.1217555850744247,0.1617481261491775,-0.0045680832117795,-0.986821472644806,-0.39051553606987,0.1053121015429496,0.5401679277420044,0.1624635573458479,0.0045680990943719,-0.188372655760296,68.0
1652965414.910783,0.1019997298717498,0.0077699422836303,0.1152010038495063,0.1625571697950363,-0.0017519067041575,-0.986697554588318,-0.3593232333660126,0.0653515383601188,0.5862860083580017,0.1632819926061,0.0017519075709661,-0.1822415364731898,68.0
1652965414.9208431,0.0963630676269531,-0.0069077610969543,0.1115845367312431,0.1630210876464843,0.000460747629404,-0.9866224527359008,-0.3018847107887268,0.0337131768465042,0.639613151550293,0.163751948143086,-0.0004607476362561,-0.1757053455602435,68.0
1652965414.930864,0.0665123760700225,-0.039025068283081,0.116738349199295,0.1633612960577011,0.0021733988542109,-0.9865639209747314,-0.2577107548713684,0.0423607267439365,0.6551852226257324,0.1640971623392988,-0.0021734006726293,-0.1688743953348596,68.0
1652965414.940642,0.0317612290382385,-0.0834394693374633,0.1260897815227508,0.1639632582664489,0.0032742375042289,-0.9864609837532043,-0.1771732866764068,0.0775911509990692,0.6655516028404236,0.1647078438396889,-0.0032742433515301,-0.1619977083515492,68.0
1652965414.9506922,0.0142900496721267,-0.1119282841682434,0.1103572100400924,0.1649702191352844,0.0034428415820002,-0.9862925410270692,-0.0736446380615234,0.1219186186790466,0.6477565169334412,0.1657288083619507,-0.0034428484188752,-0.1553234767044972,68.0
1652965414.9606528,0.024997279047966,-0.1163687109947204,0.0776380822062492,0.1663479506969452,0.0026536667719483,-0.986063539981842,0.0111163258552551,0.1551487445831298,0.6122184991836548,0.1671254466339747,-0.002653669958648,-0.1490856366062495,68.0
1652965414.97057,0.0476333200931549,-0.0851451754570007,0.0344580002129077,0.1680496782064438,0.0012780838878825,-0.9857776761054992,0.0617451518774032,0.1859170943498611,0.5575178861618042,0.1688510173513893,-0.001278084232372,-0.1433927602312755,68.0
1652965414.9805698,0.0752011686563491,-0.0460403561592102,-0.0073327496647834,0.169854998588562,-0.0002966437896247,-0.9854690432548524,0.0671830549836158,0.1665093153715133,0.5206208229064941,0.1706825348623288,0.0002966437993358,-0.1382733752824848,68.0
1652965414.99072,0.1065858453512191,-0.0049692392349243,-0.0320720076560974,0.1715513616800308,-0.0017719867173582,-0.9851735830307008,0.0694631189107894,0.1572886556386947,0.435450792312622,0.1724044379015968,0.001771987680924,-0.1336813278453335,68.0
1652965415.000488,0.1255027949810028,0.018983781337738,-0.0359973460435867,0.1728523075580597,-0.0035381757188588,-0.9849414229393004,0.1459539085626602,0.11050596088171,0.4036939144134521,0.1737259391313512,0.0035381831059463,-0.1297098719907974,68.0
1652965415.010404,0.119086742401123,0.0453033447265625,-0.0118267089128494,0.1737446933984756,-0.0061176312156021,-0.984771728515625,0.2401582300662994,0.0752714872360229,0.3728331923484802,0.1746342310882785,0.006117669441273,-0.1262537868538538,68.0
1652965415.0206618,0.0799827873706817,0.062400996685028,-0.0512838177382946,0.1744422763586044,-0.0089273629710078,-0.9846269488334656,0.190240740776062,0.0753164961934089,0.3272691667079925,0.1753463924320692,0.0089274813834649,-0.1231936929426996,68.0
1652965415.03059,0.0779938697814941,0.0553832650184631,-0.1272307932376861,0.1748442649841308,-0.0108154732733964,-0.9845367074012756,0.0835412591695785,0.0140865864232182,0.323777973651886,0.1757579890974785,0.0108156844550222,-0.120242855991381,68.0
1652965415.040515,0.0712153911590576,0.0329546928405761,-0.1163884550333023,0.174680009484291,-0.0118616754189133,-0.9845538139343262,0.0239218678325414,-0.02406532689929,0.3243835866451263,0.1755932594132824,0.0118619536581175,-0.1171214929806218,68.0
1652965415.0504708,0.0175256580114364,0.0049560666084289,-0.0854117274284362,0.174384132027626,-0.0123055549338459,-0.9846007823944092,-0.0480569824576377,-0.0288459658622741,0.3020133972167969,0.1752936920856836,0.0123058658703352,-0.1140120994413688,68.0
1652965415.060607,-0.0098718851804733,-0.0084961652755737,-0.0968031510710716,0.1740259230136871,-0.0120072728022933,-0.9846678376197816,-0.1126777902245521,-0.0378059037029743,0.2854085862636566,0.1749292547740212,0.012007561305456,-0.1109724313834261,68.0
1652965415.070366,-0.0176968574523925,-0.0221673250198364,-0.0953863188624382,0.1735501438379287,-0.0113031361252069,-0.9847601652145386,-0.1246010288596153,-0.0459908097982406,0.2765362858772278,0.1744446314159035,0.0113033764858819,-0.1079909847170881,68.0
1652965415.080532,-0.0421034693717956,-0.0317789912223815,-0.0892273634672164,0.1730696558952331,-0.010549858212471,-0.9848530888557434,-0.1296884715557098,-0.0390878990292549,0.2590667605400085,0.1739552893174666,0.0105500543158075,-0.1051270988399479,68.0
1652965415.090333,-0.0506742000579834,-0.0201895833015441,-0.0857214480638504,0.1727292537689209,-0.0096459900960326,-0.9849221110343932,-0.1321990936994552,-0.0271354168653488,0.2400436103343963,0.1736080618257815,0.0096461394409462,-0.1024303302258367,68.0
1652965415.100305,-0.0480570793151855,-0.0127326250076293,-0.0765833035111427,0.1724467426538467,-0.0089116934686899,-0.9849785566329956,-0.0946514457464218,-0.0222948566079139,0.2235796749591827,0.1733200319628501,0.008911811295627,-0.099953076187799,68.0
1652965415.110186,-0.0513780862092971,-0.006864309310913,-0.0827730298042297,0.1721514165401458,-0.0085660852491855,-0.9850332736968994,-0.0558333471417427,-0.029730349779129,0.2179304808378219,0.1730196817612409,0.008566190037325,-0.0976470088371352,68.0
1652965415.120172,-0.0413667410612106,0.0055925250053405,-0.0786963701248169,0.1717683672904968,-0.0085839079692959,-0.9850999712944032,-0.0225092116743326,-0.0431295111775398,0.1993674486875534,0.1726308605761516,0.0085840138304417,-0.0955544741006966,68.0
1652965415.1306071,-0.0408234894275665,0.0213987827301025,-0.0965652167797088,0.1712556034326553,-0.0085373213514685,-0.9851896166801452,-0.0671756193041801,-0.0333626866340637,0.1837427914142608,0.1721103000204849,0.0085374247051514,-0.0934470761400937,68.0
1652965415.140126,-0.040819227695465,0.0182743668556213,-0.1154664009809494,0.1707325577735901,-0.0080077173188328,-0.9852848649024964,-0.0973761305212974,-0.0717742592096328,0.1884930729866027,0.171578656719394,0.008007803041158,-0.0914938486745851,68.0
1652965415.150058,-0.0239597260951995,0.0095323324203491,-0.0937061011791229,0.1698642671108245,-0.0075359661132097,-0.9854386448860168,-0.061628520488739,-0.0902230441570282,0.1842417269945144,0.1706968296320647,0.0075360372890509,-0.0895168667337013,68.0
1652965415.160056,-0.0430949330329895,-0.0042942762374877,-0.0779462680220604,0.1689952164888382,-0.0073961387388408,-0.9855891466140748,-0.0356168895959854,-0.0802670791745185,0.1761158853769302,0.1698148286852169,0.007396206065135,-0.0876711989684284,68.0
1652965415.169993,-0.0536050796508789,-0.0117451548576354,-0.0979042425751686,0.1681375503540039,-0.007213557139039,-0.985737144947052,-0.0678159072995185,-0.0843956694006919,0.1521178632974624,0.1689444515333201,0.0072136196072878,-0.085996258170005,68.0
1652965415.179916,-0.0546728372573852,-0.0091972351074218,-0.116409882903099,0.1672674566507339,-0.0066064768470823,-0.9858894348144532,-0.1114688441157341,-0.0889992117881774,0.1413541734218597,0.1680611243595509,0.0066065247797485,-0.0844049544938899,68.0
1652965415.1899328,-0.0535572618246078,0.0019216537475585,-0.0917461737990379,0.1657551527023315,-0.0067187948152422,-0.9861440658569336,-0.1609782129526138,-0.0794687718152999,0.1233301982283592,0.1665274986050627,0.0067188453102642,-0.0828953041928221,68.0
1652965415.200035,-0.0594797730445861,0.0199987292289733,-0.0703631490468978,0.1638041138648986,-0.0080670248717069,-0.9864599108695984,-0.2000321298837661,-0.0686406195163726,0.0918151512742042,0.1645510335817399,0.0080671127075038,-0.0815161660571673,68.0
1652965415.209801,-0.0464702099561691,0.0359042286872863,-0.0489784032106399,0.1619945019483566,-0.0100578516721725,-0.9867404103279114,-0.2232610136270523,-0.0694674327969551,0.0744995847344398,0.1627198179275828,0.0100580211975206,-0.0803194524625103,68.0
1652965415.219781,-0.0263901352882385,0.040002167224884,-0.0342792309820652,0.1601791828870773,-0.0125347366556525,-0.9870083332061768,-0.1924298703670501,-0.080293983221054,0.056110456585884,0.1608849338274704,0.0125350645497456,-0.0793522693856141,68.0
