1652967535.464771,-0.0640007853507995,0.0211647748947143,-0.0038915891200304,-0.2989295423030853,0.0196997374296188,-0.9540718197822572,0.2285775244235992,0.1999638676643371,0.1237039864063263,-0.3036315159498703,-0.0197010117742098,-0.0766799486860446,71.0
1652967535.474748,-0.0953893065452575,-0.0279983878135681,-0.0004442483186721,-0.2967005968093872,0.0185869913548231,-0.9547896385192872,0.0881839320063591,0.2674342691898346,0.1490788459777832,-0.3012895020650099,-0.0185880615432186,-0.0749001201383936,71.0
1652967535.484819,-0.100754290819168,-0.1019673943519592,0.0275676976889371,-0.2938075363636017,0.0187732689082622,-0.955680251121521,-0.0171588696539402,0.3320391178131103,0.1771068274974823,-0.2982619178156916,-0.0187743714229207,-0.0732728995519425,71.0
1652967535.49466,-0.0802058577537536,-0.1972636580467224,0.0620223879814147,-0.2905064821243286,0.0198563206940889,-0.9566670060157776,-0.085755243897438,0.3444065749645233,0.1869623959064483,-0.2948159788314903,-0.0198576263590753,-0.0716906787693903,71.0
1652967535.504699,-0.0662832856178283,-0.3148511052131653,0.1054611206054687,-0.2872781753540039,0.021324198693037,-0.9576098322868348,-0.0850774720311164,0.3313766419887543,0.1829025149345398,-0.2914522304268472,-0.0213258159187294,-0.0702076453479035,71.0
1652967535.514594,-0.0735310614109039,-0.4364165663719177,0.1641123592853546,-0.2841655313968658,0.0218312833458185,-0.9585266709327698,0.091859757900238,0.3120812475681305,0.1506963670253753,-0.2882066316321633,-0.0218330183174932,-0.0686005439884434,71.0
1652967535.52455,-0.0938124656677246,-0.5421884059906006,0.2224148660898208,-0.2814317643642425,0.0202304441481828,-0.9593679904937744,0.3242691159248352,0.2529814839363098,0.1337502151727676,-0.2853458742230469,-0.0202318237883377,-0.0666770851052355,71.0
1652967535.534483,-0.0700047314167022,-0.634309709072113,0.2964318990707397,-0.279375821352005,0.0167700443416833,-0.9600353837013244,0.4748191833496094,0.146698996424675,0.1453213840723037,-0.2831849097839848,-0.0167708295664033,-0.0642090194262222,71.0
1652967535.5443568,-0.0053290724754333,-0.6849306225776672,0.3189435303211212,-0.2791711091995239,0.012095927260816,-0.9601652026176452,0.5579633712768555,-0.1143199875950813,0.1027576476335525,-0.2829520640125565,-0.0120962226065126,-0.0614986100910123,71.0
1652967535.55467,0.0248599350452423,-0.6851043105125427,0.2659724354743957,-0.2814517915248871,0.0071141519583761,-0.9595490097999572,0.5082296133041382,-0.3593398630619049,0.021099004894495,-0.2853141550634401,-0.0071142118862156,-0.0593973579582559,71.0
1652967535.564292,0.0202380716800689,-0.661363959312439,0.2321274876594543,-0.2858173549175262,0.0027510959189385,-0.9582801461219788,0.3965063989162445,-0.5445585250854492,-0.0508617796003818,-0.2898603930807818,-0.0027510992868628,-0.0582881332047139,71.0
1652967535.574347,0.0319754779338836,-0.6397385001182556,0.2660966217517853,-0.291985273361206,-0.0009598529431968,-0.9564223289489746,0.3282117545604706,-0.7398550510406494,-0.1302357017993927,-0.2963020558803122,0.0009598530702573,-0.0581058282001141,71.0
1652967535.58428,0.0480966567993164,-0.6307590007781982,0.3391121923923492,-0.299759954214096,-0.0046089845709502,-0.9540035128593444,0.3384463489055633,-0.8841485977172852,-0.2152449339628219,-0.3044443676593448,0.0046090007607065,-0.0587666293556812,71.0
1652967535.594248,0.0647521317005157,-0.6216378808021545,0.3942990005016327,-0.308663934469223,-0.0087093645706772,-0.951131284236908,0.3684876263141632,-0.9958748817443848,-0.3162799179553985,-0.3138003699223537,0.0087094744544138,-0.0601804352188362,71.0
1652967535.604281,0.0926588773727417,-0.5969645977020264,0.390372484922409,-0.3185652792453766,-0.0135108567774295,-0.947804629802704,0.3937036991119385,-1.1027390956878662,-0.4287129342556,-0.3242462082648934,0.0135112680449212,-0.0625137676958459,71.0
1652967535.614194,0.1197358965873718,-0.539605975151062,0.3743208944797516,-0.3293154239654541,-0.0186079759150743,-0.944036602973938,0.3467170000076294,-1.2002544403076172,-0.5282437801361084,-0.3356388626396843,0.0186090497410135,-0.0658220365527571,71.0
1652967535.624308,0.1464471518993377,-0.4744267463684082,0.3442148864269256,-0.34107306599617,-0.0235208887606859,-0.9397425055503844,0.2864032685756683,-1.3338922262191772,-0.6407820582389832,-0.3481585812700962,0.0235230589486596,-0.0702497502858986,71.0
1652967535.634102,0.1565523445606231,-0.4170255064964294,0.2972449660301208,-0.353894293308258,-0.0282935220748186,-0.9348573684692384,0.226948469877243,-1.4517641067504885,-0.7456411123275757,-0.3618831448742425,0.0282972980628364,-0.0758542785842335,71.0
1652967535.644116,0.1543603539466858,-0.3575820326805115,0.2508240044116974,-0.3677088022232055,-0.0328826829791069,-0.9293594360351562,0.1559938639402389,-1.5697462558746338,-0.8085425496101379,-0.3767579561919835,0.0328886111814939,-0.0824161470050258,71.0
1652967535.654026,0.149027943611145,-0.272965669631958,0.193985179066658,-0.3824722468852997,-0.0372316017746925,-0.9232165813446044,0.1262045502662658,-1.6902674436569214,-0.8448137044906616,-0.3927577092253442,0.0372402086460587,-0.0895166194902088,71.0
1652967535.663978,0.1293874979019165,-0.2077102661132812,0.128365471959114,-0.3980032801628113,-0.0420464687049388,-0.9164199233055116,0.2176337987184524,-1.75322687625885,-0.8634881377220154,-0.4097233180138102,0.0420588689342704,-0.0967648038352296,71.0
1652967535.673902,0.0923754572868347,-0.2019866108894348,0.1043743193149566,-0.413435697555542,-0.0480388328433036,-0.9092652201652528,0.3358941376209259,-1.729920506477356,-0.8152047991752625,-0.4267490229716162,0.0480573280179881,-0.1033057203415902,71.0
1652967535.6838431,0.1042273342609405,-0.1525254249572754,0.1157398670911789,-0.4286597669124603,-0.0546589121222496,-0.9018110632896424,0.412492036819458,-1.736039638519287,-0.7194383144378662,-0.4437192869275029,0.054686164480738,-0.1086262727247543,71.0
1652967535.694162,0.1524062156677246,-0.0826198458671569,0.0788027793169021,-0.4440169930458069,-0.0611788444221019,-0.8939273357391357,0.3520649075508117,-1.80372416973114,-0.6847309470176697,-0.4610070651629183,0.0612170743246745,-0.1131658173667539,71.0
1652967535.703792,0.1908117532730102,-0.0152496099472045,0.0044427067041397,-0.46000736951828,-0.0665764808654785,-0.8854156136512756,0.1291005462408065,-1.905373692512512,-0.7366965413093567,-0.4791558407448567,0.0666257615601808,-0.1183475801999081,71.0
1652967535.713834,0.201643168926239,0.0601905584335327,-0.070256620645523,-0.4765303134918213,-0.0699868947267532,-0.8763678669929504,-0.1653886139392852,-1.9629288911819456,-0.7661966681480408,-0.4980367418535935,0.0700441553320624,-0.1250621563095607,71.0
1652967535.723781,0.1991532146930694,0.1637287139892578,-0.1117918193340301,-0.4929917752742767,-0.0706727504730224,-0.867158830165863,-0.517575204372406,-1.942958116531372,-0.7497536540031433,-0.5169460778484231,0.0707317114934861,-0.1333171925474864,71.0
1652967535.73368,0.1985061168670654,0.2418122887611389,-0.1533006429672241,-0.5090225338935852,-0.0685010850429534,-0.8580231070518494,-0.848049521446228,-1.9150748252868648,-0.7329261898994446,-0.5354417418630248,0.0685547717817455,-0.14320804694397,71.0
1652967535.743638,0.1948328614234924,0.3106323480606079,-0.1843172013759613,-0.5247279405593872,-0.0638669654726982,-0.8488707542419434,-1.1070606708526611,-1.878007173538208,-0.721867561340332,-0.5536569952498531,0.0639104648620514,-0.1544976488200902,71.0
1652967535.7536511,0.1712373495101928,0.3827947378158569,-0.1802443265914917,-0.5395693778991699,-0.0578995607793331,-0.8399479985237122,-1.1465414762496948,-1.7439873218536377,-0.6503555178642273,-0.5710028065261029,0.0579319580421064,-0.1664122106002334,71.0
1652967535.763764,0.154276430606842,0.4480226039886474,-0.1193321645259857,-0.5531564950942993,-0.0526038631796836,-0.8314149379730225,-0.913833737373352,-1.6091228723526,-0.5963376760482788,-0.5870693174642074,0.0526281542901616,-0.1772968965864463,71.0
1652967535.773587,0.1413061022758484,0.5135791301727295,-0.0356110632419586,-0.5654395222663879,-0.0495177097618579,-0.8233020305633545,-0.590096652507782,-1.4341601133346558,-0.5151354074478149,-0.6018082927458098,0.0495379697683818,-0.1860913934287485,71.0
1652967535.7835522,0.1424541473388672,0.5747434496879578,-0.0044212900102138,-0.5763683915138245,-0.0486487559974193,-0.8157406449317932,-0.3128558397293091,-1.3100906610488892,-0.4758218228816986,-0.615113991389792,0.048667966362566,-0.1926815606273685,71.0
1652967535.793584,0.1504150629043579,0.6509876251220703,-0.0828510522842407,-0.5862519145011902,-0.0493205413222312,-0.808626115322113,-0.2047874331474304,-1.1865261793136597,-0.4461677968502044,-0.6273065765292573,0.0493405594521073,-0.1978503349797103,71.0
1652967535.803413,0.1591055393218994,0.7661232948303223,-0.182507574558258,-0.595049262046814,-0.0499753132462501,-0.8021339774131775,-0.2845833599567413,-1.0572665929794312,-0.4134644269943237,-0.6382535268215114,0.0499961380914265,-0.2027152314823773,71.0
1652967535.813404,0.1795659065246582,0.9098106622695924,-0.2459283769130706,-0.6028753519058228,-0.0494664795696735,-0.79630047082901,-0.4442081749439239,-0.967535674571991,-0.3981126248836517,-0.6480266587326136,0.0494866748752102,-0.2081391230590379,71.0
1652967535.823299,0.1887480616569519,1.0486851930618286,-0.3116488456726074,-0.6097991466522217,-0.0477414093911647,-0.7911168336868286,-0.5902825593948364,-0.8086238503456116,-0.3722373843193054,-0.6566857529131866,0.0477595639839415,-0.2143078462067321,71.0
1652967535.833492,0.1768341660499572,1.1008938550949097,-0.343740850687027,-0.6150819659233093,-0.0445495247840881,-0.7872036695480347,-0.7493017315864563,-0.5754358768463135,-0.3118177056312561,-0.6632653919300682,0.0445642738979176,-0.2211117007174366,71.0
1652967535.843209,0.1710004210472107,1.1236392259597778,-0.3299378454685211,-0.618464469909668,-0.0401335470378398,-0.7847872376441956,-0.8375427722930908,-0.3196287155151367,-0.2858944237232208,-0.6674219125713587,0.0401443305349123,-0.2283977774856625,71.0
1652967535.853235,0.1686871647834777,1.119735598564148,-0.319751113653183,-0.6198439002037048,-0.035198800265789,-0.7839353680610657,-0.8602089285850525,-0.057121992111206,-0.2683820128440857,-0.6690335980443766,0.0352060724003581,-0.2357955398375799,71.0
1652967535.863094,0.1471160650253296,1.1536856889724731,-0.3130304515361786,-0.6190705299377441,-0.0300938952714204,-0.7847586274147034,-0.8603191375732422,0.2367920279502868,-0.2545035183429718,-0.6679158285000968,0.030098439295466,-0.2431718999293643,71.0
1652967535.87316,0.1189417243003845,1.1926724910736084,-0.2773448228836059,-0.615874707698822,-0.0250843670219182,-0.7874446511268616,-0.7929241061210632,0.5656543374061584,-0.2362217009067535,-0.6637418354320607,0.0250869974750263,-0.2501968791299447,71.0
1652967535.8830771,0.1089099049568176,1.2162551879882812,-0.2416065037250518,-0.6100543141365051,-0.02061577886343,-0.7920913696289062,-0.7002569437026978,0.8970066905021667,-0.2172458916902542,-0.656292816573279,0.0206172386771478,-0.2566141505455023,71.0
1652967535.893034,0.1354952454566955,1.2367324829101562,-0.2198059260845184,-0.6020175814628601,-0.0170104391872882,-0.798301637172699,-0.5427024364471436,1.135799765586853,-0.2060832530260086,-0.6461345537513126,0.017011260520951,-0.2620221458356196,71.0
1652967535.903121,0.1547834277153015,1.2158217430114746,-0.2207826673984527,-0.5921308994293213,-0.0145078375935554,-0.8057111501693726,-0.4065887928009033,1.3383296728134155,-0.2149154543876648,-0.6337779647638512,0.0145083465969987,-0.2665307635804739,71.0
1652967535.912974,0.1499781012535095,1.175447940826416,-0.2482958436012268,-0.5804133415222168,-0.0124615719541907,-0.8142266273498535,-0.3970541357994079,1.5652834177017212,-0.1676403582096099,-0.6192915640887213,0.0124618942097267,-0.2703919592917208,71.0
1652967535.922929,0.1541735529899597,1.1518173217773438,-0.2671458721160888,-0.5667102336883545,-0.0096943024545907,-0.8238601684570312,-0.4627033472061157,1.794056057929993,-0.0862438529729843,-0.6025398145802981,0.0096944546073663,-0.2738418341375679,71.0
1652967535.9329991,0.1755561828613281,1.1028411388397217,-0.2817607223987579,-0.5511360764503479,-0.0060810726135969,-0.8343932032585144,-0.496263176202774,1.9614391326904297,-0.0423874482512474,-0.583737388797863,0.0060811101248814,-0.2770264643647993,71.0
1652967535.942826,0.1755576133728027,1.018538236618042,-0.2507917582988739,-0.534062922000885,-0.0019547813571989,-0.8454424738883972,-0.5038909912109375,2.131359577178955,-0.0012674424797296,-0.5634001485144403,0.0019547826060943,-0.2799475708882188,71.0
1652967535.952674,0.1493520140647888,0.9516407251358032,-0.1880944371223449,-0.5149222016334534,0.0020135294180363,-0.857234537601471,-0.4235919415950775,2.3915414810180664,0.0072536068037152,-0.5409180796795868,-0.0020135307275636,-0.2823241161080646,71.0
1652967535.962563,0.1503842771053314,0.8633976578712463,-0.1205416321754455,-0.4932340979576111,0.0049410769715905,-0.8698825836181641,-0.2494595646858215,2.645615100860596,0.0137629052624106,-0.5158105673802545,-0.004941097148477,-0.283927200572692,71.0
1652967535.972528,0.2067534327507019,0.7615877985954285,-0.0369617193937301,-0.469265729188919,0.0065814908593893,-0.8830324411392212,-0.0861438661813736,2.8312692642211914,0.0541446842253208,-0.4884706107060881,-0.0065815383515195,-0.2844451742169451,71.0
1652967535.982528,0.2854818105697632,0.6813896894454956,0.0343891382217407,-0.4437155127525329,0.0068096169270575,-0.8961418271064758,0.0976430177688598,2.927534818649292,0.0771509334444999,-0.4597518997779234,-0.0068096695761203,-0.2838322368451246,71.0
1652967535.992457,0.3442811369895935,0.6041503548622131,0.0558442324399948,-0.4171419441699981,0.0058470801450312,-0.908822536468506,0.1864549070596695,2.9888195991516118,0.1113770753145217,-0.4303061590079225,-0.0058471132623461,-0.2823560429402654,71.0
1652967536.002564,0.3877370655536651,0.5528197884559631,0.05239999294281,-0.3896445035934448,0.0047136796638369,-0.9209532737731934,0.1547297239303589,3.0427303314208984,0.1409831792116165,-0.4002502580285152,-0.0047136971427235,-0.2804552823322299,71.0
1652967536.012445,0.4212387502193451,0.5256801843643188,0.0375970304012298,-0.3614701628684997,0.0045325173996388,-0.9323726892471312,-0.0358697734773159,3.0427308082580566,0.097767524421215,-0.3698481675066393,-0.0045325331114128,-0.2790398736431626,71.0
1652967536.02238,0.4560535848140716,0.5083305239677429,0.0063546448945999,-0.3334798216819763,0.0067679472267627,-0.9427329301834106,-0.4232934117317199,2.9486043453216557,0.0341952107846736,-0.3400003752254881,-0.0067679987474298,-0.2791779681439655,71.0
1652967536.0328689,0.4692158102989197,0.5448864102363586,0.0077486187219619,-0.3059926033020019,0.0130033604800701,-0.9519450664520264,-0.872656524181366,2.893143892288208,-0.0226463470607996,-0.3110080534375367,-0.0130037270218058,-0.2811897990596939,71.0
1652967536.042662,0.4348030388355255,0.4881365895271301,0.0535003840923309,-0.2786446213722229,0.0222442746162414,-0.960136651992798,-1.0781995058059692,2.856457471847534,-0.1103326380252838,-0.2824543689237066,-0.0222461091964755,-0.2847063329249149,71.0
1652967536.0523849,0.3739809393882751,0.3000023365020752,0.1467653512954712,-0.2509036064147949,0.0320066399872303,-0.9674828052520752,-0.9923759698867798,2.9440739154815674,-0.1589267998933792,-0.2537464893991867,-0.0320121089076913,-0.2888071698813794,71.0
1652967536.062439,0.3253376483917236,0.1131812334060669,0.2876935303211212,-0.2220357060432434,0.0399584732949733,-0.9742194414138794,-0.7071925401687622,3.0382957458496094,-0.1452024281024933,-0.2240838216971492,-0.0399691154128459,-0.2923503315243408,71.0
1652967536.072315,0.3153672814369201,-0.0056775212287902,0.3721835613250732,-0.1918779611587524,0.0449002012610435,-0.9803911447525024,-0.3841814696788788,3.159799814224243,-0.14437897503376,-0.1932726904310728,-0.0449153025008565,-0.2948538743655235,71.0
1652967536.0821471,0.3601144552230835,-0.0347614288330078,0.286482036113739,-0.1606668680906295,0.0477465130388736,-0.9858531355857848,-0.2757104039192199,3.215298891067505,-0.114000454545021,-0.1615521323179677,-0.0477646749750878,-0.2967287883163592,71.0
1652967536.0922,0.4331640899181366,-0.0558691620826721,0.1444332748651504,-0.1294989883899688,0.050879243761301,-0.9902733564376832,-0.4077898561954498,3.1070868968963623,-0.0788595154881477,-0.1300330648907486,-0.0509012217784843,-0.2981735899828357,71.0
1652967536.102215,0.462688684463501,-0.0650760531425476,0.0517159067094326,-0.0995295643806457,0.0562858283519744,-0.99344140291214,-0.6980444192886353,2.970104455947876,0.0090878810733556,-0.0998534481370766,-0.0563155898909285,-0.2991866178145455,71.0
1652967536.11216,0.4090917408466339,-0.1400251388549804,0.0090216100215911,-0.0704840198159217,0.0647088885307312,-0.9954118728637696,-0.9968119859695436,2.898796796798706,0.1519848406314849,-0.0706909116795073,-0.0647541331161965,-0.2991045660880419,71.0
1652967536.122108,0.3196872770786285,-0.2046726942062378,-0.0263303518295288,-0.0413212515413761,0.0761503279209137,-0.9962397813796996,-1.2644587755203247,2.9585845470428467,0.3228233754634857,-0.0414534558352301,-0.0762241208640938,-0.2973695786975015,71.0
1652967536.132066,0.2491667568683624,-0.2886074185371399,-0.0431817173957824,-0.0115722185000777,0.0896295011043548,-0.9959079623222352,-1.4197317361831665,2.9731411933898926,0.4513001143932342,-0.0116192444377809,-0.0897499422338702,-0.293864029461135,71.0
1652967536.1419868,0.2077865451574325,-0.3732366561889648,-0.0196416303515434,0.0187148656696081,0.1042211130261421,-0.9943780303001404,-1.525460720062256,3.038510322570801,0.5799003839492798,0.018818453071711,-0.1044107203906624,-0.2886377311198124,71.0
1652967536.152192,0.212597519159317,-0.4506644010543823,0.0323756858706474,0.0497467927634716,0.1192967146635055,-0.9916115999221802,-1.5593379735946655,3.0828452110290527,0.6641321778297424,0.0501255959568325,-0.1195815050023632,-0.281829240428799,71.0
1652967536.161969,0.2748691737651825,-0.5610576272010803,0.095556691288948,0.0804927200078964,0.133981317281723,-0.9877094626426696,-1.508182406425476,2.96716833114624,0.6860330700874329,0.08131463714821,-0.1343854373611738,-0.2739919657043256,71.0
1652967536.171936,0.3271400928497314,-0.6041929125785828,0.1596428900957107,0.1094900965690612,0.1475165635347366,-0.9829805493354796,-1.3620041608810425,2.739630699157715,0.6445966958999634,0.1109285736543961,-0.1480568958723206,-0.2659083749485606,71.0
1652967536.181968,0.325672447681427,-0.5995250940322876,0.2289122939109802,0.1359974145889282,0.1589966863393783,-0.9778674840927124,-1.1321436166763306,2.4946281909942627,0.5593947768211365,0.1381891098933771,-0.1596743270204685,-0.2582765458846912,71.0
1652967536.1917992,0.2769726514816284,-0.5967637896537781,0.2503650188446045,0.1598558872938156,0.1679089218378067,-0.9727551937103271,-0.8702074885368347,2.268563032150269,0.4334450960159302,0.1628773404077476,-0.1687080958421432,-0.2518617932970252,71.0
1652967536.2018251,0.224884882569313,-0.622968852519989,0.2264500856399536,0.1820364594459533,0.1748408526182174,-0.9676225781440736,-0.7139663696289062,2.182945966720581,0.4220595061779022,0.1859541227900611,-0.1757441220515609,-0.2463314727662374,71.0
1652967536.211762,0.2580845654010772,-0.6433227062225342,0.2275548875331878,0.2030970454216003,0.1806787848472595,-0.9623444080352784,-0.6803239583969116,2.0299336910247803,0.4555551409721374,0.2079919145682026,-0.1816765523214759,-0.240589458434647,71.0
1652967536.221698,0.3256634771823883,-0.6192312240600586,0.2293787449598312,0.2224779725074768,0.1861486434936523,-0.9570016860961914,-0.6723818182945251,1.852570652961731,0.4425829350948334,0.2284167777838573,-0.1872408096422788,-0.2345996782220663,71.0
1652967536.2316751,0.3570502400398254,-0.5672003626823425,0.1646139025688171,0.2401024401187896,0.1919382512569427,-0.9515831470489502,-0.7650853991508484,1.6922999620437622,0.3788242042064667,0.247159988672628,-0.1931367414092787,-0.2288303211933654,71.0
1652967536.241585,0.3569677174091339,-0.5358840823173523,0.1169925779104232,0.2560388147830963,0.1993068754673004,-0.945896863937378,-0.9781603813171388,1.5395734310150146,0.2969560921192169,0.2643489180628628,-0.2006505522887548,-0.2232795708572418,71.0
1652967536.2516751,0.32392019033432,-0.5078948140144348,0.1251812577247619,0.2703485786914825,0.2090930789709091,-0.9397827982902528,-1.237340807914734,1.4097634553909302,0.1947546452283859,0.2801080791152173,-0.2106474461540564,-0.2178075777045972,71.0
1652967536.261557,0.2409771680831909,-0.4731617569923401,0.1502934396266937,0.2834063470363617,0.2206477671861648,-0.93327134847641,-1.2956806421279907,1.3407679796218872,0.0808530300855636,0.2948201868132807,-0.2224785597422094,-0.2127734874106836,71.0
1652967536.271517,0.1212494671344757,-0.4850237965583801,0.2115096449851989,0.2961394190788269,0.2315903604030609,-0.9266430735588074,-1.0638439655303955,1.3975894451141355,0.0332729965448379,0.3093246826484748,-0.2337121772286638,-0.208648060782314,71.0
1652967536.281458,0.0582398474216461,-0.5403630137443542,0.3010439574718475,0.3100767433643341,0.2393613308668136,-0.9200862050056458,-0.6600157618522644,1.5923864841461182,0.1253130584955215,0.3250544314362503,-0.2417080058306445,-0.2051894149422144,71.0
1652967536.291421,0.1712707877159118,-0.5451779365539551,0.3674317598342895,0.3248534500598907,0.2431486994028091,-0.9139742851257324,-0.2946460247039795,1.5142695903778076,0.2013244777917862,0.3415036158022624,-0.2456106626801925,-0.2019632101971336,71.0
1652967536.301404,0.3181957602500915,-0.5692979693412781,0.3180678486824035,0.3379473984241485,0.2439896911382675,-0.9089887738227844,-0.0742352753877639,1.2632496356964111,0.1907569319009781,0.3559480908043993,-0.2464777627110143,-0.1994496257925715,71.0
1652967536.311504,0.3158170282840729,-0.6164149045944214,0.1679087579250335,0.3488710522651672,0.2444295436143875,-0.9047337770462036,-0.1970006078481674,1.0825077295303345,0.1570018976926803,0.3680367893158783,-0.2469313495139353,-0.1974114125903874,71.0
1652967536.321447,0.2248356640338897,-0.6148452758789062,0.0446679145097732,0.3585688471794128,0.2470649182796478,-0.9002151489257812,-0.534063994884491,0.983048379421234,0.1790452301502227,0.3790526060839822,-0.2496501037155665,-0.1944519743432018,71.0
1652967536.331285,0.1833750605583191,-0.5794288516044617,-0.0032573342323303,0.367207795381546,0.2527690827846527,-0.8951347470283508,-0.8819524645805359,0.8412814140319824,0.1775109767913818,0.3892909412948692,-0.2555412260319548,-0.1899578232374879,71.0
1652967536.341178,0.1886528432369232,-0.5265922546386719,0.0163338780403137,0.3741675615310669,0.2609793841838836,-0.8898811340332031,-1.077388048171997,0.6348738074302673,0.1299646198749542,0.3980267394245684,-0.2640366217812974,-0.1845577496091575,71.0
1652967536.351217,0.1637552082538604,-0.4679152369499206,0.0814709067344665,0.3790914416313171,0.2701374292373657,-0.8850511312484741,-1.0571554899215698,0.4654363393783569,0.0563907958567142,0.4046854224347111,-0.2735357554988893,-0.1793336518043721,71.0
1652967536.361157,0.0683754980564117,-0.4406909942626953,0.1496423184871673,0.3830710053443908,0.2785956263542175,-0.8807048797607422,-0.8720874190330505,0.4495293200016022,-0.0115481568500399,0.4102761542250865,-0.2823315434159356,-0.1751312933365563,71.0
1652967536.371121,-0.0182314813137054,-0.4342399835586548,0.1807284653186798,0.3874635994434356,0.2848782539367676,-0.876764714717865,-0.5280743837356567,0.5726603269577026,-0.0207243449985981,0.4161179019183646,-0.2888794302653502,-0.1723806654073227,71.0
1652967536.3810449,-0.0222649872303009,-0.471170425415039,0.1909967064857483,0.3928399085998535,0.287778377532959,-0.8734188079833984,-0.1298025995492935,0.6583192348480225,-0.0056368904188275,0.4226648589276488,-0.2919062649792514,-0.1711174774951266,71.0
1652967536.391132,0.0434276461601257,-0.4930844902992248,0.1935840249061584,0.3983447849750519,0.2875256240367889,-0.8710054159164429,0.1801430135965347,0.6005203723907471,-0.0249911472201347,0.4289402703529558,-0.291642353734482,-0.1713665375781341,71.0
1652967536.400954,0.0980724990367889,-0.5030425786972046,0.1259134113788604,0.4029650390148163,0.2853567600250244,-0.8695922493934631,0.3126562535762787,0.4748727083206177,-0.0259443297982215,0.4339375254643196,-0.2893786446851047,-0.1727428705645884,71.0
1652967536.4109569,0.0960650146007537,-0.4721579551696777,0.0131010115146636,0.4063611030578613,0.2831789255142212,-0.8687233924865723,0.1916067898273468,0.3316207528114319,-0.0062856739386916,0.4375312492742629,-0.2871071057693725,-0.1740784922252388,71.0
1652967536.420913,0.0862713456153869,-0.4170399308204651,-0.0688138008117675,0.4087085127830505,0.2822690308094024,-0.8679179549217224,-0.0213225223124027,0.1867226660251617,0.055056132376194,0.4401033884173302,-0.2861585039308205,-0.1742259991460493,71.0
1652967536.430863,0.0841710269451141,-0.3244534134864807,-0.0821778178215026,0.4097711741924286,0.2834107577800751,-0.8670443892478943,-0.3012987673282623,0.0160191152244806,0.075126513838768,0.4414939999873861,-0.2873488380413945,-0.1728808258311909,71.0
1652967536.4407558,0.0840101242065429,-0.2609888911247253,-0.0631355643272399,0.4095354080200195,0.2865700721740722,-0.8661168217658997,-0.4882411658763885,-0.1119157895445823,0.0850609391927719,0.4416851757325147,-0.2906448445224793,-0.1703634537244005,71.0
1652967536.450804,0.0753290355205535,-0.2262342572212219,-0.036956787109375,0.4084203243255615,0.2909088730812073,-0.8651964068412781,-0.5877757668495178,-0.1938615143299102,0.0720553919672966,0.4410427730946687,-0.2951766653734919,-0.1671806793088814,71.0
1652967536.460841,0.0535551309585571,-0.1988523602485656,0.018484741449356,0.4068482518196106,0.2957700192928314,-0.8642885088920593,-0.5782711505889893,-0.2006691992282867,0.0363601744174957,0.4399602818599326,-0.3002614983239302,-0.1640683989136033,71.0
1652967536.470674,0.0317035913467407,-0.1748351454734802,0.0714609920978546,0.405414879322052,0.3002889156341553,-0.8634033799171448,-0.4866024553775787,-0.1439694464206695,0.0121815986931324,0.4389958844735971,-0.3049955275827944,-0.1614680669643326,71.0
1652967536.48063,0.0339408218860626,-0.1627104878425598,0.0933804512023925,0.40450519323349,0.3038364052772522,-0.8625885844230652,-0.3264416754245758,-0.0733774527907371,-0.008766371756792,0.4384950726262169,-0.3087168647260971,-0.1596060657683788,71.0
1652967536.490601,0.0551163852214813,-0.1343001127243042,0.1075689196586608,0.4039442539215088,0.3055780529975891,-0.8622360825538635,-0.047736819833517,-0.053253274410963,-0.0423024930059909,0.4381188671549351,-0.3105454743457515,-0.158974662106113,71.0
1652967536.500562,0.0637312829494476,-0.0917749404907226,0.1328954100608825,0.4032334089279175,0.3051844835281372,-0.8627080917358398,0.1795325428247451,-0.0665104910731315,-0.0876558646559715,0.4372326518687194,-0.3101321540735207,-0.1599098404770376,71.0
1652967536.510501,0.0665752589702606,-0.0820534229278564,0.1125658452510833,0.402205228805542,0.303510844707489,-0.8637778162956238,0.2742409408092499,-0.1038405522704124,-0.1122022196650505,0.4357796973665799,-0.3083751635209038,-0.1619350522577772,71.0
1652967536.520505,0.0692979991436004,-0.0660591125488281,0.0261283218860626,0.4007794857025146,0.3019509315490722,-0.8649864196777344,0.1800412088632583,-0.1448065191507339,-0.1229812428355217,0.4338887830477068,-0.3067384566551728,-0.1640814150476022,71.0
1652967536.53047,0.0563335418701171,-0.0482860803604126,-0.0441384613513946,0.398958146572113,0.3016610443592071,-0.8659289479255676,-0.0057092094793915,-0.1913037151098251,-0.105873629450798,0.4317398451127003,-0.3064343901604925,-0.1655539461367931,71.0
1652967536.540358,0.0415422320365905,-0.0241180062294006,-0.0551052391529083,0.3968122005462646,0.3027859330177307,-0.8665221929550171,-0.1505858302116394,-0.2278361469507217,-0.0928419083356857,0.4294343389706407,-0.3076144508926832,-0.1661588351459472,71.0
