1652965165.467706,-0.0029177293181419,-0.0419874191284179,-0.0549387037754058,0.0890229940414428,0.1529764384031295,-0.9842119216918944,-0.2706649601459503,0.0430094227194786,0.3167615830898285,0.0902055742421785,-0.1535794681136973,-0.1528029716479854,86.0
1652965165.477752,0.0123614072799682,-0.0942103862762451,-0.0263666361570358,0.0899792090058326,0.1551966220140457,-0.9837772846221924,-0.2308048903942108,0.0455391593277454,0.3036942481994629,0.0912092176598785,-0.1558264770771744,-0.1494761173752188,86.0
1652965165.487684,0.031081199645996,-0.1313303112983703,-0.0004758387804031,0.0908364355564117,0.1567868888378143,-0.9834463000297546,-0.1494537740945816,0.0381534658372402,0.3051912784576416,0.0921040974842634,-0.1574364583987869,-0.1462505889369568,86.0
1652965165.4975991,0.013857752084732,-0.1476364135742187,0.0044881850481033,0.0917787626385688,0.1576364636421203,-0.9832229614257812,-0.0844255164265632,0.0582227818667888,0.3080445826053619,0.0930751091124709,-0.1582967366657101,-0.1430758646905558,86.0
1652965165.50769,-0.0130471959710121,-0.1498124003410339,-0.0146306008100509,0.0930031687021255,0.1583073735237121,-0.983000099658966,-0.1172749251127243,0.096120998263359,0.2966172695159912,0.0943307637014678,-0.1589761670127683,-0.1399330110014472,86.0
1652965165.517517,-0.0088649541139602,-0.1405900120735168,-0.0507726669311523,0.0945887491106987,0.1595983654260635,-0.9826399683952332,-0.2032984942197799,0.1363698840141296,0.2733875811100006,0.0959641525494856,-0.1602837918800811,-0.1369030669024653,86.0
1652965165.527496,-6.090104579925537e-05,-0.1449315547943115,-0.0671352297067642,0.0964353308081626,0.1619075685739517,-0.9820825457572936,-0.320076048374176,0.162272110581398,0.2515348792076111,0.0978809354412447,-0.1626234205778508,-0.1340058717619586,86.0
1652965165.537444,0.0047211721539497,-0.1492362022399902,-0.0571587979793548,0.0985502228140831,0.1651452481746673,-0.9813332557678224,-0.3748572766780853,0.1892062574625015,0.2207822650671005,0.1000892591297849,-0.1659052821121806,-0.1312869018003355,86.0
1652965165.547348,0.0240712910890579,-0.1849830746650695,-0.0271554142236709,0.100730262696743,0.1684823334217071,-0.9805442690849304,-0.3461712896823883,0.18561652302742,0.201082170009613,0.1023698259549533,-0.1692897926036381,-0.1287995926136835,86.0
1652965165.5573668,0.0475055873394012,-0.2281808853149414,0.0058224201202392,0.1027934104204177,0.1712100654840469,-0.9798574447631836,-0.2471065074205398,0.1729257702827453,0.1783733963966369,0.1045241715219397,-0.1720577381391299,-0.1265920483310415,86.0
1652965165.5672998,0.0398940294981002,-0.2660908699035644,0.0248535573482513,0.1047439575195312,0.1731139868497848,-0.979316234588623,-0.1877297908067703,0.1727659255266189,0.1675953567028045,0.1065511476729159,-0.1739905226283387,-0.1246210807372358,86.0
1652965165.577472,-0.0058027952909469,-0.2754263877868652,0.026768684387207,0.1068769320845604,0.1748914867639541,-0.9787697792053224,-0.2228094935417175,0.2099529653787613,0.1546619832515716,0.108764251964388,-0.1757955571245579,-0.1227956636989747,86.0
1652965165.587276,-0.0367506667971611,-0.2720968127250671,0.0056695640087127,0.109306126832962,0.1774511784315109,-0.9780405163764954,-0.3541354238986969,0.2391660362482071,0.134480282664299,0.1112984730255637,-0.1783959193229806,-0.1210393032197392,86.0
1652965165.597221,-0.0345707535743713,-0.2767843604087829,-0.0023165643215179,0.1119174808263778,0.1815920919179916,-0.9769845604896544,-0.516072154045105,0.2473472654819488,0.1124823093414306,0.1140568190378139,-0.182605216915937,-0.1192878026941047,86.0
1652965165.607166,-0.0123803317546844,-0.3265602588653564,0.0220905989408493,0.1144310310482978,0.1871684491634369,-0.975640058517456,-0.6441823244094849,0.2285065799951553,0.1054583713412284,0.1167547387756422,-0.1882788594366425,-0.1175212013442541,86.0
1652965165.617269,0.0173556506633758,-0.4262782335281372,0.0879251211881637,0.1166469603776931,0.1936453431844711,-0.9741123914718628,-0.7034728527069092,0.187213733792305,0.1194221302866935,0.1191794315280062,-0.1948764648619922,-0.1155975593773039,86.0
1652965165.627104,0.0279714986681938,-0.5717666745185852,0.1537931263446808,0.1188027188181877,0.2001802772283554,-0.9725295901298524,-0.6616178154945374,0.2151471376419067,0.1605742424726486,0.1215562041271955,-0.2015419262264632,-0.1133792625822349,86.0
1652965165.637099,0.0047396048903465,-0.7292368412017822,0.1828579604625702,0.1217861920595169,0.2058597058057785,-0.9709736704826356,-0.5604813098907471,0.33209428191185,0.2154121845960617,0.1247752778257273,-0.2073421469970298,-0.1107172269192247,86.0
1652965165.647187,0.0150789618492126,-0.8470367789268494,0.18841452896595,0.1264004409313202,0.2107248902320861,-0.9693389534950256,-0.5141945481300354,0.5155529379844666,0.285151869058609,0.1296669660749883,-0.2123164406487905,-0.1074976462860635,86.0
1652965165.656938,0.0726718008518219,-0.905100166797638,0.1639767438173294,0.1330471038818359,0.2152957171201706,-0.9674431085586548,-0.5278629660606384,0.7203335165977478,0.3649761080741882,0.1366671704913841,-0.2169946396881002,-0.1034983463199823,86.0
1652965165.666877,0.1188112795352935,-0.8934323191642761,0.1087684482336044,0.1420529037714004,0.2200584858655929,-0.965088188648224,-0.5799883604049683,0.9747956395149232,0.4491347670555115,0.1461422447777791,-0.2218744232156082,-0.0986148470186683,86.0
1652965165.67692,0.1234015822410583,-0.8217617869377136,0.0709677338600158,0.1537742614746093,0.2255410850048065,-0.9620211720466614,-0.7295538783073425,1.2406238317489624,0.521643877029419,0.1585041086377588,-0.2274983891477696,-0.092691187048902,86.0
1652965165.686883,0.0859422087669372,-0.6892164349555969,0.0704747587442398,0.1681928485631942,0.232641115784645,-0.957908809185028,-0.9374449849128724,1.5038257837295532,0.5879875421524048,0.1738116314700848,-0.234792425068828,-0.0856624139491114,86.0
1652965165.696888,0.0332720875740051,-0.547294020652771,0.0558081269264221,0.1850048303604126,0.2416924983263015,-0.952553391456604,-1.2008610963821411,1.7120132446289062,0.6615320444107056,0.1918316499687876,-0.2441096851497314,-0.0774180153419974,86.0
1652965165.706681,-0.0120459794998168,-0.3766553997993469,0.0424981713294982,0.2035894989967346,0.2530340850353241,-0.9457933306694032,-1.4896414279937744,1.8490169048309328,0.7523281574249268,0.2120226556486633,-0.2558151300316461,-0.0675487980526858,86.0
1652965165.716825,-0.0645541846752166,-0.2091963291168213,0.0430349707603454,0.2233523428440094,0.2666269242763519,-0.9375627040863036,-1.7662512063980105,1.9101791381835935,0.8611798286437988,0.2338674580266536,-0.2698915547022528,-0.0557227299986198,86.0
1652965165.726714,-0.1104015409946441,-0.0514600276947021,0.0459521114826202,0.2435954511165619,0.2817609310150146,-0.9280474185943604,-1.9317905902862549,1.9002548456192017,0.9574893116950988,0.2566911946726585,-0.2856289116328883,-0.0419067557486284,86.0
1652965165.736672,-0.1188828349113464,0.0837289094924926,0.0388642847537994,0.2637192010879516,0.2975004911422729,-0.9175759553909302,-2.036937952041626,1.8428277969360352,1.0498217344284058,0.2798653595611201,-0.302073536250969,-0.026357438985935,86.0
1652965165.746715,-0.0895861089229583,0.1745665669441223,0.0303972065448761,0.2832658588886261,0.3130781650543213,-0.9065001606941224,-2.025198459625244,1.7235183715820312,1.1129225492477417,0.302869346555125,-0.3184324203415648,-0.0093429178557135,86.0
1652965165.7566838,-0.0459585785865783,0.2178306579589843,0.0258893072605133,0.3017416000366211,0.3272296488285064,-0.8954734802246094,-1.830772399902344,1.5871427059173584,1.120693325996399,0.3250138607326352,-0.3333703288872707,0.0081331066282854,86.0
1652965165.766531,-0.0147923231124877,0.2400163412094116,0.0407493114471435,0.318594753742218,0.3385079205036163,-0.8853868246078491,-1.46919584274292,1.3847179412841797,1.1040204763412476,0.3454111065131779,-0.3453307570428389,0.025032793980581,86.0
1652965165.776534,-0.0292817950248718,0.2771763205528259,0.0523277521133422,0.333725094795227,0.3458808958530426,-0.8769230246543884,-0.989266872406006,1.2465057373046875,1.0302205085754397,0.3636395191736601,-0.3531774593829169,0.0402007417333435,86.0
1652965165.786448,-0.0679110288619995,0.3279438614845276,0.0620600581169128,0.3475588262081146,0.348660796880722,-0.8704243302345276,-0.3977766335010528,1.1509047746658323,0.9373644590377808,0.3799011784142816,-0.3561418724993946,0.0526507500667045,86.0
1652965165.79654,-0.0987802445888519,0.399930477142334,0.0626701414585113,0.3602242767810821,0.3459144830703735,-0.866361141204834,0.3137124180793762,1.0704976320266724,0.8415631055831909,0.3940438896508391,-0.3532132761862653,0.061593364103099,86.0
1652965165.8063312,-0.1471145153045654,0.4876054525375366,0.0798408985137939,0.3718917071819305,0.3368919193744659,-0.8649858236312866,1.1020758152008057,1.0109871625900269,0.7431311011314392,0.4060471318954732,-0.3436139034450914,0.0663980045676159,86.0
1652965165.816514,-0.1987704038619995,0.5638071298599243,0.106880247592926,0.3827608525753021,0.3218764960765838,-0.8659616708755493,1.7825839519500732,0.9854037165641784,0.6474663615226746,0.416186821325874,-0.3277107916456787,0.0670334702605151,86.0
1652965165.826312,-0.209840714931488,0.5915570259094238,0.0934037566184997,0.3928698599338531,0.3013259172439575,-0.8688244819641113,2.4064223766326904,0.9140167236328124,0.5567434430122375,0.4246699121794678,-0.3060829048594218,0.0637507572477004,86.0
1652965165.836279,-0.1912651658058166,0.6436495780944824,0.0697768926620483,0.4018058776855469,0.2766739428043365,-0.8729281425476074,2.795072555541992,0.791439414024353,0.4809341430664062,0.4313835296272747,-0.280331218299903,0.0573934682045902,86.0
1652965165.846261,-0.19326713681221,0.6695349812507629,0.0249631404876709,0.4093162715435028,0.2494357079267501,-0.8776343464851379,3.015625238418579,0.6577425599098206,0.4204612970352173,0.4363965744675336,-0.2520975039829087,0.0489231392595809,86.0
1652965165.856282,-0.2247458696365356,0.6672505140304565,-0.028028130531311,0.4154043793678283,0.2213570177555084,-0.882292628288269,2.9907708168029785,0.5213732719421387,0.3712894916534424,0.4400354406043697,-0.2232057886382145,0.0394690177798536,86.0
1652965165.8660722,-0.2445908784866333,0.6495632529258728,-0.063481330871582,0.4202958047389984,0.1946764290332794,-0.8862575888633728,2.723151922225952,0.4285023212432861,0.3300317525863647,0.4428252834363978,-0.1959275496629191,0.0302380883376373,86.0
1652965165.876221,-0.239838421344757,0.6024965047836304,-0.0912671387195587,0.4241645336151123,0.1709638237953186,-0.8893007636070251,2.323314666748047,0.3223103582859039,0.2939072847366333,0.445049646720178,-0.1718078079230957,0.0220927158699298,86.0
1652965165.886174,-0.2099537849426269,0.5687878727912903,-0.1168853044509887,0.4270710349082947,0.1514159739017486,-0.8914502859115601,1.8057788610458372,0.2214187979698181,0.2750013470649719,0.446767461812238,-0.1520006009413937,0.015691102535627,86.0
1652965165.896295,-0.161136507987976,0.5644420385360718,-0.1372662037611007,0.4289129674434662,0.1369610577821731,-0.8929027915000916,1.1983580589294434,0.1143317520618438,0.2446053326129913,0.4478108650148178,-0.1373928995880454,0.0115079037590026,86.0
1652965165.906135,-0.1124462187290191,0.5711606740951538,-0.1400182098150253,0.4297831654548645,0.1277196258306503,-0.8938535451889038,0.6578631401062012,0.0073143285699188,0.2282193303108215,0.4481866871205466,-0.1280694326386672,0.00962797479968,89.0
1652965165.915885,-0.0761662721633911,0.5728886723518372,-0.1104386150836944,0.4297123551368713,0.1231492161750793,-0.8945286870002747,0.1676920801401138,-0.0862435847520828,0.2233859598636627,0.4478275685054592,-0.1234626307383905,0.0099128008348762,89.0
1652965165.926052,-0.0579437911510467,0.5410563349723816,-0.0598921328783035,0.4289917349815368,0.1219038814306259,-0.8950450420379639,-0.0992686450481414,-0.1386446952819824,0.2704091072082519,0.446947860096989,-0.1222078441395367,0.0120281145667677,89.0
1652965165.935837,-0.0478657484054565,0.4464658498764038,0.0020044744014739,0.4280689358711242,0.1223546639084816,-0.8954252004623413,-0.2722395956516266,-0.1445385366678238,0.3264851570129394,0.4459438290132965,-0.1226620306699645,0.0155664840346073,89.0
1652965165.9457831,-0.0172217190265655,0.3572667837142944,0.0840185806155204,0.4271032810211181,0.1236840710043907,-0.8957036733627319,-0.3487404584884643,-0.1676418185234069,0.3747108578681946,0.444944841334253,-0.124001612220149,0.0200902564970607,89.0
1652965165.955899,0.0454099178314209,0.2951740622520447,0.1742342561483383,0.4259645342826843,0.125204250216484,-0.8960346579551697,-0.3577488660812378,-0.2084957808256149,0.4267700612545013,0.4437652296097394,-0.1255337018696413,0.0252543550152612,89.0
1652965165.9656591,0.0843278765678405,0.2524961233139038,0.2558813989162445,0.424400120973587,0.1261376738548278,-0.8966459035873413,-0.2574430406093597,-0.2738729119300842,0.4671964347362518,0.4420764286363451,-0.126474577321153,0.0306594266610517,89.0
1652965165.975968,0.0917561054229736,0.223013699054718,0.317188024520874,0.422281950712204,0.1257746815681457,-0.8976963758468628,-0.1167301163077354,-0.3381280899047851,0.5153743028640747,0.4396935493724345,-0.1261086677755499,0.0359550914065507,89.0
1652965165.985817,0.0750532150268554,0.1735896468162536,0.3662295341491699,0.4197434782981872,0.1240201145410537,-0.8991298079490662,-0.0058948826044797,-0.3857639729976654,0.5586153268814087,0.4367637514248529,-0.1243402643535342,0.0410684106301995,89.0
1652965165.995759,0.0522409677505493,0.1048839092254638,0.4128233194351196,0.4169209599494934,0.1215242072939872,-0.900782346725464,0.0170599687844514,-0.3960387110710144,0.5984743237495422,0.4334828321284962,-0.1218253298609849,0.0463037746836742,89.0
1652965166.005564,0.0164048373699188,0.0450437664985656,0.4370073080062866,0.4141676127910614,0.1192213520407676,-0.9023588299751282,-0.0919725745916366,-0.3858807981014251,0.6454266309738159,0.4302992516445612,-0.1195056058902785,0.0520661924681939,89.0
1652965166.015366,-0.0099552571773529,0.0240041017532348,0.4514499306678772,0.4116123020648956,0.1179928407073021,-0.9036885499954224,-0.2505387663841247,-0.3596334755420685,0.7080894708633423,0.4274019622097282,-0.1182683582016447,0.0589466838855195,89.0
1652965166.025424,-0.0204448997974395,0.0019087195396423,0.4740394353866577,0.4095439612865448,0.1180626302957534,-0.9046186804771424,-0.420365422964096,-0.2974607050418854,0.7661442756652832,0.4251181596850024,-0.1183386408975601,0.0670770276861192,89.0
1652965166.0352712,0.0124910473823547,-0.0892954468727111,0.5229907631874084,0.407842755317688,0.1190533488988876,-0.9052572250366212,-0.535846471786499,-0.2990948259830475,0.8613983392715454,0.4232920394678786,-0.1193363951926297,0.0764454116167891,89.0
1652965166.045121,0.037340760231018,-0.1639069318771362,0.5779304504394531,0.406155914068222,0.1208305284380912,-0.9057799577713012,-0.6646983623504639,-0.3217277526855469,0.9597464203834534,0.4215264054182778,-0.1211264995858897,0.087246056961759,89.0
1652965166.055472,0.003726452589035,-0.1634422540664672,0.5933095216751099,0.4045834243297577,0.1233958080410957,-0.9061378240585328,-0.8061529397964478,-0.2932031750679016,1.0490344762802124,0.4199329828020272,-0.1237111212258521,0.0994873130762953,89.0
1652965166.065287,-0.069568932056427,-0.0907986164093017,0.5839473009109497,0.4035074710845947,0.1271122992038726,-0.9061038494110109,-0.9821187853813172,-0.2373689264059066,1.1129218339920044,0.4189564330529873,-0.1274571130220734,0.1130841077031611,89.0
1652965166.075181,-0.1021925210952758,-0.0313290953636169,0.5515063405036926,0.4030805230140686,0.1320263892412185,-0.905591070652008,-1.126481294631958,-0.1921868026256561,1.1847302913665771,0.418773399036059,-0.1324129800760415,0.1278848919420407,89.0
1652965166.0853229,-0.0965814292430877,-0.0483697056770324,0.5276724696159363,0.4030693769454956,0.1378701627254486,-0.9047247767448424,-1.252165675163269,-0.1820031851530075,1.297953724861145,0.4191187956247899,-0.1383107190229915,0.1441726422967986,89.0
1652965166.09663,-0.1071354746818542,-0.149860143661499,0.5276895761489868,0.4033390581607818,0.144170194864273,-0.9036219120025636,-1.3690813779830933,-0.1838788539171219,1.441483736038208,0.4198212813771506,-0.144674353125609,0.162105341316647,89.0
1652965166.105015,-0.1119345426559448,-0.2295975089073181,0.5435428023338318,0.4039572179317474,0.1506711393594741,-0.9022842049598694,-1.4030636548995972,-0.1718702912330627,1.588187575340271,0.4209438258173467,-0.1512471293081523,0.1817804799573538,89.0
1652965166.115281,-0.0696737766265869,-0.2673649787902832,0.5367804765701294,0.4048787951469421,0.1559686064720153,-0.9009700417518616,-1.275338649749756,-0.200616180896759,1.787030577659607,0.4223390397526168,-0.1566079829781209,0.2027969324802851,89.0
1652965166.1250591,-0.0664758682250976,-0.2474795579910278,0.5390725135803223,0.4058923125267029,0.1591850072145462,-0.8999508619308472,-1.133852243423462,-0.2281061857938766,1.9859808683395384,0.423698583266165,-0.1598650748797501,0.2251567675195436,89.0
1652965166.134886,-0.1638742685317993,-0.1803796887397766,0.4913448095321655,0.4074349999427795,0.1603733748197555,-0.8990423679351807,-1.007846713066101,-0.1598469614982605,2.1508030891418457,0.4255017256009215,-0.1610689127727405,0.2486118300843926,89.0
1652965166.144766,-0.2366028726100921,-0.0862864851951599,0.4087439477443695,0.4099121391773224,0.1600885093212127,-0.8979664444923401,-0.9413629770278932,-0.0839856564998626,2.296499967575073,0.4282373825925397,-0.1607803129144067,0.2730921929715376,89.0
1652965166.154763,-0.2585342228412628,-0.0477651357650756,0.2954829633235931,0.4131820201873779,0.1582982242107391,-0.8967844247817993,-0.8354871869087219,-0.0376690179109573,2.480619192123413,0.4317470821304234,-0.1589669053435739,0.2987300699094521,89.0
1652965166.164799,-0.2870841026306152,-0.0867242217063903,0.1905193626880645,0.4171652197837829,0.1547413021326065,-0.8955603241920471,-0.747603178024292,0.035535205155611,2.6290807723999023,0.4359273809380399,-0.155365593939158,0.3254700226635967,89.0
1652965166.174819,-0.2604022324085235,-0.141312837600708,0.155411347746849,0.4216418266296386,0.1500849276781082,-0.8942553997039795,-0.7116627097129822,0.0341157428920269,2.7423815727233887,0.4405891465345251,-0.1506541734343412,0.3531493782616194,89.0
1652965166.184826,-0.2148110270500183,-0.1525874137878418,0.0913454741239547,0.4257942736148834,0.1442350149154663,-0.8932499885559082,-0.6023250818252563,-0.0094777010381221,2.808811902999878,0.4448180689546237,-0.1447398557416474,0.3812813096417688,89.0
1652965166.194792,-0.2258372902870178,-0.1180710792541503,-0.0213772505521774,0.4295115768909454,0.1371915191411972,-0.8925795555114746,-0.504619300365448,-0.0434433929622173,2.803856372833252,0.4484968784364652,-0.1376255649457826,0.4091865635176385,89.0
1652965166.2047029,-0.2523594796657562,-0.0507861375808715,-0.1411264985799789,0.432809829711914,0.1296366751194,-0.8921154737472534,-0.4638669192790985,-0.03931250795722,2.723257064819336,0.451697214582016,-0.1300025562729723,0.436352033905549,89.0
1652965166.214656,-0.2684060633182525,-0.0180760622024536,-0.2650192379951477,0.4358712434768677,0.1218002885580062,-0.8917292356491089,-0.3672085404396057,-0.018902575597167,2.616342782974243,0.4546420944698524,-0.122103477148405,0.462312987186679,89.0
1652965166.224664,-0.2515435814857483,-0.0301622748374938,-0.3595392405986786,0.4387688934803009,0.1137049421668052,-0.8913770318031311,-0.3133971095085144,-0.0030567133799195,2.47707200050354,0.4574180704242097,-0.1139513933877523,0.4867407856890371,89.0
1652965166.234794,-0.2078315913677215,-0.0484694242477417,-0.428835928440094,0.4412757456302643,0.10573111474514,-0.891120970249176,-0.2441786080598831,-0.0187619067728519,2.3021931648254395,0.4597936069323449,-0.1059291053128765,0.5094649460180174,89.0
1652965166.24456,-0.1679944992065429,-0.0373523831367492,-0.4999940395355224,0.4433087706565857,0.0981691554188728,-0.8909770846366882,-0.2232307344675064,-0.0219733603298664,2.0771284103393555,0.4616885117323011,-0.0983275192586297,0.5301408706342234,89.0
1652965166.2545052,-0.1342726349830627,0.0164774060249328,-0.5394993424415588,0.4449720978736877,0.0914097875356674,-0.8908670544624329,-0.1909423023462295,-0.0247619561851024,1.817811131477356,0.4632331491756399,-0.0915375661038591,0.5485154187089759,89.0
1652965166.2644491,-0.1078136563301086,0.0929864645004272,-0.5224215984344482,0.4460857212543487,0.085318386554718,-0.8909143209457397,-0.1162879019975662,-0.0598231628537178,1.570203423500061,0.4642118780793454,-0.08542223346805,0.5643883741852148,89.0
1652965166.27451,-0.1414188742637634,0.1572170853614807,-0.4539077281951904,0.4465488493442535,0.079609714448452,-0.8912106156349182,-0.0248434729874134,-0.0977772027254104,1.414403796195984,0.4644942184869781,-0.0796940463786823,0.5781428762514451,89.0
1652965166.284392,-0.2190690636634826,0.1967493295669555,-0.4285138249397278,0.4466843903064728,0.0722211524844169,-0.8917719125747681,0.3214291930198669,-0.090604618191719,1.310033082962036,0.4643635991634726,-0.0722840818390886,0.5895241738079564,89.0
1652965166.294384,-0.2247441411018371,0.2894545793533325,-0.3424288630485534,0.4466374516487121,0.0609805397689342,-0.8926345109939575,0.9986928701400756,-0.1298929005861282,1.2745051383972168,0.4639345288978417,-0.061018398745986,0.5982426811021813,89.0
1652965166.304451,-0.2108744382858276,0.3356280922889709,-0.2169269323348999,0.4459818601608276,0.0423664525151252,-0.894038736820221,1.9482792615890503,-0.1678564250469207,1.3004969358444214,0.4627187887386494,-0.0423791376683935,0.6032050621038152,89.0
1652965166.314256,-0.2186448872089386,0.3055740594863891,-0.0662467777729034,0.4445054531097412,0.0143059249967336,-0.8956619501113892,2.9642274379730225,-0.2533111572265625,1.40939199924469,0.4606728636013057,-0.0143064132612643,0.6042875114449863,89.0
1652965166.324285,-0.2347861528396606,0.3491507768630981,0.0434418022632598,0.4418478906154632,-0.021408062428236,-0.8968344926834106,3.5689759254455566,-0.3356439173221588,1.4711357355117798,0.4577704075849019,0.0214096986546689,0.6027089281061978,89.0
1652965166.334213,-0.2356851994991302,0.422846257686615,-0.0433644503355026,0.4378488957881927,-0.0609140656888484,-0.8969826698303223,3.765101194381714,-0.4309022724628448,1.4771827459335327,0.4541108717248455,0.0609517993546407,0.5996368142435152,89.0
1652965166.344157,-0.2107568681240081,0.5277515649795532,-0.2274856716394424,0.4324823021888733,-0.0996932461857795,-0.8961140513420105,3.47315526008606,-0.510243833065033,1.4325014352798462,0.4496469731871623,0.0998591295239686,0.596890791245181,89.0
1652965166.3540978,-0.2082208693027496,0.6095712184906006,-0.3764253258705139,0.4259027242660522,-0.1344235986471176,-0.8947274088859558,2.974562644958496,-0.6204318404197693,1.3192187547683716,0.4442752879654631,0.134831763988453,0.5952701309889035,89.0
1652965166.36405,-0.213583767414093,0.6436766982078552,-0.4395260810852051,0.4182193577289581,-0.163089245557785,-0.893585205078125,2.3350775241851807,-0.7337879538536072,1.2292933464050293,0.4377412159777707,0.1638210125826688,0.5954416784887318,89.0
1652965166.374553,-0.2493475377559662,0.6200602650642395,-0.3829318881034851,0.4092443287372589,-0.1864955574274063,-0.8931620717048645,1.8596928119659424,-0.831382155418396,1.1937968730926514,0.4296497538722059,0.1875939142116485,0.5976674423155158,89.0
1652965166.384019,-0.2932537794113159,0.5707571506500244,-0.216168463230133,0.3991345167160034,-0.2062710672616958,-0.8933889865875244,1.526178956031799,-0.9129633903503418,1.2053321599960327,0.4201600459391222,0.2077625268739294,0.6016946439282115,89.0
1652965166.393956,-0.2902704775333404,0.5012381672859192,-0.0805014371871948,0.3879419267177582,-0.2241402268409729,-0.8940146565437317,1.4387398958206177,-1.0210556983947754,1.2245376110076904,0.4094120912776116,0.2260607209988992,0.6069239898259605,89.0
1652965166.403891,-0.2394003272056579,0.4782182574272156,-0.0492500066757202,0.375554472208023,-0.2412162721157074,-0.8948594927787781,1.3431051969528198,-1.122017741203308,1.230940341949463,0.3973557889262682,0.2436189285693467,0.6128973847676744,89.0
1652965166.4138598,-0.2164758145809173,0.5516296029090881,-0.04966601729393,0.3621514439582824,-0.257264494895935,-0.8959136605262756,1.263648271560669,-1.2139232158660889,1.1917684078216553,0.3841440049654878,0.2601903464176877,0.6192969297371433,89.0
1652965166.423852,-0.2314741611480713,0.6127573251724243,-0.0789486467838287,0.3478223979473114,-0.2721865475177765,-0.8971812129020691,1.130287766456604,-1.2982308864593506,1.172392964363098,0.369843888822031,0.2756646508004214,0.626056490545446,89.0
1652965166.433837,-0.2716074883937835,0.6720681190490723,-0.1130361258983612,0.332749456167221,-0.2852792739868164,-0.8988289833068848,0.9225448966026306,-1.3606977462768557,1.1289061307907104,0.3545587028495246,0.2892977894404648,0.6334076406930135,89.0
1652965166.443929,-0.3036902844905853,0.7090123891830444,-0.1222094595432281,0.3171332478523254,-0.2958813011646271,-0.9010443091392516,0.6381627321243286,-1.4013137817382812,1.0910234451293943,0.3384215417676841,0.3003780107111068,0.6415096799817315,89.0
1652965166.453785,-0.2983676195144653,0.6553784608840942,-0.106522113084793,0.301098883152008,-0.304229199886322,-0.903761088848114,0.4930835664272308,-1.4496229887008667,1.0989490747451782,0.3215963995864113,0.3091291846609219,0.6504077472571139,89.0
1652965166.463602,-0.2488898932933807,0.5588918328285217,-0.0990568995475769,0.2843207716941833,-0.3108704388141632,-0.906929612159729,0.2574860155582428,-1.5172537565231323,1.1183279752731323,0.3037939794456037,0.3161087262995752,0.6602687538972217,89.0
1652965166.473867,-0.1858681738376617,0.5256263017654419,-0.0607516765594482,0.2666786611080169,-0.3155452907085418,-0.9106665849685668,0.1131986230611801,-1.6186892986297607,1.1047650575637815,0.2848741641829747,0.3210312399826855,0.6708794307854311,89.0
1652965166.4836268,-0.1818290948867797,0.5006884932518005,-0.0274938344955444,0.2481285035610199,-0.3187585473060608,-0.9147815108299256,-0.0202962588518857,-1.7022420167922974,1.0765255689620972,0.2648704439220674,0.3244194276149852,0.6817973259183717,89.0
1652965166.493653,-0.2209312617778778,0.4903911352157593,-0.0183696746826171,0.2287742346525192,-0.3204516768455505,-0.919224202632904,-0.1712567508220672,-1.8030014038085935,1.0367827415466309,0.243921938968465,0.3262062828047147,0.6927752624581419,89.0
1652965166.503464,-0.2785297036170959,0.4861955046653747,-0.0412727296352386,0.2086596637964248,-0.3202232122421264,-0.9240769743919371,-0.3583008050918579,-1.8685942888259888,0.9968649744987488,0.2220789448563494,0.3259650996713841,0.7038147007565266,89.0
1652965166.513587,-0.3143186271190643,0.4471005797386169,-0.0712325572967529,0.1883878111839294,-0.3177292048931122,-0.9292783141136168,-0.5799437165260315,-1.8663973808288572,0.9348351359367372,0.2000142325139857,0.323333622037223,0.7147697620150028,89.0
1652965166.523411,-0.2721800208091736,0.3452875018119812,-0.0656664371490478,0.1680082529783249,-0.3136212527751922,-0.9345667362213136,-0.6561195254325867,-1.9093241691589355,0.907982587814331,0.1778713761775313,0.3190043062041255,0.7254519383249638,89.0
1652965166.533399,-0.2023980170488357,0.2502992153167724,-0.0094838142395019,0.1471153944730758,-0.3088602721691131,-0.9396607875823976,-0.6412438750267029,-1.9585444927215576,0.9125062227249146,0.1553015142871091,0.3139944673389177,0.7360098902604154,89.0
1652965166.543355,-0.1864312291145324,0.0878892540931701,0.0560059249401092,0.1257469803094864,-0.3044800162315368,-0.9441819787025452,-0.5819219350814819,-1.9847166538238523,0.954257607460022,0.1324017344037716,0.3093924870792892,0.7465764856293403,89.0
1652965166.553319,-0.2100385427474975,-0.0375621318817138,0.0968571603298187,0.1043255999684333,-0.2999058067798614,-0.9482471942901612,-0.6340306997299194,-1.938276767730713,0.9677302837371826,0.1095787106572984,0.3045939111957716,0.7573370391218908,89.0
1652965166.563242,-0.2519868612289428,-0.1143487691879272,0.0645636320114135,0.0835145190358161,-0.2941015064716339,-0.9521185159683228,-0.8021630048751831,-1.8641879558563232,0.9476468563079834,0.0874904930314042,0.2985153256298488,0.7679558220238296,89.0
1652965166.573265,-0.2843037843704223,-0.1132712364196777,-0.0262531042098999,0.0634937956929206,-0.2857891023159027,-0.9561867713928224,-1.09797465801239,-1.780527949333191,0.9295603036880492,0.0663057895926926,0.2898297585329296,0.7784447445318399,89.0
1652965166.583338,-0.3147955536842346,-0.0855124592781066,-0.1293318569660186,0.0443792305886745,-0.2745835185050964,-0.9605385661125184,-1.3272390365600586,-1.6833672523498535,0.9171919822692872,0.0461696107977822,0.2781565313377093,0.788687370425085,89.0
1652965166.593166,-0.2683454751968384,-0.1048771739006042,-0.1569071412086486,0.0262494850903749,-0.261748194694519,-0.9647791981697084,-1.3833770751953125,-1.58656108379364,0.9381188750267028,0.0272010537881552,0.2648330904740018,0.798789014088331,89.0
1652965166.603109,-0.1124556437134742,-0.2717243432998657,-0.0704054832458496,0.0084516918286681,-0.2500748038291931,-0.9681896567344666,-1.0423800945281982,-1.6217188835144043,0.9736570715904236,0.0087291543540841,0.2527575225956713,0.8088415833434184,89.0
1652965166.613032,0.014095976948738,-0.5480788946151733,-0.0009573251008987,-0.0098693491891026,-0.2421609163284301,-0.970185935497284,-0.5930979251861572,-1.6638256311416626,1.015626072883606,-0.0101722866647402,0.2445924403710742,0.8191190196039984,89.0
1652965166.6230168,-0.0473471507430076,-0.763853132724762,-0.0458625555038452,-0.0278939865529537,-0.2379661351442337,-0.9708728194236756,-0.2677908837795257,-1.5528515577316284,0.9327107071876526,-0.0287229333830665,0.2402712970303692,0.8291071008749497,89.0
1652965166.63302,-0.144414335489273,-0.8984636068344116,-0.2238273918628692,-0.0439097061753273,-0.2354010641574859,-0.970905900001526,-0.242220789194107,-1.328156590461731,0.7832615971565247,-0.0451947036403762,0.2376312053162374,0.8378182576483584,89.0
1652965166.642961,-0.1455087512731552,-0.9077653884887696,-0.4310432970523834,-0.0570669919252395,-0.231706902384758,-0.9711103439331056,-0.4468500912189483,-1.0598466396331787,0.6174681186676025,-0.0586971801281496,0.2338319674080466,0.8448002861016488,89.0
1652965166.653026,-0.0465342178940773,-0.9013984203338624,-0.603771448135376,-0.0674184709787368,-0.2263523936271667,-0.9717094898223876,-0.5847163796424866,-0.8407840132713318,0.4378658831119537,-0.0692702926489477,0.2283312460136949,0.8498812202913417,89.0
1652965166.662812,0.101528875529766,-0.9063880443572998,-0.6890776753425598,-0.0755584761500358,-0.2198883146047592,-0.9725944995880128,-0.6852139234542847,-0.6880729794502258,0.2517028450965881,-0.0775318173702532,0.2216999888054284,0.852885392261275,89.0
1652965166.672821,0.1638816595077514,-0.9104368090629578,-0.6535046100616455,-0.0821251198649406,-0.2132708430290222,-0.9735352993011476,-0.6271511316299438,-0.5948333144187927,0.0700172185897827,-0.0841583682668041,0.214921615855871,0.853940743430381,89.0
1652965166.682723,0.0797717496752739,-0.966770887374878,-0.5666713118553162,-0.0873401686549186,-0.2080631405115127,-0.974208116531372,-0.4611766934394836,-0.4852755069732666,-0.0999336615204811,-0.0894134333325611,0.209594339992548,0.8533311569123655,89.0
1652965166.692912,-0.0497225224971771,-0.9878770112991332,-0.5220495462417603,-0.0910551324486732,-0.204161986708641,-0.974693238735199,-0.3876646757125854,-0.3662796020507812,-0.2783143222332001,-0.093148927089746,0.2056075834656366,0.8510102759204483,89.0
1652965166.7028198,-0.1074641719460487,-0.9553370475769044,-0.5623795390129089,-0.0932805091142654,-0.2007582187652588,-0.9751896858215332,-0.4162591695785522,-0.2557451128959656,-0.4624898433685303,-0.0953635721118834,0.2021318381911585,0.8468841125838702,89.0
1652965166.7125192,-0.0969132110476493,-0.9128819108009338,-0.6226668357849121,-0.0941116288304328,-0.1968216449022293,-0.9759120345115662,-0.5067624449729919,-0.1533878296613693,-0.6220906972885132,-0.0961372631793114,0.1981150867611902,0.8409462764241873,89.0
1652965166.7228,-0.059374563395977,-0.8878690600395203,-0.636644184589386,-0.0939305573701858,-0.1919080018997192,-0.9769075512886048,-0.622408390045166,-0.0835910215973854,-0.7480634450912476,-0.0958562447003388,0.1931059180084772,0.8334601054585408,89.0
1652965166.732606,-0.0399732142686843,-0.8480708003044128,-0.5736221075057983,-0.0929919332265853,-0.1866011917591095,-0.9780247807502748,-0.605824887752533,-0.0420768707990646,-0.8502406477928162,-0.0947963798769564,0.1877014302792798,0.8247583733994872,89.0
1652965166.742538,-0.0337501987814903,-0.8117606043815613,-0.4925014972686767,-0.09164659678936,-0.1818758845329284,-0.9790413975715636,-0.5185036659240723,-0.0175705142319202,-0.9138000011444092,-0.0933365086871737,0.1828938237063756,0.8153163741406961,89.0
1652965166.752572,-0.0453515499830246,-0.7669991254806519,-0.4645365476608276,-0.0899634510278701,-0.1781178116798401,-0.979888081550598,-0.434326708316803,0.019780583679676,-0.9707202911376952,-0.091553263201539,0.1790733410797051,0.805384185519913,89.0
1652965166.762468,-0.0642406344413757,-0.6966404318809509,-0.4797483682632446,-0.0877369567751884,-0.1749146431684494,-0.9806666374206544,-0.4050503969192505,0.0840008482336998,-1.036571741104126,-0.0892290793574069,0.1758190692160159,0.7948959520054978,89.0
1652965166.772436,-0.0774637013673782,-0.6246265769004822,-0.5016379356384277,-0.0846304818987846,-0.1718392074108123,-0.9814830422401428,-0.4175270199775696,0.1751376837491989,-1.099539279937744,-0.0860143900077275,0.1726963515484896,0.7837761072659734,89.0
1652965166.782341,-0.0957953259348869,-0.5655021071434021,-0.5005662441253662,-0.0804589986801147,-0.1683332026004791,-0.9824410080909728,-0.5022813081741333,0.2874306738376617,-1.163690209388733,-0.0817146670254852,0.1691384904956841,0.7719915847728528,89.0
1652965166.7924871,-0.1155823394656181,-0.4840771555900574,-0.4812727570533752,-0.0750915482640266,-0.1639603227376938,-0.9836047291755676,-0.5688806176185608,0.4052840769290924,-1.2285293340682983,-0.0761954165138689,0.1647039767397557,0.759487516318955,89.0
1652965166.80225,-0.1011259257793426,-0.3990286588668823,-0.4517933130264282,-0.0686129033565521,-0.1592448204755783,-0.9848519563674928,-0.5681367516517639,0.4963858425617218,-1.2706643342971802,-0.069555853546704,0.1599256723011941,0.7464614389271257,89.0
1652965166.812183,-0.0620005689561367,-0.3181736469268799,-0.4052886366844177,-0.0615804232656955,-0.1548919975757599,-0.9860103130340576,-0.4831480681896209,0.5227240324020386,-1.3045823574066162,-0.0623731277399062,0.1555181241298986,0.7331452192208183,89.0
1652965166.822174,-0.0469038002192974,-0.2440365552902221,-0.3653546571731567,-0.0544451400637626,-0.1513383835554123,-0.9869814515113832,-0.3933470547199249,0.5266370177268982,-1.3252631425857544,-0.05510743181765,0.1519221136252748,0.7196579307567905,89.0
1652965166.832188,-0.0736018344759941,-0.1808493137359619,-0.3551549315452575,-0.0470952466130256,-0.1485986560583114,-0.9877755045890808,-0.3145888745784759,0.5624634623527527,-1.3437875509262085,-0.0476420094030415,0.1491510448172849,0.7060247101045927,89.0
1652965166.842146,-0.1220567002892494,-0.1308244466781616,-0.331601619720459,-0.0392897948622703,-0.1461357772350311,-0.988484025001526,-0.3101520538330078,0.6189006567001343,-1.3916784524917605,-0.0397266138305806,0.1466609736078944,0.6921459244552579,89.0
1652965166.852171,-0.1648153364658355,-0.097217857837677,-0.2935141921043396,-0.0308176558464765,-0.1434517055749893,-0.989177405834198,-0.3409008979797363,0.6804463267326355,-1.4602314233779907,-0.0311447593068479,0.1439483164418201,0.6776990930881094,89.0
1652965166.862173,-0.1759674698114395,-0.0485332608222961,-0.2793579697608948,-0.0217864979058504,-0.1403807401657104,-0.989857852458954,-0.3674387633800506,0.7224056124687195,-1.538798689842224,-0.0220061695975694,0.140845959860867,0.662550239855357,89.0
1652965166.872027,-0.1603692770004272,0.0155194997787475,-0.2682642638683319,-0.0123755354434251,-0.1371006667613983,-0.9904798269271852,-0.3394942283630371,0.7386966943740845,-1.6165528297424316,-0.0124938353594998,0.1375338521666263,0.646644999558881,89.0
1652965166.881957,-0.1331097930669784,0.0685436129570007,-0.2371939569711685,-0.0029986663721501,-0.1344032883644104,-0.9909221529960632,-0.2294055968523025,0.7039402723312378,-1.6778147220611572,-0.003026127921555,0.1348112589679388,0.630047523086242,89.0
1652965166.891926,-0.1250396370887756,0.1260640621185302,-0.1853653341531753,0.0059752417728304,-0.1326430290937423,-0.9911458492279052,-0.1269458085298538,0.6511116623878479,-1.7344259023666382,0.0060285469258531,0.133035104370782,0.612920120293531,89.0
1652965166.901862,-0.1460619270801544,0.1748495697975158,-0.1555464565753936,0.0144242867827415,-0.1316239088773727,-0.991194784641266,-0.063344120979309,0.5857272148132324,-1.7927006483078003,0.0145513970401183,0.1320069607957088,0.595210207706565,89.0
1652965166.911817,-0.1548610776662826,0.2084379196166992,-0.1552744656801223,0.0223536938428878,-0.1305988878011703,-0.9911832809448242,-0.0875786244869232,0.5355468988418579,-1.8572194576263428,0.0225487107079015,0.1309730161218773,0.5768920868092088,89.0
1652965166.9217792,-0.1575138717889785,0.241338312625885,-0.171143963932991,0.029828255996108,-0.1288437694311142,-0.9912161827087402,-0.1777334809303283,0.4849568605422973,-1.9245730638504028,0.0300835038749035,0.1292029477983967,0.5579213133104757,89.0
1652965166.931914,-0.1614775210618972,0.2722669243812561,-0.1656009405851364,0.0368436649441719,-0.1258266270160675,-0.9913678765296936,-0.2956303060054779,0.4357549548149109,-1.998225450515747,0.0371473778322775,0.1261610301744355,0.5383090327014239,89.0
1652965166.94177,-0.1737852394580841,0.3156107664108276,-0.1279195994138717,0.043414082378149,-0.1216683685779571,-0.9916208982467652,-0.3636664748191833,0.3929150402545929,-2.069049835205078,0.0437529872307106,0.1219705642417655,0.5180378385762223,89.0
1652965166.951685,-0.1675548702478408,0.3371212482452392,-0.0809068381786346,0.0494822934269905,-0.1173200458288192,-0.9918606281280518,-0.3168949782848358,0.3246289193630218,-2.100674867630005,0.0498470256436104,0.1175908596847598,0.4972734719390753,89.0
1652965166.961885,-0.1615473181009292,0.3320636749267578,-0.0349013954401016,0.0545526258647441,-0.1135208010673523,-0.9920368194580078,-0.2368628531694412,0.2179774492979049,-2.112391233444214,0.0549351949395203,0.1137660519544551,0.4763344493982048,89.0
1652965166.9715838,-0.1965208649635315,0.3302820324897766,-0.0132291316986083,0.0587034076452255,-0.1101686507463455,-0.9921777844429016,-0.1926842033863067,0.1452233493328094,-2.121379137039185,0.0590973217602229,0.1103927298674419,0.4552521309238688,89.0
1652965166.981565,-0.2312553375959396,0.3354005813598633,-0.0100504904985427,0.0622184053063392,-0.1074574068188667,-0.9922609329223632,-0.1091361194849014,0.0981819108128547,-2.119187831878662,0.0626216881820593,0.1076652885845009,0.4341555235788509,89.0
1652965166.99147,-0.2384402602910995,0.3511754274368286,0.0108957961201667,0.0652224197983741,-0.1052561104297638,-0.9923039674758912,-0.0514816120266914,0.0533918105065822,-2.105330228805542,0.0656338589758698,0.1054514395880842,0.4130916975184702,89.0
1652965167.00193,-0.2077095061540603,0.3633662462234497,0.0393214076757431,0.0676184967160224,-0.1040338948369026,-0.9922724962234496,0.074908822774887,-0.0200670156627893,-2.068642854690552,0.0680399008145951,0.1042224765696691,0.3922102389783521,89.0
1652965167.011408,-0.1721482127904892,0.3594498634338379,0.0713472813367843,0.0689682215452194,-0.1036806181073188,-0.9922165870666504,0.1361154466867447,-0.1353877633810043,-2.04223370552063,0.0693976164578139,0.1038672786013156,0.3716149335553111,89.0
1652965167.021467,-0.1684441268444061,0.3813207745552063,0.0699133872985839,0.0692771822214126,-0.1038641557097435,-0.992175817489624,0.1703955233097076,-0.228276789188385,-2.030508279800415,0.0697103543368577,0.1040518089798722,0.3511585512095611,89.0
1652965167.0314012,-0.183312326669693,0.4113029837608337,0.0731462612748146,0.0686424374580383,-0.1041520833969116,-0.9921897649765016,0.1727992892265319,-0.3293445408344269,-2.025475263595581,0.0690727116031213,0.1043413061810717,0.3307605647119263,89.0
1652965167.041354,-0.2018167972564697,0.4102592468261719,0.0790847390890121,0.0669290348887443,-0.1045974045991897,-0.9922599792480468,0.1864461302757263,-0.4405271112918854,-2.0274782180786133,0.0673490950214722,0.1047890748222195,0.3103860746367883,89.0
1652965167.051292,-0.2276010662317276,0.4068512916564941,0.10008305311203,0.0643014311790466,-0.1054236069321632,-0.9923462867736816,0.2641710042953491,-0.5188048481941223,-2.032874345779419,0.0647069103927853,0.1056198699979724,0.2899783517780216,89.0
1652965167.061196,-0.2166154831647873,0.3684666752815246,0.1344403177499771,0.0609605051577091,-0.1077526733279228,-0.9923070073127748,0.4746435284614563,-0.6020099520683289,-2.018396615982056,0.0613560020065824,0.107962279721506,0.2694731305765522,89.0
1652965167.071353,-0.1644255965948104,0.3455103635787964,0.1893796622753143,0.0566069148480892,-0.1126126497983932,-0.9920251965522766,0.748292863368988,-0.7167913913726807,-1.980518341064453,0.0570001596753202,0.112852035380502,0.2491255946817034,89.0
1652965167.081181,-0.1491686850786209,0.3349319696426391,0.2368895709514618,0.0514208078384399,-0.1202513724565506,-0.9914108514785768,1.0058451890945437,-0.7947405576705933,-1.953078031539917,0.0518198600438209,0.1205430868234189,0.2289580192524707,89.0
1652965167.09112,-0.1403435170650482,0.3303101658821106,0.2531107366085052,0.0456016138195991,-0.1299875527620315,-0.9904664158821106,1.126323938369751,-0.874405026435852,-1.925735592842102,0.046008054470144,0.1303564232934711,0.2089888272053376,89.0
1652965167.101086,-0.1448104977607727,0.3428856134414673,0.2269482016563415,0.0392653681337833,-0.1400188654661178,-0.9893699884414672,1.044347882270813,-0.9338558316230774,-1.912148714065552,0.0396664282627427,0.1404804694535767,0.1892328127076016,89.0
1652965167.111033,-0.1665724068880081,0.3728916049003601,0.1867825388908386,0.0326611883938312,-0.1486202776432037,-0.9883548021316528,0.8282853960990906,-0.961087703704834,-1.9075387716293333,0.0330339941844358,0.1491729145546942,0.1696756818135504,89.0
1652965167.120955,-0.183951050043106,0.3938513398170471,0.1899896413087844,0.0259919725358486,-0.1551080197095871,-0.9875555038452148,0.6052121520042419,-0.9849799275398254,-1.8853063583374023,0.0263134305637674,0.1557367988390022,0.1503272956072606,89.0
1652965167.130927,-0.1891077607870102,0.3871700763702392,0.224318727850914,0.0190179552882909,-0.1597282737493515,-0.9869778156280518,0.4219874739646911,-1.0279308557510376,-1.829340577125549,0.0192664935459,0.1604153813570544,0.131482652857706,89.0
1652965167.1410608,-0.1777825057506561,0.3775603175163269,0.2827020287513733,0.011568441055715,-0.1631188839673996,-0.986538589000702,0.3244022130966186,-1.0852079391479492,-1.757731318473816,0.0117257556625787,0.1638510539744469,0.1133130801011859,89.0
1652965167.150887,-0.1572858691215515,0.3494480848312378,0.3248990774154663,0.0033551109954714,-0.1659940481185913,-0.9861210584640504,0.2737177312374115,-1.1610941886901855,-1.6783350706100464,0.0034023185868691,0.1667659658344583,0.0959573776539898,89.0
1652965167.160788,-0.1483055502176284,0.3420382738113403,0.3484653234481811,-0.0056557147763669,-0.1685947030782699,-0.9856692552566528,0.2174309492111206,-1.236016035079956,-1.62505042552948,-0.0057378811113104,0.1694037884184301,0.0793042234039989,89.0
1652965167.170776,-0.1540054678916931,0.3491941094398498,0.3648366332054138,-0.0153519185259938,-0.1707448214292526,-0.9851956963539124,0.1385459899902343,-1.3073160648345947,-1.577991604804993,-0.0155813469523149,0.1715855416816624,0.0631175580340854,89.0
1652965167.180757,-0.1717949956655502,0.3704484105110168,0.3642224073410034,-0.0257606357336044,-0.1722210496664047,-0.9847214221954346,0.083056166768074,-1.3677728176116943,-1.563158392906189,-0.0261543632703465,0.1730839647841645,0.0472659310518935,89.0
1652965167.190743,-0.1837079524993896,0.396254301071167,0.3740888833999634,-0.0366290584206581,-0.173542633652687,-0.984144926071167,0.0901689305901527,-1.4083551168441772,-1.535710692405701,-0.0372019971371875,0.1744257615458101,0.0316114103598205,89.0
1652965167.200667,-0.1601064652204513,0.3705886602401733,0.4016876816749573,-0.0482523925602436,-0.1752777695655822,-0.9833358526229858,0.1330520212650299,-1.506013035774231,-1.4732989072799685,-0.0490307755645983,0.1761879000998669,0.0164097981956023,89.0
1652965167.210607,-0.15112966299057,0.316002607345581,0.4219280481338501,-0.0608607903122901,-0.1773601621389389,-0.982262372970581,0.116061046719551,-1.5908515453338623,-1.4178106784820557,-0.0618807044529484,0.1783034400891804,0.0018823502368425,89.0
1652965167.220546,-0.1657691597938537,0.2672682404518127,0.421102225780487,-0.0742821916937828,-0.179067313671112,-0.9810285568237304,0.0335524603724479,-1.6585789918899536,-1.3650835752487185,-0.0755744746930745,0.1800383551569819,-0.0121202897730832,89.0
1652965167.230717,-0.1814406514167785,0.2579285502433777,0.402752161026001,-0.0882738083600997,-0.1799890995025634,-0.9796997904777528,-0.0589694902300834,-1.6973339319229126,-1.3249348402023315,-0.0898602614703259,0.1809753697105063,-0.0256843623012805,89.0
1652965167.240679,-0.1784867942333221,0.2524077296257019,0.4079339802265167,-0.1025801971554756,-0.1802728623151779,-0.9782530069351196,-0.1261197030544281,-1.7199664115905762,-1.2738407850265503,-0.1044787752333802,0.1812638450434243,-0.0388877315767532,89.0
1652965167.2504802,-0.1711091697216034,0.2363722324371338,0.4512972831726074,-0.1172362640500068,-0.1803469657897949,-0.9765913486480712,-0.1344106495380401,-1.7472083568572998,-1.2097023725509644,-0.1194746599674655,0.1813391899186278,-0.0515412750566039,89.0
1652965167.260385,-0.166098415851593,0.222493290901184,0.4860365092754364,-0.1322720497846603,-0.1807233989238739,-0.9745989441871644,-0.0746742784976959,-1.781769871711731,-1.1164542436599731,-0.1348952497771168,0.1817219189835344,-0.0633971865152708,89.0
1652965167.2703772,-0.1334572583436966,0.169278085231781,0.4738175272941589,-0.1479149013757705,-0.1814591139554977,-0.9722107648849488,-0.0903315395116806,-1.829977035522461,-0.9935392737388612,-0.1509849724147767,0.1824699956308556,-0.0740587571001344,89.0
1652965167.28036,-0.1210607886314392,0.1234620809555053,0.4297128915786743,-0.1638514250516891,-0.1819406896829605,-0.9695619344711304,-0.121751844882965,-1.8157405853271484,-0.9061883687973022,-0.1674135298214738,0.1829597199410123,-0.0836966539738496,89.0
1652965167.290329,-0.1317886710166931,0.0710585713386535,0.3907457590103149,-0.1796890944242477,-0.1817919164896011,-0.9667800068855286,-0.234766274690628,-1.7963017225265503,-0.8299759030342102,-0.1837665407016886,0.1828084254595819,-0.0926360848308325,89.0
1652965167.300303,-0.1463100165128708,0.041571021080017,0.3684157431125641,-0.1953801214694976,-0.1800612509250641,-0.9640563130378724,-0.4407888948917389,-1.7647687196731567,-0.766691267490387,-0.1999563982680314,0.1810487169462755,-0.1012019651609188,89.0
1652965167.310318,-0.1567154228687286,0.0437130331993103,0.3433661758899688,-0.210701048374176,-0.17600779235363,-0.961574912071228,-0.712500810623169,-1.6975317001342771,-0.7044198513031006,-0.2157115203809683,0.1769294421033782,-0.109702112844659,89.0
1652965167.320149,-0.148782804608345,0.0501646399497985,0.3504659533500671,-0.2256374508142471,-0.1693746447563171,-0.9593747854232788,-0.9689670205116272,-1.6701085567474363,-0.6181260347366333,-0.2309940836996043,0.1701951052165554,-0.1181325468879447,89.0
1652965167.330196,-0.1217959821224212,0.0403102040290832,0.3838546276092529,-0.2404325306415558,-0.1606948524713516,-0.9572718143463136,-1.0898404121398926,-1.6232142448425293,-0.5156824588775635,-0.2460741903296946,0.1613946194880845,-0.1262000893221723,89.0
1652965167.340105,-0.0839030146598815,-0.0503928065299987,0.4229476451873779,-0.2552847266197204,-0.1516311466693878,-0.954901933670044,-1.0499006509780884,-1.6424076557159424,-0.3690504729747772,-0.2612321218166574,0.1522182928471149,-0.1332567916850529,89.0
1652965167.349947,-0.0737266838550567,-0.1231727004051208,0.4823198318481445,-0.2704201638698578,-0.1426591873168945,-0.9521141052246094,-0.983931303024292,-1.6338908672332764,-0.2397702485322952,-0.2767332228014038,0.1431475660609262,-0.1389380524452189,89.0
1652965167.35985,-0.1197850406169891,-0.1716707944869995,0.5070139765739441,-0.285457968711853,-0.1345164030790329,-0.9489041566848756,-0.8483343124389648,-1.5969501733779907,-0.1260892152786255,-0.2922172678020435,0.1349254211417844,-0.1432858452308257,89.0
1652965167.36983,-0.1367589831352234,-0.1394615173339843,0.5114212036132812,-0.3001307547092438,-0.1273269355297088,-0.9453620314598083,-0.7194381356239319,-1.5286270380020142,-0.0091500766575336,-0.307412688947873,0.1276735099644441,-0.1462716460030625,89.0
1652965167.379905,-0.124606966972351,-0.1201427578926086,0.5028801560401917,-0.3143426775932312,-0.1207848191261291,-0.9415942430496216,-0.6394780278205872,-1.4752397537231443,0.1350566297769546,-0.3222073143019855,0.121080455342601,-0.1477771359184843,89.0
1652965167.389748,-0.1061919033527374,-0.1513500809669494,0.4670623540878296,-0.3281190991401672,-0.114263892173767,-0.9377001523971558,-0.6293388605117798,-1.4171040058135986,0.27701136469841,-0.3366026626426461,0.1145140095594229,-0.1478214271411687,89.0
1652965167.3996592,-0.0769844949245452,-0.1902818083763122,0.446347177028656,-0.3415336906909942,-0.1068848893046379,-0.9337721467018129,-0.7107421159744263,-1.378817796707153,0.3893259167671203,-0.3506426964414634,0.1070894616422749,-0.1469210164693085,89.0
1652965167.409637,-0.0639760792255401,-0.1901679039001464,0.4554060697555542,-0.3545573651790619,-0.098686084151268,-0.9298118948936462,-0.7232522964477539,-1.3347710371017456,0.4719675481319427,-0.3643013609772011,0.0988469720972996,-0.1454080261285303,89.0
1652965167.419616,-0.0781451165676117,-0.186055839061737,0.4845431745052337,-0.3673658668994903,-0.0904391780495643,-0.925669014453888,-0.6526934504508972,-1.3359105587005615,0.5629267692565918,-0.3778010892757039,0.0905629237498731,-0.1430732873248923,89.0
1652965167.4299068,-0.1333478391170501,-0.1672859787940979,0.5175081491470337,-0.380018949508667,-0.0825105905532836,-0.9212912917137146,-0.5568156242370605,-1.292458415031433,0.6636769771575928,-0.3912228751769286,0.0826045011090792,-0.1397303179471998,89.0
1652965167.439683,-0.2008347511291504,-0.1466816067695617,0.5488105416297913,-0.3922287225723266,-0.0756812989711761,-0.9167491793632508,-0.3240002691745758,-1.2544310092926023,0.7897424697875977,-0.4042799217566025,0.0757537283390041,-0.1347530232255188,89.0
1652965167.449757,-0.2055898904800415,-0.1501061916351318,0.5624980926513672,-0.4040598571300506,-0.069898597896099,-0.9120579957962036,-0.2046965211629867,-1.2126449346542358,0.9178895354270936,-0.4170341334562054,0.0699556391721,-0.1279681474815296,89.0
1652965167.4595962,-0.1381570994853973,-0.1635077595710754,0.540061891078949,-0.4155691862106323,-0.0642012879252433,-0.9072929620742798,-0.1685986369848251,-1.1825833320617676,1.0453914403915403,-0.4295132202780526,0.0642454755365449,-0.1197940884244965,89.0
1652965167.469563,-0.0535125434398651,-0.2412931323051452,0.4624861478805542,-0.4268953204154968,-0.0579146221280097,-0.90244460105896,-0.2247287482023239,-1.1662975549697876,1.1571898460388184,-0.4418505737404022,0.0579470460792046,-0.110583803234224,89.0
1652965167.479501,-0.01937997341156,-0.2547003626823425,0.3849458694458008,-0.437727689743042,-0.0499391630291938,-0.8977196216583252,-0.4016205668449402,-1.0992441177368164,1.2081462144851685,-0.4536781359079402,0.0499599424146421,-0.1012456732472135,89.0
1652965167.48947,-0.0440315902233123,-0.2217375040054321,0.3473020493984222,-0.4477440416812897,-0.0403104722499847,-0.8932526707649231,-0.528879702091217,-1.0298906564712524,1.2324299812316897,-0.4646481123417632,0.0403213957578643,-0.0924238601137013,89.0
1652965167.499457,-0.0628219842910766,-0.191404104232788,0.3471137583255768,-0.4571824073791504,-0.0298377592116594,-0.8888723254203796,-0.5518233180046082,-1.0013794898986816,1.2712349891662598,-0.4750535195903056,0.0298421880067996,-0.0837471763713489,89.0
1652965167.509398,-0.1001967787742614,-0.1544256806373596,0.3673967719078064,-0.4663011431694031,-0.0189470760524272,-0.8844231367111206,-0.5292924046516418,-0.9938188195228576,1.3237643241882324,-0.4851995150419456,0.0189482107338062,-0.0747934332918771,89.0
1652965167.519479,-0.1593626141548156,-0.1397818326950073,0.3968955278396606,-0.4751132130622864,-0.0081778755411505,-0.8798866868019104,-0.4692802727222442,-0.9617388844490052,1.3943023681640625,-0.4951107496935358,0.0081779663438118,-0.0651767517911243,89.0
1652965167.5293288,-0.1859173476696014,-0.1381604671478271,0.4165267944335937,-0.4834400713443756,0.0024643058422952,-0.8753739595413208,-0.3774326145648956,-0.9361078143119812,1.5009348392486572,-0.5045819499252321,-0.0024643083749374,-0.054555819979513,89.0
1652965167.539288,-0.1523225009441375,-0.2027485966682434,0.3798248171806335,-0.491537481546402,0.0134247262030839,-0.8707529306411743,-0.4200302064418793,-0.9518501162528992,1.5943602323532104,-0.513905221533171,-0.0134251290981355,-0.0429644798541813,89.0
1652965167.5492868,-0.1007723808288574,-0.2565169930458069,0.2947026193141937,-0.4994627237319946,0.0258387811481952,-0.8659499883651733,-0.5865975618362427,-0.9455288648605348,1.6480498313903809,-0.5231710542050273,-0.0258416567209465,-0.0313858397791164,89.0
1652965167.559171,-0.0932023525238037,-0.2690290212631225,0.2129238843917846,-0.5069411993026733,0.0403262563049793,-0.8610368371009827,-0.8306870460510254,-0.9212984442710876,1.670642375946045,-0.5321113434367523,-0.0403371947781626,-0.020603953550217,89.0
1652965167.5691829,-0.1285163760185241,-0.2247695922851562,0.1817172616720199,-0.5138177275657654,0.0573574639856815,-0.855979859828949,-1.1017241477966309,-0.8642415404319763,1.682737946510315,-0.5406169069447461,-0.0573889616090227,-0.0112300786466613,89.0
1652965167.579112,-0.1452829837799072,-0.2209224700927734,0.1678159534931183,-0.5196340680122375,0.0761110559105873,-0.8509920835494995,-1.133573055267334,-0.7792947888374329,1.733079433441162,-0.548192850861456,-0.0761847298580013,-0.0024449203334279,89.0
1652965167.589244,-0.1276009082794189,-0.2859402894973755,0.1677446365356445,-0.5244987607002258,0.0956831127405166,-0.846017599105835,-1.2182092666625977,-0.7271242737770081,1.7570760250091553,-0.5549682505471212,-0.0958297166801006,0.0062286859677457,89.0
1652965167.599004,-0.0836735963821411,-0.2991337776184082,0.167153775691986,-0.5285091400146484,0.1150575429201126,-0.841094434261322,-1.0852999687194824,-0.6769540905952454,1.8056020736694336,-0.5610110186440831,-0.1153129300597638,0.0151182317651988,89.0
1652965167.608994,-0.0610668063163757,-0.3297469019889831,0.1624587774276733,-0.5318135023117065,0.1329513937234878,-0.8363602161407471,-0.8271738886833191,-0.6619623303413391,1.898750066757202,-0.5663753695304244,-0.1333462172804195,0.0257341281482218,89.0
1652965167.618852,-0.1004465222358703,-0.3328568935394287,0.1679954081773758,-0.5344870686531067,0.1490059494972229,-0.8319379687309265,-0.5357620716094971,-0.6338651776313782,1.9679187536239624,-0.5710565885890971,-0.1495629246533403,0.0384240750248796,89.0
1652965167.6289392,-0.1443368792533874,-0.3047272562980652,0.1323322355747223,-0.5364188551902771,0.1628795862197876,-0.82808518409729,-0.2531562149524688,-0.5806490778923035,2.0075364112854004,-0.5748145666731002,-0.1636085182767907,0.0531229874823421,89.0
1652965167.639015,-0.1686048507690429,-0.2737165689468384,0.0911645591259002,-0.5375567674636841,0.1749182492494583,-0.8248856663703918,-0.0606878213584423,-0.5230097770690918,2.033521175384521,-0.5775513048536347,-0.1758227342454741,0.0694626834409887,89.0
1652965167.6492372,-0.1765821576118469,-0.3021297454833984,0.0055649131536483,-0.5379869937896729,0.1862380802631378,-0.8221224546432495,-0.0460859797894954,-0.479990154504776,2.06544828414917,-0.579453707876616,-0.1873318450150334,0.0866222818492981,89.0
1652965167.661487,-0.1615036725997924,-0.3122715950012207,-0.1005518734455108,-0.5376083850860596,0.1982844620943069,-0.819549024105072,-0.1792465597391128,-0.4110762476921081,2.0803065299987797,-0.5805681491180729,-0.1996073226103475,0.1036456122063717,89.0
1652965167.66882,-0.1224502325057983,-0.3037270307540893,-0.1651004701852798,-0.5363175272941589,0.211304098367691,-0.8171377182006836,-0.274218887090683,-0.3267177045345306,2.0742290019989014,-0.580816986640597,-0.2129089947676546,0.1200611119119146,89.0
1652965167.678784,-0.0666903257369995,-0.3175751566886902,-0.1283922791481018,-0.534292459487915,0.224537968635559,-0.814932107925415,-0.2544659972190857,-0.281826913356781,2.0271565914154053,-0.5803215886195221,-0.2264688792598035,0.1360452082956681,89.0
1652965167.688735,-0.0657064914703369,-0.331187903881073,-0.0741660445928573,-0.5319499373435974,0.2365348488092422,-0.8130686283111572,-0.0797522664070129,-0.2623653411865234,1.9578145742416384,-0.5793569093400605,-0.238797946877681,0.1521276372184067,89.0
1652965167.698777,-0.1155853271484375,-0.3133481740951538,-0.0927812755107879,-0.5292053818702698,0.2465593963861465,-0.8118806481361389,0.1280938684940338,-0.2126602232456207,1.9257248640060425,-0.5776582304593286,-0.2491284399594771,0.1689590034615684,89.0
1652965167.7086349,-0.1460758447647094,-0.253115713596344,-0.1450744867324829,-0.5259060263633728,0.2550598680973053,-0.8113983869552612,0.2286593616008758,-0.1484913527965545,1.8871917724609373,-0.5750720219000202,-0.2579096257533371,0.1864662187987061,89.0
1652965167.718889,-0.1413775086402893,-0.2010881900787353,-0.210907757282257,-0.5220746994018555,0.2630165815353393,-0.8113324046134949,0.1996784508228302,-0.0908211916685104,1.8441424369812007,-0.5717768000627883,-0.2661475313678471,0.2038739891159974,89.0
1652965167.728719,-0.1039515733718872,-0.1839306354522705,-0.2915545105934143,-0.5178289413452148,0.2712145745754242,-0.8113543391227722,0.0843651741743087,-0.0463226959109306,1.7752832174301147,-0.5680549599679776,-0.2746546885271604,0.2204617704969672,89.0
1652965167.7384582,-0.0584439635276794,-0.1812638044357299,-0.3286231160163879,-0.5133945345878601,0.2797492742538452,-0.8112745881080627,0.0006226720288395,-0.032618336379528,1.667915940284729,-0.5642062464551861,-0.2835329459638822,0.2357574297962985,89.0
1652965167.749054,-0.0300500392913818,-0.2246203422546386,-0.3315970599651336,-0.5091804265975952,0.288140058517456,-0.8109936118125916,-0.0214962139725685,-0.0599207952618598,1.5632696151733398,-0.5606444535786088,-0.2922839619403536,0.2498662900676279,89.0
1652965167.758697,-0.0477727651596069,-0.2405343651771545,-0.3192781507968902,-0.5053584575653076,0.2957949340343475,-0.8106282949447632,0.0165970437228679,-0.076590746641159,1.4469454288482666,-0.5574592577206836,-0.3002875811293404,0.2631814521479058,89.0
1652965167.768852,-0.089482307434082,-0.2167252302169799,-0.301381915807724,-0.5018263459205627,0.3023890554904938,-0.8103895783424377,0.0782425627112388,-0.0704433694481849,1.326972484588623,-0.5544472265802414,-0.3071980490432492,0.2757321737286958,89.0
1652965167.78508,-0.1060770750045776,-0.1753959655761718,-0.2893436849117279,-0.4985067546367645,0.3079289495944977,-0.8103522658348083,0.1184134185314178,-0.0616979226469993,1.2215099334716797,-0.551501402289311,-0.3130154398502627,0.2876038368580882,89.0
1652965167.7882972,-0.106074184179306,-0.1180413961410522,-0.2798769176006317,-0.4952595233917236,0.312698632478714,-0.810516893863678,0.1337020993232727,-0.0366306528449058,1.124886989593506,-0.5484987686381758,-0.3180328234748725,0.2987899645878077,89.0
1652965167.822451,-0.1214197278022766,-0.0924559831619262,-0.2893412411212921,-0.4920752346515655,0.3171885907649994,-0.810711681842804,0.067339651286602,-0.0191621258854866,1.0640246868133545,-0.5455265730366367,-0.3227635257957557,0.3091756398450247,89.0
1652965167.8281798,-0.0227013826370239,-0.1022241115570068,-0.2827871739864349,-0.4826392829418182,0.3325308859348297,-0.8102360963821411,-0.0582870468497276,-0.0357803553342819,0.896243155002594,-0.5372350178685886,-0.3389859233033054,0.3352582347786965,89.0
1652965167.8381991,-0.0342930853366851,-0.091650366783142,-0.2488009333610534,-0.4801723062992096,0.3369662761688232,-0.8098692893981934,-0.0157317332923412,-0.0543073303997516,0.82041335105896,-0.5351832961059921,-0.3436928628000892,0.3428594660799561,89.0
1652965167.848701,-0.0590483248233795,-0.0776324868202209,-0.2537011206150055,-0.4780305922031402,0.3405542075634002,-0.8096354603767395,0.0354105457663536,-0.0588472224771976,0.7294120788574219,-0.5333507466741927,-0.3475062760600892,0.3500048863314776,89.0
1652965167.858012,-0.0744295418262481,-0.0575751662254333,-0.2657761573791504,-0.4760771691799164,0.34355029463768,-0.8095207214355469,0.0264931507408618,-0.0386343598365783,0.6384775638580322,-0.531621746373049,-0.3506946791655658,0.3564257021647887,89.0
1652965167.868139,-0.0684932172298431,-0.0569599270820617,-0.2639505863189697,-0.4742009937763214,0.3463023602962494,-0.809449315071106,0.0041518928483128,-0.0117747839540243,0.5759284496307373,-0.52993639935075,-0.3536266781650431,0.3620542673697963,89.0
1652965167.877904,-0.0266318321228027,-0.0919482111930847,-0.2591238021850586,-0.4724222123622894,0.3489370942115783,-0.8093578815460205,-0.0286487322300672,-0.020254448056221,0.5144399404525757,-0.5283479978383194,-0.3564366689733984,0.3669932831590686,89.0
1652965167.8879251,0.0212747156620025,-0.1054801940917968,-0.2576143443584442,-0.4709666073322296,0.3514559864997864,-0.8091163039207458,-0.0278359334915876,-0.0379586108028888,0.4593967199325561,-0.5271352876979583,-0.3591258446762543,0.3713133077629518,89.0
1652965167.897923,0.0281033813953399,-0.1010577082633972,-0.2579488456249237,-0.469677597284317,0.3536368012428283,-0.808915376663208,-0.010601419955492,-0.0150391813367605,0.4054274260997772,-0.5260523555124826,-0.3614562857589538,0.3752084469974037,89.0
1652965167.9082031,0.0128712058067321,-0.099021315574646,-0.2429992258548736,-0.4683919548988342,0.3554260432720184,-0.8088765740394592,-0.0023347018286585,0.0086807962507009,0.3430010676383972,-0.5248837105600274,-0.3633698468245554,0.3786398733233156,89.0
1652965167.917828,0.0069186091423034,-0.1005902886390686,-0.2447518408298492,-0.4671237766742706,0.356842964887619,-0.8089860677719116,0.0110263098031282,0.0304301939904689,0.2811533808708191,-0.5236501874138724,-0.3648861847213818,0.3815263307380237,89.0
1652965167.927913,-0.0011416971683502,-0.0892636179924011,-0.2529320418834686,-0.4658994078636169,0.3579125702381134,-0.8092195987701416,0.0017308127135038,0.056831706315279,0.2082216590642929,-0.5223896071857603,-0.3660314048637679,0.3838295523784068,89.0
1652965167.9378362,-0.0143508315086364,-0.0593134760856628,-0.2381915152072906,-0.4647752046585083,0.358827531337738,-0.8094608187675476,-0.0371002033352851,0.0775143504142761,0.1263780891895294,-0.5212168778312558,-0.3670114668161279,0.3852681343651439,89.0
1652965167.94752,-0.0134905874729156,-0.0515689849853515,-0.2200303375720977,-0.4637738764286041,0.35972461104393,-0.8096369504928589,-0.0753602460026741,0.0779479146003723,0.073422186076641,-0.5201922291938287,-0.3679727383658741,0.3858949950336273,89.0
1652965167.957447,0.0094071328639984,-0.0568549036979675,-0.1976355016231537,-0.4630662798881531,0.3607520163059234,-0.8095848560333252,-0.1254573613405227,0.0524364784359931,0.0231028199195861,-0.5195616594991361,-0.3690740940808005,0.3857914852020514,89.0
1652965167.967555,0.0211594104766845,-0.0633492469787597,-0.186860054731369,-0.4627335965633392,0.3619852662086487,-0.809224545955658,-0.1808745563030243,0.0332694426178932,-0.0264660641551017,-0.519443772796863,-0.3703966943254853,0.3849854162165693,89.0
1652965167.9775,0.0285613536834716,-0.0732528567314148,-0.1727090179920196,-0.4627502858638763,0.3634286820888519,-0.8085677623748779,-0.2313755452632904,0.0114130927249789,-0.0775021612644195,-0.5198092625611344,-0.3719455913909031,0.3833933353135838,89.0
1652965167.9875169,0.025514543056488,-0.0692733526229858,-0.1470257639884948,-0.4630756676197052,0.3649518489837646,-0.8076949715614319,-0.2691268920898437,0.0101579455658793,-0.1341143101453781,-0.5205782333283406,-0.3735810781523852,0.3810580819454688,89.0
1652965167.997604,0.0110138058662414,-0.0566755533218383,-0.1259844601154327,-0.4635438323020935,0.3664935827255249,-0.8067277073860168,-0.2952081263065338,0.0160012915730476,-0.1819888055324554,-0.5215318350812136,-0.3752375712348854,0.3780939207362161,89.0
1652965168.007541,-0.0001616775989532,-0.0271645784378051,-0.1157796382904052,-0.4640107750892639,0.3679464757442474,-0.8057973384857178,-0.2971945703029632,0.0509251877665519,-0.21840301156044,-0.5224657282623636,-0.3767995940839077,0.3746455183760986,89.0
1652965168.01738,-0.0130777955055236,-0.0021675825119018,-0.1030555367469787,-0.4642935395240783,0.3691841661930084,-0.8050680756568909,-0.2803562879562378,0.0943123996257782,-0.2471787333488464,-0.5231209858053202,-0.3781310146721116,0.3709248863947796,89.0
