1652957001.68265,-0.0525221973657608,0.0025365352630615,0.0306209623813629,-0.0061631775461137,-0.2622341513633728,-0.9649845957756042,0.5235971212387085,0.8189930319786072,-0.4504201710224151,-0.0063867278157532,0.2653366408313919,-0.2988059031316919,85.0
1652957001.692653,-0.0745425596833229,0.0109266638755798,0.0238738059997558,0.0030550640076398,-0.2670226395130157,-0.9636853933334352,0.4679090976715088,0.853608250617981,-0.4437545537948608,0.0031701773498545,0.2703021635746057,-0.3034325827081379,85.0
1652957001.7026482,-0.0796013921499252,0.0434866547584533,0.0198210775852203,0.0125389397144317,-0.2711791694164276,-0.962447226047516,0.4022996723651886,0.880907416343689,-0.4256266355514526,0.0130274476469044,0.2746178922677681,-0.3079544895427484,85.0
1652957001.712648,-0.0726641416549682,0.0694556236267089,0.0230643153190612,0.0221727360039949,-0.274712324142456,-0.961270809173584,0.3540482521057129,0.8945337533950806,-0.4050585031509399,0.0230619776119653,0.2782905117952019,-0.3123299612972264,85.0
1652957001.722647,-0.0604077391326427,0.085054874420166,0.0290347933769226,0.0318279564380645,-0.2778904438018799,-0.9600853323936462,0.3352830111980438,0.8909119367599487,-0.391012966632843,0.0331390392416026,0.2815973702512686,-0.3165711016761884,85.0
1652957001.732633,-0.0557179450988769,0.0918983221054077,0.0351746976375579,0.0413288325071334,-0.2809175252914428,-0.9588416218757628,0.3321508765220642,0.8743968605995178,-0.3850077986717224,0.0430762129328674,0.2847499857367508,-0.3207443956639939,85.0
1652957001.742497,-0.0536171309649944,0.089103877544403,0.0444797277450561,0.050626341253519,-0.2839664220809936,-0.9574967622756958,0.3440585136413574,0.8482785820960999,-0.3851745724678039,0.0528244541552384,0.2879283059763973,-0.3249125992536197,85.0
1652957001.752455,-0.0550758875906467,0.092924952507019,0.0555896759033203,0.0597450099885463,-0.2871418595314026,-0.9560230374336244,0.370164155960083,0.8382666707038879,-0.3847000002861023,0.0624121105046625,0.2912417078575587,-0.3291276625032494,85.0
1652957001.762438,-0.0530434250831604,0.0896192193031311,0.0567737817764282,0.0687751695513725,-0.2906147539615631,-0.9543652534484864,0.4082221388816833,0.8300380706787109,-0.3758014142513275,0.071939422310996,0.294869254454221,-0.3333421764908814,85.0
1652957001.772537,-0.0395165085792541,0.0948206186294555,0.0524784624576568,0.0776634216308593,-0.2943150401115417,-0.9525476694107056,0.4260448217391968,0.8085088133811951,-0.3807242810726166,0.0813523775961212,0.29873874019009,-0.3376023482293639,85.0
1652957001.782228,-0.0260544717311859,0.1094247102737426,0.0495295226573944,0.0861893072724342,-0.2980799674987793,-0.9506417512893676,0.4336972534656524,0.7521969676017761,-0.3945406079292297,0.0904171350042917,0.3026805606057145,-0.3420041616759844,85.0
1652957001.792453,-0.0233353823423385,0.123445451259613,0.0500508844852447,0.0942734330892562,-0.3017904460430145,-0.948701798915863,0.425691545009613,0.7133835554122925,-0.3980221748352051,0.099045830441455,0.3065700947889321,-0.3465441598569067,85.0
1652957001.802182,-0.0322010144591331,0.1314054727554321,0.0502395033836364,0.1022540554404258,-0.3053207099437713,-0.9467435479164124,0.4036837816238403,0.7343334555625916,-0.3806572258472442,0.107589010563056,0.3102751928511897,-0.3510328849056249,85.0
1652957001.812129,-0.0292194485664367,0.1489301323890686,0.0344608724117279,0.110350377857685,-0.3083714544773102,-0.9448438286781312,0.3194541335105896,0.7409130930900574,-0.3685563802719116,0.1162654585748272,0.3134805745434341,-0.3553393999522407,85.0
1652957001.822092,-0.0069823265075683,0.1760348081588745,0.0036267340183258,0.1183714345097541,-0.3104657828807831,-0.9431856870651244,0.2159389853477478,0.726087212562561,-0.3617245256900787,0.124848974490519,0.3156830017302875,-0.3594225940776917,85.0
1652957001.832024,0.0178063213825225,0.2017191052436828,-0.0300885438919067,0.1261602938175201,-0.3117846548557281,-0.9417397975921632,0.171875387430191,0.6759899854660034,-0.4024450778961181,0.1331722407707514,0.3170707518236591,-0.3636256585585187,85.0
1652957001.841959,0.0384669601917266,0.213219940662384,-0.0193558633327484,0.133453756570816,-0.3131332099437713,-0.9402859807014464,0.2496180385351181,0.6023215055465698,-0.4430021047592163,0.1409872575285493,0.3184903634654356,-0.36829930608163,85.0
1652957001.8519812,0.0416982024908065,0.207399308681488,0.0330043733119964,0.1402322798967361,-0.3158107995986938,-0.9384020566940308,0.4810195565223694,0.5306835174560547,-0.5055558085441589,0.1483395929895631,0.321311058605447,-0.3737351257544114,85.0
1652957001.8620229,0.028532475233078,0.1909136176109314,0.0861650109291076,0.1465773433446884,-0.3208757638931274,-0.9357103705406188,0.7693760395050049,0.4548530280590057,-0.5932828187942505,0.155385428079444,0.3266540003892792,-0.3804620339060066,85.0
1652957001.8718982,0.0120691210031509,0.1797879338264465,0.114296942949295,0.1526341885328292,-0.3283625543117523,-0.9321377873420716,1.043203353881836,0.4084295928478241,-0.6669423580169678,0.1623059764900253,0.3345694736964913,-0.3885425645532982,85.0
1652957001.881804,0.0022535324096679,0.1717722415924072,0.0904357731342315,0.1584214568138122,-0.3378570973873138,-0.9277689456939696,1.2238922119140625,0.3346742689609527,-0.7267490029335022,0.1691241385292431,0.3446391763751915,-0.3978219760670842,85.0
1652957001.8917909,0.0019534230232238,0.1754192113876342,0.0618228912353515,0.163711205124855,-0.3483372330665588,-0.9229625463485718,1.297385573387146,0.2604154646396637,-0.766968846321106,0.175549917629421,0.3557966543686662,-0.4079440240054675,85.0
1652957001.901726,-0.0032677799463272,0.1776155829429626,0.0294931828975677,0.1685051321983337,-0.3588389158248901,-0.9180635213851928,1.257200837135315,0.1949167996644973,-0.7759698629379272,0.1815236721046302,0.3670236570082804,-0.4184378234061726,85.0
1652957001.911728,-0.0074916183948516,0.1884632110595703,-0.0020679533481597,0.1728358119726181,-0.3683392107486725,-0.913484513759613,1.1048791408538818,0.1475897580385208,-0.7598806619644165,0.1869945054563674,0.3772220091054362,-0.4288530789781055,85.0
1652957001.9216971,-0.0075929909944534,0.1864537000656128,-0.0198373198509216,0.1767671257257461,-0.3761588633060455,-0.9095371961593628,0.8920141458511353,0.1210426241159439,-0.7104437947273254,0.1919555035461428,0.3856471716599453,-0.4386477522249528,85.0
1652957001.931787,0.0024643540382385,0.1914260983467102,-0.038492202758789,0.1803358942270279,-0.3819027543067932,-0.9064376950263976,0.6369083523750305,0.1010864898562431,-0.6515016555786133,0.1963858649540636,0.3918542298117004,-0.4474324808438937,85.0
1652957001.941567,0.0218618065118789,0.2127859592437744,-0.0715811848640441,0.1834603995084762,-0.3850381374359131,-0.904482126235962,0.3010755777359009,0.0553975142538547,-0.6099923253059387,0.2001197781129868,0.39524914513934,-0.4551048069826147,85.0
1652957001.951524,0.0350399613380432,0.2501210570335388,-0.0844973623752594,0.185998797416687,-0.385046124458313,-0.903960108757019,-0.0479157119989395,-0.0007216809317469,-0.5804889798164368,0.2029277954666714,0.3952578049288278,-0.461664010035944,85.0
1652957001.9615412,0.0316806733608245,0.2555122375488281,-0.0661138594150543,0.1879085153341293,-0.3823420107364654,-0.9047126770019532,-0.2934183478355407,-0.0537681244313716,-0.5636579990386963,0.2047879978987992,0.3923295566287723,-0.4672988579552604,85.0
1652957001.9714022,0.0204421281814575,0.2355191707611084,-0.0319224596023559,0.1892288327217102,-0.3779897093772888,-0.9062650203704834,-0.4328420162200928,-0.1096340492367744,-0.5318465828895569,0.2058433450909216,0.3876239372357096,-0.4722500935276352,85.0
1652957001.981422,0.0116403102874755,0.2104561328887939,0.0110706686973571,0.1899435222148895,-0.3727803528308868,-0.908271074295044,-0.4873080551624298,-0.1723571866750717,-0.5342753529548645,0.2061554099357732,0.382003539873512,-0.4768405877673527,85.0
1652957001.991389,0.0068484991788864,0.1909514665603637,0.0529426932334899,0.1900508552789688,-0.3674111068248749,-0.910433828830719,-0.4593930840492248,-0.2353228330612182,-0.5412179231643677,0.2057923601837661,0.3762239151117616,-0.4814040374007842,85.0
1652957002.0014892,-0.0041338801383972,0.1800217032432556,0.0838701725006103,0.1895891577005386,-0.3626330494880676,-0.9124435782432556,-0.3589959442615509,-0.2969169020652771,-0.5575882792472839,0.2048667289701094,0.3710917259828809,-0.4862717649972358,85.0
1652957002.01134,-0.0213593393564224,0.1632736325263977,0.1000058948993682,0.188809260725975,-0.3589323461055755,-0.9140670895576476,-0.2192814648151397,-0.3144753873348236,-0.5672107934951782,0.2036947566151307,0.3671237767821415,-0.4915355711648315,85.0
1652957002.0213718,-0.031781256198883,0.1505336165428161,0.0886580348014831,0.1879701614379882,-0.3563277423381805,-0.915258288383484,-0.1187962815165519,-0.3135553896427154,-0.5772764086723328,0.2025573823499152,0.3643347117191732,-0.4971778924108302,85.0
1652957002.031244,-0.0232961177825927,0.1422297358512878,0.0754202604293823,0.1871907413005828,-0.3544272780418396,-0.9161555171012878,-0.0588730163872242,-0.3106301724910736,-0.5842637419700623,0.2015478613931802,0.3623015192079554,-0.5030485559521406,85.0
1652957002.0411448,-0.0010856091976165,0.1419892907142639,0.0680575668811798,0.186327263712883,-0.3530155122280121,-0.9168763756752014,-0.0120503203943371,-0.3276197016239166,-0.5714350342750549,0.2004894188467616,0.3607921624086724,-0.5090377975424369,85.0
1652957002.0511398,0.0125599056482315,0.1247663497924804,0.053350031375885,0.1851939558982849,-0.3519341051578522,-0.9175214767456056,-0.0046858806163072,-0.3496970236301422,-0.5465006232261658,0.1991656547946788,0.359636584877237,-0.514895193101675,85.0
1652957002.0611238,0.0113776922225952,0.1112655997276306,0.0500679910182952,0.18375164270401,-0.35084930062294,-0.9182265996932985,-0.013405336998403,-0.3718101680278778,-0.519354522228241,0.1975068914343483,0.3584779009037198,-0.5204472857427609,85.0
1652957002.0712662,-0.0058701783418655,0.0990408062934875,0.0630875825881958,0.1821244060993194,-0.3497850596904754,-0.9189565777778624,-0.016768641769886,-0.3650257587432861,-0.4885896444320678,0.1956508022691015,0.3573416470593181,-0.5256958648269017,85.0
1652957002.0810142,-0.0272605866193771,0.0764816403388977,0.0659465193748474,0.1805960983037948,-0.3488292694091797,-0.9196212291717528,-0.0093668531626462,-0.3226068913936615,-0.4496234953403473,0.1939132999105759,0.356321613514236,-0.5305505686842953,85.0
1652957002.09098,-0.0340640544891357,0.0618391633033752,0.0452532172203063,0.1793124377727508,-0.3477435410022735,-0.9202833771705629,-0.0597900822758674,-0.2795401215553283,-0.4154420793056488,0.192433757474705,0.3551633534325823,-0.5349932397082999,85.0
1652957002.100934,-0.0238747149705886,0.0512395501136779,0.0361498892307281,0.1782173216342926,-0.3462695777416229,-0.921051561832428,-0.103899210691452,-0.2635732293128967,-0.3935958743095398,0.1911313722166211,0.3535917571665356,-0.5390396126591968,85.0
