1652966937.525354,0.0206877291202545,-0.0594494342803955,0.0295330435037612,-0.3902250230312347,0.1441729664802551,-0.9093616008758544,-0.0881072804331779,0.141810342669487,0.0295535512268543,-0.4053549090798484,-0.1446771638447897,-0.2220715552541939,106.0
1652966937.5353332,0.0238680243492126,-0.0462304949760437,0.0424047708511352,-0.3888276517391205,0.1448357999324798,-0.909854769706726,-0.040595956146717,0.1540129482746124,0.0281383469700813,-0.4038605822209275,-0.1453470228947748,-0.2220446353569346,106.0
1652966937.545472,0.0144204795360565,-0.0342745184898376,0.03475783765316,-0.3873146772384643,0.145097479224205,-0.9104581475257874,-0.0007320279255509,0.1666845828294754,0.0281038396060466,-0.4022147768516194,-0.1456114928179749,-0.22187203442296,106.0
1652966937.55533,0.0143835544586181,-0.0195960998535156,0.0255804359912872,-0.385721355676651,0.1452264040708542,-0.9111137986183168,-0.0004092529416084,0.1718188822269439,0.0434867888689041,-0.4004734939895744,-0.1457418029333651,-0.2215491507280768,106.0
1652966937.565266,0.0093923211097717,-0.0116561651229858,0.0139065086841583,-0.3840870857238769,0.1455020308494568,-0.9117599725723268,-0.031241999939084,0.167944461107254,0.0585483685135841,-0.398697702539806,-0.1460203818913397,-0.2211192570986812,106.0
1652966937.575178,0.0057924389839172,0.0014315843582153,0.0070079863071441,-0.3824861049652099,0.1462054699659347,-0.91232031583786,-0.0654961094260215,0.159858837723732,0.0778104811906814,-0.3969863895631414,-0.1467314345093434,-0.2206635787834706,106.0
1652966937.585136,-0.00713911652565,0.01536625623703,0.0110119730234146,-0.3809223175048828,0.1474047601222992,-0.9127814769744872,-0.1081574186682701,0.1501234471797943,0.0968892201781272,-0.3953480263001985,-0.1479438517498076,-0.2202166991369707,106.0
1652966937.595139,-0.0107118487358093,0.0505687594413757,0.0192149877548217,-0.3793942630290985,0.1495319306850433,-0.9130718111991882,-0.1622336953878402,0.1320986449718475,0.1110987812280654,-0.3938086997620585,-0.1500948639067933,-0.2199092572453455,106.0
1652966937.6050072,-0.0122968256473541,0.0200001597404479,0.010303258895874,-0.3782060444355011,0.1508905589580536,-0.913341224193573,-0.0402929484844207,0.0907109826803207,0.1317197531461715,-0.392594136720206,-0.1514690915260124,-0.2192081180000112,106.0
1652966937.6149778,-0.0132611691951751,0.037417709827423,0.0445446968078613,-0.377272218465805,0.1508745700120926,-0.9137300252914428,0.1541042327880859,0.0701684206724166,0.1138206496834755,-0.3915709020473685,-0.1514529166018075,-0.2177800855532712,106.0
1652966937.624972,-0.0332084596157074,0.0614195466041564,0.0389711260795593,-0.3763373494148254,0.1494138687849044,-0.9143553376197816,0.2335082292556762,0.0987908020615577,0.0544687137007713,-0.3904556366996119,-0.1499754568423261,-0.2161807559971952,106.0
1652966937.634934,-0.0456232130527496,0.0742545127868652,-0.0181685388088226,-0.3752140998840332,0.1477308869361877,-0.9150901436805724,0.1411806941032409,0.1321348994970321,0.0077041396871209,-0.3891226344290072,-0.1482735858734296,-0.2151555228166621,106.0
1652966937.6449552,-0.0197703838348388,0.0695645213127136,-0.0825233608484268,-0.3740131258964538,0.1473121494054794,-0.915649116039276,-0.0462397895753383,0.1279021799564361,0.0033718990162014,-0.3877847571475352,-0.1478502146733515,-0.2149143813324693,106.0
1652966937.655035,0.0063713490962982,0.0750623941421508,-0.0777097344398498,-0.372978925704956,0.1485715359449386,-0.9158674478530884,-0.2023990303277969,0.1063420325517654,-0.0017112763598561,-0.386733140701676,-0.1491236235846346,-0.2154199662127425,106.0
1652966937.664846,0.0073461234569549,0.0624021887779235,-0.0327127277851104,-0.3721378743648529,0.150266408920288,-0.915933072566986,-0.1448987126350402,0.0882435590028762,0.0032745413482189,-0.3859202271878144,-0.1508377348542968,-0.2161273431870649,106.0
1652966937.674923,0.0185231268405914,0.0648953318595886,0.0225744843482971,-0.3715961575508117,0.1509179025888443,-0.916045904159546,0.0451897233724594,0.0460108891129493,0.0424685515463352,-0.3853695771698467,-0.1514967468441865,-0.2161525988220821,106.0
1652966937.684862,0.0112608075141906,0.0619286298751831,0.0559948235750198,-0.3713071048259735,0.1499987989664077,-0.9163140654563904,0.2012169361114502,0.0238096602261066,0.0700301378965377,-0.384996686029228,-0.150567062637476,-0.2151269786384672,106.0
1652966937.695257,-0.0239068269729614,0.0807842016220092,0.0309889316558837,-0.3710516095161438,0.1483170688152313,-0.9166911840438844,0.2392639219760894,0.0318361595273017,0.0773972421884536,-0.384614021903551,-0.1488663010425325,-0.2136201960941553,106.0
1652966937.7046862,-0.0258188247680664,0.1062807440757751,-0.0201904773712158,-0.3706958889961242,0.1470367461442947,-0.9170413017272948,0.1207163780927658,0.0418263711035251,0.0895063281059265,-0.3841478769155672,-0.147571782184757,-0.2121282539402376,106.0
1652966937.714604,-0.0065192580223083,0.1059695482254028,-0.0616673678159713,-0.3703575134277344,0.1470707803964615,-0.9171725511550904,-0.0646106153726577,0.0294661056250333,0.0854463353753089,-0.3837809710532139,-0.1476061894924758,-0.2111950175390008,106.0
1652966937.724626,0.0095374882221221,0.0915420055389404,-0.0688234567642211,-0.3702093958854675,0.1486268788576126,-0.9169814586639404,-0.2194669693708419,-0.0076622460037469,0.0635045543313026,-0.3837144359975615,-0.1491795793055126,-0.2110623739345114,106.0
1652966937.734534,0.0062703490257263,0.0867847204208374,-0.0771716833114624,-0.3703144788742065,0.15114626288414,-0.9165271520614624,-0.294990211725235,-0.0233083181083202,0.0272810347378253,-0.3839850613280772,-0.1517277532853431,-0.2116194486783155,106.0
1652966937.744492,0.0095194578170776,0.0912988781929016,-0.056619256734848,-0.370649129152298,0.1536498516798019,-0.9159753918647766,-0.2445301860570907,-0.0523882806301116,-0.0168589558452367,-0.3845082671497354,-0.1542609338448325,-0.2126272989662087,106.0
1652966937.754725,0.0214087963104248,0.0929673314094543,-0.0217037498950958,-0.3713385164737701,0.1553096771240234,-0.9154160618782043,-0.1289697587490081,-0.0855451673269271,-0.0327465757727623,-0.3853675384896032,-0.1559409291037312,-0.2135693792223877,106.0
1652966937.764441,0.0189378857612609,0.0932234525680542,-0.0062178075313568,-0.3723313808441162,0.1557386517524719,-0.9149397611618042,0.0197431538254022,-0.1190845891833305,-0.0258776359260082,-0.3864801985737406,-0.1563751907290703,-0.2140594138578025,106.0
1652966937.774394,0.0152296125888824,0.0830635428428649,0.0154581815004348,-0.3736127316951751,0.1550740152597427,-0.9145302772521972,0.110577717423439,-0.1527584046125412,-0.0026783077046275,-0.3878378242779962,-0.1557023771886998,-0.2139054838194405,106.0
1652966937.7843618,0.0049440860748291,0.0677780508995056,0.0081593245267868,-0.3750916719436645,0.1540873348712921,-0.9140915274620056,0.0919604301452636,-0.1633624732494354,0.0081945806741714,-0.3893914142397658,-0.1547036931866373,-0.2134929559852121,106.0
1652966937.794343,0.0112502574920654,0.0465583801269531,-0.0398633480072021,-0.3766371011734009,0.1537243872880935,-0.9135169982910156,-0.0216220617294311,-0.1706563383340835,0.0193921066820621,-0.3910590798605848,-0.1543363672258502,-0.2132241930634158,106.0
1652966937.804284,0.023367702960968,0.0395283699035644,-0.0530378520488739,-0.3782565295696258,0.154524028301239,-0.9127126336097716,-0.1470218002796173,-0.1852136999368667,0.0065482128411531,-0.3928847824368838,-0.1551456775851353,-0.2134461933127352,106.0
1652966937.814268,0.0146575570106506,0.0315456390380859,-0.0467379689216613,-0.3798460662364959,0.1560366451740265,-0.911794662475586,-0.1918862164020538,-0.1632753759622573,-0.0104371616616845,-0.3947272259195617,-0.1566768698876127,-0.2141281254642313,106.0
1652966937.8242512,0.0066043734550476,0.0358921289443969,-0.0147972851991653,-0.3812533020973205,0.1575126945972442,-0.910953164100647,-0.1464562118053436,-0.1360751986503601,-0.0330241173505783,-0.396370372560722,-0.1581714020438318,-0.2150094483232234,106.0
1652966937.834128,0.0221385955810546,0.0469497442245483,0.0234207063913345,-0.3825816214084625,0.1581130772829055,-0.9102920293807985,-0.0034130318090319,-0.1454527080059051,-0.0277603790163993,-0.3978697990426217,-0.1587793928422941,-0.2156293254945269,106.0
1652966937.8441,0.0369800329208374,0.0630726218223571,0.0485967248678207,-0.3840106129646301,0.1571374982595443,-0.9098591208457948,0.2059665024280548,-0.1627893447875976,-0.0095858257263898,-0.3993735676185825,-0.1577914710777452,-0.2154180071054916,106.0
1652966937.8541222,0.0268774926662445,0.0693597197532653,0.086756020784378,-0.3856115043163299,0.1546074748039245,-0.9096154570579528,0.3470815420150757,-0.1887075006961822,0.0158822499215602,-0.4009623496278663,-0.1552301319039644,-0.2142661452982162,106.0
1652966937.864242,0.0124333500862121,0.0612626075744628,0.0778653025627136,-0.387372225522995,0.1515810787677765,-0.9093766808509828,0.3299108743667602,-0.2086563855409622,0.0547313392162323,-0.4026966574132125,-0.1521676422911158,-0.2125646300475056,106.0
1652966937.874658,0.0051810145378112,0.0354147553443908,0.057998314499855,-0.389259934425354,0.149658516049385,-0.9088888764381408,0.158317282795906,-0.2371958792209625,0.1358885020017624,-0.4046464811368233,-0.1502228967709298,-0.210723420821152,106.0
1652966937.8839889,-0.0029956698417663,0.0201549530029296,0.0888827592134475,-0.3911997973918915,0.1499783098697662,-0.9080028533935548,-0.0472053848206996,-0.247084692120552,0.2470580488443374,-0.4068029024815386,-0.1505463297285096,-0.2088052827477456,106.0
1652966937.894348,-0.021543264389038,-0.0221108794212341,0.1879733353853225,-0.392976850271225,0.1515956819057464,-0.9069663286209106,-0.1525704264640808,-0.2447285950183868,0.4256850779056549,-0.4088689362361773,-0.1521824127892626,-0.2059611111646749,106.0
1652966937.9038749,-0.0357910990715026,-0.0675433278083801,0.3376064896583557,-0.3942930400371551,0.1525973230600357,-0.9062268137931824,0.5280575156211853,-0.2532556056976318,0.6399217247962952,-0.4103884357526073,-0.1531958406680809,-0.2004839979686432,106.0
1652966937.913857,-0.1022656559944152,-0.1982033848762512,0.5602089762687683,-0.394850343465805,0.1472494751214981,-0.9068686962127686,1.396519422531128,-0.1140713468194007,0.9770443439483644,-0.4106461958776847,-0.1477868576256152,-0.1892209375855588,106.0
1652966937.923784,-0.2041605412960052,-0.317948579788208,0.8267508745193481,-0.3930836319923401,0.1351631134748459,-0.9095142483711244,2.1713521480560303,0.1724335998296737,1.302054524421692,-0.4079454746806086,-0.1355780913542683,-0.1713952350953318,106.0
1652966937.933712,-0.3298908174037933,-0.4950206875801086,0.914805233478546,-0.3881114423274994,0.1214190870523452,-0.9135791659355164,2.038562774658203,0.5216099619865417,1.731513261795044,-0.4017225551989877,-0.121719419262195,-0.148848643174952,106.0
1652966937.943719,-0.4319066703319549,-0.7277125120162964,0.752885103225708,-0.3790978789329529,0.1122119054198265,-0.9185277819633484,1.5372402667999268,0.9712002277374268,2.1695852279663086,-0.3914264651127934,-0.1124487329355175,-0.1239348379454556,106.0
1652966937.953688,-0.50361567735672,-0.8146930932998657,0.708836019039154,-0.3655248880386352,0.1090045273303985,-0.9243968725204468,1.1248228549957275,1.4256778955459597,2.5804011821746826,-0.3765517464325097,-0.1092215536574412,-0.0968231132486779,106.0
1652966937.963778,-0.5650234222412109,-0.7994914054870605,0.7340503931045532,-0.3472537398338318,0.1093485951423645,-0.9313740730285645,0.9443780779838562,1.857621669769287,2.8884589672088623,-0.3568758343808446,-0.1095676920999559,-0.067535008749334,106.0
1652966937.973604,-0.5299461483955383,-0.8315287232398987,0.7513352632522583,-0.3251105546951294,0.1097639203071594,-0.939284324645996,1.1731045246124268,2.170050859451294,3.172154426574707,-0.3332192711111932,-0.1099855310186108,-0.0354658874099265,106.0
1652966937.983509,-0.4708855748176574,-0.8790781497955322,0.8192912340164185,-0.3002172410488128,0.1068103909492492,-0.9478719234466552,1.7001157999038696,2.358748435974121,3.346182346343994,-0.306731734463906,-0.1070145293134213,0.000143629571358,106.0
1652966937.9935231,-0.5092828869819641,-0.8703874349594116,0.8474496006965637,-0.2735997140407562,0.0966574028134346,-0.9569746851921082,2.398457765579224,2.5497195720672607,3.3420770168304443,-0.2784719945077323,-0.0968085466614506,0.0381789816682475,106.0
1652966938.003432,-0.5598875880241394,-0.8040105104446411,0.7372854948043823,-0.2451813220977783,0.0802955999970436,-0.9661463499069214,2.760242462158203,2.7764194011688232,3.286649703979492,-0.2485260384034105,-0.0803821372200774,0.0770031357990338,106.0
1652966938.013435,-0.5127347707748413,-0.771940290927887,0.5041272044181824,-0.2150636464357376,0.0608446709811687,-0.974702775478363,2.764897584915161,2.972820997238159,3.1922531127929688,-0.2171657885184949,-0.0608822764285226,0.1148576965065018,106.0
1652966938.023426,-0.3810033202171325,-0.7206529378890991,0.2776125073432922,-0.1837396323680877,0.0413266606628894,-0.9821058511734008,2.523028612136841,3.116673231124878,3.1222946643829346,-0.1849493373788378,-0.0413384324911466,0.1509845151016646,106.0
1652966938.0335932,-0.2490254342555999,-0.6343432664871216,0.0804643705487251,-0.1517618596553802,0.022791814059019,-0.9881542921066284,2.318114995956421,3.1936914920806885,3.024232864379883,-0.1523904305516887,-0.0227937870773444,0.1852244907199158,106.0
1652966938.043152,-0.135790079832077,-0.5506559014320374,0.0036343331448733,-0.1198251023888588,0.0042696706950664,-0.9927858114242554,2.2635657787323,3.193324565887451,2.8923494815826416,-0.1201148109059082,-0.0042696836529147,0.2174941223387989,106.0
1652966938.053258,-0.0395457297563552,-0.4931711554527282,-0.0449345968663692,-0.0887806341052055,-0.0152766294777393,-0.9959340691566468,2.2791192531585693,3.10142183303833,2.758975028991699,-0.0889080825804935,0.0152772241033779,0.2478755568046774,106.0
1652966938.063239,-0.0089806951582431,-0.5854374766349792,-0.0517075806856155,-0.0587835349142551,-0.0373885333538055,-0.9975703358650208,2.331164598464966,2.966634511947632,2.608054876327514,-0.0588586422732091,0.0373972513195686,0.2764387581094757,106.0
1652966938.073174,-0.044870987534523,-0.3468087315559387,0.0230420045554637,-0.0296071115881204,-0.0593884848058223,-0.9977957606315612,2.381180047988892,3.076679944992065,2.225486516952514,-0.0296638120037103,0.0594234503322773,0.3014560460450498,106.0
1652966938.083109,0.0358587764203548,-0.2960793972015381,-0.1227429881691932,-0.0004736001428682,-0.0812823250889778,-0.9966909885406494,2.124445915222168,3.074744462966919,1.998892903327942,-0.0004751724444456,0.0813720964332308,0.322916070859617,106.0
1652966938.093116,0.1947368383407592,-0.2410429120063781,-0.2717045247554779,0.0274769403040409,-0.1014491915702819,-0.994461178779602,1.8677775859832764,2.91206955909729,1.8182158470153809,0.0276229499358491,0.1016240221621002,0.341684521236084,106.0
1652966938.103245,0.3089194893836975,-0.1335110068321228,-0.4117408394813537,0.0531258471310138,-0.1191124841570854,-0.9914584755897522,1.5652860403060913,2.645825147628784,1.6368920803070068,0.0535323387842451,0.1193959528412264,0.3583368930279879,106.0
1652966938.1130471,0.2776855826377868,-0.0336375832557678,-0.3307838141918182,0.0762573033571243,-0.1339836865663528,-0.9880451560020448,1.2618882656097412,2.443143844604492,1.4092267751693726,0.0770272808856504,0.1343878325020646,0.3727342683103875,106.0
1652966938.12297,0.1922991871833801,0.0049421787261962,-0.2535603940486908,0.0977246463298797,-0.1459757685661316,-0.984449565410614,0.92656272649765,2.2869207859039307,1.1775617599487305,0.0989441548815028,0.1464992289867401,0.3847069739419436,106.0
1652966938.133045,0.1935661882162094,0.034467339515686,-0.2375549674034118,0.1174690052866935,-0.1541076749563217,-0.9810463190078736,0.5012809634208679,2.056538820266724,0.9692863821983336,0.1191711250572977,0.1547242715875124,0.3946393086720139,106.0
1652966938.142911,0.2384151369333267,0.0224546194076538,-0.1886269450187683,0.1345096826553344,-0.1587546914815902,-0.978112518787384,0.2597264051437378,1.7275408506393433,0.8533113598823547,0.1366624466263162,0.1594292170320438,0.4032829384074732,106.0
1652966938.1528978,0.2013211995363235,-0.0254215598106384,-0.0766650438308715,0.1484407931566238,-0.1623181402683258,-0.9755091667175292,0.2657965123653412,1.414181113243103,0.7994452118873596,0.1510090703339555,0.1630395042575448,0.4111540463782269,106.0
1652966938.162823,0.0926474183797836,-0.0302331447601318,0.0609313398599624,0.15987029671669,-0.1669952124357223,-0.9729101061820984,0.4801201522350311,1.2095863819122314,0.695466160774231,0.1628662708943038,0.1677812973075632,0.418069269301683,106.0
1652966938.172778,-0.0290223956108093,-0.004132330417633,0.151481807231903,0.1699526011943817,-0.1744005531072616,-0.969897210597992,0.8396713733673096,1.1134008169174194,0.5614380836486816,0.1734663451581243,0.1752969587084151,0.4232447290918547,106.0
1652966938.182684,-0.1086578071117401,0.0619596242904663,0.2026578783988952,0.1797332614660263,-0.1853086650371551,-0.9661038517951964,1.256463885307312,1.100196361541748,0.4131650328636169,0.1839364563793472,0.1863859509034179,0.4261999223068028,106.0
1652966938.192948,-0.1196519285440445,0.1464909315109253,0.2084545195102691,0.1893998831510543,-0.1998791247606277,-0.9613407254219056,1.6078547239303589,1.0578571557998655,0.3406895101070404,0.1945250646632125,0.2012345490875856,0.4271375153633128,106.0
1652966938.202798,-0.1466511487960815,0.1765141487121582,0.1959339380264282,0.1987904757261276,-0.2167164534330368,-0.9557805061340332,1.7749978303909302,1.0455877780914309,0.2430265843868255,0.2050639942717796,0.218449731513475,0.4266564007078904,106.0
1652966938.213005,-0.208704337477684,0.1768912672996521,0.1051232665777206,0.2084449529647827,-0.233449712395668,-0.9497641324996948,1.6244524717330933,1.0782331228256226,0.1580749303102493,0.2160449292676393,0.2356239171027315,0.4249525366114889,106.0
1652966938.223148,-0.2507203817367553,0.1537030935287475,0.0372779071331024,0.2181429117918014,-0.2477119117975235,-0.9439557790756226,1.336582064628601,1.0430877208709717,0.0985729470849037,0.2271075723980228,0.2503178439936643,0.4228866404025173,106.0
1652966938.233063,-0.3086678981781006,0.112541377544403,0.0472566187381744,0.2277505546808242,-0.2590181231498718,-0.9386369585990906,1.020827054977417,1.0368841886520386,0.022983644157648,0.2380393828241602,0.2620054958564579,0.4206994853846069,106.0
1652966938.2428598,-0.351384162902832,0.1387088894844055,0.0628113150596618,0.237492561340332,-0.2662262618541717,-0.9341952800750732,0.6003106236457825,1.0324269533157349,-0.0899487286806106,0.2489479077947283,0.2694758720619002,0.4184191461494443,106.0
1652966938.252661,-0.3088050782680511,0.1549481749534607,-0.0039710700511932,0.2467781156301498,-0.2695580124855041,-0.9308270812034608,0.1519756913185119,0.8988680839538574,-0.0880014300346374,0.2591550861186698,0.2729340205638909,0.4164633469749311,106.0
1652966938.262336,-0.3100021779537201,0.2075533270835876,0.0414097309112548,0.2546738088130951,-0.2692387402057647,-0.9287904500961304,-0.149027481675148,0.7782499194145203,-0.0765784010291099,0.2676217773803765,0.2726024939262373,0.4156878194671446,106.0
1652966938.272252,-0.4028587937355041,0.2465549111366272,0.0591268241405487,0.2620659470558166,-0.2669210433959961,-0.9274020791053772,-0.2933449745178222,0.7759124040603638,-0.099197156727314,0.2754002049896528,0.2701967546391788,0.4155043128822207,106.0
1652966938.282055,-0.4609854817390442,0.3205562233924866,0.0795610547065734,0.2698081135749817,-0.2635973691940307,-0.9261317253112792,-0.3284379243850708,0.8187373280525208,-0.1888695955276489,0.2834819800875896,0.2667495816232343,0.4149452847770721,106.0
1652966938.292038,-0.4591177701950073,0.4018375873565674,0.0750478506088256,0.2780875265598297,-0.260228544473648,-0.9246342182159424,-0.276568055152893,0.853472113609314,-0.2475321143865585,0.2921484702306881,0.2632589023298578,0.4136550529561568,106.0
1652966938.301992,-0.4179039895534515,0.5151607990264893,-0.0121461153030395,0.2866784036159515,-0.2575682699680328,-0.9227535128593444,-0.1284176856279373,0.8564831614494324,-0.2490816116333007,0.3012233099740655,0.260504719418861,0.4117638123399894,106.0
1652966938.312068,-0.3611396551132202,0.585517942905426,-0.0875434875488281,0.2945655584335327,-0.2565880417823791,-0.920539915561676,0.049870029091835,0.7415765523910522,-0.1791922748088836,0.3096958504307647,0.2594903872710518,0.4097975098559961,106.0
1652966938.321996,-0.400945097208023,0.5625141263008118,-0.0482897460460662,0.3015035390853882,-0.2576337158679962,-0.9179980754852296,0.2824503481388092,0.7060260772705078,-0.0958602577447891,0.3173364312418343,0.2605724587902345,0.4079494483958137,106.0
1652966938.331948,-0.4685477018356323,0.4622732996940613,-0.013872355222702,0.3081015646457672,-0.2609537541866302,-0.9148642420768738,0.462348997592926,0.7120780944824219,0.0041214637458324,0.3248430410302501,0.264010043962981,0.4062523621317342,106.0
1652966938.3420491,-0.4855262041091919,0.4006727337837219,0.0082316398620605,0.3145209550857544,-0.2654338181018829,-0.911384344100952,0.4532527923583984,0.7332571148872375,0.0887797772884368,0.3323050893219177,0.2686538594667341,0.4051604478947864,106.0
1652966938.352035,-0.4933423399925232,0.4011183381080627,-0.0193969905376434,0.3211926817893982,-0.2690704762935638,-0.907984733581543,0.2557144165039062,0.8043595552444458,0.1072530597448349,0.3400048800273723,0.2724277791493763,0.4048681430876174,106.0
1652966938.3620028,-0.4707590937614441,0.4721047878265381,-0.178038865327835,0.3285471796989441,-0.2700507938861847,-0.9050576090812684,-0.1540765017271042,0.8963841795921326,0.1540355533361435,0.348219843679,0.2734457728745296,0.4059238157389536,106.0
1652966938.371992,-0.3933027684688568,0.5937987565994263,-0.3655640482902527,0.3362654149532318,-0.2674163579940796,-0.9030027985572816,-0.5521402955055237,0.897323489189148,0.1840901225805282,0.3564768001831644,0.2707107437563405,0.408834760837792,106.0
1652966938.381936,-0.3128690719604492,0.6767016053199768,-0.4158134460449219,0.3431882858276367,-0.2619057297706604,-0.9020128846168518,-0.7373285889625549,0.7543752193450928,0.221161663532257,0.3635571017740525,0.2649963186058994,0.4133287804861513,106.0
1652966938.391969,-0.3193957209587097,0.5880906581878662,-0.3510318100452423,0.3488909304141998,-0.2577633857727051,-0.9010178446769714,-0.3330210447311401,0.6657891869544983,0.2559963762760162,0.3694396755756316,0.2607066341934455,0.4176569162529193,106.0
1652966938.401834,-0.3443394005298614,0.4518368244171142,-0.2630945146083832,0.353860855102539,-0.2585272192955017,-0.8988582491874695,0.3037176132202148,0.5879167914390564,0.2580204606056213,0.3750446655278859,0.2614972715101786,0.4202286967709602,106.0
1652966938.4120011,-0.3373602628707886,0.372893214225769,-0.2272823750972747,0.3582495450973511,-0.2644168734550476,-0.8953998684883118,0.8140280246734619,0.5387578010559082,0.1825486272573471,0.3805926392291958,0.267599217850637,0.4202248654428284,106.0
1652966938.421666,-0.3506094217300415,0.298972487449646,-0.2932338416576385,0.3626028299331665,-0.2735539078712463,-0.8908913731575012,1.063960075378418,0.5329668521881104,0.1117640733718872,0.3865359304005146,0.2770859392874809,0.4178335495084954,106.0
1652966938.431788,-0.3527495861053467,0.3257580995559692,-0.4419500827789306,0.367214947938919,-0.2819726765155792,-0.8863659501075745,0.690013587474823,0.5660451650619507,0.0572379864752292,0.3927666391395815,0.2858496035956629,0.4151173923010204,106.0
1652966938.441663,-0.3005038201808929,0.4023353457450866,-0.7051664590835571,0.3723422288894653,-0.2850679755210876,-0.8832312822341919,-0.0099307866767048,0.5955567955970764,-0.0426781885325908,0.3989602811014293,0.2890773557289376,0.4137777717736604,106.0
1652966938.451679,-0.199890911579132,0.4391694664955139,-0.9195184707641602,0.3774879574775696,-0.2816839814186096,-0.8821320533752441,-0.6444060206413269,0.4946179091930389,-0.1734684258699417,0.4043470633122583,0.2855486927206269,0.4141589489483688,106.0
1652966938.4616342,-0.1183903515338897,0.3969142436981201,-0.9031545519828796,0.3815129399299621,-0.2742136418819427,-0.8827540278434753,-0.7389012575149536,0.2732157111167907,-0.2703988552093506,0.4079405093262915,0.2777718955764477,0.4150307481121739,106.0
1652966938.471586,-0.1121462285518646,0.2154616117477417,-0.7482991218566895,0.3838289678096771,-0.2686991989612579,-0.8834455609321594,-0.2229478508234024,0.0833893120288848,-0.3363054096698761,0.4098628597578589,0.272042309797719,0.4142356275628765,106.0
1652966938.48164,-0.1814161539077758,0.0894052386283874,-0.6023463010787964,0.3854567110538482,-0.2679845690727234,-0.8829538226127625,0.4580018520355224,0.0449979305267334,-0.536493718624115,0.4116158512894982,0.2713004608869122,0.4096921886045029,106.0
1652966938.491493,-0.2422194182872772,0.0182217359542846,-0.597540020942688,0.3879561126232147,-0.2723788619041443,-0.8805111050605774,1.032689094543457,0.1395870149135589,-0.7487695217132568,0.4150122268780739,0.2758645140574203,0.4002748343637698,106.0
1652966938.5014582,-0.2256503701210022,0.0439954400062561,-0.6844902634620667,0.3919101357460022,-0.2791785895824432,-0.8766217827796936,1.2150499820709229,0.2355663925409317,-0.9143465757369996,0.4204135638531226,0.2829385882883979,0.3875653714777706,106.0
1652966938.511412,-0.1711464524269104,0.0941583514213562,-0.834432065486908,0.3969918191432953,-0.2851053476333618,-0.8724175691604614,0.9956552386283876,0.2829692959785461,-1.077567458152771,0.4270438383763294,0.2891163227183044,0.373310038540103,106.0
1652966938.521342,-0.1541552543640136,0.1855281591415405,-0.9059423208236694,0.4030413627624511,-0.2872796952724457,-0.8689234852790833,0.5979011654853821,0.3468718826770782,-1.2939897775650024,0.4343033689522309,0.2913856126591401,0.3587500624851078,106.0
1652966938.5313148,-0.1502666175365448,0.1883202195167541,-0.91107439994812,0.4101237654685974,-0.2859623432159424,-0.8660392761230469,0.4664616584777832,0.343453973531723,-1.5029314756393433,0.442274843211947,0.2900105480662424,0.3432578258232557,106.0
1652966938.541286,-0.0996070504188537,0.1237253546714782,-0.7663155794143677,0.4168220460414886,-0.2842215597629547,-0.8634103536605835,0.6253763437271118,0.1734001636505127,-1.6050039529800415,0.4497626476898189,0.2881944108670151,0.3263161642456781,106.0
1652966938.551554,-0.1105234026908874,0.0660744905471801,-0.5939645767211914,0.4223978221416473,-0.2831258773803711,-0.8610573410987854,0.745879054069519,0.0300571136176586,-1.7859550714492798,0.4560648097777122,0.2870518000876244,0.3073824428661529,106.0
1652966938.561216,-0.1958801448345184,0.0321360826492309,-0.5119990110397339,0.4278595447540283,-0.281137615442276,-0.8590098023414612,0.6397899389266968,0.0101094003766775,-2.0090651512146,0.4621141092785865,0.2849793220209007,0.2864917387850994,106.0
1652966938.571202,-0.2338626682758331,0.0408363342285156,-0.5062665939331055,0.433707058429718,-0.2760363221168518,-0.8577308058738708,0.2263349443674087,-0.006825640797615,-2.169419765472412,0.468153170525895,0.2796677525049105,0.264968091232038,106.0
1652966938.581114,-0.1998051404953003,0.1105619072914123,-0.5184048414230347,0.4393833875656128,-0.2656528055667877,-0.8581205010414124,-0.4697811305522918,-0.064931072294712,-2.18375015258789,0.4732251826066006,0.2688810014400055,0.2452437646236771,106.0
1652966938.591059,-0.2092153429985046,0.2023593187332153,-0.5011019706726074,0.4446126818656921,-0.2489743679761886,-0.8604251146316528,-1.1820957660675049,0.0170125272125005,-2.163421392440796,0.4769466488501582,0.2516211248925856,0.229348177090218,106.0
1652966938.601119,-0.280205100774765,0.3119420409202575,-0.4450224339962005,0.4504626989364624,-0.2265321612358093,-0.8635777831077576,-1.7107667922973633,0.1265058815479278,-2.2216756343841557,0.4807966018592846,0.2285157992781635,0.2163674153743829,106.0
1652966938.6111,-0.2773070335388183,0.4100298285484314,-0.3449228405952453,0.4563689529895782,-0.2014791518449783,-0.8666796088218689,-1.6802864074707031,0.1230688169598579,-2.2561933994293213,0.4846783186259314,0.2028678061230299,0.2043434056518327,106.0
1652966938.621073,-0.2566175758838653,0.4375314712524414,-0.132857859134674,0.4613905251026153,-0.1794132888317108,-0.8688668608665466,-0.9511457085609436,0.0129221780225634,-2.342294216156006,0.4881588928803184,0.1803900275275631,0.1901241866676226,106.0
1652966938.630924,-0.2829730212688446,0.4948731064796448,0.2394095808267593,0.4650561511516571,-0.1638023108243942,-0.8699951171875,-0.0519647896289825,-0.1138046085834503,-2.501896619796753,0.4909043122789664,0.1645438062287216,0.1710479982885458,106.0
1652966938.6408691,-0.3397724628448486,0.5443020462989807,0.4548649191856384,0.4677479267120361,-0.1548924148082733,-0.8701840043067932,0.6694278717041016,-0.1972621083259582,-2.627068042755127,0.4932171010299364,0.1555185583033855,0.146503301182983,106.0
1652966938.6514258,-0.313050240278244,0.6076552271842957,0.4133287072181701,0.469452828168869,-0.14903125166893,-0.8702894449234009,0.7343783974647522,-0.3471908867359161,-2.6118311882019043,0.4946852490521017,0.1495885108285459,0.119640590557667,106.0
1652966938.660887,-0.2113359868526458,0.623500406742096,0.3445002436637878,0.4692095518112182,-0.1421077102422714,-0.871577799320221,0.3579520881175995,-0.5615633130073547,-2.4234445095062256,0.4938510246423113,0.142590411151522,0.0945461903934006,106.0
1652966938.670728,-0.1327401399612426,0.6664212346076965,0.3511936068534851,0.4664956331253052,-0.132245272397995,-0.8745816349983215,-0.2208412140607834,-0.7696083784103394,-2.1318938732147217,0.4900037174853447,0.1326338079396024,0.0739386965750384,106.0
1652966938.680896,-0.0922970175743103,0.7771117091178894,0.3587378859519958,0.4616207778453827,-0.1181220635771751,-0.8791776895523071,-0.8871657252311707,-0.9138933420181274,-1.8714609146118164,0.4834937871783132,0.1183984903558168,0.0588223413112097,106.0
1652966938.690829,-0.0359973609447479,0.8799037933349609,0.3539677858352661,0.4548053443431854,-0.1004430279135704,-0.8849086165428162,-1.3100786209106443,-1.0817313194274902,-1.629257321357727,0.4747510861621588,0.1006126931596152,0.0483967117854409,106.0
1652966938.700684,-0.0026552379131317,0.9257608652114868,0.4583695530891418,0.4458315074443817,-0.0816758796572685,-0.8913828134536743,-1.363872766494751,-1.2537158727645874,-1.435105800628662,0.4637733624941627,0.0817669640543415,0.0409722238075478,106.0
1652966938.710691,-0.0386449694633483,0.854986310005188,0.623941957950592,0.4349614977836609,-0.0651040747761726,-0.8980923891067505,-0.951776087284088,-1.4026364088058472,-1.3508702516555786,0.4510227550945574,0.0651501550004369,0.0337476898219358,106.0
1652966938.720766,-0.080937772989273,0.682640552520752,0.8193343877792358,0.4226431250572204,-0.053221121430397,-0.9047321677207948,-0.4165232479572296,-1.5231733322143557,-1.3247432708740234,0.4370217043075119,0.0532462775307753,0.0246508004916621,106.0
1652966938.730528,-0.0520231127738952,0.4697120189666748,0.9312237501144408,0.4087278544902801,-0.0465344339609146,-0.9114691615104676,0.050621572881937,-1.696966528892517,-1.206890106201172,0.4215454799382413,0.0465512438326954,0.0138025388381013,106.0
1652966938.740937,-0.0277877151966094,0.3432774543762207,0.9256840348243712,0.3931137025356293,-0.0432377681136131,-0.918472707271576,0.1743720024824142,-1.82893168926239,-1.0867891311645508,0.4044157075203748,0.0432512505929075,0.0027801076474794,106.0
1652966938.750869,-0.0448898077011108,0.3448718786239624,0.8144988417625427,0.3764327764511108,-0.0397490933537483,-0.9255908131599426,-0.1602451205253601,-1.891439199447632,-0.9544913172721864,0.386264235461598,0.0397595695251696,-0.0068187359289595,106.0
1652966938.760627,-0.0361175239086151,0.4129586815834045,0.7662041187286377,0.3591461181640625,-0.0328361913561821,-0.9327034950256348,-0.6327225565910339,-1.9253617525100708,-0.7991193532943726,0.3675604389892888,0.0328420955217435,-0.0135003177012604,106.0
1652966938.770421,-0.0373789966106414,0.4441137313842773,0.780243992805481,0.3411815166473388,-0.0222331527620553,-0.9397344589233398,-1.1133930683135986,-1.9621189832687376,-0.6044512987136841,0.348263303580022,0.0222349857399627,-0.0170112786276774,106.0
1652966938.780273,-0.0508827567100524,0.3899021744728088,0.8265546560287476,0.3227638900279999,-0.0090803299099206,-0.9464359283447266,-1.2884734869003296,-1.979992389678955,-0.4020483493804931,0.3286622762749304,0.0090804543249239,-0.0176899968688361,106.0
1652966938.790247,-0.0639724731445312,0.2887725234031677,0.9523422122001648,0.3040848076343536,0.003987081348896,-0.9526365995407104,-1.23251211643219,-1.971087098121643,-0.2300976067781448,0.3089801241537301,-0.0039870917287449,-0.0166181910457989,106.0
1652966938.800276,-0.0530900955200195,0.1667544841766357,1.083091139793396,0.2854509949684143,0.015144876204431,-0.9582736492156982,-1.004613995552063,-1.9335362911224363,-0.0948213562369346,0.2895111311061754,-0.0151454553863393,-0.0148765502417017,106.0
1652966938.810228,-0.0292040109634399,0.0733332633972168,1.097654104232788,0.2671191096305847,0.0234396364539861,-0.9633784294128418,-0.7353366613388062,-1.8982709646224976,0.0713955760002136,0.2704784471741586,-0.0234417833758197,-0.0126422016495854,106.0
1652966938.820153,0.004579871892929,0.041077971458435,1.047675848007202,0.2488686442375183,0.0292588956654071,-0.9680951833724976,-0.590287983417511,-1.91491973400116,0.2713842689990997,0.2516220316324082,-0.0292630718777705,-0.0093170696455621,106.0
1652966938.8302588,0.0112451612949371,0.0792791843414306,1.0200961828231812,0.2302252054214477,0.0339809544384479,-0.9725438952445984,-0.610085129737854,-1.9673104286193848,0.4657292664051056,0.2324458145463298,-0.0339874977869534,-0.0043650329882839,106.0
1652966938.8400478,-0.051029548048973,0.1175494790077209,1.0227627754211426,0.2113231867551803,0.0386996008455753,-0.976649820804596,-0.6561873555183411,-1.9702714681625368,0.6411718726158142,0.2130906081242845,-0.0387092666360446,0.0023065151920486,106.0
1652966938.850678,-0.116854190826416,0.081124722957611,1.0165669918060305,0.1924920529127121,0.0447123050689697,-0.9802793264389038,-0.8618832230567932,-1.9564381837844849,0.8282855749130249,0.1938974507742328,-0.0447272180836619,0.0110193544969483,106.0
1652966938.863992,-0.1390923410654068,-0.0686808228492736,0.9158191084861756,0.1740349978208542,0.0525493808090686,-0.983336329460144,-1.118975281715393,-1.9092817306518557,1.0579606294631958,0.1751702529845764,-0.0525735962915821,0.0220718689113095,106.0
1652966938.8701658,-0.1284841150045395,-0.1388885378837585,0.8595945835113525,0.1561941057443618,0.062768630683422,-0.9857299327850342,-1.3363275527954102,-1.85557222366333,1.2440208196640017,0.1571487338223222,-0.0628099201948109,0.0354607972737409,106.0
1652966938.879955,-0.1159036755561828,-0.1474947929382324,0.8367461562156677,0.1393259614706039,0.0735015794634819,-0.9875149726867676,-1.190052151679993,-1.7695558071136477,1.3506364822387695,0.1401623283952865,-0.0735679240733814,0.0502106933463813,106.0
1652966938.889967,-0.0930201485753059,-0.1358602643013,0.8520768880844116,0.1231105178594589,0.0814099907875061,-0.9890481233596802,-0.7614791393280029,-1.758081078529358,1.4793363809585571,0.1238367963230988,-0.0815001876720188,0.0655272555716492,106.0
1652966938.900135,-0.0961175709962844,-0.1411513090133667,0.8065720200538635,0.1071802452206611,0.0850752815604209,-0.9905930757522584,-0.3665651381015777,-1.7267838716506958,1.5881843566894531,0.1077787824777259,-0.0851782400775574,0.0813996381662567,106.0
1652966938.9102058,-0.1486959904432296,-0.1866990327835083,0.6959471106529236,0.0917655080556869,0.0862031280994415,-0.9920424222946168,-0.2320746928453445,-1.6754273176193235,1.6526001691818235,0.0922391106880531,-0.0863102480306315,0.0977942355871011,106.0
1652966938.919769,-0.2126852571964264,-0.2547522187232971,0.5296059250831604,0.0768973380327224,0.0882376804947853,-0.9931268095970154,-0.5088165998458862,-1.6200475692749023,1.7132056951522827,0.0772753417727035,-0.0883525815734194,0.114845092839136,106.0
1652966938.929884,-0.2783888876438141,-0.3216069340705871,0.3230171501636505,0.0627822503447532,0.0941275805234909,-0.993578553199768,-0.934861958026886,-1.555956482887268,1.7553778886795044,0.0631041111092745,-0.0942671328498784,0.132649266448341,106.0
1652966938.939629,-0.3493941724300384,-0.3612231016159057,0.2324849367141723,0.0494064427912235,0.1044748499989509,-0.9932995438575744,-1.3224446773529053,-1.495496153831482,1.77186381816864,0.0496987615223055,-0.1046658473732185,0.1509522771162411,106.0
1652966938.9497151,-0.3954212665557861,-0.4075012803077698,0.1802503764629364,0.036931324750185,0.1173722520470619,-0.9924010634422302,-1.36469566822052,-1.4170072078704834,1.7501436471939087,0.0371969479265423,-0.117643429912976,0.1691964054493739,106.0
1652966939.0147882,-0.3806317150592804,-0.4554545283317566,0.2003785073757171,0.0253003481775522,0.1292265355587005,-0.9912922978401184,-1.1157561540603638,-1.3766454458236694,1.7325005531311035,0.0255170524024989,-0.1295889397753462,0.18703272706486,106.0
1652966939.015163,-0.3353938460350036,-0.5550343990325928,0.1171575486660003,0.0144557766616344,0.1383050233125686,-0.9902842044830322,-0.7733785510063171,-1.2917616367340088,1.7785927057266235,0.0145965674608904,-0.1387497866050982,0.2048370060995687,106.0
1652966939.0196118,-0.3120178282260895,-0.7080197930335999,-0.7401198148727417,-0.0208221040666103,0.1757734417915344,-0.9842104315757751,-1.0631884336471558,-0.5314394235610962,1.4696277379989624,-0.0211529951656486,-0.1766913916942603,0.29412971131045,106.0
1652966939.0294251,-0.4028155505657196,-0.7222691178321838,-0.710873007774353,-0.0226299632340669,0.185024544596672,-0.9824733138084412,-0.659845769405365,-0.34392249584198,1.2053358554840088,-0.0230295946811613,-0.186096832283577,0.3074437624901053,106.0
1652966939.039353,-0.3347622752189636,-0.8015266060829163,-0.603432834148407,-0.0238192230463027,0.1880275011062622,-0.9818748831748962,0.1211235001683235,-0.3355827927589416,1.0191107988357544,-0.0242541623734844,-0.1891534348066365,0.3185651091889984,106.0
1652966939.049299,-0.2436720728874206,-0.9674499034881592,-0.5935206413269043,-0.0256149973720312,0.182525098323822,-0.9828674793243408,0.9401389956474304,-0.3932881653308868,0.9340563416481018,-0.026055598262125,-0.1835540884543071,0.3285512123520554,106.0
1652966939.059321,-0.2677691578865051,-0.9597839117050172,-0.7056839466094971,-0.0275493953377008,0.1723891794681549,-0.984643578529358,1.1266632080078125,-0.2924979925155639,0.7526994943618774,-0.0279717561694529,-0.173254650810415,0.3374716268319701,106.0
1652966939.069361,-0.3194575607776642,-0.8894236087799072,-0.945946216583252,-0.0283817425370216,0.1629108339548111,-0.9862325191497804,0.8016195893287659,-0.0839591473340988,0.5283417701721191,-0.0287700035440984,-0.1636401879568473,0.3441725024495176,106.0
1652966939.079245,-0.3197779953479767,-0.8013238906860352,-1.1380361318588257,-0.0273288823664188,0.1580556333065033,-0.9870519638061525,0.1856377869844436,0.158697172999382,0.3368506729602813,-0.027680307511582,-0.1587212191905997,0.3486917271104993,106.0
1652966939.08918,-0.295094221830368,-0.6947753429412842,-1.235201358795166,-0.0243484806269407,0.1592278182506561,-0.9869415760040284,-0.3759967982769012,0.3622212409973144,0.1357636451721191,-0.0246656367719108,-0.1599084410927218,0.3510265263990436,106.0
1652966939.099154,-0.2607303857803345,-0.6570255756378174,-1.1540040969848633,-0.0200312696397304,0.1636476218700409,-0.9863154888153076,-0.4502254128456116,0.5000802874565125,-0.0532768853008747,-0.0203064001865801,-0.1643869965329411,0.3513165648640042,106.0
1652966939.109092,-0.2297062277793884,-0.6545807123184204,-0.9480873346328736,-0.0151362521573901,0.1666084229946136,-0.9859069585800172,-0.1215085089206695,0.5228913426399231,-0.2171145528554916,-0.015351411481461,-0.1673890106944663,0.3498687995970264,106.0
1652966939.119144,-0.2233781963586807,-0.662567675113678,-0.8447730541229248,-0.0104169258847832,0.1659246683120727,-0.9860833883285522,0.2505936026573181,0.5454650521278381,-0.3824542760848999,-0.0105635473823173,-0.1666956054337606,0.3469087273782391,106.0
1652966939.128783,-0.2748000919818878,-0.5920121669769287,-0.823555052280426,-0.005427514668554,0.1619491428136825,-0.9867841601371764,0.526986300945282,0.6486769318580627,-0.5924544334411621,-0.0055001487083623,-0.1626655566371868,0.3420361660497085,106.0
1652966939.1389,-0.3057294487953186,-0.4723755121231079,-0.8492196202278137,0.0004163694684393,0.1564095020294189,-0.9876921772956848,0.5698763728141785,0.7615109086036682,-0.7936512231826782,0.0004215579040192,-0.1570543513623909,0.3350430667670437,106.0
1652966939.148701,-0.2721861898899078,-0.3525699973106384,-0.9062215089797974,0.0068969172425568,0.1515980511903762,-0.9884181618690492,0.3802308440208435,0.8247737288475037,-0.96244877576828,0.0069776188744964,-0.1521848172722066,0.3261880303714877,106.0
1652966939.158667,-0.2601013779640198,-0.2703101634979248,-0.9209275245666504,0.0137330051511526,0.1494278460741043,-0.9886772632598876,0.0788813084363937,0.8900415301322937,-1.1591250896453855,0.0138893879028087,-0.1499895937157588,0.3155074224130127,106.0
1652966939.168761,-0.2699088156223297,-0.1968515515327453,-0.8830630779266357,0.021007502451539,0.1500765979290008,-0.9884511828422546,-0.1435480415821075,0.9650611877441406,-1.381922721862793,0.0212497505355476,-0.1506457453271126,0.3027015096281646,106.0
1652966939.1785588,-0.2568065524101257,-0.126061201095581,-0.8019996881484985,0.0284893475472927,0.1521125733852386,-0.987952470779419,-0.1820757091045379,0.9882987141609192,-1.541393518447876,0.028828768882462,-0.1527053704145828,0.2879816052823709,106.0
1652966939.188544,-0.2314675599336624,-0.0605943202972412,-0.6931143999099731,0.0356515608727932,0.1541128754615783,-0.9874098300933838,-0.119443766772747,0.9644498825073242,-1.668726682662964,0.036090466026023,-0.1547295360740166,0.2718760998976512,106.0
1652966939.198452,-0.2465184926986694,0.00238698720932,-0.5943001508712769,0.0424017161130905,0.155762493610382,-0.98688405752182,-0.0848734080791473,0.9609547853469848,-1.7936670780181885,0.0429388362391996,-0.1563993272164345,0.2544494400503034,106.0
1652966939.208456,-0.2604076564311981,0.0559695363044738,-0.5430858135223389,0.0489819124341011,0.1573435962200164,-0.986328423023224,-0.0747419446706771,0.9588996767997742,-1.8735417127609253,0.0496200888995063,-0.1580001679285576,0.2360053710575999,106.0
1652966939.218337,-0.236808031797409,0.1515153646469116,-0.5309709310531616,0.0553047694265842,0.1592820137739181,-0.9856828451156616,-0.1200935766100883,0.9418612122535706,-1.9535976648330688,0.0560493111211379,-0.159963344252245,0.2167651711683996,106.0
1652966939.228372,-0.2233348190784454,0.257969319820404,-0.5254362225532532,0.0612102299928665,0.1621396541595459,-0.984867513179779,-0.237709954380989,0.9024258852005004,-2.01167631149292,0.0620708868334635,-0.1628586130490809,0.1969062740677979,106.0
1652966939.2385,-0.2413803339004516,0.3412055969238281,-0.5032010674476624,0.0665756911039352,0.1664548069238662,-0.9837989807128906,-0.3798303306102752,0.87699294090271,-2.102502822875977,0.0675690273251344,-0.167233225595335,0.1764407213603186,106.0
1652966939.24829,-0.2395475208759308,0.4485921263694763,-0.439428448677063,0.0712889060378074,0.1718350201845169,-0.9825429320335388,-0.4115214347839355,0.8201557993888855,-2.2022182941436768,0.0724285946235613,-0.1726921018256811,0.154990620416026,106.0
1652966939.258252,-0.2141045928001403,0.5391043424606323,-0.3203436136245727,0.074807159602642,0.1772466152906417,-0.9813192486763,-0.3510585427284241,0.6925363540649414,-2.286907196044922,0.0760840647602858,-0.1781880600812474,0.1326509320318253,106.0
1652966939.268517,-0.1975436210632324,0.5582093596458435,-0.209440141916275,0.0764956995844841,0.1816996037960052,-0.9803742170333862,-0.1921258866786956,0.498071014881134,-2.3204667568206787,0.0778692666380361,-0.1827145460187006,0.1095627205964864,110.0
1652966939.278147,-0.213457316160202,0.5509423017501831,-0.1193915903568267,0.0762198194861412,0.1842871755361557,-0.9799126386642456,0.0214289352297782,0.3216527998447418,-2.318519830703736,0.0776259663970989,-0.1853465701418922,0.0862025616420438,110.0
1652966939.288137,-0.2450031340122223,0.5449226498603821,-0.0520428717136383,0.074440449476242,0.1850536912679672,-0.9799049496650696,0.1676074564456939,0.186563953757286,-2.307537078857422,0.0758213745351014,-0.1861264938450239,0.0627224118834799,110.0
1652966939.298211,-0.2241382598876953,0.5586240887641907,-0.0331334769725799,0.07148939371109,0.1851720064878463,-0.9801023602485656,0.1272439062595367,0.0820875018835067,-2.2730584144592285,0.0728117954395175,-0.1862468932553649,0.0394755078216916,110.0
1652966939.308337,-0.1834096610546112,0.5831330418586731,-0.0470306724309921,0.0677633434534072,0.1860686987638473,-0.9801971912384032,-0.0077136373147368,0.0264229122549295,-2.249248504638672,0.069022539862871,-0.1871594382241769,0.0165753446019199,110.0
1652966939.318186,-0.1539915800094604,0.6616396307945251,-0.0569830536842346,0.0634002014994621,0.1887121349573135,-0.9799837470054626,-0.2426668405532837,-0.0662043318152427,-2.2697019577026367,0.0646051184167097,-0.1898505452920416,-0.0062191940118042,110.0
1652966939.328018,-0.0865352600812912,0.7437307238578796,-0.0299732387065887,0.0578030161559581,0.1939288824796676,-0.9793111681938172,-0.5221900939941406,-0.2047121375799179,-2.22118878364563,0.0589557542045363,-0.1951654830710928,-0.0287384272683262,110.0
1652966939.3379068,-0.083600714802742,0.7384677529335022,0.0355559289455413,0.0507486015558242,0.2005585283041,-0.9783664345741272,-0.5991410613059998,-0.3380454182624817,-2.1999011039733887,0.0518243064542029,-0.2019279989393221,-0.0508236658511402,110.0
1652966939.348249,-0.159839779138565,0.7204880714416504,0.1374885290861129,0.0424234606325626,0.2070243656635284,-0.9774155616760254,-0.5226508378982544,-0.4487229287624359,-2.2414662837982178,0.0433764827820067,-0.2085324530460167,-0.0730955782837913,110.0
1652966939.357846,-0.1996004581451416,0.6354886889457703,0.2556350529193878,0.0326846316456794,0.2113754153251648,-0.9768583178520204,-0.2371248006820678,-0.5731000304222107,-2.2699086666107178,0.0334464500731941,-0.2129819618491092,-0.0959503276551994,110.0
1652966939.367834,-0.1901707351207733,0.5541182160377502,0.3541305661201477,0.0217442885041236,0.2140151709318161,-0.9765883088111876,-0.2161894142627716,-0.688586413860321,-2.247533082962036,0.0222618843016808,-0.2156835228918876,-0.1188545549647749,110.0
1652966939.377884,-0.1477861851453781,0.5473216772079468,0.3550975918769836,0.0096179069951176,0.2167254984378814,-0.9761852025985718,-0.3108301758766174,-0.8147211670875549,-2.2043697834014893,0.0098522242353268,-0.2184589978454937,-0.1416113072567379,110.0
1652966939.3876982,-0.0861946195363998,0.6129136681556702,0.3246152698993683,-0.0035727762151509,0.2204744219779968,-0.9753862023353576,-0.4499031007289886,-0.9457971453666688,-2.0410385131835938,-0.0036629184701069,-0.2223008280274713,-0.163291867632821,110.0
1652966939.397674,-0.0355962067842483,0.6912711262702942,0.3010711073875427,-0.0175043102353811,0.2257995754480362,-0.9740164875984192,-0.6988780498504639,-1.0397920608520508,-1.8171815872192385,-0.017969332227502,-0.2277637352437033,-0.1830928624349129,110.0
1652966939.40825,-0.0343892015516757,0.7374338507652283,0.336756944656372,-0.0320169776678085,0.2328231036663055,-0.9719919562339784,-0.8170947432518005,-1.1400034427642822,-1.628630757331848,-0.0329276465101786,-0.2349795615393344,-0.2008447094156247,110.0
1652966939.417762,-0.1131627932190895,0.7197020649909973,0.4449281692504883,-0.0469781309366226,0.2399778217077255,-0.9696410298347472,-0.7928534746170044,-1.1906603574752808,-1.523027777671814,-0.0484111371930261,-0.2423430069889654,-0.2172679756726684,110.0
1652966939.427647,-0.1878921091556549,0.642133891582489,0.566063404083252,-0.0621230863034725,0.2465738803148269,-0.9671308398246764,-0.7247747778892517,-1.1936676502227783,-1.4752418994903564,-0.0641462925630355,-0.2491433847281698,-0.2330661153867654,110.0
1652966939.437664,-0.2085577994585037,0.5202957391738892,0.6449579000473022,-0.0773460641503334,0.2526403069496155,-0.9644638299942015,-0.796107828617096,-1.212246060371399,-1.4458345174789429,-0.0800246573826343,-0.2554081095940555,-0.2485851899813857,110.0
1652966939.447796,-0.1923949867486953,0.4682264924049377,0.6493639945983887,-0.0928222239017486,0.2604717910289764,-0.9610090851783752,-1.1212799549102783,-1.2508957386016846,-1.4242773056030271,-0.0962895904964916,-0.2635108303026728,-0.2642148967178914,110.0
1652966939.457601,-0.1207927763462066,0.5032041668891907,0.5363455414772034,-0.1086383014917373,0.2718361914157867,-0.9561918377876282,-1.5206354856491089,-1.3206650018692017,-1.2766739130020142,-0.1131304749979238,-0.2753005462186106,-0.2795858021762791,110.0
1652966939.467579,-0.0010838955640792,0.5804046988487244,0.5533742904663086,-0.1251062154769897,0.285523384809494,-0.9501709342002868,-1.612915277481079,-1.4978786706924438,-1.030599594116211,-0.1309140069022544,-0.2895525027617192,-0.2935065388251785,110.0
1652966939.477536,0.0783701241016388,0.5890178680419922,0.6854934692382812,-0.1428689658641815,0.298911988735199,-0.9435253739356996,-1.388566017150879,-1.7200156450271606,-0.7231653928756714,-0.1502787740077647,-0.303552305700824,-0.3047812682647851,110.0
1652966939.4874969,0.0509534180164337,0.550703763961792,0.7384235858917236,-0.1615948230028152,0.3081004023551941,-0.9375293254852296,-0.7690157294273376,-1.872396469116211,-0.5043582320213318,-0.1706853146183797,-0.3131956512975197,-0.3128398972816523,110.0
1652966939.497538,-0.0534524619579315,0.5509103536605835,0.7906187772750854,-0.1806478053331375,0.3116456270217895,-0.9328683614730836,-0.1949435770511627,-1.9230916500091555,-0.3647334575653076,-0.1912801744714777,-0.3169244339541658,-0.3181442705689385,110.0
1652966939.50743,-0.1491050720214843,0.4905986785888672,0.7598448991775513,-0.1991919726133346,0.3120391964912414,-0.928953230381012,-0.1102539971470832,-1.838396430015564,-0.3369692265987396,-0.2112277160382781,-0.3173386493115376,-0.3219103095908929,110.0
1652966939.517526,-0.2162960320711136,0.3963744044303894,0.6852741837501526,-0.2166262418031692,0.3143290281295776,-0.9242674708366394,-0.5611658692359924,-1.711726427078247,-0.3565899729728699,-0.2302206685311711,-0.3197497816420249,-0.3262067261396527,110.0
1652966939.5273352,-0.1824309974908828,0.3478647470474243,0.5911381244659424,-0.2332183271646499,0.3198115825653076,-0.918329894542694,-0.7804998159408569,-1.6674532890319824,-0.4107064604759216,-0.2487014886660484,-0.3255306055105207,-0.3318748984107483,110.0
1652966939.537315,-0.0035450756549835,0.342806339263916,0.6993688344955444,-0.2503916323184967,0.3250146508216858,-0.911959171295166,-0.4815319180488586,-1.878339529037476,-0.2841301560401916,-0.2679613043046847,-0.3310272088700554,-0.3373692882980128,110.0
1652966939.547275,0.158033549785614,0.2391676306724548,0.8435867428779602,-0.2694836854934692,0.3268539011478424,-0.9058394432067872,-0.0207696501165628,-2.218038320541382,-0.0388532802462577,-0.2891580364087751,-0.3329727229415824,-0.3397167455865805,110.0
1652966939.557129,0.0977443754673004,0.134880244731903,0.854682207107544,-0.2901729047298431,0.3263175189495086,-0.8996202349662781,0.0939937531948089,-2.390268087387085,0.1036065816879272,-0.3120147470876882,-0.3324052044653569,-0.3390705765215884,110.0
1652966939.56717,-0.0721237659454345,0.0741084218025207,0.7767377495765686,-0.3111463785171509,0.3271745443344116,-0.8922694325447083,-0.2260106205940246,-2.398788928985596,0.1914192587137222,-0.3355282363156607,-0.3333120026584694,-0.3378363777878338,110.0
1652966939.577141,-0.1768051087856292,0.0089038014411926,0.7009879350662231,-0.3310835659503937,0.3327797055244446,-0.8829730153083801,-0.8765673041343689,-2.286104679107666,0.2954687476158142,-0.358739596432732,-0.3392497598169925,-0.3373538711021826,110.0
1652966939.587253,-0.2193413078784942,-0.0213351845741271,0.733177900314331,-0.3491552472114563,0.3431465327739715,-0.8719753623008728,-1.1913723945617676,-2.090717315673828,0.322420984506607,-0.3808672976830424,-0.3502647834094006,-0.3382830215538712,110.0
1652966939.597084,-0.1591244637966156,-0.0452398061752319,0.9124943614006042,-0.3656404912471771,0.3542139530181885,-0.8607203364372253,-0.984976589679718,-2.0512421131134038,0.4286814033985138,-0.4017076120578107,-0.3620733973350766,-0.3393473823871709,110.0
1652966939.607039,-0.051499605178833,-0.1363106369972229,1.0316038131713867,-0.3812700510025024,0.3617066740989685,-0.8507651686668396,-0.2713777720928192,-2.075529098510742,0.6558162569999695,-0.4213140352131871,-0.3700978780060402,-0.3367094794865751,110.0
1652966939.616992,-0.0502763390541076,-0.2222886681556701,1.1148219108581543,-0.3961499631404876,0.3638463318347931,-0.8430190086364746,0.4175224304199219,-2.109077215194702,0.8828691840171814,-0.4392938809374325,-0.3723939352762084,-0.3288762233743778,110.0
1652966939.626935,-0.1016367077827453,-0.3028484582901001,1.036924123764038,-0.410188764333725,0.3632071018218994,-0.8365558981895447,0.6339841485023499,-2.115504264831543,1.1508047580718994,-0.4558820198698111,-0.3717077692887118,-0.3164111020376746,110.0
1652966939.636997,-0.2205469310283661,-0.3430836796760559,0.8264824748039246,-0.4227940440177917,0.3642523288726806,-0.8297984004020691,0.3323931396007538,-1.9825464487075808,1.3201115131378174,-0.4712299362318631,-0.3728298484920823,-0.3021563450771751,110.0
1652966939.647076,-0.317924827337265,-0.3851629495620727,0.6915327310562134,-0.4333110451698303,0.3697617948055267,-0.821898877620697,-0.2394477277994156,-1.7999857664108276,1.4423285722732544,-0.485175776840155,-0.3787526458608131,-0.2887880424008892,110.0
1652966939.656914,-0.3220255970954895,-0.4054884910583496,0.6167261600494385,-0.4418140351772308,0.3801609873771667,-0.8125749230384827,-0.6437772512435913,-1.6525212526321411,1.539222240447998,-0.4980097110266616,-0.3899703408768205,-0.2770852331051171,110.0
1652966939.666785,-0.3077859282493591,-0.3412874937057495,0.6289499998092651,-0.4486074447631836,0.3915425539016723,-0.8033964037895203,-0.3749018311500549,-1.5154526233673096,1.52713942527771,-0.5092608228189226,-0.4023073942966745,-0.2654258964915328,110.0
1652966939.676753,-0.2109286785125732,-0.3143143653869629,0.7487670183181763,-0.4546290934085846,0.3985107541084289,-0.7965560555458069,0.4036372900009155,-1.5657598972320557,1.6205397844314575,-0.5186294166078228,-0.40989251947564,-0.2507353674999464,110.0
1652966939.686688,-0.0997179746627807,-0.4084797501564026,0.7157728672027588,-0.4606457054615021,0.4005448222160339,-0.7920665740966797,1.030303120613098,-1.669357180595398,1.799624800682068,-0.5267611558207038,-0.4121113761806924,-0.2305405754907802,110.0
1652966939.696611,-0.2111685276031494,-0.5032915472984314,0.5525376796722412,-0.4662148058414459,0.3999311923980713,-0.7891126871109009,1.2776819467544556,-1.5644617080688477,1.82427716255188,-0.5336339213046682,-0.4114417662806248,-0.2071700959457805,110.0
1652966939.7065911,-0.3428322374820709,-0.5461810231208801,0.3694655299186706,-0.4704458713531494,0.4000503718852997,-0.7865368723869324,0.9156709909439088,-1.4028760194778442,1.879793405532837,-0.5390382649529567,-0.4115717995167978,-0.1838543672495994,110.0
1652966939.71657,-0.3903714716434479,-0.5353404879570007,0.2006201148033142,-0.4731690883636474,0.403841495513916,-0.782957911491394,0.3884001672267914,-1.2294156551361084,1.9341217279434204,-0.5436011217895921,-0.4157121090388413,-0.1623606423345971,110.0
1652966939.726618,-0.4669020175933838,-0.5140447616577148,0.0907993018627166,-0.4738785624504089,0.411992996931076,-0.7782678604125977,-0.1020848825573921,-0.981678307056427,1.9357502460479736,-0.5469297316051016,-0.4246402228431132,-0.1435443777916396,110.0
1652966939.736456,-0.4570853114128113,-0.4837116599082947,0.0796833634376525,-0.4728157520294189,0.4225901663303375,-0.7732158899307251,-0.2262074947357177,-0.8304094076156616,1.9089008569717407,-0.5488270812950443,-0.4363013116239643,-0.1267270519763902,110.0
1652966939.7464762,-0.3620956540107727,-0.5309996008872986,0.1694058179855346,-0.4708968102931976,0.4321718215942383,-0.7690797448158264,0.1230871155858039,-0.8106532692909241,1.924217700958252,-0.5494044425139393,-0.4468997374975325,-0.1091123443671405,110.0
1652966939.7564,-0.3192169666290283,-0.6333405375480652,0.1997232437133789,-0.4687010645866394,0.4386586546897888,-0.7667449712753296,0.5266539454460144,-0.8012118339538574,1.9489907026290891,-0.5486772966334094,-0.45410552007451,-0.0889379358539988,110.0
1652966939.766387,-0.3432767391204834,-0.6986949443817139,0.1045074462890625,-0.4658968150615692,0.4430388808250427,-0.7659352421760559,0.7003101110458374,-0.7142146229743958,1.9909135103225708,-0.5464795236871961,-0.4589855623195721,-0.0666363844237251,110.0
1652966939.7763171,-0.4057682752609253,-0.7201969623565674,-0.0298933982849121,-0.4618158638477325,0.4466413855552673,-0.7663143277168274,0.6508985161781311,-0.5217583179473877,1.9881980419158936,-0.5423624489823053,-0.463007946728553,-0.0435015405122706,110.0
1652966939.7862902,-0.4093558192253113,-0.6657642722129822,-0.1397725343704223,-0.4561073780059814,0.4518147110939026,-0.7667003870010376,0.3787484765052795,-0.3284488022327423,2.016618013381958,-0.5366584632200956,-0.4687984579844051,-0.0213775092130121,110.0
1652966939.796399,-0.3878974616527557,-0.6260371804237366,-0.2747561633586883,-0.4487570822238922,0.4595857858657837,-0.7664188742637634,-0.0405426919460296,-0.1458681672811508,2.012529134750366,-0.5297078023733022,-0.4775287571111966,-0.0010034988476023,110.0
1652966939.806352,-0.3818097710609436,-0.5555016398429871,-0.3456259071826935,-0.4399217367172241,0.4696798026561737,-0.7654212713241577,-0.2532096803188324,0.0318397842347621,1.9782097339630127,-0.5216423023974501,-0.4889280443728381,0.0175006926977861,110.0
1652966939.816181,-0.3428433537483215,-0.4945683479309082,-0.3515406548976898,-0.4300447702407837,0.4799738526344299,-0.7646480202674866,-0.1957295387983322,0.1163717657327652,1.9419894218444824,-0.512320169254403,-0.5006249086610569,0.0354292964286931,110.0
1652966939.826158,-0.3031254708766937,-0.4733621478080749,-0.3418044149875641,-0.419698566198349,0.4886702001094818,-0.7648886442184448,0.0668418854475021,0.1663409173488617,1.9009889364242556,-0.5018487701775038,-0.5105649038891601,0.0542076163054815,110.0
1652966939.836087,-0.3306815028190613,-0.4246112704277038,-0.359532743692398,-0.4090950787067413,0.4947560727596283,-0.7667187452316284,0.3214128613471985,0.2434961199760437,1.790516376495361,-0.4901384745563708,-0.5175541132270789,0.0739039679804422,110.0
1652966939.84614,-0.3342382907867431,-0.3582906723022461,-0.4325062930583954,-0.3984734416007995,0.4986378252506256,-0.7697916626930237,0.4729153215885162,0.2957316040992737,1.663929104804993,-0.4776582442741708,-0.5220265982483131,0.0935960432870366,110.0
1652966939.856038,-0.2863134741783142,-0.2868167161941528,-0.5492175221443176,-0.3880029320716858,0.5010302066802979,-0.7735776901245117,0.5664655566215515,0.3415222764015198,1.5456018447875977,-0.4649023547816653,-0.5247887839816986,0.1127280217764545,110.0
1652966939.866132,-0.2471126616001129,-0.2308622598648071,-0.6113700270652771,-0.3778262138366699,0.5027579069137573,-0.7774842977523804,0.4226849377155304,0.3893648982048034,1.3983708620071411,-0.4523525818590982,-0.5267862611250665,0.1305060935081461,110.0
1652966939.87596,-0.203307956457138,-0.1814431548118591,-0.7080162763595581,-0.3681946694850921,0.5048454403877258,-0.7807456254959106,0.2527634799480438,0.4110458493232727,1.2087117433547974,-0.4406653793834146,-0.5292029029556111,0.1457913495444984,110.0
1652966939.885902,-0.1406802535057068,-0.1194688081741333,-0.7879841923713684,-0.3594112396240234,0.5076801776885986,-0.7829970121383667,0.084398977458477,0.3916822969913482,1.0226224660873413,-0.4303295161580071,-0.5324900126488729,0.1582481354079473,110.0
1652966939.8958669,-0.0994366407394409,-0.0650481581687927,-0.7855122685432434,-0.3518420159816742,0.5104420185089111,-0.7846375703811646,0.0705626606941223,0.3401758670806885,0.8324205875396729,-0.4215337392728724,-0.5356987326509136,0.1683119913701849,110.0
1652966939.905829,-0.0824847519397735,-0.0367404222488403,-0.7318415641784668,-0.3455547392368316,0.511748731136322,-0.7865781188011169,0.2936743199825287,0.2968321442604065,0.6699960231781006,-0.4139319693916057,-0.5372190116538059,0.1770464189326504,110.0
1652966939.915756,-0.0934742093086242,-0.0202198028564453,-0.6380171775817871,-0.3403178453445434,0.5099500417709351,-0.7900218963623047,0.679955244064331,0.2695672214031219,0.5201253890991211,-0.4067478323404618,-0.535126725558862,0.1856138213938593,110.0
1652966939.925748,-0.1210917830467224,0.018686830997467,-0.5613532066345215,-0.3360462486743927,0.5046972632408142,-0.7952066659927368,1.010277271270752,0.2498872578144073,0.3661440312862396,-0.3998274310745575,-0.5290312488101206,0.194189034069865,110.0
1652966939.935828,-0.1394274532794952,0.0714443922042846,-0.5470880270004272,-0.33261838555336,0.4972221851348877,-0.8013333082199097,1.0718425512313845,0.2443824112415313,0.2300267666578292,-0.3934394089924946,-0.5203941889336383,0.2020725776632763,110.0
1652966939.9456968,-0.142909973859787,0.1178955435752868,-0.5416500568389893,-0.3298225104808807,0.4896175861358642,-0.8071503639221191,0.9419243335723876,0.2550765872001648,0.0897362381219863,-0.3879202717149577,-0.5116511228911096,0.208152885806765,110.0
1652966939.955596,-0.1123223304748535,0.1582112312316894,-0.5323212146759033,-0.3274816870689392,0.4841948449611664,-0.811363697052002,0.4934443533420563,0.242203027009964,0.029409397393465,-0.3836221772770373,-0.505442731021317,0.211813595259296,110.0
1652966939.9655828,-0.0547716617584228,0.1550297737121582,-0.5279972553253174,-0.3256756663322449,0.4817326068878174,-0.8135533332824707,0.1207384169101715,0.1925119012594223,-0.0042345831170678,-0.3807758236808553,-0.5026307819660002,0.2132063350047166,110.0
1652966939.975538,-0.0136830806732177,0.1488625407218933,-0.418802946805954,-0.3245126903057098,0.4815165102481842,-0.8141458034515381,-0.0334863774478435,0.1146606281399726,-0.0440236926078796,-0.379292717974391,-0.5023841884406366,0.2130581361522496,110.0
1652966939.985515,-0.009089857339859,0.1177096962928772,-0.3186470866203308,-0.3242230713367462,0.481366753578186,-0.8143497109413147,0.0288465023040771,0.0460307039320468,-0.0903275385499,-0.3788996474632659,-0.5022133258620469,0.2123032140055014,110.0
1652966939.9954162,-0.0193286538124084,0.1089305877685546,-0.2461931109428405,-0.3245586156845093,0.4801408350467682,-0.814939558506012,0.1837801039218902,0.0057943342253565,-0.1421162039041519,-0.3790063257076733,-0.5008152542266369,0.2115144594428791,110.0
1652966940.005564,-0.0249772667884826,0.1184145808219909,-0.212957501411438,-0.3255170583724975,0.4774228036403656,-0.8161532878875732,0.3250914216041565,-0.0247707664966583,-0.2150348871946334,-0.3795086071882244,-0.4977192979528661,0.2107543964910021,110.0
1652966940.015205,-0.0352604091167449,0.1451299786567688,-0.1863644421100616,-0.3269221484661102,0.4740535914897918,-0.8175543546676636,0.2759064435958862,-0.0234793443232774,-0.2901856005191803,-0.3804013680653727,-0.4938888561548971,0.2094028069078591,110.0
1652966940.025342,-0.0268302261829376,0.167731761932373,-0.1974141299724578,-0.3285926878452301,0.4716755449771881,-0.8182597756385803,0.0261945948004722,-0.0178438294678926,-0.3381424844264984,-0.3818634331184216,-0.4911900295538681,0.2067301696615096,110.0
1652966940.035303,0.0127743780612945,0.1628040075302124,-0.2026585936546325,-0.3303860127925873,0.4714268147945404,-0.8176807761192322,-0.2426992058753967,-0.0393892303109169,-0.3231630027294159,-0.3839950860623685,-0.4909079614697763,0.2027804372332838,110.0
1652966940.045272,0.0332443714141845,0.1288323402404785,-0.145817220211029,-0.3321182131767273,0.4735454320907593,-0.8157525658607483,-0.4739057719707489,-0.05612213909626,-0.2673447430133819,-0.3866386988907844,-0.4933118333469912,0.1981125427250844,110.0
1652966940.055198,0.0305442512035369,0.0705063939094543,-0.0711153447628021,-0.3338126242160797,0.4768159687519073,-0.8131516575813293,-0.5034177303314209,-0.0689539387822151,-0.2316432744264602,-0.3895397948608621,-0.497028829935753,0.193335095158542,110.0
1652966940.065105,0.0311344861984252,0.0257844924926757,0.0159175395965576,-0.335409939289093,0.4791690707206726,-0.8111086487770081,-0.2114553749561309,-0.0844098627567291,-0.1798000484704971,-0.3921072606699793,-0.4997077863790117,0.1895547795273353,110.0
1652966940.075274,0.0368095636367797,-0.0050101280212402,0.0754724144935607,-0.3369040787220001,0.4785894155502319,-0.8108315467834473,0.2393220514059066,-0.1030849069356918,-0.1221917271614074,-0.3938003666792,-0.4990474798438847,0.1880003965031346,110.0
1652966940.085118,0.0152485370635986,-0.0042513608932495,0.0873248279094696,-0.3381091952323913,0.4750683009624481,-0.8123990893363953,0.5094313025474548,-0.0586234293878078,-0.1004848405718803,-0.3943815518996164,-0.4950416501890757,0.1885373734398826,110.0
1652966940.095039,-0.0197512805461883,0.0005719661712646,0.0236220061779022,-0.3388607203960418,0.4704574644565582,-0.8147656917572021,0.4899729788303375,0.0099876411259174,-0.1309819966554641,-0.3941373278806764,-0.4898091406518783,0.1896061540521215,110.0
1652966940.105164,-0.0368076264858245,0.0267333984375,-0.0634977519512176,-0.3391993641853332,0.4668790400028229,-0.816680908203125,0.2499776929616928,0.077910766005516,-0.1623300611972808,-0.3936592375506834,-0.485758251675072,0.1897045380858172,110.0
1652966940.115025,-0.0202176570892334,0.0566745996475219,-0.1057898998260498,-0.3391420245170593,0.4653632044792175,-0.8175694346427917,-0.00187698751688,0.1225103959441185,-0.1790872514247894,-0.3932143626809857,-0.4840449061330947,0.1883974816087867,110.0
1652966940.124938,0.0248084962368011,0.040130615234375,-0.0660039484500885,-0.3390631973743438,0.4651585817337036,-0.817718505859375,-0.0618282034993171,0.0897175669670105,-0.158292219042778,-0.3930675880071136,-0.4838137464173623,0.1864209086881497,110.0
1652966940.134886,0.040141761302948,0.0073175430297851,0.0250713229179382,-0.3392902612686157,0.4646289646625519,-0.8179254531860352,0.0842095613479614,0.0301291290670633,-0.1516733318567276,-0.3932149477830071,-0.4832155390501877,0.1848235974742811,110.0
1652966940.1452708,0.0339968502521514,-0.0359266400337219,0.0876320004463195,-0.3399965167045593,0.4625235497951507,-0.8188249468803406,0.325918048620224,-0.0487712807953357,-0.1296407431364059,-0.3935620132738973,-0.4808394028806464,0.1842155822264014,110.0
1652966940.1548,0.017749935388565,-0.055876076221466,0.0935472846031189,-0.3411446511745453,0.4586987197399139,-0.8204972743988037,0.5053470730781555,-0.0924877598881721,-0.0999017208814621,-0.3940335985114982,-0.476530207257262,0.184815636243473,110.0
1652966940.164789,-0.0031467080116271,-0.0583813190460205,0.063217282295227,-0.342403769493103,0.4540251195430755,-0.8225696682929993,0.5396006107330322,-0.1039990037679672,-0.0857262462377548,-0.3944455373096449,-0.4712777520179834,0.1861444082485704,110.0
1652966940.174727,-0.0232137739658355,-0.0474627614021301,0.0098892450332641,-0.3436379432678222,0.4495680928230285,-0.8245007395744324,0.4446408450603485,-0.0832818001508712,-0.1163944527506828,-0.3948902759288345,-0.4662817413167245,0.1873052855400014,110.0
1652966940.1846418,-0.0431104600429534,-0.0163339972496032,-0.011979192495346,-0.3447984158992767,0.4462289810180664,-0.8258291482925415,0.2421276867389679,-0.0314172692596912,-0.1878784745931625,-0.3955161838764914,-0.4625470883281316,0.1872105975508021,110.0
1652966940.194631,-0.0444751381874084,-0.012654960155487,-0.0289789736270904,-0.3458141088485718,0.4442773759365082,-0.8264564275741577,0.0459577143192291,0.0167016312479972,-0.2487548142671585,-0.3962926038654863,-0.4603674970071253,0.1855742178284363,110.0
1652966940.204633,-0.000708132982254,0.0006750226020812,-0.0116289556026458,-0.3468717634677887,0.4434068202972412,-0.8264807462692261,-0.0335498973727226,-0.0009002668084576,-0.2528185248374939,-0.3973706848522846,-0.4593960217810574,0.1829624142926537,110.0
1652966940.214662,0.0304488539695739,0.0114820003509521,0.0447072088718414,-0.3481215238571167,0.4427042007446289,-0.8263318538665771,0.0191990695893764,-0.0425817742943763,-0.2340850830078125,-0.3987201146153072,-0.4586122643251902,0.1803906752989254,110.0
1652966940.224555,0.0227213501930236,0.0024834871292114,0.0964798927307128,-0.3496103286743164,0.4411787390708923,-0.8265191316604614,0.1643844991922378,-0.0809352919459343,-0.205763965845108,-0.4001679643481006,-0.4569117272241687,0.1784964450211027,110.0
1652966940.234472,0.0136582553386688,-0.0097393989562988,0.110562652349472,-0.351182609796524,0.4387231767177582,-0.8271594047546387,0.2614247500896454,-0.1073918715119361,-0.1579760164022445,-0.4015018079704835,-0.4541773081547384,0.1775986257600334,110.0
1652966940.244483,0.0043675303459167,-0.0225630402565002,0.0843764245510101,-0.352664589881897,0.4360702931880951,-0.8279314041137695,0.2534997165203094,-0.102497786283493,-0.1245631948113441,-0.4026824075310564,-0.4512272515883213,0.1773222266341216,110.0
1652966940.254401,-0.0057342052459716,-0.019751489162445,0.0397855043411254,-0.353900134563446,0.4339845776557922,-0.8284999132156372,0.1409452706575393,-0.0771096050739288,-0.0970761775970459,-0.4036968454326768,-0.4489108923495657,0.1770923768642084,110.0
1652966940.264374,-0.0154507160186767,0.0041120052337646,-0.0021809041500091,-0.3545901477336883,0.433394193649292,-0.8285139203071594,-0.0771793276071548,0.0119944391772151,-0.0855508148670196,-0.4043948332397133,-0.4482556765549906,0.1763513507366409,110.0
1652966940.27433,-0.0233124196529388,0.0338457226753234,-0.0176228582859039,-0.354647696018219,0.4342029690742492,-0.8280656337738037,-0.179997980594635,0.0622586719691753,-0.0983056873083114,-0.4046493767204113,-0.4491533075911685,0.1748215865502408,110.0
1652966940.284436,-0.0102190375328063,0.0511696934700012,0.0266939103603363,-0.3545422554016113,0.4346860647201538,-0.8278573155403137,0.0059774741530418,0.0765225663781166,-0.1053681299090385,-0.4046328013637784,-0.4496896408015629,0.1732899737275363,110.0
1652966940.2942638,0.0147159695625305,0.0655885934829711,0.0778037905693054,-0.3544223308563232,0.4321601390838623,-0.829230010509491,0.541134238243103,0.0509358197450637,-0.1032700091600418,-0.4039113083060959,-0.4468867808256195,0.1733765113937612,110.0
1652966940.304199,0.0392064154148101,0.0553785562515258,0.1526308059692382,-0.3547428548336029,0.4249753057956695,-0.8327986001968384,1.100876808166504,-0.0307718273252248,-0.0931521281599998,-0.4026875081884636,-0.4389346153861087,0.1759224083141637,110.0
1652966940.314179,0.0376151800155639,-0.007352590560913,0.116981953382492,-0.3555930554866791,0.4143595397472381,-0.8377707004547119,1.3190429210662842,-0.0891926288604736,-0.0560477152466774,-0.4014059766571234,-0.4272389772580629,0.1805168546165299,110.0
1652966940.324096,0.0051383376121521,-0.0465081930160522,-0.012151300907135,-0.3566702306270599,0.4040274620056152,-0.8423467874526978,1.0446765422821045,-0.1029459908604621,-0.0638132244348526,-0.4005353930890448,-0.4159154036557499,0.1850688576663149,110.0
1652966940.334093,-0.0268234610557556,-0.047958493232727,-0.1264229416847229,-0.3576827049255371,0.3970832824707031,-0.8452147245407104,0.521446704864502,-0.0611291974782943,-0.0993046388030052,-0.4003328148555987,-0.4083366597465751,0.1876210745589186,110.0
1652966940.344081,-0.0395271778106689,-0.0290456414222717,-0.1653924584388733,-0.3583914637565613,0.3945031464099884,-0.8461222052574158,0.0251730047166347,-0.0078308237716555,-0.1133608072996139,-0.4006582664214202,-0.4055270677981291,0.1876340671502135,110.0
1652966940.354145,-0.0348228216171264,-0.0096762180328369,-0.1089264750480651,-0.3588233292102813,0.3950134813785553,-0.8457009792327881,-0.2199043929576873,0.0214347057044506,-0.1314472407102584,-0.4012699860125007,-0.4060825189900867,0.1859136511990125,110.0
1652966940.364004,-0.0234393179416656,0.0055718421936035,-0.0220659077167511,-0.3591594994068146,0.3966538608074188,-0.844789981842041,-0.2512553632259369,0.0100944340229034,-0.1280455887317657,-0.4019947028594029,-0.4078687922722846,0.1835307161456915,110.0
1652966940.373863,0.0025020539760589,0.0073162913322448,0.0332962870597839,-0.3596644401550293,0.3978407084941864,-0.8440167307853699,-0.1154432892799377,-0.03306794911623,-0.0808248519897461,-0.4028309603267934,-0.4091620644832723,0.1816643619689173,110.0
1652966940.383885,0.0072664022445678,-0.0248939990997314,0.0731762945652008,-0.3603089153766632,0.3979997932910919,-0.8436667919158936,0.0231726393103599,-0.0617693699896335,-0.0248180422931909,-0.4036268026449042,-0.409335484106952,0.1809691801568947,110.0
1652966940.3938289,-0.0163978338241577,-0.0686060190200805,0.0601593554019928,-0.36087566614151,0.3975737392902374,-0.8436254262924194,0.0518741235136985,-0.0545078888535499,-0.0004703579470515,-0.4042125364272333,-0.4088711060958523,0.1810724589058144,110.0
1652966940.403822,-0.0375808477401733,-0.0909774303436279,0.0322500169277191,-0.3611312508583069,0.3973458707332611,-0.8436233997344971,-0.0094398325309157,-0.0012704995460808,0.0060764914378523,-0.4044694584899499,-0.4086227737234354,0.1811858239005842,110.0
1652966940.413879,-0.0311710238456726,-0.0916576981544494,-0.0007047057151794,-0.3608119487762451,0.3977841138839721,-0.8435534834861755,-0.0770446360111236,0.0675650238990783,0.0124847795814275,-0.404179500454756,-0.4091003985164734,0.1810804412741523,110.0
1652966940.424131,-0.0023469626903533,-0.0724694728851318,-0.0084342658519744,-0.3599271476268768,0.3983419835567474,-0.8436682224273682,-0.0296006947755813,0.122515358030796,0.0085118748247623,-0.4032433994786262,-0.4097085180657133,0.1809409291129337,110.0
1652966940.433634,0.0365514159202575,-0.056765079498291,0.0125547349452972,-0.3588627576828003,0.3981965482234955,-0.8441901803016663,0.0806339979171752,0.1216480731964111,0.0216332711279392,-0.4019528471788689,-0.4095499663545793,0.1811665478434696,110.0
1652966940.443661,0.0485467314720153,-0.060653269290924,0.0154729187488555,-0.357781320810318,0.3968957960605621,-0.8452610373497009,0.2423645704984665,0.1198616251349449,0.0002978881821036,-0.4004120964580906,-0.4081323766617606,0.1819974404606993,110.0
1652966940.453757,0.0405236482620239,-0.0569724440574646,0.0401993691921234,-0.3569603264331817,0.3942030370235443,-0.8468667268753052,0.379497617483139,0.0864897146821022,-0.0171892270445823,-0.3989084180769566,-0.4052005029949781,0.1831924521402418,110.0
1652966940.463563,0.0348542928695678,-0.0634209513664245,0.003899335861206,-0.3564179539680481,0.3910591006278991,-0.8485511541366577,0.3333911001682281,0.0550124831497669,-0.0006818892434239,-0.3976545073727535,-0.4017820406752685,0.1846705774799219,110.0
1652966940.473528,0.0033354759216308,-0.0655881762504577,-0.040893942117691,-0.3559660017490387,0.3891146779060364,-0.8496339917182922,0.1042467802762985,0.0652035474777221,-0.022961551323533,-0.3967469462903687,-0.3996703375278453,0.1854855094577109,110.0
1652966940.4834929,-0.0205321013927459,-0.0562082529067993,-0.0608955025672912,-0.3554291427135467,0.3890814781188965,-0.849873960018158,-0.0950069278478622,0.0883661210536956,-0.0355021096765995,-0.3961087958511175,-0.3996342906854302,0.1851403471335954,110.0
1652966940.4934258,-0.0031337738037109,-0.0155237913131713,-0.0336114466190338,-0.3548068702220917,0.3893395364284515,-0.8500157594680786,0.0150880152359604,0.0952436774969101,-0.0515038669109344,-0.3954261045306271,-0.3999144514274136,0.1844923577879862,110.0
1652966940.5033998,0.0410833358764648,0.0205151438713073,0.0731817185878753,-0.354346215724945,0.3873589932918548,-0.8511120676994324,0.4215279519557953,0.0470282137393951,-0.0464595705270767,-0.3945069342441109,-0.3977652117051026,0.1848188553263511,110.0
1652966940.513369,0.0638416409492492,-0.0141928195953369,0.0949466228485107,-0.354140043258667,0.3821956515312195,-0.8535287380218506,0.7644668817520142,-0.0033739176578819,-0.0070896446704864,-0.3932957963451211,-0.3921711772562652,0.1871288041788355,110.0
1652966940.523493,0.0350830256938934,-0.0320866703987121,0.055256962776184,-0.3541136980056762,0.3755290806293487,-0.8564936518669128,0.7714923024177551,0.0002509108744561,-0.0298852361738681,-0.3920435581954659,-0.3849675677509864,0.1902570020700741,110.0
1652966940.533288,-0.0122174322605133,-0.0345241427421569,-0.037971943616867,-0.3538713753223419,0.3697437345981598,-0.8591068983078003,0.5414718389511108,0.0657318159937858,-0.050772525370121,-0.3907279458923828,-0.3787331994853737,0.19264943088917,110.0
1652966940.543252,-0.0314332544803619,-0.0081554651260375,-0.1022804379463195,-0.3532559871673584,0.3664099872112274,-0.8607867956161499,0.183927834033966,0.1328370720148086,-0.0801453292369842,-0.389428780724572,-0.3751477422121188,0.1934764825243426,110.0
1652966940.55322,-0.0357789695262908,0.01580411195755,-0.1116814911365509,-0.3522062003612518,0.3661217391490936,-0.8613394498825073,-0.1779200583696365,0.1809982061386108,-0.0881422311067581,-0.3881596344910478,-0.3748379606211769,0.1926623802232685,110.0
