1652964761.1457,0.0657054483890533,-0.0251771211624145,-0.0084718465805053,0.306792140007019,0.7622256875038147,-0.5699918866157532,0.030440155416727,0.2428974509239196,0.0220617912709712,0.493769192123438,-0.8667445919410847,1.2375974724570349,87.0
1652964761.1556602,0.0668718218803405,-0.0382108092308044,-0.0084289908409118,0.3084181249141693,0.7623353004455566,-0.568966805934906,-0.0962741151452064,0.2481689006090164,0.0360918529331684,0.4967321872206492,-0.8669139239952973,1.2382440880628558,87.0
1652964761.165657,0.0566737353801727,-0.0458943247795105,0.0113711953163146,0.3101170361042022,0.7630276679992676,-0.5671122074127197,-0.1889475882053375,0.2456847131252288,0.0431329868733882,0.5004103477238537,-0.8679844331871884,1.2398462807747888,87.0
1652964761.1757689,0.0598465502262115,-0.0344446301460266,0.0313194394111633,0.3119033277034759,0.7640603184700012,-0.5647373795509338,-0.2177843004465103,0.2480543553829193,0.0566360913217067,0.5046057819601383,-0.8695835170970017,1.2421173021806238,87.0
1652964761.18559,0.0629721581935882,-0.0336304306983947,0.0335329174995422,0.3137215673923492,0.7648985385894775,-0.5625913739204407,-0.1389339566230774,0.226069688796997,0.0716738924384117,0.5086873821753555,-0.870883785127249,1.2443813762572078,87.0
1652964761.195541,0.0599631667137146,-0.0243359208106994,0.0403365492820739,0.3156319260597229,0.7650529742240906,-0.5613115429878235,-0.0051686391234397,0.225169688463211,0.0945286825299263,0.5122462448243277,-0.871123598999503,1.246073890433837,87.0
1652964761.205503,0.0679201781749725,-0.0158394575119018,0.0533945560455322,0.3176694214344024,0.7642782330513,-0.5612173676490784,0.1608858406543731,0.20476695895195,0.126292735338211,0.5150717800249056,-0.8699214047636491,1.2469544468147862,87.0
1652964761.215514,0.0802914500236511,-0.0269043445587158,0.0539438128471374,0.3198398053646087,0.7625541090965271,-0.5623289346694946,0.2730149924755096,0.1695427596569061,0.1669944375753402,0.5171449892587568,-0.8672521008209662,1.2472368487445882,87.0
1652964761.2254782,0.0794258713722229,-0.0421804189682006,0.0380855202674865,0.3220633864402771,0.7604222893714905,-0.5639443397521973,0.2749601602554321,0.1426831781864166,0.1886816173791885,0.5188914067910769,-0.8639631604330881,1.2474934722044662,87.0
1652964761.2353868,0.0805532336235046,-0.0670437216758728,0.0078792572021484,0.3243234753608703,0.7585240006446838,-0.5652040839195251,0.1523414999246597,0.1232013627886772,0.2033935636281967,0.5209444513330757,-0.8610451071373955,1.2484333092111968,87.0
1652964761.245449,0.0789120197296142,-0.0786863565444946,-0.006361961364746,0.3265597522258758,0.7576438188552856,-0.5650970935821533,-0.0951673686504364,0.1075640767812728,0.2152989655733108,0.5239978850694527,-0.8596954318426696,1.2509451477817368,87.0
1652964761.255324,0.0869554877281189,-0.0803986191749572,-0.0085333585739135,0.3287855088710785,0.7582283020019531,-0.5630186200141907,-0.3620651662349701,0.0682851672172546,0.2367828041315078,0.528548690962689,-0.8605914563220252,1.2557491171601771,87.0
1652964761.2652478,0.0992739796638488,-0.0732203722000122,-0.0025624632835388,0.3309628367424011,0.7597036957740784,-0.5597445964813232,-0.4453331530094147,-0.0039858371019363,0.2943912446498871,0.5339791535991224,-0.8628573531063245,1.262447856428273,87.0
1652964761.275189,0.1038551926612854,-0.0663918852806091,0.0602666139602661,0.3332938253879547,0.7606411576271057,-0.5570821166038513,-0.260316789150238,-0.085189938545227,0.3833053410053253,0.5391574437297765,-0.864300163053902,1.269820483659576,87.0
1652964761.285197,0.0870831906795501,-0.0840035676956176,0.1657012104988098,0.3359362185001373,0.7594240307807922,-0.5571553111076355,0.181291788816452,-0.1865777969360351,0.5145893096923828,0.5425850159944525,-0.8624273261250197,1.2761304598606311,87.0
1652964761.29511,0.0295799672603607,-0.127432644367218,0.2257915139198303,0.3389350175857544,0.7550129890441895,-0.5613184571266174,0.6973870396614075,-0.2879809141159057,0.6283561587333679,0.5432232264668129,-0.8556739529950111,1.2801077417727231,87.0
1652964761.305101,-0.0521255135536193,-0.1734182834625244,0.2015699744224548,0.3420577645301819,0.7479845881462097,-0.5687843561172485,0.9739274978637696,-0.3458042740821838,0.6751415133476257,0.5414364567666844,-0.8450203369946374,1.2819528647789615,87.0
1652964761.315197,-0.091243952512741,-0.2047735452651977,0.0848252773284912,0.3451196849346161,0.7398208379745483,-0.5775445103645325,1.033128023147583,-0.3660322427749634,0.6941862106323242,0.5386262705541028,-0.8328040338729227,1.28291401653608,87.0
1652964761.325245,-0.0783829092979431,-0.2104883193969726,-0.049636423587799,0.3480514585971832,0.7317501902580261,-0.5860051512718201,0.906247854232788,-0.377897173166275,0.6857295632362366,0.5359511687398263,-0.8208862955668559,1.2843309710964363,87.0
1652964761.334966,-0.0637137293815612,-0.1970309019088745,-0.1348154544830322,0.3507010340690613,0.7247356176376343,-0.5930995941162109,0.671175479888916,-0.389835774898529,0.6614870429039001,0.5339994273455376,-0.8106506281188018,1.2869143849212004,87.0
1652964761.344914,-0.0376253724098205,-0.1703577041625976,-0.1957905888557434,0.3529940247535705,0.719197690486908,-0.5984563231468201,0.434329092502594,-0.4057007730007171,0.6311349868774414,0.5329161094659687,-0.8026468901197283,1.290893397588135,87.0
1652964761.354902,-0.0149770677089691,-0.142607569694519,-0.2244784235954284,0.3547597825527191,0.7151249647140503,-0.6022806763648987,0.224143698811531,-0.4429008364677429,0.5667777061462402,0.5323123102449223,-0.796802837821752,1.2959377943403128,87.0
1652964761.364942,0.0076511204242706,-0.1205513477325439,-0.2457503676414489,0.355752170085907,0.7123794555664062,-0.6049429178237915,0.0795385912060737,-0.4863753318786621,0.4956457614898681,0.5316054519681183,-0.7928829141334053,1.301416109786584,87.0
1652964761.374837,0.0428405404090881,-0.1234209537506103,-0.2721696496009826,0.3559173941612243,0.7102953791618347,-0.6072918176651001,0.0880800113081932,-0.5461565852165222,0.4205607175827026,0.5301161981854475,-0.789917723152998,1.306477999485447,87.0
1652964761.384932,0.0810359418392181,-0.1279443502426147,-0.2598678469657898,0.3551365435123443,0.7081253528594971,-0.6102757453918457,0.1885283291339874,-0.6227083802223206,0.3502529859542846,0.5270252596554112,-0.7868397108404088,1.310281143901127,87.0
1652964761.394669,0.1279646456241607,-0.1171753406524658,-0.204898715019226,0.3534654378890991,0.7054633498191833,-0.6143156290054321,0.3061942458152771,-0.6457805633544922,0.2823812067508697,0.522120423500409,-0.7830767201411378,1.312352713629307,87.0
1652964761.4047809,0.1809674501419067,-0.0863217711448669,-0.1263887882232666,0.3511217832565307,0.7022098302841187,-0.6193666458129883,0.4969189167022705,-0.6689180731773376,0.1891902834177017,0.5157290616638347,-0.7784965533207348,1.31252495852776,87.0
1652964761.414655,0.2374840974807739,-0.0558623671531677,-0.0947813391685485,0.3479041159152984,0.6979919075965881,-0.6259154677391052,0.701032280921936,-0.6983703374862671,0.101990520954132,0.5073100475061044,-0.7725894976915786,1.3102208685953909,87.0
1652964761.424755,0.2748314142227173,-0.0192038416862487,-0.0916662812232971,0.3438820242881775,0.6927711367607117,-0.6338874697685242,0.8727174997329712,-0.7102144956588745,0.0127205634489655,0.4970644503492585,-0.7653246075526502,1.305600291351379,87.0
1652964761.434646,0.3160650432109833,0.0170928835868835,-0.0847698450088501,0.3392236530780792,0.6872631907463074,-0.642336905002594,0.8811959624290466,-0.6888284683227539,-0.0762745589017868,0.4858808188594324,-0.7577147443114557,1.2995235368764204,87.0
1652964761.444497,0.3648714423179626,0.0128535032272338,-0.0648282766342163,0.3340421915054321,0.6819701194763184,-0.6506403088569641,0.893047034740448,-0.6523421406745911,-0.1751936823129654,0.474314264063828,-0.7504529396498019,1.2923945728481183,87.0
1652964761.454636,0.3954329490661621,-0.0039693117141723,0.0011778473854064,0.3285660445690155,0.6766024231910706,-0.6589792370796204,0.970521867275238,-0.6068931818008423,-0.2283361554145813,0.4625257906935713,-0.7431387230393932,1.2842658920905787,87.0
1652964761.464458,0.4094720780849457,-0.0103580951690673,0.1233304738998413,0.3231024146080017,0.6707064509391785,-0.6676508784294128,1.0555992126464844,-0.5624130964279175,-0.2409760504961013,0.4507165910401357,-0.7351608495187101,1.275391652175376,87.0
1652964761.474368,0.4415872395038605,-0.0030041337013244,0.2479463815689087,0.3179342746734619,0.6638426780700684,-0.6769274473190308,1.204539775848389,-0.5257167816162109,-0.2161882817745208,0.4390927020457438,-0.7259452597095792,1.2660541126559353,87.0
1652964761.4843578,0.4899114370346069,0.0224847793579101,0.3261188864707947,0.3132348954677582,0.6557537913322449,-0.6869286894798279,1.3429609537124634,-0.5086435079574585,-0.1417460143566131,0.4278268115516028,-0.7151806040785689,1.256801231801694,87.0
1652964761.4942942,0.4776573479175567,0.032041311264038,0.3905707001686096,0.3093757331371307,0.6462029814720154,-0.697644829750061,1.504866123199463,-0.431307852268219,-0.0481072515249252,0.4173997488259945,-0.7025985760324648,1.2480079336705463,87.0
1652964761.504287,0.4192557632923126,0.0395383238792419,0.478051483631134,0.3067574203014374,0.635367214679718,-0.7086666822433472,1.578433871269226,-0.3414048552513122,0.0656270384788513,0.4085139918709202,-0.6884839730379141,1.2401146319810268,87.0
1652964761.514184,0.4016903638839721,0.0554466843605041,0.5456736087799072,0.3054629266262054,0.6235922574996948,-0.7196006774902344,1.6237545013427734,-0.2508352100849151,0.1899968087673187,0.4014381849859331,-0.6733295063728298,1.2335377604430666,87.0
1652964761.524538,0.4104254245758056,0.0817256569862365,0.5466908812522888,0.3054558932781219,0.6110851168632507,-0.730254590511322,1.61273992061615,-0.1863512694835662,0.3128798604011535,0.3961708479799114,-0.6574306885921712,1.228502070369417,87.0
1652964761.534159,0.4055927991867065,0.1288103461265564,0.5148160457611084,0.3065806329250335,0.5986331105232239,-0.7400315403938293,1.468138575553894,-0.1210929602384567,0.4300338625907898,0.3927562113498012,-0.6417936111373859,1.225366758508254,87.0
1652964761.544125,0.3756929337978363,0.1720476150512695,0.481751024723053,0.3088011145591736,0.5871272087097168,-0.74828040599823,1.2325116395950315,-0.0462147295475006,0.5298986434936523,0.3913902538213718,-0.6275053968721135,1.2244555146226357,87.0
1652964761.554184,0.3591329753398895,0.2167928814888,0.4619289636611938,0.3119180500507355,0.5769047737121582,-0.7549092769622803,1.0204612016677856,-0.0150545202195644,0.6354697942733765,0.3918218030949735,-0.6149341610606837,1.2257460861442897,87.0
1652964761.5640368,0.3492820262908935,0.2541452050209045,0.4632728695869446,0.3156502544879913,0.5673210620880127,-0.7605996131896973,0.9248287677764891,-0.0347675047814846,0.7464793920516968,0.3933717509316136,-0.6032490936739281,1.228981651675783,87.0
1652964761.574022,0.3000067174434662,0.2459264397621154,0.4626456499099731,0.3199120759963989,0.5580148100852966,-0.7656864523887634,0.8855978846549988,-0.022010376676917,0.843367874622345,0.3957656067694463,-0.5919916153880881,1.2337111851531315,87.0
1652964761.5839171,0.2553046345710754,0.211870014667511,0.4469669461250305,0.3246361315250397,0.5479671955108643,-0.7709366679191589,0.9947014451026917,-0.0334846079349517,0.9348684549331664,0.398556844547851,-0.5799321531477875,1.2392093178858097,87.0
1652964761.594146,0.2205021381378173,0.2170554399490356,0.4617495536804199,0.3295619785785675,0.5365720987319946,-0.7768393158912659,1.1483114957809448,-0.0691925883293151,1.0190776586532593,0.4012220253525521,-0.5663696405430304,1.2449859231393303,87.0
1652964761.6038651,0.1758811175823211,0.2683854103088379,0.4442330002784729,0.3343880474567413,0.5234184861183167,-0.7837204337120056,1.3441781997680664,-0.1188637390732765,1.0879623889923096,0.4032821840726921,-0.5508579827908017,1.2506548821876966,87.0
1652964761.613817,0.1407319009304046,0.3180826902389526,0.4108921885490417,0.3388671278953552,0.5083584189414978,-0.7916696667671204,1.5316157341003418,-0.2106308937072754,1.1487072706222534,0.4044436373255001,-0.5332774350290083,1.2560636576476718,87.0
1652964761.623825,0.1112068593502044,0.3590278029441833,0.3467210531234741,0.3424522280693054,0.4917190074920654,-0.8005865812301636,1.6636366844177246,-0.3382269144058227,1.1603891849517822,0.4041989911716707,-0.5140628206250343,1.26102873091762,87.0
1652964761.6337318,0.0728446245193481,0.3958849310874939,0.2672930359840393,0.3449715673923492,0.4740858674049377,-0.8100847005844116,1.7475818395614624,-0.4351229965686798,1.1528056859970093,0.4025872331739483,-0.4939255171879311,1.265569725574873,87.0
1652964761.643732,0.0475095510482788,0.3824737071990967,0.216617077589035,0.3462893068790436,0.4555784463882446,-0.8200805187225342,1.8476355075836184,-0.5470841526985168,1.1284923553466797,0.3995497541392743,-0.4730219178269813,1.2695017585430517,87.0
1652964761.6536589,0.0511981844902038,0.3787789940834045,0.1860662698745727,0.346217006444931,0.4356837272644043,-0.8308510780334473,2.0707225799560547,-0.6929762959480286,1.1213947534561155,0.394820926319776,-0.4507977334462166,1.2726422029509843,87.0
1652964761.6637511,0.0537400543689727,0.4157052636146545,0.1800929903984069,0.3446822166442871,0.4134129881858825,-0.8427834510803223,2.34757399559021,-0.8231433629989624,1.134308934211731,0.3882243457591224,-0.4261991950119848,1.2748288374264451,87.0
1652964761.673527,0.0265669226646423,0.4533120393753052,0.1881571114063263,0.3418565690517425,0.3881674706935882,-0.8558388352394104,2.699885845184326,-0.926230251789093,1.158843159675598,0.380023839461475,-0.398642304955969,1.2760958738637265,87.0
1652964761.683541,0.0029210746288299,0.4421625137329101,0.1664040386676788,0.3377619087696075,0.3597343266010284,-0.8697746992111206,2.988710880279541,-1.0441224575042725,1.1761842966079712,0.3704080251686988,-0.3679831467190487,1.2765700356696406,87.0
1652964761.693491,8.249282836914062e-05,0.4345732927322387,0.0851492583751678,0.3322539627552032,0.3286844789981842,-0.884066641330719,3.189870834350586,-1.1437534093856812,1.1956771612167358,0.3594933733234981,-0.3349103103697427,1.276555846376848,87.0
1652964761.7035,-0.0176262557506561,0.4234511256217956,0.0057983696460723,0.3256554305553436,0.2960663437843323,-0.8979383707046509,3.266075849533081,-1.1868289709091189,1.2056533098220823,0.3479173504021671,-0.3005717071637085,1.2766602217434737,87.0
1652964761.7134771,-0.0473546385765075,0.3999608159065246,-0.0421729385852813,0.31830495595932,0.262830376625061,-0.91082501411438,3.2427010536193848,-1.1895188093185425,1.1954809427261353,0.3362015570706529,-0.2659545413964053,1.2770663836581415,87.0
1652964761.723723,-0.0559887588024139,0.380644679069519,-0.065329298377037,0.3103527724742889,0.2299412041902542,-0.9223926663398744,3.1475625038146973,-1.178960919380188,1.1577998399734497,0.3245663283958774,-0.2320172725636136,1.2778314081158968,87.0
1652964761.7334309,-0.054256796836853,0.358506977558136,-0.0803612172603607,0.3019374907016754,0.1981286406517028,-0.932512104511261,2.984626293182373,-1.1694904565811155,1.1056103706359863,0.3131365320496641,-0.1994483442051138,1.279012360938673,87.0
1652964761.743325,-0.0643371045589447,0.3350718021392822,-0.1065352857112884,0.2931884229183197,0.1679825335741043,-0.9411813616752625,2.801365852355957,-1.1270936727523804,1.0293376445770264,0.3019836823308484,-0.1687827570832595,1.2804509792150536,87.0
1652964761.7533212,-0.0845066905021667,0.2974832653999328,-0.1463512331247329,0.284229040145874,0.1398663371801376,-0.9484995007514954,2.5744106769561768,-1.098520040512085,0.9172139763832092,0.2911464552779804,-0.1403264254807885,1.2818965783394254,87.0
1652964761.763392,-0.1073010861873626,0.2671942710876465,-0.1804162561893463,0.275086760520935,0.114284761250019,-0.9546026587486268,2.316686153411865,-1.0625561475753784,0.798055112361908,0.2805674935021705,-0.1145350104394813,1.2832369363304117,87.0
1652964761.773206,-0.1282858252525329,0.2362951636314392,-0.1997018456459045,0.2659811675548553,0.091532364487648,-0.9596227407455444,2.0470633506774902,-1.0057247877120972,0.6665567755699158,0.2703849752160926,-0.0916606595456124,1.2843353349245354,87.0
1652964761.783217,-0.1467809677124023,0.2009181976318359,-0.1963750422000885,0.2570562362670898,0.0716650411486625,-0.963735580444336,1.7742767333984375,-0.9639155864715576,0.5209779739379883,0.2606606058822417,-0.0717265251329496,1.2850548622087123,87.0
1652964761.793007,-0.1784517467021942,0.1752180457115173,-0.18771493434906,0.2483065128326416,0.0547346733510494,-0.96713387966156,1.5125683546066284,-0.9204577207565308,0.3685945570468902,0.2513164768261139,-0.0547620416013827,1.2851914172275147,87.0
1652964761.803036,-0.2067540138959884,0.1527162194252014,-0.178483173251152,0.2398656159639358,0.0404827669262886,-0.969961643218994,1.3107731342315674,-0.8614904880523682,0.2196152061223983,0.2424301370367689,-0.0404938308080941,1.2846025073760403,87.0
1652964761.813024,-0.233238086104393,0.1119254827499389,-0.1661234945058822,0.2318953424692154,0.0279857497662305,-0.972338080406189,1.196286678314209,-0.7968329191207886,0.0979734435677528,0.2341190962053128,-0.027989403811141,1.2831867662889618,87.0
1652964761.823004,-0.2699391543865204,0.0624690651893615,-0.1335475742816925,0.2246205955743789,0.0166653301566839,-0.9743037819862366,1.1329481601715088,-0.7152717709541321,-0.0245090592652559,0.226585677048177,-0.0166661016822629,1.2809112820722404,87.0
1652964761.833106,-0.298153668642044,0.0106000304222106,-0.1229566112160682,0.2180602997541427,0.0060133286751806,-0.9759168028831482,1.094298005104065,-0.63374924659729,-0.1271403282880783,0.2198305432278532,-0.0060133648071302,1.2776870125829438,87.0
1652964761.8429542,-0.3070377111434936,-0.0321783423423767,-0.1303823441267013,0.2123264074325561,-0.0040169907733798,-0.9771905541419984,1.034067153930664,-0.5476290583610535,-0.2132227420806884,0.213956792805667,0.0040170013690588,1.2737376191701406,87.0
1652964761.852823,-0.3161512017250061,-0.045651376247406,-0.1517261564731598,0.2073255479335785,-0.0132060116156935,-0.978182852268219,0.9590384364128112,-0.4856595695018768,-0.2856980264186859,0.2088587921642672,0.0132063956553976,1.2691936092883955,87.0
1652964761.862811,-0.3360574245452881,-0.0506355762481689,-0.1681415289640426,0.2030618339776992,-0.0212199725210666,-0.978935956954956,0.8057306408882141,-0.4063117504119873,-0.3483147919178009,0.2045305965909951,0.0212215656280539,1.2642902079880858,87.0
1652964761.873054,-0.3658030033111572,-0.0629569888114929,-0.1805861890316009,0.1996805667877197,-0.0274062920361757,-0.9794777035713196,0.609079897403717,-0.3131381273269653,-0.3981460332870483,0.2011084863097357,0.0274097245997164,1.2592114992406334,87.0
1652964761.882707,-0.3814599514007568,-0.0872079730033874,-0.1950148940086364,0.1972253620624542,-0.0314254686236381,-0.9798544049263,0.380898118019104,-0.217092826962471,-0.4416759312152862,0.1986262912470755,0.0314306422981142,1.2541411981338253,87.0
1652964761.892699,-0.3771513998508453,-0.1115666627883911,-0.2114827185869217,0.1956481337547302,-0.0333139561116695,-0.9801081418991088,0.1908711194992065,-0.1427285820245742,-0.4436624348163605,0.1970291135716805,0.0333201202083209,1.2492505106337677,87.0
1652964761.902869,-0.3455615043640136,-0.1314995288848877,-0.2190040498971939,0.1947589069604873,-0.0337272025644779,-0.9802711009979248,0.0689942091703414,-0.0789725184440612,-0.4155628979206085,0.1961246717788073,0.0337336004365054,1.2448027526092582,87.0
1652964761.9125252,-0.3113143742084503,-0.1487016081809997,-0.1944421827793121,0.194325253367424,-0.033279899507761,-0.980372428894043,0.0137596456333994,-0.0455870777368545,-0.3984527289867401,0.1956793383797203,0.0332860469083158,1.2407585612324246,87.0
1652964761.974049,-0.3118141591548919,-0.1703530550003051,-0.1685166805982589,0.1942604780197143,-0.0327314138412475,-0.9804037809371948,0.0458904206752777,-0.0013684823643416,-0.3967437744140625,0.195609683323817,0.0327372597699949,1.2368123347155529,87.0
1652964761.974416,-0.336255818605423,-0.1922232508659362,-0.1707148998975753,0.1946542710065841,-0.0328067541122436,-0.9803231358528136,0.1204967498779296,0.0493672378361225,-0.3775939047336578,0.1960118525782952,0.0328126412056694,1.232841192982271,87.0
1652964761.974584,-0.3549871444702148,-0.1989115476608276,-0.1910985261201858,0.1955480724573135,-0.0335565470159053,-0.9801198244094848,0.1779757589101791,0.1092055365443229,-0.3673814833164215,0.1969286351012942,0.0335628479758864,1.2289061931458145,87.0
1652964761.974745,-0.3502587080001831,-0.2008798122406005,-0.2134924381971359,0.1969994604587555,-0.0348442792892456,-0.9797841906547546,0.2309083491563797,0.1586768329143524,-0.3566676378250122,0.1984185501829016,0.0348513326862252,1.2249651289175048,87.0
1652964761.974901,-0.3146604299545288,-0.2009381055831909,-0.2277600914239883,0.1987699419260025,-0.0366746485233306,-0.9793597459793092,0.2896171808242798,0.1717460304498672,-0.3372662663459778,0.2002391934913191,0.0366828742132378,1.221062304704476,87.0
1652964761.975055,-0.2771890163421631,-0.1973698735237121,-0.2406918704509735,0.2006356865167617,-0.0391237288713455,-0.9788843989372252,0.3442700505256653,0.1848495900630951,-0.3350635468959808,0.2021636808013373,0.0391337151368895,1.2171555884538885,87.0
1652964761.984448,-0.2690463066101074,-0.1931995153427124,-0.2508082091808319,0.2026248127222061,-0.0420078672468662,-0.9783549904823304,0.3802948892116546,0.1932076513767242,-0.3432245552539825,0.204220407383533,0.0420202315530372,1.2131220367510285,87.0
1652964761.992138,-0.2695125043392181,-0.1853153705596923,-0.2673988044261932,0.2047237157821655,-0.0449790619313716,-0.97778582572937,0.3729248642921448,0.2028610855340957,-0.3567113280296325,0.2063933331496611,0.044994241305707,1.2089755744271242,87.0
1652964762.002143,-0.2730794847011566,-0.1871556639671325,-0.28998664021492,0.2069936841726303,-0.0476445071399211,-0.9771814942359924,0.3286255598068237,0.2279642969369888,-0.3850188553333282,0.2087416465376163,0.0476625521440742,1.2046701106549678,87.0
1652964762.015396,-0.2744171619415283,-0.1924296617507934,-0.3140012323856354,0.2095520794391632,-0.0497529618442058,-0.976530909538269,0.2768313586711883,0.2553807497024536,-0.4321104884147644,0.2113825867580334,0.0497735098826239,1.200066801180936,87.0
1652964762.023591,-0.2624181509017944,-0.1950798034667968,-0.3273522853851318,0.2124151140451431,-0.0512639731168746,-0.9758338928222656,0.2287874072790146,0.2834209203720093,-0.4833539426326751,0.2143320138657315,0.0512864530878573,1.1950874943604255,87.0
1652964762.031917,-0.2501721382141113,-0.1811209917068481,-0.3297151327133178,0.2155347019433975,-0.0522275455296039,-0.9750984907150269,0.1982659846544265,0.3030899465084076,-0.5563887357711792,0.2175410274458694,0.0522513189886793,1.18957243100713,87.0
1652964762.042275,-0.2414375841617584,-0.1667094230651855,-0.3233116567134857,0.2189766764640808,-0.0528631992638111,-0.974297046661377,0.2108679860830307,0.3396547138690948,-0.6490678787231445,0.2210798167474444,0.0528878512920666,1.183259404603234,87.0
1652964762.051807,-0.2388542890548706,-0.1604172587394714,-0.3081400394439697,0.2227257788181305,-0.0536762773990631,-0.9734023213386536,0.2758733332157135,0.3560264110565185,-0.7364080548286438,0.2249394369190225,0.0537020860086139,1.1759725436040365,87.0
1652964762.062038,-0.2524965703487396,-0.1551394462585449,-0.3031993508338928,0.2266787141561508,-0.0548480600118637,-0.9724240303039552,0.3253018856048584,0.3759455382823944,-0.8345000147819519,0.2290171542512351,0.0548755965016103,1.1676717360610902,87.0
1652964762.071765,-0.2681809663772583,-0.1440407037734985,-0.3095785677433014,0.2309495657682418,-0.0561135150492191,-0.9713462591171264,0.3482999205589294,0.4083380401134491,-0.9305790662765504,0.233428115230346,0.0561430033794185,1.158328437884157,87.0
1652964762.081795,-0.272041380405426,-0.1382330060005188,-0.3212923109531402,0.2355881482362747,-0.0572476647794246,-0.9701654314994812,0.3568260669708252,0.4319999516010284,-1.0451207160949707,0.2382219352297571,0.0572789809154259,1.1479064175991485,87.0
1652964762.091717,-0.2671189308166504,-0.130488634109497,-0.331616461277008,0.240522876381874,-0.0580319054424762,-0.968907117843628,0.3444721698760986,0.459011435508728,-1.1627973318099976,0.2433228381532089,0.0580645257643825,1.1363937795799548,87.0
1652964762.101519,-0.2612006664276123,-0.114999771118164,-0.3365558981895447,0.2456672340631485,-0.0583567507565021,-0.9675960540771484,0.3321785032749176,0.4600751101970672,-1.2853344678878784,0.2486406288136192,0.0583899239667082,1.1237515302103378,87.0
1652964762.111989,-0.2756547331809997,-0.0915808081626892,-0.3378594517707824,0.2508744597434997,-0.0579992569983005,-0.9662805199623108,0.2759889960289001,0.4612535536289215,-1.4255045652389526,0.2540205325017552,0.0580318228412402,1.109913418528674,87.0
1652964762.121311,-0.296422928571701,-0.0627127885818481,-0.3466402292251587,0.2561702728271484,-0.0564511343836784,-0.9649819135665894,0.1776339411735534,0.4597057402133941,-1.5798784494400024,0.2594814758177189,0.0564811598599118,1.094848956297604,87.0
1652964762.1315742,-0.3090649545192718,-0.0477964878082275,-0.3826429545879364,0.2613812088966369,-0.0531785152852535,-0.9637696146965028,0.0306506101042032,0.4389629364013672,-1.7501658201217651,0.2648366217886081,0.053203610848289,1.0785635110109202,87.0
1652964762.141536,-0.3066258430480957,-0.0307983756065368,-0.4165990650653839,0.2664647102355957,-0.0481683276593685,-0.962640345096588,-0.0567324981093406,0.423023372888565,-1.93238377571106,0.2700445453129342,0.0481869744188873,1.0609017870672903,87.0
1652964762.151444,-0.309108555316925,-0.0217478275299072,-0.4220013618469238,0.2713430523872375,-0.0421556681394577,-0.9615590572357178,-0.0602949410676956,0.4032397866249084,-2.1012837886810303,0.2750390045117409,0.0421681623684122,1.0417197685123092,87.0
1652964762.161516,-0.3197529315948486,-0.0275758504867553,-0.3924052119255066,0.2759602069854736,-0.0360767766833305,-0.9604917764663696,0.0452714338898658,0.3825880289077759,-2.2571754455566406,0.2797755989371314,0.0360846075947412,1.020858422680499,87.0
1652964762.1713982,-0.3174324035644531,-0.0446967482566833,-0.3588704764842987,0.2802619934082031,-0.0309915132820606,-0.9594231247901917,0.2460618019104004,0.3529877066612243,-2.3936147689819336,0.2842073392329891,0.0309964763591025,0.9982008845785738,87.0
1652964762.181478,-0.3053011894226074,-0.0624037981033325,-0.3389658629894256,0.2841677665710449,-0.027550172060728,-0.9583786725997924,0.4760894179344177,0.3121601343154907,-2.526057481765747,0.2882508491536119,0.0275536591248183,0.9736556040361594,87.0
1652964762.191261,-0.3094814717769623,-0.0693913102149963,-0.3279280364513397,0.2876614034175873,-0.0256790705025196,-0.9573878645896912,0.660448431968689,0.2685005068778991,-2.657656669616699,0.2918832150805137,0.0256818931223485,0.9472749843497494,87.0
1652964762.201313,-0.3089281916618347,-0.0530198812484741,-0.3297567963600158,0.2907397150993347,-0.0245827287435531,-0.9564863443374634,0.7360076904296875,0.2375516295433044,-2.779324531555176,0.2950917215750521,0.024585205952055,0.9193200268531372,87.0
1652964762.211225,-0.3021146059036255,-0.0425285696983337,-0.3383437395095825,0.2935544550418854,-0.0234115496277809,-0.9556556344032288,0.7366794347763062,0.2113345712423324,-2.8968582153320312,0.2980271773074634,0.0234136883814472,0.8901048585900891,87.0
1652964762.22124,-0.3053286969661712,-0.0335716605186462,-0.3344213962554931,0.2961276471614837,-0.0214287601411342,-0.9549079537391664,0.6651900410652161,0.187087282538414,-3.0100929737091064,0.3007071216695406,0.0214304003821491,0.8599091277157939,87.0
1652964762.231359,-0.3178611993789673,-0.0330199599266052,-0.3202819228172302,0.2983452081680298,-0.018188452348113,-0.9542847275733948,0.554240345954895,0.1490251719951629,-3.11857533454895,0.3030101632189263,0.0181894553525132,0.8289426637835016,87.0
1652964762.2415218,-0.338922917842865,-0.0414687991142272,-0.2954039573669433,0.3002418577671051,-0.0132965259253978,-0.9537704586982728,0.4030766487121582,0.152458518743515,-3.217831611633301,0.3049740199402175,0.013296917883284,0.7973847112465167,87.0
1652964762.251232,-0.3764353394508362,-0.0728517174720764,-0.2422167211771011,0.3021860718727112,-0.006684586405754,-0.953225553035736,0.2659982144832611,0.1872774362564087,-3.3196167945861816,0.3069921770615485,0.0066846362765875,0.7653331804691466,87.0
1652964762.26128,-0.4065866768360138,-0.0951588749885559,-0.1636920571327209,0.3041696846485138,0.0016743078595027,-0.9526163935661316,0.1077441349625587,0.213662713766098,-3.4079952239990234,0.3090671347014345,-0.0016743086263544,0.7328400024374514,87.0
1652964762.271101,-0.4023303687572479,-0.0979508161544799,-0.0838803201913833,0.3060931861400604,0.0116605432704091,-0.9519301652908324,-0.0180377662181854,0.245546281337738,-3.4590554237365723,0.311108383848961,-0.0116608078046479,0.7001084108240482,87.0
1652964762.281145,-0.3785086274147033,-0.1035048961639404,-0.003121294081211,0.3079519867897033,0.0230951122939586,-0.9511215686798096,-0.1647510379552841,0.28129842877388,-3.466869592666626,0.3131260124022605,-0.0230971651891472,0.6675402581878107,87.0
1652964762.291569,-0.3589729964733124,-0.0825420022010803,0.0847224071621894,0.309870183467865,0.0356084778904914,-0.9501118063926696,-0.2127560526132583,0.3284144997596741,-3.4488375186920166,0.3152633329756125,-0.0356160071065214,0.6354007496730242,87.0
1652964762.301045,-0.3356547355651855,-0.069425880908966,0.1872111558914184,0.3116679191589355,0.0480336770415306,-0.9489762187004088,-0.1750590056180954,0.3573145866394043,-3.396376848220825,0.3173269431190798,-0.0480521670238531,0.6035744353763154,87.0
1652964762.311033,-0.3422089219093323,-0.0531886219978332,0.307278573513031,0.313446044921875,0.05971060693264,-0.947726845741272,-0.0873575136065483,0.4077009856700897,-3.3231043815612797,0.3194098619284007,-0.0597461474345015,0.5721860969482362,87.0
1652964762.320884,-0.3448475301265716,-0.0701276659965515,0.4028356969356537,0.3153827786445617,0.0703699439764022,-0.9463518261909484,-0.0067449621856212,0.4522666037082672,-3.229562997817993,0.3216860573971452,-0.0704281479189922,0.5412729365012222,87.0
1652964762.330914,-0.3153044283390045,-0.0518280863761901,0.459563136100769,0.3175169229507446,0.0804912522435188,-0.9448302388191224,-0.0162469893693923,0.5156010389328003,-3.13840913772583,0.3241999615987888,-0.0805784188073813,0.511160385486529,87.0
1652964762.340777,-0.266903668642044,-0.0181966423988342,0.5060929656028748,0.3200347423553467,0.0907851457595825,-0.9430460333824158,-0.1069372147321701,0.5711894631385803,-3.0217251777648926,0.327167230666834,-0.0909103196289843,0.4821346768571063,87.0
1652964762.350837,-0.22939532995224,0.0122065544128417,0.5481746196746826,0.3227485716342926,0.1018041148781776,-0.9409937858581544,-0.2379068732261657,0.6092514395713806,-2.886037588119507,0.3304134989098939,-0.101980788389159,0.4547031601584808,87.0
1652964762.361007,-0.2165928184986114,0.0422375202178955,0.566145658493042,0.325632095336914,0.1137402430176734,-0.9386303424835204,-0.378022700548172,0.6522985100746155,-2.734724760055542,0.3339306648878212,-0.1139869182763611,0.429079973726441,87.0
1652964762.370706,-0.2126804590225219,0.0734593868255615,0.594254732131958,0.3288150727748871,0.1267078667879104,-0.9358556270599364,-0.5462535619735718,0.7123175263404846,-2.587130546569824,0.3378790758829411,-0.1270493806516026,0.4053953324320851,87.0
1652964762.3807611,-0.2092497944831848,0.0883514285087585,0.6459918022155762,0.3323576748371124,0.1404615491628646,-0.932635486125946,-0.6265004277229309,0.7594610452651978,-2.417530059814453,0.3423329803266503,-0.1409275629568263,0.3836538724369533,87.0
1652964762.390635,-0.1907897889614105,0.1151680350303649,0.7033616900444031,0.3362060189247131,0.1542433798313141,-0.929071843624115,-0.6785420179367065,0.7986356019973755,-2.2241289615631104,0.3472127106768199,-0.1548616243118778,0.3638723240691291,87.0
1652964762.4007,-0.1519976258277893,0.15699303150177,0.7305381298065186,0.3402147591114044,0.1677010655403137,-0.925273060798645,-0.6786062121391296,0.8105289936065674,-2.0369982719421387,0.352347601082039,-0.1684972393783985,0.3460243338796616,87.0
1652964762.41064,-0.0887010991573333,0.2145835757255554,0.7166627645492554,0.3441789746284485,0.180523544549942,-0.921385943889618,-0.6585128903388977,0.7842981815338135,-1.868832230567932,0.3574943018449305,-0.1815187224801476,0.3298762231608185,87.0
1652964762.4207249,-0.0506283044815063,0.2917729616165161,0.7062804698944092,0.3479152619838714,0.1925691217184066,-0.9175359010696412,-0.6289507150650024,0.7600801587104797,-1.7252793312072754,0.3624340890957642,-0.1937796005475049,0.3151480729742012,87.0
1652964762.4304829,-0.0454480648040771,0.3664565086364746,0.6986902356147766,0.3514325618743896,0.2038824707269668,-0.913743495941162,-0.5828813314437866,0.7248959541320801,-1.6020582914352417,0.367166929709701,-0.2053220609307759,0.3015746919565533,87.0
1652964762.440387,-0.0248565971851348,0.4253122806549072,0.6894145011901855,0.3546142578125,0.214272066950798,-0.9101297855377196,-0.5045255422592163,0.672440767288208,-1.47993004322052,0.371535265698744,-0.2159465322373598,0.2889557287360821,87.0
1652964762.450447,0.0171572864055633,0.4495902061462402,0.6770382523536682,0.3572475612163543,0.2234134823083877,-0.9068961143493652,-0.4034169912338257,0.5817209482192993,-1.34526264667511,0.3752569415075659,-0.2253150658914328,0.2772253744223705,87.0
1652964762.46059,0.0441890656948089,0.430482268333435,0.6431467533111572,0.3592227697372436,0.2311971783638,-0.9041608572006226,-0.3165348470211029,0.50053870677948,-1.2144912481307983,0.3781763083168902,-0.2333080245441053,0.2664000676508106,87.0
1652964762.470306,0.0645968914031982,0.4098372459411621,0.600515604019165,0.3606350421905517,0.2380159646272659,-0.9018263816833496,-0.2879872918128967,0.4101806581020355,-1.0763354301452637,0.3804150728207046,-0.2403225904477686,0.2566487937129743,87.0
1652964762.480502,0.0780986547470092,0.4134519696235657,0.5619770884513855,0.3614612221717834,0.244083747267723,-0.8998715877532959,-0.2553625106811523,0.3170531094074249,-0.9483426213264464,0.3819545726624139,-0.2465747531380653,0.2480494534650547,87.0
1652964762.490226,0.087582379579544,0.4387217760086059,0.534823477268219,0.361743152141571,0.2494478225708007,-0.898285984992981,-0.2286452054977417,0.2262042164802551,-0.8154589533805847,0.3828350364135,-0.2521100104267048,0.2405717115869095,87.0
1652964762.5002751,0.1031398773193359,0.4864556789398193,0.5064471960067749,0.3613528907299042,0.2541272044181824,-0.8971306681632996,-0.2120180130004882,0.1154697239398956,-0.7000072002410889,0.3829069508002886,-0.2569451833994836,0.2341939599137385,87.0
1652964762.510493,0.0972819328308105,0.5412509441375732,0.4797088205814361,0.3603443801403045,0.2583740949630737,-0.8963229060173035,-0.2046962678432464,0.0398321114480495,-0.6264236569404602,0.3822509952969846,-0.2613387612445094,0.2286891033678169,87.0
1652964762.5201,0.0747490525245666,0.5737353563308716,0.4501766860485077,0.3588751852512359,0.2621951699256897,-0.8958026170730591,-0.1741383522748947,-0.0307813379913568,-0.55821293592453,0.3810395420780649,-0.2652962687217653,0.223747932471146,87.0
1652964762.53046,0.0612335503101348,0.573240339756012,0.4178563952445984,0.3569487631320953,0.265401691198349,-0.895628035068512,-0.1336810737848281,-0.0903339311480522,-0.4902400970458984,0.379252120216111,-0.2686205365295337,0.2193033889471242,87.0
1652964762.5400891,0.05536550283432,0.5650962591171265,0.3795071542263031,0.354653388261795,0.2682437598705292,-0.8956931829452515,-0.1436239928007125,-0.1525573581457138,-0.4164590835571289,0.377013665778942,-0.271569513823631,0.2155198920465867,87.0
1652964762.550055,0.0568231642246246,0.5474635362625122,0.3393718898296356,0.352081835269928,0.270933985710144,-0.8958979845046997,-0.1615306138992309,-0.1974221915006637,-0.3650746643543243,0.3744515093788438,-0.2743631608529739,0.2123351723681355,87.0
1652964762.560362,0.0887899696826934,0.5372641086578369,0.3119495511054992,0.3490762114524841,0.273820161819458,-0.8961966037750244,-0.2127924710512161,-0.2788872122764587,-0.3253533542156219,0.3714293955638296,-0.2773627690796723,0.2097157290875259,87.0
1652964762.57001,0.1216542422771453,0.5580907464027405,0.286731481552124,0.3453561961650848,0.2773707211017608,-0.896545946598053,-0.3267668485641479,-0.3687266707420349,-0.311611920595169,0.3676895256946366,-0.2810563781383645,0.2076702309868679,87.0
1652964762.580075,0.1241938173770904,0.5840799808502197,0.25473153591156,0.3408482372760772,0.2820574343204498,-0.8968088030815125,-0.4777073562145233,-0.4605253040790558,-0.3055196702480316,0.3632063329454779,-0.2859379555427475,0.2061718429689567,87.0
1652964762.5898108,0.1175225377082824,0.6272476315498352,0.2285329699516296,0.3354803621768951,0.2884196043014526,-0.8968093991279602,-0.6675053834915161,-0.5678186416625977,-0.3119067549705505,0.3579657286594014,-0.2925758984544637,0.2052755450119231,87.0
1652964762.60008,0.1099278032779693,0.6719329953193665,0.1972230672836303,0.3292353749275207,0.2963835597038269,-0.896527111530304,-0.7830529808998108,-0.6699141263961792,-0.3180605173110962,0.3519449346700077,-0.3009038420769515,0.204892408706757,87.0
1652964762.610167,0.0786233842372894,0.7015777826309204,0.1995553970336914,0.3219808340072632,0.3049765229225158,-0.8962799310684204,-0.8857638835906982,-0.7524440288543701,-0.320382684469223,0.3448838246807423,-0.3099137820238332,0.2047446272635787,87.0
1652964762.619768,0.0307650864124298,0.7132251858711243,0.2285099923610687,0.3137935996055603,0.3140773475170135,-0.8960407376289368,-0.9030911922454834,-0.8573800325393677,-0.3307197391986847,0.3368531173578493,-0.3194846729642251,0.2046669900158801,87.0
1652964762.630199,-0.0062684118747711,0.6933088302612305,0.2242893576622009,0.3046387135982513,0.3234401941299438,-0.895869255065918,-0.9639129042625428,-0.9601486325263976,-0.3367636501789093,0.3277816951592318,-0.3293628664931567,0.2045485113571073,87.0
1652964762.640156,-0.0189927518367767,0.6678324341773987,0.1936730444431305,0.2945511937141418,0.3333350718021393,-0.8956156373023987,-1.0210614204406738,-1.0604579448699951,-0.3452439308166504,0.3177383635727727,-0.3398387451899262,0.2044256936602115,87.0
1652964762.649689,0.0072955191135406,0.6340236067771912,0.1649803817272186,0.2832928001880646,0.3437782227993011,-0.8952997922897339,-1.0900031328201294,-1.2069953680038452,-0.3460387885570526,0.306454169840274,-0.3509373941271051,0.2043827066987755,87.0
1652964762.6595569,0.0197609961032867,0.6195021271705627,0.149904727935791,0.2707357406616211,0.3547034859657287,-0.894923210144043,-1.1439592838287354,-1.336416244506836,-0.3470635712146759,0.2937707752762076,-0.3625969071718454,0.2043930679874025,87.0
1652964762.669667,-0.0116489231586456,0.6026501059532166,0.1431863903999328,0.2571017742156982,0.3660299777984619,-0.894382894039154,-1.189708590507507,-1.4411789178848269,-0.3551153540611267,0.2799154172637257,-0.3747393476940428,0.2043004487048426,87.0
1652964762.679545,-0.0578465163707733,0.5697614550590515,0.1057653725147247,0.2426151484251022,0.37793830037117,-0.893476665019989,-1.2801226377487185,-1.505571722984314,-0.3768539428710937,0.265147150682019,-0.3875684292776585,0.2040883774562107,87.0
1652964762.6893492,-0.0993236452341079,0.5603272318840027,0.0672925412654876,0.2276042401790619,0.3907458484172821,-0.8919159173965454,-1.3796745538711548,-1.5273269414901731,-0.4095158874988556,0.2498533843238224,-0.4014417163489968,0.2036281288736361,87.0
1652964762.699363,-0.1143729388713836,0.5541476011276245,0.0593302845954895,0.2122122198343277,0.4041860103607178,-0.8897188901901245,-1.4333981275558472,-1.5668481588363647,-0.4500822424888611,0.2341413693368867,-0.4160887444984572,0.2027525107519679,87.0
1652964762.709286,-0.066811516880989,0.5403391122817993,0.0767596065998077,0.196007639169693,0.417838841676712,-0.887125551700592,-1.4427297115325928,-1.692825436592102,-0.4456828236579895,0.2174533110334691,-0.4310652594224539,0.2014884005144609,87.0
1652964762.719317,-0.0260168015956878,0.5182784795761108,0.0974787771701812,0.1784978359937667,0.431284099817276,-0.8843826055526733,-1.4203163385391235,-1.8543791770935056,-0.4301999807357788,0.199157698839279,-0.4459155768089656,0.2000335750039584,87.0
1652964762.729253,-0.067465990781784,0.4927343726158142,0.1235762238502502,0.1596290171146392,0.4445085823535919,-0.8814367055892944,-1.4193297624588013,-2.012992143630981,-0.4173349738121032,0.1791591155965486,-0.4606255753241355,0.198369903631056,87.0
1652964762.739351,-0.124477133154869,0.4841251373291015,0.1480591893196106,0.1395527720451355,0.457455426454544,-0.8782138228416443,-1.3889899253845217,-2.1531944274902344,-0.4021709561347961,0.1575876353680715,-0.4751315387216646,0.1965125158714937,87.0
1652964762.749118,-0.1620936542749405,0.4663617610931396,0.1522399187088012,0.1183618977665901,0.4698152244091034,-0.8747937679290771,-1.315906047821045,-2.283665418624878,-0.3869254291057586,0.1344859329893231,-0.4890814614734936,0.1943536306212083,87.0
1652964762.759158,-0.2140777111053466,0.4280580878257751,0.1473759114742279,0.0962492674589157,0.4812557697296142,-0.8712800741195679,-1.2289983034133911,-2.3787829875946045,-0.3846729099750519,0.1100227020110018,-0.5020867284004613,0.1917695651400947,87.0
1652964762.769079,-0.263997882604599,0.3242666721343994,0.1108804047107696,0.0735833868384361,0.4921622276306152,-0.8673879504203796,-1.2200305461883545,-2.4182991981506348,-0.3955920338630676,0.0846306726023296,-0.5145719040967497,0.1887217902382302,87.0
1652964762.779053,-0.2484490722417831,0.2642629742622375,0.075427770614624,0.0506798513233661,0.503200888633728,-0.8626821041107178,-1.2805883884429932,-2.429436445236206,-0.4361761808395386,0.0586794007157911,-0.5272987963288976,0.1849790469142697,87.0
1652964762.788961,-0.1636608242988586,0.2474160194396972,0.0799198746681213,0.0272471867501735,0.5144863128662109,-0.8570656180381775,-1.3102041482925415,-2.508066177368164,-0.4795960187911987,0.0317805467477848,-0.5404084952126101,0.1803534522933749,87.0
1652964762.798922,-0.1174791455268859,0.2416201829910278,0.0937585830688476,0.0028855737764388,0.5259314179420471,-0.8505221009254456,-1.3656556606292725,-2.600070714950561,-0.5354909896850586,0.0033926957385075,-0.5538098299837357,0.1747501944302321,87.0
1652964762.809033,-0.1519431471824646,0.2611158490180969,0.1062908172607421,-0.0222817678004503,0.5376759767532349,-0.8428571224212646,-1.4193981885910034,-2.6467103958129883,-0.614129900932312,-0.0264298390281932,-0.5676783151652226,0.1678255681614661,87.0
1652964762.8188682,-0.1963440477848053,0.2719903588294983,0.1132540106773376,-0.04810182005167,0.5493132472038269,-0.8342309594154358,-1.4118760824203491,-2.700483798980713,-0.6809962391853333,-0.0575963053842789,-0.5815421350013598,0.1594388232884783,87.0
1652964762.828809,-0.245141789317131,0.2462886571884155,0.1315735578536987,-0.0744993910193443,0.5604126453399658,-0.8248561024665833,-1.3813108205795288,-2.751304149627685,-0.724087119102478,-0.0900736575098368,-0.5948839260302168,0.1498386027627835,87.0
1652964762.838772,-0.3208500742912292,0.1832789182662964,0.1355539560317993,-0.1012080907821655,0.571065366268158,-0.8146418333053589,-1.399545431137085,-2.758298873901367,-0.7613697648048401,-0.1236029813994531,-0.6078030864913604,0.1391433765886505,87.0
1652964762.8487349,-0.3762269914150238,0.1079799532890319,0.1369664669036865,-0.1275877952575683,0.5814632177352905,-0.8035060167312622,-1.3735696077346802,-2.6901466846466064,-0.7819580435752869,-0.1574741087782434,-0.6205260201179069,0.1274252605110278,87.0
1652964762.858721,-0.3227258622646332,0.0044566392898559,0.1382767558097839,-0.1534399688243866,0.5913223028182983,-0.7917033433914185,-1.3744099140167236,-2.6886863708496094,-0.7684472799301147,-0.1914365477959772,-0.632697564131279,0.1150806015246938,87.0
1652964762.868751,-0.2107143402099609,-0.0584114789962768,0.1699471473693847,-0.179178312420845,0.600652277469635,-0.7791739106178284,-1.3288896083831787,-2.7483298778533936,-0.7401305437088013,-0.2260297598657972,-0.6443167257111183,0.1024607432111617,87.0
1652964762.878799,-0.2057500779628753,-0.0715208649635315,0.2044789791107177,-0.2048792690038681,0.6094096899032593,-0.7659271955490112,-1.31092631816864,-2.7742087841033936,-0.7322121858596802,-0.2613726124860227,-0.6553158329722112,0.0895718142407284,87.0
1652964762.888547,-0.2350220084190368,-0.0843559503555297,0.2142758965492248,-0.2303253561258316,0.6176027655601501,-0.7520086765289307,-1.2655446529388428,-2.784373044967652,-0.7200422883033752,-0.2972084099975183,-0.665691056463984,0.0762884263660255,87.0
1652964762.898521,-0.2179518938064575,-0.1213939189910888,0.2136844992637634,-0.2552232444286346,0.6249844431877136,-0.7377368211746216,-1.1734058856964111,-2.7539336681365967,-0.6851218938827515,-0.3330661159617036,-0.675111573776526,0.0630013282417345,87.0
1652964762.908517,-0.2590443789958954,-0.3327733874320984,0.1962212920188903,-0.2773326337337494,0.6321479082107544,-0.7235162258148193,-1.5434534549713137,-1.9684325456619265,-0.4036552011966705,-0.3660381563924295,-0.6843221505709228,0.0502846459831225,87.0
1652964762.9187288,-0.0443853139877319,-0.7867969870567322,0.0862053036689758,-0.2935969233512878,0.6438515186309814,-0.706580638885498,-1.637244701385498,-2.551424264907837,-0.2177207469940185,-0.3938119210673974,-0.6995213641014382,0.0398881759315699,87.0
1652964762.928454,-0.0915783047676086,-0.800086259841919,0.1718448996543884,-0.3121388256549835,0.6541134715080261,-0.6889883875846863,-1.4365555047988892,-2.0924232006073,-0.3765129745006561,-0.4253785399443531,-0.7130099681904166,0.0274379413716654,87.0
1652964762.9383569,-0.1837319731712341,-0.8056789040565491,0.2620077729225158,-0.3307334184646606,0.6608438491821289,-0.6737216114997864,-1.2535241842269895,-2.2831871509552,-0.7668476700782776,-0.4563452753136046,-0.7219425633880932,0.0137218880992047,87.0
1652964762.948441,-0.0163022875785827,-0.7102235555648804,0.334048867225647,-0.3494356870651245,0.6666683554649353,-0.6583676934242249,-1.1347107887268066,-2.0328526496887207,-0.5572030544281006,-0.4879522780973958,-0.7297299371014478,-0.0022398284998633,87.0
1652964762.9583511,0.039163202047348,-0.5161897540092468,0.3074379563331604,-0.3659150004386902,0.6711997985839844,-0.6446682214736938,-0.7829826474189758,-2.0194311141967773,-0.4819071888923645,-0.5162567669608117,-0.735826163677762,-0.014126689132651,87.0
1652964762.968285,-0.1264720261096954,-0.4423972368240356,0.2909616231918335,-0.3814168870449066,0.6737601161003113,-0.6329047679901123,-0.5734645128250122,-1.8610897064208984,-0.4578835368156433,-0.5423620504435026,-0.7392855152012183,-0.0242675959527386,87.0
1652964762.978681,-0.1592560112476349,-0.4552730321884155,0.2528011798858642,-0.3956299722194671,0.6754520535469055,-0.6222873330116272,-0.565630316734314,-1.6827945709228516,-0.497173935174942,-0.566304684840042,-0.741577589291008,-0.0335352088684165,87.0
1652964762.991385,-0.1447076797485351,-0.4986283779144287,0.1848672032356262,-0.4095068871974945,0.6768577098846436,-0.6116926074028015,-0.6195363402366638,-1.6305360794067385,-0.6573971509933472,-0.5899375243461719,-0.7434854918095912,-0.0442616115431442,87.0
1652964762.998137,-0.1861791610717773,-0.4859148859977722,0.1513696312904358,-0.4242334961891174,0.677854061126709,-0.6004497408866882,-0.6974151134490967,-1.5427663326263428,-0.729667067527771,-0.6150925701732443,-0.7448398529977805,-0.0572076396705366,87.0
1652964763.008078,-0.2609348893165588,-0.4234665632247925,0.1831297874450683,-0.4379940032958984,0.6787629723548889,-0.5894423127174377,-0.6949004530906677,-1.399525761604309,-0.8912657499313354,-0.6390479762141283,-0.7460768307897023,-0.0719205912996079,87.0
1652964763.01865,-0.1867261528968811,-0.3638988733291626,0.2029994130134582,-0.4540972709655761,0.6777379512786865,-0.5783312916755676,-0.646234929561615,-1.4688899517059326,-0.8713602423667908,-0.6656421415984577,-0.744681934751633,-0.0840011587212449,87.0
1652964763.028069,-0.1566539406776428,-0.2924479246139526,0.2134274244308471,-0.4687275886535644,0.6763126254081726,-0.5682392120361328,0.2859587371349334,-2.362363576889038,-0.2683950662612915,-0.6897269923530857,-0.7427451845212545,-0.0935301971190398,87.0
1652964763.038363,-0.1588403880596161,-0.2562390565872192,0.4535464644432068,-0.4813574552536011,0.6741086840629578,-0.5602433681488037,1.0214353799819946,-2.820976734161377,0.3259886503219604,-0.7098071888914728,-0.7397572997098114,-0.0893188657009685,87.0
1652964763.0479631,-0.2855101823806762,-0.1827131509780883,0.4119855165481567,-0.4934968948364258,0.668764054775238,-0.5560715198516846,1.1258236169815063,-1.8886018991470337,-0.1786122322082519,-0.7258492796046554,-0.7325451540094469,-0.0802321325989305,87.0
1652964763.058319,-0.0931180119514465,-0.1230812668800354,-0.0320589542388916,-0.504919707775116,0.6610415577888489,-0.5550496578216553,1.581748604774475,-1.9725059270858765,-0.0043275095522403,-0.738139595245358,-0.7222059890534556,-0.0687497855806485,87.0
1652964763.068102,-0.0964951515197753,-0.1733165979385376,0.1765758395195007,-0.5150313973426819,0.651701807975769,-0.5568011403083801,2.106294631958008,-1.988860249519348,0.1339608132839203,-0.7464475064852821,-0.7098260310653078,-0.051859120030177,87.0
1652964763.078129,-0.1511952877044677,-0.3266164064407348,0.328892707824707,-0.524433434009552,0.6402235627174377,-0.5613229274749756,2.35081148147583,-1.8738410472869875,0.2411533296108245,-0.7514353991583711,-0.6947892619744185,-0.0296358141216736,87.0
1652964763.087953,-0.079357624053955,-0.4743651151657104,0.1749285459518432,-0.5329623818397522,0.6287214756011963,-0.5662689805030823,2.107111692428589,-1.6248706579208374,0.2382483035326004,-0.7551075251658991,-0.6799079655046341,-0.0077535633343209,87.0
1652964763.0979471,0.053090214729309,-0.5807860493659973,0.2408791780471801,-0.5387164950370789,0.6202353835105896,-0.5701689720153809,1.759886622428894,-1.4645675420761108,0.6378644108772278,-0.7570417260894357,-0.6690427184407768,0.0132396057710073,87.0
1652964763.107923,0.122778832912445,-0.6270865201950073,0.3183175325393677,-0.5434790253639221,0.6143150329589844,-0.5720558166503906,1.5571235418319702,-1.6200292110443115,0.6072525978088379,-0.7597866529868748,-0.6615175705824262,0.0334602501006159,87.0
1652964763.117982,0.0876208543777465,-0.560018002986908,0.1734355092048645,-0.5497028231620789,0.6087605953216553,-0.57204669713974,1.44105863571167,-1.7171096801757812,0.4652161002159118,-0.7654820175388144,-0.6544974393004065,0.0514928132980276,87.0
1652964763.127677,-0.020421028137207,-0.4456813931465149,0.0203121900558471,-0.5571547746658325,0.6028720736503601,-0.5710726380348206,1.3219237327575684,-1.627570867538452,0.2557868659496307,-0.7730627102169745,-0.6470960922770892,0.0667297235654487,87.0
1652964763.137618,-0.0834894776344299,-0.400286853313446,-0.0123988986015319,-0.5646581649780273,0.596886932849884,-0.5699889063835144,1.033591866493225,-1.482107400894165,0.1576174050569534,-0.7807000288340358,-0.6396154043464497,0.0792129646604497,87.0
1652964763.147488,-0.0556163787841796,-0.4687217473983764,-0.1113587617874145,-0.5699330568313599,0.5931856632232666,-0.568601131439209,1.2336193323135376,-0.8266086578369141,0.1571888029575348,-0.7865680214872256,-0.6350101140283301,0.0909330886731325,87.0
1652964763.1575289,-0.0813302397727966,-0.5921043753623962,-0.0709161162376403,-0.5747977495193481,0.5843744277954102,-0.5728124976158142,1.4924545288085938,-0.617186963558197,-0.2711913287639618,-0.7871280325923914,-0.6241089233776272,0.1005447988681848,87.0
1652964763.16728,0.1844146251678466,-0.5551080107688904,0.1581267714500427,-0.5792816877365112,0.5753480792045593,-0.5774144530296326,1.5997635126113892,-0.7728853821754456,0.1587944626808166,-0.7870124110161194,-0.6130296256298282,0.1140909601893198,87.0
1652964763.218377,-0.0522370934486389,-0.5372074246406555,-0.1789746880531311,-0.5824980735778809,0.5674787163734436,-0.5819483399391174,1.1779524087905884,-0.4368023872375488,-0.02091059461236,-0.7858702802037424,-0.6034405289921,0.1267124022737307,87.0
1652964763.218666,-0.0450943708419799,-0.3331171870231628,0.0026075839996337,-0.5849258303642273,0.5607928037643433,-0.5859805941581726,-0.1572438478469848,0.0129173528403043,0.0480484217405319,-0.784497334253074,-0.5953430049431765,0.1382117110467584,87.0
1652964763.227685,-0.0622312426567077,-0.2563520669937134,-0.0180230140686035,-0.5842990279197693,0.5622431039810181,-0.5852158069610596,-0.1920244097709655,0.0732094049453735,0.0813416689634323,-0.7846142411605402,-0.5970957173665955,0.1371833895685882,87.0
1652964763.237259,-0.0521981716156005,-0.1971797943115234,-0.0177919268608093,-0.5831321477890015,0.5636447072029114,-0.5850314497947693,-0.0744655504822731,0.132145956158638,0.1161382645368576,-0.7837722750751853,-0.5987915472191033,0.1368461502437622,87.0
1652964763.247242,-0.0487128496170043,-0.1525807976722717,0.0127778649330139,-0.5814294219017029,0.5642485618591309,-0.5861428380012512,0.1288753747940063,0.1911502629518509,0.147188127040863,-0.7813612513111459,-0.599522771799039,0.1382304202323114,87.0
1652964763.256944,-0.0492991805076599,-0.0926023721694946,0.047597050666809,-0.5792866945266724,0.563899040222168,-0.5885956287384033,0.2917109131813049,0.2356088012456894,0.1659799218177795,-0.7774275438694093,-0.5990995106044439,0.1413810356634543,87.0
1652964763.266861,-0.0373926758766174,-0.0525217652320861,0.0377789139747619,-0.5767889618873596,0.5628528594970703,-0.5920398831367493,0.401432603597641,0.2788689732551574,0.1825124025344848,-0.77235082827309,-0.5978332294746984,0.1458860045813394,87.0
