1652966808.677301,0.0007378086447715,0.0562973022460937,0.0237592458724975,0.1184485256671905,0.0247026700526475,-0.9926528930664062,0.6508391499519348,1.322461724281311,-0.8323885798454285,0.1187636777198094,-0.0247051835614849,0.1821381406310655,110.0
1652966808.687333,-0.0870666801929473,0.0638538002967834,0.0853159427642822,0.1310119181871414,0.0193746071308851,-0.9911914467811584,0.6567910313606262,1.2763546705245972,-0.9818688035011292,0.1314144425008721,-0.0193758194611472,0.1723808255565961,110.0
1652966808.697091,-0.1860987097024917,0.0352605581283569,0.1266816407442093,0.1436181515455246,0.0142943058162927,-0.9895299673080444,0.6585524082183838,1.3098220825195312,-1.1125273704528809,0.1441313331592449,-0.014294792527231,0.1610632527458565,110.0
1652966808.707008,-0.1888959407806396,-0.0135754942893981,0.0690289586782455,0.1561200022697448,0.009645358659327,-0.9876909852027892,0.6353170275688171,1.2441753149032593,-1.1657278537750244,0.1567686108679338,-0.0096455084418645,0.1488450977601332,110.0
1652966808.717006,-0.1787155121564865,0.0070540904998779,0.0397219024598598,0.1679122298955917,0.0060544656589627,-0.9857833385467528,0.4683714807033539,1.1755603551864624,-1.2006876468658447,0.1687145741320215,-0.0060545025172968,0.1363289803971682,110.0
1652966808.726937,-0.2138399332761764,0.089026391506195,0.0760849267244339,0.1792939454317093,0.0042220712639391,-0.9837864637374878,0.349696010351181,1.164611577987671,-1.2526161670684814,0.1802703515393609,-0.0042220839313268,0.1235568519962785,110.0
1652966808.736896,-0.2321372181177139,0.1233786940574646,0.099654696881771,0.1905569285154342,0.0033878975082188,-0.9816703200340272,0.3102748394012451,1.1421339511871338,-1.2674039602279663,0.1917305574023761,-0.00338790389995,0.1106024518580327,110.0
1652966808.746818,-0.2231967598199844,0.131131112575531,0.1170174479484558,0.2014071494340896,0.0024588603992015,-0.9795045256614684,0.3770900368690491,1.0825310945510864,-1.2393876314163208,0.2027949145801068,-0.0024588628193323,0.097675613156394,110.0
1652966808.7569408,-0.2529101967811584,0.1459161639213562,0.1565491110086441,0.2121081352233886,0.0011809793068096,-0.9772455096244812,0.3997191786766052,1.1366970539093018,-1.2272915840148926,0.213731826831485,-0.0011809795811052,0.0849069036757444,110.0
1652966808.766735,-0.2797561883926391,0.1276026964187622,0.1472658812999725,0.2237410992383957,-0.0002321850479347,-0.9746485948562622,0.4297931492328644,1.2512054443359375,-1.197581171989441,0.2256512074856394,0.0002321850557485,0.0721475368199836,110.0
1652966808.776725,-0.2203914523124694,0.09552663564682,0.0868910700082779,0.2360163927078247,-0.0018233234295621,-0.97174733877182,0.4217823445796966,1.271200180053711,-1.0666314363479614,0.2382647861959314,0.0018233244519917,0.0601890068723871,110.0
1652966808.7866569,-0.1778878271579742,0.1155949831008911,0.0850042626261711,0.2483375817537307,-0.0032476810738444,-0.9686681032180786,0.3789139688014984,1.2839171886444092,-0.9537817239761353,0.2509650556281898,0.0032476868469313,0.0495296524027999,110.0
1652966808.796609,-0.2024803757667541,0.1564699411392212,0.0911403372883796,0.2611351013183594,-0.0043178340420126,-0.9652926325798036,0.2931543290615082,1.3752044439315796,-0.8459087610244751,0.2642004328179889,0.0043178473018512,0.0399708876196218,110.0
1652966808.80658,-0.2177540063858032,0.2578867673873901,0.0895289480686187,0.2749286293983459,-0.004461208358407,-0.9614542722702026,0.1966809779405594,1.4903992414474487,-0.7726749777793884,0.2785183178904328,0.0044612232592419,0.0316081425378249,110.0
1652966808.8165898,-0.1803590059280395,0.3629994988441467,0.1221271827816963,0.2893677055835724,-0.0045277029275894,-0.9572073221206664,0.2910335659980774,1.5073013305664062,-0.7126156687736511,0.293569323826401,0.0045277183219145,0.0238777176992758,110.0
1652966808.8266978,-0.1407302021980285,0.3640426993370056,0.1968295574188232,0.3034650981426239,-0.0067966133356094,-0.9528183341026306,0.6297152042388916,1.447918176651001,-0.6450539827346802,0.3083344997376132,0.0067966656628992,0.0160955986572566,110.0
1652966808.836505,-0.1534498631954193,0.3055979013442993,0.2565848529338836,0.317130833864212,-0.0125968279317021,-0.948298156261444,0.9841550588607788,1.438149094581604,-0.5851898193359375,0.3227291528951688,0.012597161410293,0.0077882901383275,110.0
1652966808.846555,-0.1649405658245086,0.2840590476989746,0.2514824271202087,0.3308645784854889,-0.0213341079652309,-0.9434370398521424,1.2700380086898804,1.458215355873108,-0.5700945258140564,0.3372994109897349,0.0213357261187544,-0.0012699750794367,110.0
1652966808.856588,-0.1090057492256164,0.2687589526176452,0.176236093044281,0.3443725109100342,-0.032101597636938,-0.9382840991020204,1.381724238395691,1.386635184288025,-0.5021647214889526,0.351759482308655,0.0321071139368594,-0.0108570729946643,110.0
1652966808.866386,-0.0505961775779724,0.2868108749389648,0.1070093810558319,0.3570383787155151,-0.0427241288125515,-0.9331121444702148,1.218934178352356,1.2942014932632446,-0.4201434552669525,0.3654447068711822,0.0427371370144068,-0.0197583972983945,110.0
1652966808.876368,-0.0373221635818481,0.3433195352554321,0.029072917997837,0.3688498437404632,-0.051121886819601,-0.9280821084976196,0.8902199268341064,1.2174217700958252,-0.3514107167720794,0.3782909078797177,0.0511441817429385,-0.0271768378532524,110.0
1652966808.886249,-0.0424009561538696,0.4048129320144653,0.0128690563142299,0.3798489868640899,-0.0564939565956592,-0.9233217835426332,0.542489230632782,1.129157781600952,-0.3021689653396606,0.390289981744652,0.0565240494737894,-0.0328668364594749,110.0
1652966808.89643,-0.0554687678813934,0.4572562575340271,0.0616922527551651,0.389910876750946,-0.0592966489493846,-0.9189414978027344,0.3475743532180786,1.0324764251708984,-0.2915581166744232,0.4012812788521646,0.0593314515382353,-0.0372193302091442,110.0
1652966808.906211,-0.090047150850296,0.4400990009307861,0.1806167662143707,0.3994648456573486,-0.0613540969789028,-0.9146931171417236,0.4096427261829376,1.0384254455566406,-0.3511350154876709,0.4117556154483354,0.0613926546111092,-0.0415299641056831,110.0
1652966808.916178,-0.0968863666057586,0.3449245095252991,0.2997053265571594,0.4091574251651764,-0.0652845576405525,-0.9101253151893616,0.794879674911499,1.0341119766235352,-0.3923615515232086,0.4224893221343122,0.065331019816064,-0.047420077261949,110.0
1652966808.92613,-0.0519800782203674,0.3022845983505249,0.3274092376232147,0.4186334908008575,-0.0721907615661621,-0.9052814245224,1.0425461530685425,1.0080186128616333,-0.3440974056720733,0.4331463247107984,0.0722536134143145,-0.0546623675394476,110.0
1652966808.936112,-0.0251503884792327,0.311579942703247,0.2954140901565552,0.4278145432472229,-0.0804482772946357,-0.9002792835235596,1.0609503984451294,0.9857116937637328,-0.2646664977073669,0.4436131412379401,0.0805353077813692,-0.0619348589088971,110.0
1652966808.946069,-0.0312497019767761,0.3062294125556946,0.2861919403076172,0.4367519617080688,-0.0891094356775283,-0.8951576948165894,1.071778416633606,0.9710782170295716,-0.1523431986570358,0.4539249350897288,0.0892277874275271,-0.0684363023924071,110.0
1652966808.956015,-0.057543396949768,0.3367373347282409,0.3431919813156128,0.4454370439052582,-0.0973424017429351,-0.8900057673454285,0.8730186223983765,0.9637587666511536,-8.76234844326973e-05,0.464037786709739,0.0974967927947375,-0.0733333596064661,110.0
1652966808.966099,-0.0942462682723999,0.3799206018447876,0.3610765933990478,0.4538958966732025,-0.1045916602015495,-0.8848949670791626,0.6813625693321228,0.9679943323135376,0.1515063494443893,0.4739440306018814,0.1047833014717673,-0.0762489120656155,110.0
1652966808.9760451,-0.1050023734569549,0.4924396276473999,0.3847724795341491,0.46216481924057,-0.1104347109794616,-0.8798907995223999,0.4147553741931915,0.9690353870391846,0.2968782186508178,0.483644897329498,0.1106604256924524,-0.0767514154573084,110.0
1652966808.985908,-0.0898283720016479,0.5701150894165039,0.4246849417686462,0.4700925946235657,-0.1152367293834686,-0.8750619888305664,0.3114662766456604,0.9319126605987548,0.4133990705013275,0.4929711201105232,0.1154933098811103,-0.0753419371957021,110.0
1652966808.995809,-0.0519412755966186,0.5883183479309082,0.4683902859687805,0.4773105084896087,-0.1198032647371292,-0.8705296516418457,0.2209736704826355,0.8581068515777588,0.5560957789421082,0.5015362783090204,0.120091720767347,-0.0723234995776909,110.0
1652966809.005799,0.007192850112915,0.5348690152168274,0.4461838901042938,0.4832398295402527,-0.1244676113128662,-0.8665950894355774,0.1434476524591446,0.6809077262878418,0.7222228646278381,0.5086826568285275,0.1247912553614305,-0.0676383969110159,110.0
1652966809.015734,0.0514824092388153,0.4613881707191467,0.4082998633384704,0.4871375262737274,-0.1289877295494079,-0.8637471795082092,-0.005342093296349,0.4650753140449524,0.8933022022247314,0.5135142383150112,0.1293481133228039,-0.0608812561964067,110.0
1652966809.025735,0.0313381254673004,0.4144538640975952,0.4293182790279388,0.4890933632850647,-0.1329468488693237,-0.8620399236679077,-0.1362074315547943,0.2912531197071075,0.9986379742622375,0.5160792506167459,0.1333416379189977,-0.0521951262440084,110.0
1652966809.0360398,-0.0462048053741455,0.3828539252281189,0.4813986420631408,0.4897777438163757,-0.1365042626857757,-0.8610948324203491,-0.191086396574974,0.2034415155649185,1.0499521493911743,0.5171509218648053,0.1369317752831274,-0.0423970258666756,110.0
1652966809.0459151,-0.1121142208576202,0.4087713956832886,0.4687696099281311,0.4898302555084228,-0.1399732381105423,-0.8605079054832458,-0.222419336438179,0.1588378995656967,1.1168478727340698,0.5174901065191391,0.1404343880672953,-0.031930230681543,110.0
1652966809.055598,-0.1157186329364776,0.4560126066207886,0.4394331872463226,0.4894063472747803,-0.14411461353302,-0.8600654006004333,-0.1160204783082008,0.1245156079530716,1.2224584817886353,0.517339023607878,0.144618191730638,-0.0208582821498683,110.0
1652966809.065638,-0.072399616241455,0.4520677924156189,0.4431260228157043,0.4882168173789978,-0.1499894857406616,-0.8597368597984314,0.0090880459174513,0.0367272160947322,1.3752212524414062,0.5164576710112582,0.1505576345885743,-0.0092556939512597,110.0
1652966809.076154,-0.0264166593551635,0.43205326795578,0.4196584820747375,0.4858892858028412,-0.1575888246297836,-0.859696090221405,0.1172360852360725,-0.0631410554051399,1.5002933740615845,0.5144284849243452,0.158248491649803,0.0030458244918714,110.0
1652966809.0856528,-0.0199778378009796,0.4003003239631653,0.3472389280796051,0.4824716746807098,-0.1659492701292038,-0.8600476384162903,0.0957277342677116,-0.1461812555789947,1.562228441238403,0.5112359532409819,0.1667205516327617,0.015989209712971,110.0
1652966809.095283,-0.0386399030685424,0.3624439239501953,0.2829793095588684,0.4783371388912201,-0.1740010529756546,-0.8607655167579651,0.0367978364229202,-0.2029976546764373,1.566519260406494,0.5072175285715904,0.1748912626742146,0.0295024611991596,110.0
1652966809.105315,-0.0607828199863433,0.3371592164039612,0.2543400526046753,0.4736703634262085,-0.1816929578781128,-0.8617563843727112,0.0453108325600624,-0.2402060180902481,1.544328212738037,0.502579758355459,0.1827077864268757,0.0430749429968051,110.0
1652966809.11521,-0.0717947483062744,0.3330269455909729,0.2575135231018066,0.468523234128952,-0.189428836107254,-0.8629036545753479,0.0920956432819366,-0.3027106821537018,1.5173710584640503,0.4974230878167279,0.1905804148021709,0.0563696835160281,110.0
1652966809.1252918,-0.0808813571929931,0.3427411317825317,0.2592615485191345,0.4627783000469208,-0.1971582919359207,-0.8642712831497192,0.064893789589405,-0.3586432039737701,1.4980021715164185,0.4916076039563882,0.1984584761808394,0.0694009001349478,110.0
1652966809.13533,-0.0948035418987274,0.3642131686210632,0.2444626241922378,0.4565588533878326,-0.2042862623929977,-0.8659221529960632,0.0216850638389587,-0.3926733434200287,1.501779079437256,0.4852104762374096,0.2057345351928859,0.0826652773778823,110.0
1652966809.145254,-0.077334851026535,0.3527190089225769,0.2051553875207901,0.4497713148593902,-0.2111521065235138,-0.8678251504898071,0.0008792513981461,-0.4646942615509033,1.560031533241272,0.4781597934184912,0.2127534919055625,0.0964245779520539,110.0
1652966809.1552238,-0.0438379943370819,0.3549748659133911,0.1538808941841125,0.441863477230072,-0.2174642831087112,-0.8703252077102661,-0.1699337661266327,-0.5680456161499023,1.6143789291381836,0.4697880459160709,0.219215826242305,0.1112461417022716,110.0
1652966809.165159,-0.030342698097229,0.3575496673583984,0.1211324632167816,0.4329915642738342,-0.2224813550710678,-0.8735103607177734,-0.2974991798400879,-0.6587961316108704,1.6078108549118042,0.460194792082932,0.2243588854723884,0.1270179452912319,110.0
1652966809.175332,-0.0348071455955505,0.3484544157981872,0.1492504775524139,0.4230974912643432,-0.2264752238988876,-0.877324104309082,-0.3342124819755554,-0.7933683395385742,1.6035019159317017,0.4493543987692343,0.228457349795295,0.1432136223027904,110.0
1652966809.185034,-0.0631607174873352,0.3619306683540344,0.1449871957302093,0.4118850231170654,-0.2300397008657455,-0.8817213177680969,-0.3713791966438293,-0.9252996444702148,1.5959863662719729,0.4370136521251963,0.2321184752182142,0.1595712301620739,110.0
1652966809.195004,-0.1221298575401306,0.4201098680496216,0.1425032913684845,0.3997634649276733,-0.2329421490430832,-0.8865253329277039,-0.4228253364562988,-0.997466504573822,1.5620017051696775,0.4236294912456102,0.235101964849243,0.1759677815961203,110.0
1652966809.2050018,-0.1735257506370544,0.4950944185256958,0.1871161162853241,0.3871640264987945,-0.2350439876317978,-0.8915482759475708,-0.4747771024703979,-1.0388482809066772,1.5373393297195437,0.4096879816199293,0.2372638218386138,0.1922792817863396,110.0
1652966809.2149758,-0.1699642241001129,0.4741921424865722,0.162217766046524,0.3739589154720306,-0.2365586012601852,-0.896769106388092,-0.514901876449585,-1.0993472337722778,1.6085336208343506,0.3950810149044652,0.238822382207324,0.2090472005083326,110.0
1652966809.2249188,-0.1237880587577819,0.3735623955726623,0.0203915238380432,0.3596736192703247,-0.2380428910255432,-0.9022031426429749,-0.5210131406784058,-1.2250725030899048,1.6822539567947388,0.379351926397774,0.2403503259007737,0.2266927583849421,110.0
1652966809.23489,-0.1069408059120178,0.3885883688926697,0.0039133876562118,0.3441691398620605,-0.2380595207214355,-0.9082264304161072,-0.7406251430511475,-1.3243271112442017,1.6796576976776123,0.3622260389511799,0.2403674495711807,0.2452619315099674,110.0
1652966809.244965,-0.129336416721344,0.3817355632781982,0.0271969735622406,0.3278990089893341,-0.2366085946559906,-0.9146029949188232,-0.802963137626648,-1.396430253982544,1.6487005949020386,0.3442404484758021,0.2388738405017639,0.2639730886500254,110.0
1652966809.25481,-0.1557371020317077,0.3932514190673828,-0.000903382897377,0.310857892036438,-0.2344024032354354,-0.92109876871109,-0.8178411722183228,-1.487568736076355,1.6538037061691284,0.3254832618009258,0.2366038066494918,0.2827283051209853,110.0
1652966809.264782,-0.1986966431140899,0.4614565372467041,-0.0252071768045425,0.2928890883922577,-0.2318423837423324,-0.927612602710724,-0.8101510405540466,-1.5781294107437134,1.6298813819885254,0.3058384713056045,0.2339712383469864,0.3013165485258566,110.0
1652966809.274767,-0.2788751423358917,0.548994779586792,0.0283211320638656,0.2744042873382568,-0.2288368791341781,-0.9339892864227296,-0.8191115260124207,-1.5996792316436768,1.610714077949524,0.28575730999841,0.2308826876076739,0.3196053575358807,110.0
1652966809.284822,-0.3309890925884247,0.6102386116981506,0.0266388356685638,0.2558394968509674,-0.2255371659994125,-0.9400420784950256,-0.8027936816215515,-1.6018202304840088,1.6282302141189575,0.265721639185854,0.2274943726291697,0.3377628556881585,110.0
1652966809.295008,-0.3226407766342163,0.6229696273803711,-0.0350122302770614,0.2370541542768478,-0.222418799996376,-0.9456929564476012,-0.6884244680404663,-1.6271705627441406,1.6459416151046753,0.2456064536257881,0.224294721097355,0.3558959604964185,110.0
1652966809.304424,-0.281180739402771,0.5650801062583923,-0.0889346301555633,0.2174752205610275,-0.2211392223834991,-0.9506850242614746,-0.4075248837471008,-1.7534832954406738,1.6726285219192505,0.2248868862273195,0.2229824606612946,0.3736066648677639,110.0
1652966809.3145452,-0.2500512599945068,0.4915910959243774,-0.0594267100095748,0.196370780467987,-0.2226167470216751,-0.95492422580719,-0.0279381498694419,-1.9269490242004397,1.65635883808136,0.2028128622775273,0.2244977478939087,0.3906984806454236,110.0
1652966809.324339,-0.2864804267883301,0.4304020404815674,-0.0467748045921325,0.1737789511680603,-0.2260981053113937,-0.9584782123565674,0.1182904317975044,-2.043736934661865,1.5827977657318115,0.1793587743139116,0.22807019154826,0.406881306034531,110.0
1652966809.33432,-0.3639851808547973,0.4190911054611206,-0.1084399670362472,0.1503773182630539,-0.2297100573778152,-0.9615716338157654,0.1099531427025795,-2.1112966537475586,1.4881553649902344,0.1551304860418046,0.2317797677790339,0.4221323063449947,110.0
1652966809.344273,-0.3950128257274627,0.4148554801940918,-0.1680885255336761,0.126702219247818,-0.2317985594272613,-0.9644770622253418,-0.1277702003717422,-2.1315510272979736,1.4152191877365112,0.1306208419603026,0.2339261905357843,0.436820286681839,110.0
1652966809.3542209,-0.3828824460506439,0.3805237412452698,-0.236745685338974,0.1027615219354629,-0.230478435754776,-0.9676361680030824,-0.4836553633213043,-2.1869795322418213,1.3249776363372805,0.105801952784355,0.2325693298007613,0.4510893621523612,110.0
1652966809.364177,-0.3591601252555847,0.3646466732025146,-0.32854825258255,0.0787035152316093,-0.2256204634904861,-0.9710310101509094,-0.7517187595367432,-2.198082685470581,1.2326154708862305,0.0808747052217979,0.2275798672187059,0.4647106505616887,110.0
1652966809.376604,-0.3381029665470123,0.3443373441696167,-0.3673647344112396,0.0544725209474563,-0.2181760221719741,-0.9743880033493042,-0.9223200082778932,-2.271157503128052,1.129880666732788,0.0558462128554787,0.2199450713932872,0.4773643270874945,110.0
1652966809.4389,-0.373099148273468,0.3763070702552795,-0.3648271560668945,0.004599324427545,-0.2013807147741317,-0.979502260684967,-0.7805703282356262,-2.3741326332092285,0.9259743094444276,0.0046955388352233,0.2027673121694264,0.498865922425687,110.0
1652966809.439332,-0.3935040533542633,0.3565307259559631,-0.3538795113563537,-0.0204669721424579,-0.1949485838413238,-0.980599880218506,-0.5439733862876892,-2.42475700378418,0.8170340657234192,-0.0208688584949105,0.1962050234110869,0.5076711685569526,110.0
1652966809.4389,-0.33460134267807,0.3509491086006164,-0.3800731301307678,0.0297001432627439,-0.2096637934446334,-0.9773223400115968,-0.916786789894104,-2.3573906421661377,1.0325313806533811,0.0303799508506808,0.2112311037378367,0.4887332078650414,110.0
1652966809.439513,-0.3785572350025177,0.2864015102386474,-0.3722161650657654,-0.0464001074433326,-0.1895819008350372,-0.9807679057121276,-0.5279248952865601,-2.5792346000671387,0.7477631568908691,-0.0472747273711412,0.1907363097127558,0.5154024809316763,110.0
1652966809.4506311,-0.5405991077423096,0.0261673331260681,-0.4439750909805298,-0.130818173289299,-0.1585181355476379,-0.9786514043807985,-1.618108153343201,-2.914588212966919,0.3198904991149902,-0.1328841429217804,0.1591896340151745,0.5293962643812336,110.0
1652966809.4542298,-0.568941056728363,-0.0708421468734741,-0.5345607399940491,-0.1598493009805679,-0.1412815004587173,-0.9769788980484008,-1.8247534036636357,-2.973257064819336,0.1444100141525268,-0.1621789315186692,0.1417557844432959,0.5291294062078682,110.0
1652966809.4639158,-0.5733490586280823,-0.0720893144607544,-0.5118385553359985,-0.1889343559741974,-0.1231559664011001,-0.9742363095283508,-1.891942262649536,-2.9816389083862305,-0.0464323349297046,-0.1915529597158381,0.1234694377200769,0.5263597457403646,110.0
1652966809.4773731,-0.598211407661438,-0.0413270592689514,-0.5009651184082031,-0.2172489166259765,-0.1042899936437606,-0.9705289602279664,-2.077120065689087,-2.891834259033203,-0.2328999489545822,-0.2202156637098155,0.1044799735172224,0.5208574311607488,110.0
1652966809.4870958,-0.5917141437530518,0.0164708495140075,-0.6242327690124512,-0.2443302869796753,-0.0835461542010307,-0.9660863280296326,-2.3546013832092285,-2.7712714672088623,-0.3250553905963897,-0.2477130702666998,0.0836436502424891,0.5129471405836874,110.0
1652966809.49385,-0.5338799953460693,0.0516970753669738,-0.6571134924888611,-0.2701972723007202,-0.060904074460268,-0.960876762866974,-2.523254871368408,-2.6830508708953857,-0.3775937259197235,-0.2741198942872618,0.0609417896264443,0.5032007236314824,110.0
1652966809.503831,-0.4776138961315155,-0.0228235721588134,-0.5918774008750916,-0.2955032587051391,-0.0385699346661567,-0.9545628428459167,-2.36085057258606,-2.661421298980713,-0.4352278411388397,-0.3002125842127224,0.0385795026702713,0.492349698988817,110.0
1652966809.5134869,-0.4410800635814667,-0.1715206503868103,-0.5155332684516907,-0.320715069770813,-0.0200349353253841,-0.9469637870788574,-1.828885078430176,-2.703969717025757,-0.5750331878662109,-0.3265523304681934,0.020036276358564,0.4811207725486792,110.0
1652966809.52393,-0.4453815817832947,-0.3891732692718506,-0.483006477355957,-0.346503883600235,-0.0089673781767487,-0.9380056858062744,-0.9815077185630798,-2.812464952468872,-0.8091914653778076,-0.3538563631260754,0.0089674979437417,0.4699979452428037,110.0
1652966809.5335789,-0.551406979560852,-0.5682061314582825,-0.4722761511802673,-0.3725281059741974,-0.0070176320150494,-0.9279943704605104,-0.2665595114231109,-2.77431583404541,-1.1553094387054443,-0.3817416021151965,0.007017689819533,0.4587695478146533,110.0
1652966809.543448,-0.6788122057914734,-0.6129325032234192,-0.4996401369571686,-0.3970240652561188,-0.0100796911865472,-0.9177528619766236,-0.2571586072444916,-2.5708930492401123,-1.4767086505889893,-0.4082940924130668,0.0100798621098285,0.4458267136827826,110.0
1652966809.553691,-0.6627333760261536,-0.5926806926727295,-0.7038953900337219,-0.4192979633808136,-0.0114061050117015,-0.9077770113945008,-0.9532729387283324,-2.365905523300171,-1.625478982925415,-0.4327019324396564,0.0114063519103794,0.4292913552879093,110.0
1652966809.563328,-0.6024068593978882,-0.4905713200569153,-0.8339058756828308,-0.4393565058708191,-0.0050070551224052,-0.8982988595962524,-1.9803438186645508,-2.1199541091918945,-1.6579430103302002,-0.4548883298496773,0.0050070762493288,0.4081559061101049,110.0
1652966809.573606,-0.5553635358810425,-0.4206909537315368,-0.7776297926902771,-0.4573166668415069,0.0070456890389323,-0.8892760276794434,-2.360959768295288,-1.931240916252136,-1.697706699371338,-0.4749882692216726,-0.0070457471337598,0.3833115258853485,110.0
1652966809.583507,-0.4540081620216369,-0.5334039926528931,-0.5421723127365112,-0.4743519127368927,0.019268911331892,-0.8801244497299194,-2.116799116134644,-1.89298677444458,-1.6835607290267944,-0.4943277666191173,-0.0192701032667442,0.3578497537555949,110.0
1652966809.593404,-0.4203205406665802,-0.7602628469467163,-0.4651891887187958,-0.4911480844020843,0.0270025730133056,-0.8706575036048889,-1.532938838005066,-1.84837007522583,-1.7659895420074463,-0.5136129437122817,-0.0270058563322077,0.3340746073416265,110.0
1652966809.603228,-0.4994711875915527,-0.8628184199333191,-0.4338192939758301,-0.5069528818130493,0.028545880690217,-0.8615009784698486,-1.0144567489624023,-1.6887331008911133,-1.967741847038269,-0.531885838145009,-0.0285497585419777,0.3117318251948094,110.0
1652966809.613157,-0.512928307056427,-0.8252919912338257,-0.4984334111213684,-0.521205723285675,0.0264180395752191,-0.8530221581459045,-0.9872474074363708,-1.5186928510665894,-2.103626251220703,-0.5484763290706121,-0.0264211136099582,0.289290372097012,110.0
1652966809.623177,-0.4576325416564941,-0.7724793553352356,-0.607396125793457,-0.5339447259902954,0.02444938570261,-0.8451658487319946,-1.2365621328353882,-1.355501651763916,-2.206860065460205,-0.563447992577688,-0.0244518213580088,0.2652207208126762,110.0
1652966809.633034,-0.4875577092170715,-0.70769202709198,-0.5514075756072998,-0.5449893474578857,0.022904172539711,-0.8381300568580627,-1.3207558393478394,-1.1453204154968262,-2.4111289978027344,-0.5765469989244946,-0.0229061757859614,0.2389459296525609,110.0
1652966809.643087,-0.5413501262664795,-0.6770880222320557,-0.4239779710769653,-0.5542004704475403,0.0193301290273666,-0.8321588039398193,-1.1267610788345337,-0.9420421719551086,-2.6300723552703857,-0.587526563942238,-0.0193313322695508,0.2111683490465306,110.0
1652966809.653325,-0.5120372176170349,-0.731282114982605,-0.3670542538166046,-0.5619375109672546,0.0126688685268163,-0.827082633972168,-0.8911484479904175,-0.8388473391532898,-2.7630481719970703,-0.5967807843695682,-0.0126692070296911,0.1831786307462671,110.0
1652966809.663313,-0.4735814332962036,-0.8152392506599426,-0.3441982865333557,-0.5688380599021912,0.0038052182644605,-0.8224407434463501,-0.8366523385047913,-0.7710657119750977,-2.831939697265625,-0.6050974064797473,-0.0038052274220678,0.1554068941422814,110.0
1652966809.67318,-0.507613480091095,-0.8562966585159302,-0.2854790389537811,-0.5746009945869446,-0.0053229718469083,-0.81841641664505,-0.9200345873832704,-0.6321123838424683,-2.8822808265686035,-0.6121264420452065,0.005322996951235,0.1270941709690581,110.0
1652966809.6830192,-0.5123339295387268,-0.8745471239089966,-0.2410275340080261,-0.5789290070533752,-0.0140536502003669,-0.8152568936347961,-1.0155282020568848,-0.502448558807373,-2.903271436691284,-0.6174846785482706,0.0140541129722441,0.0979331357379792,110.0
1652966809.693084,-0.4511575102806091,-0.844389021396637,-0.1827664822340011,-0.5821525454521179,-0.0227541532367467,-0.8127611875534058,-0.9387713074684144,-0.4184889495372772,-2.8980941772460938,-0.6215589803792658,0.0227561178901574,0.0686617853185206,110.0
1652966809.703318,-0.4375196099281311,-0.7839475870132446,-0.0904936790466308,-0.5843310952186584,-0.0331025198101997,-0.8108399510383606,-0.6674802899360657,-0.3168635666370392,-2.942433357238769,-0.6244504141273071,0.0331085693471826,0.0403222156926605,110.0
1652966809.712929,-0.5013135671615601,-0.7412017583847046,-0.0269978791475296,-0.5852649211883545,-0.0465800315141677,-0.8095031380653381,-0.3085530400276184,-0.2030277997255325,-3.031318187713623,-0.62599126001531,0.0465968904653436,0.0133845545080288,110.0
1652966809.722989,-0.5777025818824768,-0.7368166446685791,0.0661012679338455,-0.584559440612793,-0.0630342736840248,-0.8088985681533813,-0.0914351642131805,-0.0354186706244945,-3.1505391597747803,-0.6257733427447487,0.0630760924125431,-0.0127061341074555,110.0
1652966809.73299,-0.5944882035255432,-0.7596166729927063,0.1718325167894363,-0.5817509293556213,-0.0807070508599281,-0.8093529939651489,-0.1682559102773666,0.1560889780521392,-3.2357254028320312,-0.623222528844638,0.0807949231164852,-0.0392872403949436,110.0
1652966809.742924,-0.5286323428153992,-0.8126592040061951,0.202114000916481,-0.5769738554954529,-0.0969962403178215,-0.8109827041625977,-0.3878222405910492,0.3171721398830414,-3.1774494647979736,-0.6183694495696916,0.0971489791942695,-0.0669959955492483,110.0
1652966809.753202,-0.4615832567214966,-0.8616633415222168,0.2853905856609344,-0.570551872253418,-0.111257329583168,-0.8136906027793884,-0.5026814341545105,0.4725590646266937,-3.0586485862731934,-0.6115242892908788,0.1114881418816934,-0.0950765397489553,110.0
1652966809.762754,-0.4545698761940002,-0.8825331926345825,0.4394881129264831,-0.5624895691871643,-0.1238295808434486,-0.8174788951873779,-0.5389164686203003,0.6585817933082581,-2.901036024093628,-0.6026799910439495,0.1241482445029391,-0.1226298591049464,110.0
1652966809.772808,-0.4453811645507812,-0.8482549786567688,0.5163718461990356,-0.5527268648147583,-0.1349173933267593,-0.8223687410354614,-0.5635169148445129,0.8329491019248962,-2.708409786224365,-0.5917654609467122,0.1353300906259671,-0.149091777196235,110.0
1652966809.782644,-0.4570342898368835,-0.7655084729194641,0.5588841438293457,-0.5416077375411987,-0.1444096863269806,-0.8281345963478088,-0.5552482008934021,1.0007189512252808,-2.5134973526000977,-0.5791885552662555,0.1449163849825901,-0.1741076489217158,110.0
1652966809.792695,-0.5340467691421509,-0.7026142477989197,0.6330214142799377,-0.5288347601890564,-0.1537733674049377,-0.8346781730651855,-0.3686788082122803,1.201704502105713,-2.4280755519866943,-0.5647448923023208,0.1543859296113454,-0.1974886845156644,110.0
1652966809.802655,-0.5695257782936096,-0.6861460208892822,0.7565152645111084,-0.5142450928688049,-0.1634977757930755,-0.8419148325920105,-0.2752726376056671,1.3853657245635986,-2.352200984954834,-0.5483258963773976,0.164235105635058,-0.2196826056189884,110.0
1652966809.812572,-0.5326782464981079,-0.7353972792625427,0.7911089658737183,-0.4980224668979645,-0.172853410243988,-0.8497619032859802,-0.2901408076286316,1.5479614734649658,-2.2314698696136475,-0.5301160708031507,0.1737259482272988,-0.2409789087251188,110.0
1652966809.8226671,-0.4692180752754211,-0.7529622912406921,0.8293975591659546,-0.4804584980010986,-0.1799835115671157,-0.8583504557609558,-0.482282280921936,1.7016386985778809,-2.027405977249145,-0.5102951637237745,0.1809696850809929,-0.2616424837716865,110.0
1652966809.8324552,-0.4268442690372467,-0.717631995677948,0.8323701620101929,-0.4615683257579803,-0.1839784681797027,-0.8678171634674072,-0.6354414820671082,1.8927639722824097,-1.7645292282104492,-0.4888195025632374,0.1850324934961768,-0.2813014516923621,110.0
1652966809.842475,-0.3904302716255188,-0.6354994177818298,0.8616049289703369,-0.441387414932251,-0.1858847737312317,-0.8778519034385681,-0.6004611253738403,2.0560688972473145,-1.4826548099517822,-0.465888254534464,0.1869722554605328,-0.2987969646910053,110.0
1652966809.852324,-0.3705173134803772,-0.5109029412269592,0.8800643682479858,-0.4201016724109649,-0.1873306483030319,-0.887931227684021,-0.3884426057338714,2.205768585205078,-1.2243961095809937,-0.4419166661446553,0.1884439728421083,-0.3133442585721879,110.0
1652966809.8624492,-0.3531552851200104,-0.4474127888679504,0.8461207151412964,-0.3980044424533844,-0.1891840994358062,-0.8976646661758423,-0.2308176904916763,2.296258449554444,-1.0083781480789185,-0.4173331523946831,0.1903311819447432,-0.3248607319821545,110.0
1652966809.872532,-0.3662977218627929,-0.3838896751403808,0.8119480609893799,-0.3752184808254242,-0.1906864941120147,-0.907110631465912,-0.2483231872320175,2.3758912086486816,-0.8620198965072632,-0.3922105814549545,0.1918614313285621,-0.3345089337911172,110.0
1652966809.882248,-0.3937593698501587,-0.3029354214668274,0.7512873411178589,-0.3516630828380584,-0.190679520368576,-0.9165011644363404,-0.4029748141765594,2.471367359161377,-0.7542873024940491,-0.3663776677088958,0.1918543143031936,-0.3433193951898126,110.0
1652966809.892257,-0.3981039822101593,-0.2180389165878296,0.7153164148330688,-0.327283650636673,-0.1889034807682037,-0.9258514642715454,-0.4962850511074066,2.542816162109375,-0.6624830365180969,-0.3397848181312832,0.1900454016782023,-0.3516655004664593,110.0
1652966809.902148,-0.3636276125907898,-0.1698794364929199,0.7014106512069702,-0.3024033606052398,-0.1866859644651413,-0.9347195029258728,-0.3735989928245544,2.5707249641418457,-0.5507482290267944,-0.3128955050887003,0.1877877238288346,-0.3589537134537799,110.0
1652966809.912139,-0.3302590548992157,-0.1468375921249389,0.6924751996994019,-0.2775443792343139,-0.1855477541685104,-0.9426246285438538,-0.1833238899707794,2.5444118976593018,-0.4593464136123657,-0.286346131684188,0.1866292641947174,-0.3646619504381429,110.0
1652966809.922171,-0.3251766860485077,-0.1296558976173401,0.6842180490493774,-0.2529484033584595,-0.1857745200395584,-0.94947612285614,-0.0212694592773914,2.520498514175415,-0.3697322309017181,-0.2603612243336001,0.1868600410250369,-0.3689769634168764,110.0
1652966809.932033,-0.346071720123291,-0.0735445022583007,0.6544570922851562,-0.2283912450075149,-0.1864243298768997,-0.9555540084838868,-0.0434618480503559,2.535757780075073,-0.2886895537376404,-0.2346129351990014,0.1875214131740104,-0.3722441232877145,110.0
1652966809.9422522,-0.3452310860157013,0.0259265899658203,0.6123807430267334,-0.2037344574928283,-0.1857450306415558,-0.961244523525238,-0.2145911306142807,2.5399363040924072,-0.1689775288105011,-0.2088577753416893,0.1868300312589453,-0.3748327031924361,110.0
1652966809.951977,-0.3014647364616394,0.117668867111206,0.5809342861175537,-0.1794161051511764,-0.1828172355890274,-0.9666373133659364,-0.4319167733192444,2.4894323348999023,-0.0026692533865571,-0.1835200699518193,0.1838512276987059,-0.3763152081450622,110.0
1652966809.961971,-0.2957626581192016,0.1892037987709045,0.5978354215621948,-0.1557754874229431,-0.1777152568101883,-0.9716745018959044,-0.5832578539848328,2.434056520462036,0.134059876203537,-0.158963881853776,0.178664264542369,-0.3765267630983387,110.0
1652966809.972148,-0.3237373232841491,0.207355260848999,0.6016107201576233,-0.1325158029794693,-0.1721979230642318,-0.9761083126068116,-0.489770770072937,2.423656463623047,0.2242092043161392,-0.1349343887013154,0.1730604833913591,-0.3755224994478003,110.0
1652966809.981791,-0.3351078629493713,0.1824442148208618,0.6478360891342163,-0.1093960106372833,-0.1682523936033249,-0.979654848575592,-0.226764291524887,2.413426160812378,0.2731103599071502,-0.1112071973564082,0.1690565195148052,-0.3734725130572532,110.0
1652966809.9920049,-0.3412413895130157,0.1663020849227905,0.674880862236023,-0.0862489119172096,-0.1667479872703552,-0.9822200536727904,-0.0420013703405857,2.4310426712036133,0.3295573890209198,-0.0875855223195555,0.1675305593211441,-0.370573489695786,110.0
1652966810.001858,-0.3523359894752502,0.2299287319183349,0.651376485824585,-0.0629472807049751,-0.1663912236690521,-0.98404860496521,-0.0070983143523335,2.4626080989837646,0.4116111099720001,-0.0638806170508747,0.1671687316107972,-0.3668861681681834,110.0
1652966810.011888,-0.3506008088588714,0.322763979434967,0.6255273818969727,-0.0392460599541664,-0.1654444336891174,-0.9854379296302797,-0.1349146068096161,2.5293400287628174,0.5471553206443787,-0.0398049736726853,0.1662086450254243,-0.3621286127799938,110.0
1652966810.022585,-0.3059799075126648,0.3896321058273315,0.5921266674995422,-0.015431304462254,-0.1632479280233383,-0.9864643812179564,-0.277068555355072,2.522416353225708,0.7571330070495605,-0.0156417667450471,0.1639818515733598,-0.3557090321155419,110.0
1652966810.031726,-0.225107342004776,0.4267100095748901,0.5606875419616699,0.0074406424537301,-0.160281702876091,-0.9870432615280152,-0.3102512657642364,2.4173762798309326,1.013667345046997,0.0075381716595871,0.1609760315307815,-0.3467697714732612,110.0
1652966810.042058,-0.2056925892829895,0.4467418789863586,0.5542689561843872,0.0288126394152641,-0.1577693969011306,-0.9870555400848388,-0.2292435616254806,2.293666124343872,1.2122772932052612,0.0291822079275895,0.1584313422687645,-0.3354777885553855,110.0
1652966810.051673,-0.2585229873657226,0.4615333080291748,0.5677465200424194,0.0490197464823722,-0.1563695818185806,-0.9864814281463624,-0.1702044755220413,2.239386320114136,1.3193286657333374,0.0496506638670723,0.1570139369376881,-0.3225860066072128,110.0
1652966810.061727,-0.3159259557723999,0.4954714775085449,0.5426625609397888,0.0689623951911926,-0.1555623859167099,-0.9854159355163574,-0.1528987288475036,2.2420005798339844,1.3795212507247925,0.0698691166182341,0.156196740434469,-0.3089100771868875,110.0
1652966810.071783,-0.2985244393348694,0.5404129028320312,0.487557590007782,0.088593952357769,-0.1552517116069793,-0.9838942885398864,-0.1455657184123993,2.205230712890625,1.4644036293029783,0.0898019973779668,0.1558822439108464,-0.2944918256487812,110.0
1652966810.081486,-0.2385983169078827,0.5846126675605774,0.4649926424026489,0.107510007917881,-0.155315563082695,-0.9819973111152648,-0.1466449648141861,2.129873275756836,1.5716553926467896,0.1090466614472624,0.155946887377092,-0.2791313743063671,110.0
1652966810.091854,-0.1919731497764587,0.5836365222930908,0.4524301290512085,0.1251853704452514,-0.156043455004692,-0.9797852039337158,-0.0925652086734771,2.009851455688477,1.709011435508728,0.1270796448736853,0.156683760799609,-0.2625557340411458,110.0
1652966810.102199,-0.1784044504165649,0.5818150043487549,0.4087757468223572,0.1415544152259826,-0.1576771736145019,-0.97729229927063,-0.0547512546181678,1.912298321723938,1.818131804466248,0.1438431169131499,0.1583379629469645,-0.2448252901173682,110.0
1652966810.111539,-0.1742692440748214,0.5779632329940796,0.3518535494804382,0.1565689891576767,-0.1601269096136093,-0.9746001958847046,-0.0117795523256063,1.7897253036499023,1.914928674697876,0.1592884408001356,0.1608192265732952,-0.2261641674690133,110.0
1652966810.121249,-0.1851144284009933,0.5899936556816101,0.3105850219726562,0.1702980697154998,-0.1633834838867187,-0.9717532992362976,0.0269994679838418,1.69040048122406,1.9693130254745483,0.1734865353973901,0.164119257701674,-0.2068257710893964,110.0
1652966810.131239,-0.2227959781885147,0.6256881356239319,0.3048746287822723,0.1829247027635574,-0.1673319488763809,-0.9687820076942444,0.0723696127533912,1.6082793474197388,1.988839030265808,0.1866221046424777,0.1681228395558356,-0.1872513578040015,110.0
1652966810.141207,-0.2549134492874145,0.6561560034751892,0.2967564463615417,0.1947327107191085,-0.1717869937419891,-0.9656957983970642,0.0571304075419902,1.5482726097106934,2.0164144039154053,0.1989817429170666,0.1726433495240151,-0.1675220054762623,110.0
1652966810.151129,-0.2487705945968628,0.6850613951683044,0.2635524272918701,0.2057254910469055,-0.1761043518781662,-0.962634027004242,0.0027435976080596,1.4623816013336182,2.0567455291748047,0.2105437884549013,0.1770275423324693,-0.1474490374905017,110.0
1652966810.161047,-0.1968773305416107,0.6782507300376892,0.2318123877048492,0.2153556793928146,-0.1806344389915466,-0.959683895111084,0.0234474781900644,1.3206522464752195,2.136298179626465,0.2207458747445079,0.1816314692308205,-0.1267561092823945,110.0
1652966810.1710792,-0.1651176661252975,0.6953591108322144,0.2262578606605529,0.223329871892929,-0.1859136521816253,-0.956848919391632,0.1215391531586647,1.1713420152664185,2.16242790222168,0.229296472513314,0.1870016378817069,-0.1056538410671567,110.0
1652966810.1811938,-0.15264493227005,0.7098375558853149,0.2103652060031891,0.2297170311212539,-0.1929091811180114,-0.95394766330719,0.3277907967567444,1.024801254272461,2.171381950378418,0.2363076429731716,0.1941261547233156,-0.0848118826614928,110.0
1652966810.1910129,-0.1358122527599334,0.6820784211158752,0.1958369314670562,0.2343076765537262,-0.2022456675767898,-0.9508925080299376,0.577225923538208,0.8467789888381958,2.188674211502075,0.2415952605073619,0.2036504307172934,-0.0644022136464622,110.0
1652966810.200941,-0.1404362767934799,0.6566392779350281,0.1566054224967956,0.2369938194751739,-0.2135665118694305,-0.9477463960647584,0.7125827670097351,0.675452470779419,2.18487548828125,0.2450354748269197,0.2152242469462067,-0.0444229379150954,110.0
1652966810.210876,-0.1822285056114196,0.656495988368988,0.1185420751571655,0.2380298525094986,-0.2251095026731491,-0.9448108077049256,0.6267171502113342,0.5665739178657532,2.169304132461548,0.2467979488521267,0.2270554275381689,-0.0244961457916181,110.0
1652966810.221005,-0.22979636490345,0.6573505997657776,0.0811673104763031,0.2380970865488052,-0.2351742833852768,-0.94233900308609,0.4138495326042175,0.5021503567695618,2.149576187133789,0.2474863150422528,0.2373978840513508,-0.0044073193636413,110.0
1652966810.230846,-0.2265874743461609,0.6890823841094971,0.0564981997013092,0.2374211549758911,-0.2430216819047927,-0.940516710281372,0.1800447404384613,0.4398632645606994,2.1472671031951904,0.2472709276189233,0.2454797083720893,0.0161813978668153,110.0
1652966810.240793,-0.1662272959947586,0.6806554198265076,0.0398500561714172,0.2355021387338638,-0.2490786015987396,-0.9394139647483826,0.031678844243288,0.2738834619522095,2.2047035694122314,0.2456284271032268,0.2517287605149518,0.0375558324108038,110.0
1652966810.250753,-0.1239098906517028,0.6396738886833191,0.0050477683544158,0.2316979169845581,-0.2537965774536133,-0.9390971064567566,-0.1354694068431854,0.1106828302145004,2.2626779079437256,0.2418931208006132,0.2566033365858117,0.0600302756537403,110.0
1652966810.260672,-0.1374460458755493,0.6170335412025452,-0.0446923971176147,0.2263131588697433,-0.2569281160831451,-0.9395585656166076,-0.2718067467212677,-0.0367966964840889,2.2452306747436523,0.2363691386340489,0.2598422601099905,0.0831249238492929,110.0
1652966810.270674,-0.1574456840753555,0.5943782329559326,-0.0865237116813659,0.2195488810539245,-0.2586453855037689,-0.9406917095184326,-0.4284535944461822,-0.1840362101793289,2.208135843276977,0.229286534704898,0.2616196121025227,0.1062601407711594,110.0
1652966810.280647,-0.1735833883285522,0.5786774158477783,-0.0949717164039611,0.2114709019660949,-0.2580403983592987,-0.9427063465118408,-0.6700870394706726,-0.3380031287670135,2.138437271118164,0.2206701576920963,0.2609933585033895,0.1293689416223846,110.0
1652966810.290689,-0.2028027474880218,0.567571759223938,-0.1331322491168975,0.2025432884693145,-0.2547309398651123,-0.945562481880188,-0.9403294920921326,-0.4246171414852142,2.048863410949707,0.2110152288115958,0.2575694441093394,0.1522245364743437,110.0
1652966810.300532,-0.2187566459178924,0.5610555410385132,-0.1528504341840744,0.1931218057870865,-0.2477080672979354,-0.949391782283783,-1.3898935317993164,-0.5057917833328247,1.9915244579315183,0.2006783511042907,0.2503138716597463,0.1750055046105669,110.0
1652966810.310416,-0.1923327594995498,0.5641354918479919,-0.2046373337507248,0.1834520846605301,-0.2368299663066864,-0.9540738463401794,-1.6410298347473145,-0.5264195799827576,1.9336917400360107,0.1899643730665401,0.2391016900623892,0.1978489110206888,110.0
1652966810.320595,-0.1061556488275528,0.5545263886451721,-0.1575519740581512,0.1730958968400955,-0.2253520935773849,-0.9587774872779846,-1.404302954673767,-0.7552725076675415,1.9055676460266116,0.1786141347922665,0.2273044086731955,0.2200186540601663,110.0
1652966810.33057,-0.0351346433162689,0.4593717455863952,-0.0927706360816955,0.1602871716022491,-0.2176541835069656,-0.9627744555473328,-0.8515905141830444,-1.0320202112197876,1.9382652044296265,0.1649715679059986,0.2194103846247942,0.241387237924719,110.0
1652966810.340386,-0.1014522016048431,0.4092170000076294,-0.098187506198883,0.1455652862787246,-0.2147244811058044,-0.9657660722732544,-0.4160721600055694,-1.1626590490341189,1.8522965908050537,0.149599113950347,0.2164097185310732,0.2615297252575362,110.0
1652966810.350321,-0.1942247599363327,0.4147018790245056,-0.1775044649839401,0.1302598416805267,-0.2134562283754348,-0.9682297110557556,-0.4395689666271209,-1.227190375328064,1.7771257162094116,0.1337310662048062,0.2151113694518019,0.2803438308532968,110.0
1652966810.360398,-0.2253680229187011,0.4534034132957458,-0.3351004123687744,0.1145586296916008,-0.2087991088628769,-0.9712256193161012,-0.9653018116950988,-1.248847246170044,1.7178246974945068,0.1174101417882269,0.2103468389924317,0.2990083572190618,110.0
1652966810.370844,-0.2686652541160583,0.5313019156455994,-0.4238525032997131,0.0991858020424842,-0.1986297816038131,-0.975042760372162,-1.558691143989563,-1.22322416305542,1.5253958702087402,0.1013758500830189,0.1999596491028869,0.3167429554894521,110.0
1652966810.380254,-0.2575057446956634,0.5855987668037415,-0.3417549133300781,0.084379456937313,-0.1837120354175567,-0.979351818561554,-1.6930670738220217,-1.2969110012054443,1.3631781339645386,0.0859462244073177,0.1847614308194831,0.3328205599889806,110.0
1652966810.390314,-0.1645544916391372,0.4808424115180969,-0.2891190648078918,0.0681799128651619,-0.1684767603874206,-0.9833448529243468,-1.6009520292282104,-1.525504231452942,1.3775120973587036,0.0692239044545349,0.1692841385792767,0.347945722812105,110.0
1652966810.40007,-0.126479297876358,0.3675353527069092,-0.2459590584039688,0.0498190596699714,-0.1552707999944687,-0.9866149425506592,-1.243450164794922,-1.7571698427200315,1.308155179023743,0.0504520858013325,0.1559015733773412,0.3623992945239242,110.0
1652966810.410087,-0.1836577653884887,0.2666324973106384,-0.2110345363616943,0.0300169456750154,-0.1458837985992431,-0.988846242427826,-0.7827107906341553,-1.8733409643173216,1.2129541635513306,0.0303462046389766,0.146406268000172,0.3755083165619614,110.0
1652966810.420035,-0.2359718978404998,0.2587430477142334,-0.2321546077728271,0.0097297551110386,-0.1391832679510116,-0.9902188181877136,-0.6682776212692261,-1.9066230058670044,1.0896414518356323,0.0098255474903744,0.1396366108758666,0.3872513858857965,110.0
1652966810.430046,-0.2412189245223999,0.3146092295646667,-0.3616423308849334,-0.0106579894199967,-0.1317200660705566,-0.9912296533584596,-0.8669438362121582,-1.9417517185211184,0.9423563480377196,-0.0107518765962417,0.132103967189847,0.3974340380278733,110.0
1652966810.4400449,-0.2225515693426132,0.38036048412323,-0.4490336775779724,-0.0311716571450233,-0.1213856413960456,-0.99211585521698,-1.197981357574463,-1.985763430595398,0.8117541074752808,-0.0314090398190797,0.1216857292520325,0.4060181341108447,110.0
1652966810.450222,-0.2212444394826889,0.3940311670303345,-0.4535858035087585,-0.0517658963799476,-0.1082885861396789,-0.992770791053772,-1.3619428873062134,-2.016052722930908,0.6994366645812988,-0.0520956667918716,0.1085013477298833,0.413014976718534,110.0
1652966810.460284,-0.191393107175827,0.3217582702636719,-0.4396909475326538,-0.0729044750332832,-0.0946260541677475,-0.992839813232422,-1.2587350606918335,-2.134953498840332,0.6416186094284058,-0.0732986985108228,0.0947678445963284,0.4188942620352334,110.0
1652966810.470384,-0.1727065593004226,0.1977766752243042,-0.3728184998035431,-0.0949326828122139,-0.0828852206468582,-0.9920271039009094,-0.9306690096855164,-2.2113125324249268,0.521614670753479,-0.0954051323303719,0.0829804167967463,0.4238670686948558,110.0
1652966810.479793,-0.1874030232429504,0.0368890166282653,-0.3248005509376526,-0.1174371540546417,-0.0760173052549362,-0.9901666045188904,-0.3826755285263061,-2.2729337215423584,0.3682502210140228,-0.1180519524696549,0.0760907080101096,0.4275299643356776,110.0
1652966810.48978,-0.1975093483924865,-0.0702143907546997,-0.3328309059143066,-0.1402440369129181,-0.0738768577575683,-0.987356960773468,-0.0327580049633979,-2.3031198978424072,0.2430885732173919,-0.1410960138582953,0.073944225546869,0.4303553472719428,110.0
1652966810.499752,-0.2263247817754745,-0.053518533706665,-0.4191056191921234,-0.1628659814596176,-0.0732344463467598,-0.98392653465271,-0.1050250083208084,-2.275289297103882,0.1084808111190795,-0.1640391968271566,0.0733000706741349,0.4319607741556974,110.0
1652966810.509688,-0.2756221890449524,0.0345956087112426,-0.5037679076194763,-0.1848729252815246,-0.0705271363258361,-0.9802284836769104,-0.4612177312374115,-2.202510356903076,0.0120379012078046,-0.1864121780801651,0.0705857374594722,0.4320907496859011,110.0
1652966810.519609,-0.3241881132125854,0.1383088231086731,-0.496259868144989,-0.2057039588689804,-0.0644548386335372,-0.9764893651008606,-0.7560555934906006,-2.08427357673645,-0.1083310469985008,-0.2076210015455341,0.0644995492502487,0.430388978105667,110.0
1652966810.529797,-0.2782050967216491,0.0825138092041015,-0.4848273396492004,-0.2258996218442917,-0.0572411268949508,-0.9724673628807068,-0.783980667591095,-2.126434564590454,-0.1248383820056915,-0.2282472896612135,0.057272432226706,0.4274877378129333,110.0
1652966810.539637,-0.1721140891313552,-0.0565773844718933,-0.4674407541751861,-0.2471822649240493,-0.0504730530083179,-0.9676535725593568,-0.656851053237915,-2.293168783187866,-0.1595075279474258,-0.2500967621763087,0.0504945080338,0.4245207522240683,110.0
1652966810.549828,-0.2107730507850647,-0.1770846843719482,-0.4283272624015808,-0.2694211304187774,-0.0456870086491107,-0.9619381427764891,-0.4751472771167755,-2.340684652328491,-0.3532034754753113,-0.2730843466439979,0.0457029184979538,0.4206797010403501,110.0
1652966810.559513,-0.3224398493766784,-0.2291710972785949,-0.4197120368480682,-0.2913450300693512,-0.042491927742958,-0.95567387342453,-0.4631151854991913,-2.2773752212524414,-0.5542575120925903,-0.2959079004907142,0.0425047266968749,0.4150105829948239,110.0
1652966810.569529,-0.3442731499671936,-0.2713255882263183,-0.5305197238922119,-0.312266856431961,-0.0397164672613143,-0.949163854122162,-0.5290515422821045,-2.200489044189453,-0.690495491027832,-0.3178378306138503,0.0397269176756798,0.4075962642117835,110.0
1652966810.579423,-0.3019605875015259,-0.3038373589515686,-0.5292166471481323,-0.3325457274913788,-0.0369454659521579,-0.9423632025718688,-0.5451428294181824,-2.167259931564331,-0.821912407875061,-0.3392425703716324,0.0369538764793005,0.3987201344147422,110.0
1652966810.589415,-0.2852250039577484,-0.3435553312301636,-0.4638194441795349,-0.3523025512695312,-0.0352345034480094,-0.9352226853370668,-0.461959034204483,-2.1262543201446533,-0.9483619332313538,-0.3602641435093017,0.0352417982713567,0.388676334190467,110.0
1652966810.599523,-0.2768283784389496,-0.4054982662200928,-0.4602255821228027,-0.3714413642883301,-0.0349221229553222,-0.92779940366745,-0.3622123301029205,-2.083891630172729,-1.0815647840499878,-0.3808051578942336,0.0349292235997351,0.3777416580247126,110.0
1652966810.609276,-0.2650958895683288,-0.4932954907417297,-0.506457507610321,-0.3903302550315857,-0.0359314158558845,-0.9199734926223756,-0.3981751203536987,-2.10992431640625,-1.1960370540618896,-0.401264225356204,0.0359391519099278,0.3658555519714067,110.0
1652966810.619216,-0.305710881948471,-0.5487511157989502,-0.5177541375160217,-0.4090261459350586,-0.036948624998331,-0.9117743372917176,-0.5397570133209229,-2.0571999549865723,-1.362850785255432,-0.4216929027448371,0.0369570390348973,0.3523974819460257,110.0
1652966810.629225,-0.390308678150177,-0.5882473587989807,-0.4232417047023773,-0.4262655377388,-0.0379246696829795,-0.903802752494812,-0.5862049460411072,-1.8750479221343996,-1.570480465888977,-0.4406996812836129,0.0379337662922212,0.3367123239935753,110.0
1652966810.639219,-0.3522819876670837,-0.679713785648346,-0.3371617197990417,-0.4417549669742584,-0.0396387986838817,-0.8962596654891968,-0.5359334945678711,-1.735997200012207,-1.647630214691162,-0.4579412342098207,0.0396491856344532,0.3196735911074755,110.0
1652966810.6491709,-0.2558273375034332,-0.7623292803764343,-0.2059429287910461,-0.4561631083488464,-0.0433551557362079,-0.8888394236564636,-0.311352014541626,-1.6592851877212524,-1.6890977621078491,-0.4741612958664319,0.043368750112969,0.3028851259195995,110.0
1652966810.6591249,-0.2552025318145752,-0.8117256760597229,-0.0835348218679428,-0.4693611562252044,-0.0492166355252265,-0.8816336393356323,-0.1330225467681884,-1.4891643524169922,-1.6665000915527344,-0.4892122210075417,0.0492365260099564,0.2870063530570462,110.0
1652966810.669289,-0.2806219458580017,-0.8147005438804626,-0.065735638141632,-0.4806696474552154,-0.0558921694755554,-0.8751187324523926,-0.1393028199672699,-1.2909892797470093,-1.5948474407196045,-0.5022766045052871,0.055921312046888,0.2721136294675466,110.0
1652966810.678987,-0.2973355650901794,-0.7376388311386108,-0.0562600493431091,-0.4901859164237976,-0.0616903863847255,-0.8694320321083069,-0.2899262011051178,-1.0865492820739746,-1.5282689332962036,-0.513376579090637,0.0617295829565576,0.257530318588836,110.0
1652966810.689899,-0.3162076473236084,-0.6485645771026611,-0.0083991065621376,-0.4976046979427337,-0.0657433494925499,-0.8649089336395264,-0.4934833347797394,-0.8542593121528625,-1.4816018342971802,-0.5220793569503922,0.0657908027675823,0.2425185538760883,110.0
1652966810.701009,-0.3088835477828979,-0.6030958890914917,0.0712413042783737,-0.5030519962310791,-0.0679606646299362,-0.8615800142288208,-0.6364424824714661,-0.638427734375,-1.39057719707489,-0.5284758885412756,0.0680130882416953,0.2272661575589068,110.0
1652966810.708868,-0.2738972902297973,-0.5865817070007324,0.1716629862785339,-0.5066509246826172,-0.0686051249504089,-0.8594173789024353,-0.7796941995620728,-0.4238024652004242,-1.2916862964630127,-0.5326841738276683,0.0686590584698957,0.2120964481720839,110.0
1652966810.71883,-0.1989123821258545,-0.5830432176589966,0.2459807395935058,-0.5087140798568726,-0.068063274025917,-0.8582409024238586,-0.8205996155738831,-0.2639499604701996,-1.161224126815796,-0.5350644852595658,0.068115932639383,0.1974722307265305,110.0
1652966810.728746,-0.1150356531143188,-0.5733585953712463,0.2831604480743408,-0.5098118782043457,-0.066821351647377,-0.8576868772506714,-0.7636225819587708,-0.1689557880163192,-1.0135060548782349,-0.5362941096963078,0.0668711779662875,0.1841117197634761,110.0
1652966810.738951,-0.090614914894104,-0.5425446033477783,0.3147688210010528,-0.5101847648620605,-0.0650434792041778,-0.8576018214225769,-0.7585924863815308,-0.0689548477530479,-0.9049797058105468,-0.5366588678575153,0.0650894319855699,0.1719618951512784,110.0
1652966810.748806,-0.1236370801925659,-0.458226203918457,0.3086900115013122,-0.5096637606620789,-0.0634965524077415,-0.8580273985862732,-0.6218226552009583,0.0681050047278404,-0.8580183386802673,-0.5359921740844132,0.063539295638409,0.1608570076303079,110.0
1652966810.759273,-0.1733888387680053,-0.3603378534317016,0.3514803349971771,-0.5078856945037842,-0.063257060945034,-0.8590987324714661,-0.4380175471305847,0.2177672535181045,-0.8736419677734375,-0.5339121452364288,0.0632993231246958,0.1506947713061741,110.0
1652966810.7686338,-0.1720260381698608,-0.2814589142799377,0.3760119080543518,-0.5049455165863037,-0.0645037442445755,-0.860737681388855,-0.3101173639297485,0.3364318609237671,-0.8494409918785095,-0.5305400660344494,0.0645485585716869,0.1414180704037327,110.0
1652966810.778912,-0.1204066276550293,-0.2137705683708191,0.3759477138519287,-0.5012975335121155,-0.0660264566540718,-0.8627521991729736,-0.3213495910167694,0.3787401914596557,-0.7885246276855469,-0.5263651295945401,0.0660745263212268,0.1327982985960515,110.0
1652966810.788703,-0.0498728156089782,-0.1912063360214233,0.3712046444416046,-0.4975211024284363,-0.0664866268634796,-0.8649001717567444,-0.4030271470546722,0.38181933760643,-0.6595269441604614,-0.5220110949592195,0.0665357097782647,0.1246922814071819,110.0
1652966810.799701,-0.0027241706848144,-0.2037678956985473,0.388294517993927,-0.4939800500869751,-0.065906822681427,-0.8669717907905579,-0.4148429334163666,0.3486302196979522,-0.529365599155426,-0.517899728277579,0.0659546316908446,0.1175094073136118,110.0
1652966810.810133,0.0165848135948181,-0.2206067442893982,0.4020299911499023,-0.4907822906970978,-0.0647802352905273,-0.868870735168457,-0.383988082408905,0.3213394582271576,-0.3998150825500488,-0.5141734209281796,0.0648256261177514,0.1115721066209,110.0
1652966810.818575,0.0013255178928375,-0.1722283959388733,0.3824117183685303,-0.4877299964427948,-0.0629079192876815,-0.8707250356674194,-0.4213317632675171,0.3388615846633911,-0.3003580272197723,-0.5105967229943131,0.0629494888898723,0.1065437473147963,110.0
1652966810.83681,-0.0350962281227111,-0.0939955711364746,0.3415531516075134,-0.484343558549881,-0.0597996115684509,-0.8728318214416504,-0.5753477215766907,0.4084060192108154,-0.2315678000450134,-0.5066054835814042,0.0598353107699425,0.1017880576280491,110.0
1652966810.838529,-0.0413839221000671,-0.03599214553833,0.298314094543457,-0.4804973006248474,-0.0558366775512695,-0.8752169013023376,-0.5428072214126587,0.4561845660209656,-0.199516549706459,-0.502077958510717,0.0558657314024188,0.0971633453015918,110.0
1652966810.8747358,-0.0529687702655792,0.0047414302825927,0.3307361006736755,-0.4761451184749603,-0.0529193505644798,-0.8777729868888855,-0.352366179227829,0.5256369113922119,-0.1998385190963745,-0.4970256971204586,0.0529440812402716,0.0933021789227441,110.0
1652966810.878337,0.0118162333965301,0.0562692880630493,0.2830817699432373,-0.4609893262386322,-0.0507972314953804,-0.8859506249427795,-0.0717971548438072,0.5485338568687439,0.0074260672554373,-0.4797813529165589,0.0508191011334315,0.088251688278825,110.0
1652966810.8882918,0.0208499133586883,0.0492666363716125,0.2381231486797332,-0.456351101398468,-0.0500128008425235,-0.8883931636810303,-0.0547790192067623,0.5040854811668396,0.08702103048563,-0.4745327751834227,0.0500336722802248,0.0884120753502572,110.0
1652966810.898196,0.0197084546089172,0.0719575881958007,0.2228203117847442,-0.4521426558494568,-0.0491295270621776,-0.890591561794281,-0.0201232358813285,0.4622872471809387,0.1496743261814117,-0.4697790912813148,0.0491493141539105,0.0893166412268699,110.0
1652966810.9082642,0.0013879239559173,0.1087535619735717,0.1984561383724212,-0.4482874572277069,-0.0483249276876449,-0.8925822377204895,0.0004885662347078,0.4240802228450775,0.173622265458107,-0.4654352573358615,0.0483437580106878,0.0907508739510298,110.0
1652966810.91812,-0.0224155187606811,0.1428637504577636,0.1562696099281311,-0.444717139005661,-0.0473218783736228,-0.8944200873374939,-0.0495425127446651,0.3981441259384155,0.1707180142402649,-0.4614153806004579,0.0473395595998715,0.0921838628966709,110.0
1652966810.928113,-0.030500054359436,0.1574920415878296,0.1164557784795761,-0.4413018226623535,-0.0455787032842636,-0.8962004780769348,-0.1837248057126999,0.3909400105476379,0.1611098647117614,-0.4575605421409592,0.0455945007512213,0.0931955342824374,110.0
1652966810.93803,-0.0204577445983886,0.1592726111412048,0.1007833927869796,-0.4379163980484009,-0.0428000092506408,-0.8979963064193726,-0.2939946055412292,0.3743023872375488,0.1114614605903625,-0.4537265171186975,0.0428130875651202,0.0933311628525516,110.0
1652966810.947684,0.0166195333003997,0.1424734592437744,0.0735968351364135,-0.4348020255565643,-0.0394781902432441,-0.8996603488922119,-0.3380952179431915,0.3243896961212158,0.0981818735599517,-0.4501951380396524,0.0394884532221719,0.0928435282520577,110.0
1652966810.957632,0.0508085787296295,0.1256324648857116,0.0551306009292602,-0.4321563243865967,-0.0366522148251533,-0.901053547859192,-0.2013381570577621,0.2744742333889007,0.0921735167503357,-0.4472047851551592,0.0366604245512956,0.0925196236761454,110.0
1652966810.967897,0.0571606159210205,0.1033560037612915,0.0987065434455871,-0.4300702512264251,-0.0352299883961677,-0.9021077752113342,-0.0253932327032089,0.2048059105873108,0.0764012113213539,-0.4448665196677646,0.0352372799791565,0.0927719012123437,110.0
1652966810.977817,0.0312895774841308,0.0864947438240051,0.0750693380832672,-0.4284607172012329,-0.0353049486875534,-0.9028704166412354,0.0925111025571823,0.1605991870164871,0.0612974390387535,-0.4430843149997949,0.0353122870823848,0.0935791387212935,110.0
1652966810.987561,0.0053943693637847,0.0860164165496826,0.0301375910639762,-0.4272237122058868,-0.035981711000204,-0.9034296870231628,0.0871301814913749,0.1254092454910278,0.0609267279505729,-0.4417261056303327,0.0359894808866674,0.0945668097312463,110.0
