1652965423.67559,-0.0068412981927394,-0.0200125575065612,-0.0234704315662384,-0.0316566154360771,0.1046014055609703,-0.9940102696418762,0.0518936477601528,-0.0618968084454536,-0.0259182527661323,-0.0318366135165178,-0.1047930980304268,0.3629076025064188,71.0
1652965423.68543,-0.0227140001952648,-0.0356187224388122,-0.0443513169884681,-0.031744610518217,0.1041047275066375,-0.9940596222877502,0.06135905534029,-0.0383715070784091,-0.0112082818523049,-0.0319234644623939,-0.1042936973833837,0.3628009136518339,71.0
1652965423.69525,-0.0423677898943424,-0.0448542237281799,-0.0994218289852142,-0.0316678471863269,0.1034348905086517,-0.9941319823265076,0.0244515053927898,0.0152821857482194,0.0194192491471767,-0.0318440053677091,-0.1036202233540195,0.3628810818698117,71.0
1652965423.70542,-0.052826277911663,-0.0647036433219909,-0.1657109856605529,-0.0311580877751112,0.1037145107984542,-0.9941189289093018,-0.1145854815840721,0.0631341338157653,0.0460199676454067,-0.0313321578809688,-0.1039013508867777,0.3632307851289137,71.0
1652965423.715224,-0.0646175593137741,-0.0767066478729248,-0.183881014585495,-0.0302005503326654,0.1056797131896019,-0.9939414858818054,-0.2785658240318298,0.1178877651691436,0.0412911064922809,-0.0303752898658338,-0.1058774208060338,0.3636107810296249,71.0
1652965423.725134,-0.0845704227685928,-0.0834751725196838,-0.1515358388423919,-0.0285429786890745,0.1090401113033294,-0.9936274886131288,-0.3943555355072021,0.2259918600320816,0.0689134150743484,-0.028718138143049,-0.1092573491739167,0.3642126417737084,71.0
1652965423.7351289,-0.1377078592777252,-0.1561309695243835,-0.0379803925752639,-0.0253933258354663,0.1130231097340583,-0.993267834186554,-0.419575423002243,0.3407489955425262,0.1436733305454254,-0.0255598701179093,-0.1132651337943796,0.365109894764567,71.0
1652965423.7451038,-0.0609920248389244,-0.201071560382843,0.0285903885960578,-0.021786892786622,0.116566464304924,-0.9929438829421996,-0.2917623221874237,0.3358834087848663,0.1722879260778427,-0.0219381961712147,-0.1168320680115861,0.3665139684057713,71.0
1652965423.755028,-0.0380726568400859,-0.2031841278076172,0.1507458388805389,-0.0184764098376035,0.1178393512964248,-0.9928607940673828,0.0521353967487812,0.3143075108528137,0.13990518450737,-0.0186071170827653,-0.118113794679832,0.3681148054486116,71.0
1652965423.765037,-0.0712150186300277,-0.1871287226676941,0.211388275027275,-0.0151039445772767,0.1154397279024124,-0.9931996464729308,0.4237741827964782,0.3470358848571777,0.0786628648638725,-0.0152061874685519,-0.1156976752208746,0.3691970460960891,71.0
1652965423.77519,-0.080311045050621,-0.1953705549240112,0.0910821184515953,-0.0114858197048306,0.110379658639431,-0.9938231110572816,0.552040696144104,0.3683510422706604,0.0853142589330673,-0.0115566923462179,-0.1106050367759319,0.3700674726346195,71.0
1652965423.784946,-0.0946544036269187,-0.2178230285644531,-0.0464209467172622,-0.0075337020680308,0.1053046062588691,-0.9944114685058594,0.4577312171459198,0.409403383731842,0.1233750954270362,-0.0075758960468474,-0.1055002085002288,0.3711174690825787,71.0
1652965423.794897,-0.1233663707971572,-0.2415000796318054,-0.0890195220708847,-0.0030221669003367,0.1013791337609291,-0.9948432445526124,0.3361013531684875,0.4686505794525146,0.1810894906520843,-0.0030378228964114,-0.1015535997593565,0.3726500139326155,71.0
1652965423.8048291,-0.1506534665822982,-0.2507306933403015,-0.0424578711390495,0.0021854573860764,0.098350815474987,-0.9951494336128236,0.2842714190483093,0.5458279252052307,0.2226853966712951,0.0021961062542133,-0.0985100622387982,0.3746850248943699,71.0
1652965423.814818,-0.1702124178409576,-0.2426714897155761,0.0123932138085365,0.008118312805891,0.0955016836524009,-0.9953961372375488,0.2838327288627624,0.6128870248794556,0.2663520574569702,0.0081556802376023,-0.095647450887099,0.3771079643781463,71.0
1652965423.825124,-0.1818456351757049,-0.2106592655181884,0.0374053418636322,0.0147771555930376,0.0925995409488678,-0.995593786239624,0.288642406463623,0.6816821098327637,0.3001574277877807,0.0148414653479995,-0.0927323881654076,0.3799277431746766,71.0
1652965423.8347769,-0.1822860240936279,-0.172467291355133,0.016451746225357,0.0221602991223335,0.0897799357771873,-0.995715081691742,0.2633895874023437,0.746522843837738,0.3158659338951111,0.0222519904503827,-0.0899009885015014,0.3829774617373545,71.0
1652965423.844718,-0.1572946310043335,-0.1482167243957519,-0.0266591981053352,0.0300821159034967,0.0872213169932365,-0.9957346320152284,0.2365691661834716,0.7939971089363098,0.3125819861888885,0.0302017891683645,-0.087332288901896,0.3860626171487691,71.0
1652965423.854655,-0.1340948641300201,-0.150296926498413,-0.0557974427938461,0.0384375192224979,0.0848349034786224,-0.9956533312797546,0.2247541099786758,0.8383088111877441,0.3046511709690094,0.0385861597883446,-0.0849369953773378,0.3890657600901532,71.0
1652965423.864629,-0.1170772910118103,-0.1518391370773315,-0.0683781206607818,0.0472073033452034,0.0825382769107818,-0.9954692125320436,0.2093341499567031,0.8820472359657288,0.2918437719345093,0.0473866649650932,-0.0826322812265829,0.3919492750158359,71.0
1652965423.8747349,-0.0993410646915435,-0.1639144420623779,-0.0790758952498436,0.0563723221421241,0.080510213971138,-0.9951584339141846,0.1627391427755355,0.9212570786476136,0.2778911292552948,0.0565861080932778,-0.0805974482833248,0.3947082280099876,71.0
1652965423.884544,-0.0857745707035064,-0.1809017658233642,-0.0857264176011085,0.0659229010343551,0.0789515078067779,-0.9946963787078856,0.1224577575922012,0.9637073278427124,0.261807233095169,0.0661776176532668,-0.0790337614402537,0.3973024145902562,71.0
1652965423.894508,-0.0793202891945838,-0.195689857006073,-0.0941900312900543,0.0759175792336463,0.0776800066232681,-0.9940836429595948,0.1041948720812797,1.0173182487487793,0.2459746301174163,0.0762214517606544,-0.0777583439884403,0.3997499343493,71.0
1652965423.904451,-0.0718291103839874,-0.2087321877479553,-0.1061731278896331,0.0863402187824249,0.0764947831630706,-0.9933246970176696,0.0947563648223877,1.0553267002105713,0.2293413281440735,0.0867025308637562,-0.0765695801213757,0.4020391945087647,71.0
1652965423.914429,-0.0622944384813308,-0.2190324068069458,-0.1137219965457916,0.0971302613615989,0.0754376873373985,-0.9924086332321168,0.0762445330619812,1.09852135181427,0.2024096548557281,0.0975625256108226,-0.0755094248584665,0.4041460604021203,71.0
1652965423.9243898,-0.0628895759582519,-0.2290379405021667,-0.1178753748536109,0.1083607748150825,0.0745251476764679,-0.9913142323493958,0.0601414591073989,1.1490607261657717,0.1961522847414016,0.1088779410611467,-0.0745943078182762,0.4060600640253847,71.0
1652965423.934342,-0.0551275089383125,-0.2432726621627807,-0.1219912618398666,0.1200078874826431,0.073895551264286,-0.9900189638137816,0.029879692941904,1.1898174285888672,0.1742970496416092,0.1206292334331052,-0.0739629718500163,0.4078508112412085,71.0
1652965423.9444342,-0.0289947688579559,-0.2546451687812805,-0.1300160437822342,0.1319916099309921,0.0735432505607605,-0.9885188937187196,-0.0028750579804182,1.2136056423187256,0.1709870100021362,0.132739466015645,-0.0736097093147983,0.4095406202896179,71.0
1652965423.954242,0.00587759912014,-0.2638968229293823,-0.1472368240356445,0.1441925764083862,0.0734453052282333,-0.9868202805519104,-0.0351838618516922,1.2443792819976809,0.1797167807817459,0.1450915987841269,-0.0735114979461624,0.4112676608133724,71.0
1652965423.964222,0.0209581851959228,-0.2835168838500976,-0.1398159265518188,0.1567609459161758,0.0736690685153007,-0.9848852157592772,-0.0786599665880203,1.2932987213134766,0.2065438628196716,0.157842669215864,-0.0737358658135339,0.4132751890861219,71.0
1652965423.974133,0.0324297845363616,-0.3293556571006775,-0.112528920173645,0.1699017584323883,0.0747023820877075,-0.9826255440711976,-0.207848310470581,1.3595144748687744,0.2113893330097198,0.1712130742609886,-0.0747720365423662,0.4155371801926508,71.0
1652965423.984127,0.0471852123737335,-0.3858587741851806,-0.0866525396704673,0.1837260425090789,0.0768258720636367,-0.9799706935882568,-0.3052387833595276,1.436956763267517,0.2604897618293762,0.1853297543371185,-0.0769016507041462,0.4182816022175671,71.0
1652965423.99407,0.0395672023296356,-0.4578785896301269,-0.03020890802145,0.1983325779438018,0.079311691224575,-0.9769206047058104,-0.3168215453624725,1.522701382637024,0.320519745349884,0.2002959064069379,-0.0793950798570507,0.4217428275264053,71.0
1652965424.004045,0.0318299233913421,-0.4954133033752441,0.0388283357024192,0.2139281332492828,0.0811362564563751,-0.9734740257263184,-0.2032419741153717,1.6285746097564695,0.3900045454502105,0.2163189127400259,-0.0812255451835977,0.4257108807304752,71.0
1652965424.014161,0.0336334705352783,-0.5303632020950317,0.0901977866888046,0.2305877208709716,0.0814483240246772,-0.9696367979049684,-0.0534487515687942,1.7536835670471191,0.442322701215744,0.233471666137254,-0.081538649882428,0.4300699736737619,71.0
1652965424.023979,0.0130597501993179,-0.5590185523033142,0.0930110067129135,0.2484911680221557,0.0802525430917739,-0.9653039574623108,0.0580431520938873,1.89141583442688,0.4900902211666107,0.2519524594709962,-0.080338938120747,0.4345475105024881,71.0
1652965424.0339131,-0.0072911381721496,-0.5527045726776123,0.0788411796092987,0.2677586674690246,0.0783396065235138,-0.9602959156036376,0.0546312481164932,2.0428342819213867,0.535584568977356,0.2719228187600626,-0.0784199580221861,0.4393519737355842,71.0
1652965424.044101,-0.0227788090705871,-0.5527834892272949,0.0806334316730499,0.2883732914924621,0.0764100179076194,-0.9544644355773926,0.0167304687201976,2.19070053100586,0.5828876495361328,0.2934106986446995,-0.0764845688565811,0.4446090408148316,71.0
1652965424.0537949,-0.0216898322105407,-0.5337085127830505,0.0965519919991493,0.3102030158042907,0.0748194605112075,-0.947721540927887,-0.0638303458690643,2.322878360748291,0.6333293914794922,0.316323869144517,-0.0748894413648902,0.4504829598823904,71.0
1652965424.063815,-0.018953651189804,-0.4892079830169678,0.0962055474519729,0.3332084119319916,0.073990985751152,-0.9399454593658448,-0.2296432852745056,2.472881317138672,0.6970399022102356,0.3406759571913603,-0.0740586632272642,0.4572367580930494,71.0
1652965424.073767,-0.0149981081485748,-0.4273385405540466,0.0859699174761772,0.3572832345962524,0.0743846744298935,-0.9310293197631836,-0.3967216312885284,2.5810225009918213,0.7493012547492981,0.3664204398243845,-0.0744534440369339,0.465082654370142,71.0
1652965424.083809,0.0012455582618713,-0.3647642135620117,0.075071781873703,0.3821162581443786,0.0759597048163414,-0.9209871292114258,-0.560796856880188,2.67207670211792,0.8139689564704895,0.3932836450634232,-0.0760329440014786,0.4741484803195456,71.0
1652965424.093615,0.0130650997161865,-0.3069905638694763,0.0868756920099258,0.4073755741119385,0.0783006995916366,-0.9098978638648988,-0.6914815902709961,2.718569278717041,0.8848521709442139,0.4209526880361997,-0.0783809330817438,0.4844215713368179,71.0
1652965424.103646,0.0241755247116088,-0.2530526518821716,0.1121489405632019,0.4327794313430786,0.0813019797205925,-0.8978262543678284,-0.8062640428543091,2.760596990585327,0.9294321537017822,0.4491687555116278,-0.0813918140584759,0.4958361084904908,71.0
1652965424.113589,0.0343624651432037,-0.2119017839431762,0.1164035052061081,0.4580997228622436,0.0844021439552307,-0.8848847150802612,-0.8367763757705688,2.769920587539673,0.9799768328666688,0.4777025899672717,-0.0845026780321807,0.5080357058189161,71.0
1652965424.123572,0.0476309061050415,-0.1716101765632629,0.1275926679372787,0.4831155836582184,0.0868695974349975,-0.8712365031242371,-0.7832574844360352,2.7542972564697266,1.0092697143554688,0.5063046526584978,-0.0869792283132651,0.520674388803991,71.0
1652965424.1336,0.0604488849639892,-0.1407769918441772,0.1332089304924011,0.5076358318328857,0.0882418677210807,-0.8570410013198853,-0.7127190232276917,2.736146688461304,1.038058519363403,0.5347475047298709,-0.0883567864483094,0.5333065042712353,71.0
1652965424.143503,0.0761814713478088,-0.0946184992790222,0.1197408586740493,0.5315455794334412,0.0883585214614868,-0.8424084782600403,-0.5770951509475708,2.690314054489136,1.047171115875244,0.5628902795721669,-0.0884738968831465,0.5455974132602746,71.0
1652965424.153589,0.0935665369033813,-0.0627633333206176,0.0724363923072815,0.5545505285263062,0.0868806093931198,-0.8276022672653198,-0.4364171028137207,2.6152021884918213,1.0347453355789185,0.5903542620726382,-0.0869902800807096,0.5570646637738529,71.0
1652965424.163384,0.1065316200256347,-0.0186426043510437,0.0169097185134887,0.5763449668884277,0.0842255353927612,-0.8128545880317688,-0.3156304955482483,2.5028610229492188,0.9961268305778505,0.6167661387685592,-0.08432543687408,0.5675640842935332,71.0
1652965424.1734262,0.1176490783691406,0.0330088138580322,-0.0382817089557647,0.5967369079589844,0.0809452682733535,-0.7983438968658447,-0.2779631614685058,2.382654190063477,0.9271324276924132,0.6418789700751667,-0.0810339250755827,0.5770727676257492,71.0
1652965424.183322,0.1246418952941894,0.0845998525619506,-0.0891647934913635,0.6158061027526855,0.0777969881892204,-0.7840474843978882,-0.2961906194686889,2.27585244178772,0.846904993057251,0.6657869152002369,-0.0778756767448525,0.5858296745623303,71.0
1652965424.193266,0.1364116668701172,0.133056640625,-0.1374118030071258,0.6335773468017578,0.0754763931035995,-0.769989013671875,-0.3873606026172638,2.165200710296631,0.7501983046531677,0.6885131407730686,-0.0755482381233353,0.5942309539460284,71.0
1652965424.2032142,0.1411905884742736,0.1620874404907226,-0.1770730316638946,0.6500844359397888,0.0744729191064834,-0.7562036514282227,-0.5422135591506958,2.0463898181915283,0.6525769233703613,0.7100804194839578,-0.0745419287987808,0.6025695638919076,71.0
1652965424.213228,0.130006730556488,0.1878777146339416,-0.1848286092281341,0.6654186844825745,0.0750568807125091,-0.7426872849464417,-0.6577673554420471,1.9494266510009768,0.5549027323722839,0.7305790161643534,-0.0751275332524874,0.6111394861748606,71.0
1652965424.223598,0.100451111793518,0.1858134865760803,-0.1722190380096435,0.6798070669174194,0.0766227394342422,-0.7293773293495178,-0.6698541045188904,1.867735505104065,0.4480220377445221,0.7502360900826011,-0.0766979169047217,0.6193306076035411,71.0
1652965424.2330952,0.0636170506477356,0.1943592429161071,-0.1404971182346344,0.6933562159538269,0.0785464346408844,-0.7163013219833374,-0.6029120683670044,1.8157693147659304,0.3288057744503021,0.7691225143640833,-0.0786274256988865,0.6265305554750882,71.0
1652965424.243078,0.0379022359848022,0.2053141593933105,-0.1163007616996765,0.7061620950698853,0.0808240845799446,-0.7034220695495605,-0.5954762697219849,1.748182773590088,0.2194204479455948,0.7873420521565214,-0.0809123387229962,0.6326556133078518,71.0
1652965424.253022,0.016331672668457,0.2325849533081054,-0.1227174997329711,0.7183027863502502,0.0840212032198906,-0.690638542175293,-0.6813191175460815,1.7120389938354492,0.1199683770537376,0.8050303879106815,-0.084120375670887,0.6383713986212268,71.0
1652965424.262968,0.0029290914535522,0.2561482787132263,-0.1511747539043426,0.7297521829605103,0.0885984450578689,-0.6779469847679138,-0.8201742172241211,1.6310365200042725,0.0064175836741924,0.8221828939103092,-0.0887147651569368,0.6441743130300323,71.0
1652965424.272942,-0.0116099119186401,0.28090500831604,-0.1832343935966491,0.7403239011764526,0.0953285247087478,-0.6654569506645203,-1.1002838611602783,1.5375308990478516,-0.0921301841735839,0.8386043655312212,-0.0954735013845011,0.6509715968750521,71.0
1652965424.282909,-0.0566709637641906,0.3059374690055847,-0.189776211977005,0.7500455975532532,0.1046169102191925,-0.6530596613883972,-1.3877183198928833,1.4766925573349,-0.2107449769973755,0.8544107488324981,-0.104808693018956,0.6592971649104835,71.0
1652965424.292994,-0.1023781895637512,0.3323715925216675,-0.1597429513931274,0.7591164708137512,0.1162401437759399,-0.64049232006073,-1.5797559022903442,1.4281938076019287,-0.3267840445041656,0.8699513240918286,-0.1165035159931051,0.6688766762207436,71.0
1652965424.302825,-0.119209349155426,0.3703029155731201,-0.1066860407590866,0.7675094604492188,0.1297725737094879,-0.6277644038200378,-1.7528965473175049,1.3867111206054688,-0.4519880414009094,0.8852212749536043,-0.1301396172191331,0.6792820210418394,71.0
1652965424.312782,-0.1224807500839233,0.4010564088821411,-0.0909533500671386,0.7752517461776733,0.1446032524108886,-0.6148778200149536,-1.783069729804993,1.336822271347046,-0.5530819296836853,0.9002565605204955,-0.1451119975541874,0.6900047537737022,71.0
1652965424.322907,-0.1246578693389892,0.4156787991523742,-0.1199228763580322,0.7822964191436768,0.1600687503814697,-0.6019886136054993,-1.769161820411682,1.2882778644561768,-0.6608331799507141,0.9149223330314542,-0.1607603038001194,0.7003375131522795,71.0
1652965424.33269,-0.1366100311279297,0.4366093873977661,-0.1366249620914459,0.7886180877685547,0.1762215048074722,-0.5890904068946838,-1.8155665397644043,1.2482794523239136,-0.770245373249054,0.9292239075421638,-0.1771465496598411,0.7103228526510756,71.0
1652965424.342643,-0.1602400541305542,0.4686684608459472,-0.1482096165418625,0.7942884564399719,0.1938486546278,-0.5757851004600525,-2.0490667819976807,1.2308977842330933,-0.8616394996643066,0.9435492165957046,-0.1950837109752931,0.7211021424667362,71.0
1652965424.352629,-0.172099232673645,0.4974687099456787,-0.179875373840332,0.7994948625564575,0.213261604309082,-0.5615403056144714,-2.315901041030884,1.2373342514038086,-0.9384684562683104,0.958482252703493,-0.2149121497791425,0.7337787068957949,71.0
1652965424.362594,-0.1520648002624511,0.5425646305084229,-0.1709885001182556,0.804072916507721,0.2350601702928543,-0.5460893511772156,-2.7196733951568604,1.230819582939148,-1.056871771812439,0.9741983515142626,-0.2372804691323032,0.7491339811618463,71.0
1652965424.37255,-0.1292037963867187,0.5619627833366394,-0.12372887134552,0.8078994750976562,0.259562611579895,-0.5290800929069519,-3.0476772785186768,1.2480820417404177,-1.2102363109588623,0.990995663788501,-0.2625692678318936,0.7673680385066226,71.0
1652965424.382532,-0.1387211084365844,0.5352545976638794,-0.1076081693172454,0.8110233545303345,0.2866548299789428,-0.5099707841873169,-3.3606555461883545,1.3306504487991333,-1.393113613128662,1.009469715285582,-0.2907332953000195,0.7879876079860728,71.0
1652965424.392589,-0.1413987874984741,0.4761489629745483,-0.1507769525051117,0.8133806586265564,0.3159838616847992,-0.4884323179721832,-3.6588852405548096,1.38314688205719,-1.539220929145813,1.0300117793772046,-0.3214934789478915,0.8112277355782668,71.0
1652965424.402431,-0.1192092895507812,0.3915685415267944,-0.233306348323822,0.8147658705711365,0.3469538390636444,-0.4645208120346069,-4.0052995681762695,1.3952765464782717,-1.631162405014038,1.052631216769116,-0.3543212189593511,0.8374722175459544,71.0
1652965424.412394,-0.1185476183891296,0.3145805299282074,-0.2600184082984924,0.8151265382766724,0.3795405030250549,-0.4376274049282074,-4.592710018157959,1.4101632833480835,-1.6344282627105713,1.078079659358858,-0.3892995706997934,0.8692528791587946,71.0
1652965424.422372,-0.1644097566604614,0.2380743622779846,-0.2617836594581604,0.8146324753761292,0.4133796989917755,-0.4068059623241424,-5.233167171478272,1.419422626495361,-1.625438570976257,1.1076499284588663,-0.4261626197841358,0.9083140734912424,71.0
1652965424.432314,-0.2200547456741333,0.2171401679515838,-0.2303221821784973,0.8133927583694458,0.44801926612854,-0.3710402548313141,-5.949279308319092,1.4869951009750366,-1.587539553642273,1.1428284802806912,-0.4645485801659803,0.9563789644136376,71.0
1652965424.442243,-0.2200283408164978,0.2451834976673126,-0.168962150812149,0.8112300634384155,0.4829727411270141,-0.3296103775501251,-6.755990028381348,1.469571828842163,-1.5780694484710691,1.1848627217844696,-0.5040465016847444,1.0148538502337938,71.0
1652965424.452231,-0.201282799243927,0.3265911638736725,-0.0833819508552551,0.8078806400299072,0.5172960758209229,-0.2823711335659027,-7.643941879272461,1.339053750038147,-1.4951214790344238,1.2345484125234636,-0.5436884116182324,1.0860514940102877,71.0
1652965424.462326,-0.2602338194847107,0.416100263595581,-0.1345345377922058,0.8031873106956482,0.5499550700187683,-0.2289969772100448,-8.680715560913086,1.1889230012893677,-1.440576434135437,1.293055168055239,-0.5823104729019339,1.172394564569592,71.0
1652965424.472081,-0.3364367485046386,0.4915161728858948,-0.2547060251235962,0.7970232963562012,0.5794130563735962,-0.1703949272632599,-9.315437316894531,0.9351717233657836,-1.3984087705612185,1.360177804152691,-0.6180083754842696,1.2735587394680334,71.0
1652965424.4820929,-0.343960165977478,0.6381276845932007,-0.1415318250656128,0.7909968495368958,0.6024234890937805,-0.1068166568875312,-9.07699966430664,1.0707263946533203,-1.1495214700698853,1.436567765517603,-0.6465339279595584,1.38545396885177,71.0
1652965424.492063,-0.3985366225242615,0.5749496221542358,0.3900731205940246,0.785072386264801,0.6174342632293701,-0.0493606105446815,-7.076315879821777,0.8816323280334473,-1.0639313459396362,1.5080050173661714,-0.6654767999081964,1.4862465155244209,71.0
1652965424.5020142,-0.4189565181732178,0.5253064036369324,0.5171141028404236,0.7791707515716553,0.6267609596252441,-0.0079724118113517,-4.431808471679688,0.536910891532898,-0.9113255143165588,1.5605647655660972,-0.6773894400820379,1.5591431320746545,71.0
1652965424.511963,-0.4877154231071472,0.5174497365951538,0.2918312549591064,0.7740771174430847,0.6329429149627686,0.013708752579987,-1.7752090692520142,0.028791069984436,-0.7099022269248962,1.5885042774623168,-0.6853485959947405,1.5989506303106986,71.0
1652965424.522087,-0.5512506365776062,0.5396261215209961,0.1977670788764953,0.7704278826713562,0.6373617053031921,0.0145273553207516,0.7855159044265747,-0.5929303169250488,-0.4362395107746124,1.5896503086346097,-0.6910695819179111,1.605191709111593,71.0
1652965424.532038,-0.5455841422080994,0.5974354147911072,0.2283061742782592,0.7687744498252869,0.6395069360733032,-0.0040821470320224,2.781651020050049,-1.231878399848938,-0.1048836410045623,1.5654864355066451,-0.6938567687998828,1.5816661404997867,71.0
1652965424.541883,-0.570297360420227,0.6538957357406616,0.2230663299560547,0.7688904404640198,0.6382617950439453,-0.0378068648278713,4.047280311584473,-1.809054970741272,0.240278273820877,1.521665221666703,-0.69223817814233,1.536903050014251,71.0
1652965424.551772,-0.6060819029808044,0.6269016861915588,0.2080950736999511,0.7701443433761597,0.6326640844345093,-0.0813236758112907,4.655154228210449,-2.2968270778656006,0.5350303053855896,1.4655908302796192,-0.6849885085392545,1.4809292172099655,71.0
1652965424.561738,-0.6182358264923096,0.5507139563560486,0.1626399159431457,0.7716323137283325,0.6225467324256897,-0.1304563879966735,4.90675163269043,-2.6728010177612305,0.7678773999214172,1.403314576974382,-0.6719928027414638,1.421304701051544,71.0
1652965424.5717192,-0.61677485704422,0.4305168390274048,0.1205536723136901,0.7724449634552002,0.608267068862915,-0.1825920194387436,5.034656047821045,-2.9488182067871094,0.9288727641105652,1.3386751888476969,-0.6538755030773493,1.3618808780193556,71.0
1652965424.581674,-0.5694262385368347,0.3172674775123596,0.0683167576789856,0.7720171809196472,0.5899321436882019,-0.2365790158510208,5.24283504486084,-3.1133179664611816,1.0504093170166016,1.2734393574542784,-0.6309747926959233,1.3035146881076578,71.0
1652965424.591655,-0.5136195421218872,0.2444272637367248,0.0586750507354736,0.7699366211891174,0.5672404766082764,-0.2922940850257873,5.6788105964660645,-3.2158362865448,1.1254374980926514,1.2079692377166704,-0.6031512149459354,1.2449399110841508,71.0
1652965424.6017408,-0.4586544632911682,0.1962978839874267,0.0609278082847595,0.766088604927063,0.539002001285553,-0.3501217067241668,6.257783889770508,-3.298384428024292,1.2714815139770508,1.1421157076659458,-0.5692518351183585,1.1846087055839858,71.0
1652965424.6115708,-0.4123507142066955,0.1992070078849792,-0.0154387950897216,0.7605715394020081,0.504071056842804,-0.4091984927654266,6.704770565032959,-3.363640546798706,1.4627708196640017,1.0772016025246014,-0.5283060340680108,1.123871615256093,71.0
1652965424.6216722,-0.3897465467453003,0.231898546218872,-0.1270465552806854,0.7533177137374878,0.4622974395751953,-0.4677536189556122,7.055405616760254,-3.3659238815307617,1.6263757944107056,1.0151328842861889,-0.4805843743748645,1.0649034563208069,71.0
1652965424.631518,-0.3917171359062195,0.2376445531845092,-0.0919261574745178,0.7441189289093018,0.4139476120471954,-0.5243419408798218,7.398285388946533,-3.3384220600128174,1.760845422744751,0.9569576677769432,-0.4267864094657241,1.008567170318055,71.0
1652965424.641756,-0.4257198572158813,0.2263240814208984,-0.0081599056720733,0.7328945398330688,0.3587000966072082,-0.5781002044677734,7.8456220626831055,-3.2846665382385254,1.8734185695648196,0.9029279443185813,-0.3668749447427201,0.954372279244454,71.0
1652965424.6516008,-0.4830780029296875,0.205822467803955,-0.0462699830532074,0.7196961045265198,0.296575129032135,-0.6277585029602051,8.19926643371582,-3.172290563583374,1.96282696723938,0.8535231510459572,-0.3011044379117485,0.9021632455581804,71.0
1652965424.661345,-0.4884422421455383,0.1737951636314392,-0.1794991344213485,0.7048729062080383,0.2280526012182235,-0.6716741919517517,8.408150672912598,-3.035053968429565,2.1317789554595947,0.8095108807270658,-0.2300771062272625,0.8528112507801926,71.0
1652965424.6714602,-0.4506459236145019,0.1329088807106018,-0.2704578042030334,0.6883015632629395,0.1547351479530334,-0.7087298035621643,8.462029457092285,-2.9542832374572754,2.264796733856201,0.7707766170729735,-0.155359363023777,0.8074811875503013,71.0
1652965424.681315,-0.4273661375045776,0.074501097202301,-0.3103278279304504,0.6699808239936829,0.0778143927454948,-0.738288938999176,8.494644165039062,-2.8538167476654053,2.3929810523986816,0.7369311839119432,-0.0778931395615613,0.7664238079126933,71.0
1652965424.6913471,-0.4189656972885132,0.0139594078063964,-0.3333195149898529,0.6500905752182007,-0.0017329880502074,-0.759854793548584,8.528227806091309,-2.708847045898437,2.4541385173797607,0.7077048784247251,0.0017329889484359,0.7284599704773402,71.0
1652965424.701233,-0.3823756575584411,0.0393749475479126,-0.3395969569683075,0.6289576888084412,-0.082659512758255,-0.7730327844619751,8.485363960266113,-2.5564961433410645,2.498522996902466,0.6829929784563756,0.0827539302118998,0.6930496809902866,71.0
1652965424.7111769,-0.3198835849761963,0.1402957439422607,-0.3243326246738434,0.6068098545074463,-0.1638418287038803,-0.7777774333953857,8.551345825195312,-2.388367891311645,2.476547718048096,0.6625409540491125,0.1645838612856244,0.659376140886864,71.0
1652965424.721323,-0.3095000386238098,0.1577291488647461,-0.3004503846168518,0.5840972065925598,-0.2441053092479705,-0.7741079330444336,8.493261337280273,-2.1840341091156006,2.387005567550659,0.6464018687596985,0.2465969875838464,0.6263161109819125,71.0
1652965424.7310882,-0.3192769885063171,0.2164772748947143,-0.3353155851364136,0.5617697238922119,-0.3218957185745239,-0.7621010541915894,8.344537734985352,-1.9418736696243288,2.2373039722442627,0.6352151272844587,0.3277310873758864,0.5933197539379954,71.0
1652965424.741208,-0.321089506149292,0.2912976145744324,-0.4059380292892456,0.5403735041618347,-0.3947516679763794,-0.7430797815322876,7.878096103668213,-1.7145830392837524,2.090653419494629,0.6287538930604933,0.4057975441503647,0.5606555123240915,71.0
1652965424.751009,-0.3020029664039612,0.3457929491996765,-0.5781962275505066,0.5198373794555664,-0.4601795971393585,-0.7197247743606567,7.071995258331299,-1.5377609729766846,1.9735826253890991,0.6255180469847739,0.4781974778838787,0.5303231481187226,71.0
1652965424.7609758,-0.275953471660614,0.3523005247116089,-0.7999281883239746,0.5001202821731567,-0.5157608985900879,-0.6956079602241516,5.914785861968994,-1.440107345581055,1.833359718322754,0.6233434538242338,0.5418955343511758,0.5045218146345306,71.0
1652965424.770865,-0.2397604286670684,0.3248683214187622,-0.92447829246521,0.481017142534256,-0.560293436050415,-0.6743098497390747,4.627542972564697,-1.3974207639694214,1.664538025856018,0.6196278818546803,0.5947400520442997,0.4851244672297994,71.0
1652965424.780889,-0.2321124076843261,0.2552003264427185,-0.9226587414741516,0.4626879394054413,-0.5945379137992859,-0.6576051115989685,3.4906694889068604,-1.401350498199463,1.480303406715393,0.6131349186615218,0.6366908450957196,0.4721981432677929,71.0
1652965424.790832,-0.230497121810913,0.1939067840576172,-0.8526310920715332,0.4451577663421631,-0.6204829216003418,-0.645628035068512,2.5988917350769043,-1.423865556716919,1.2690489292144775,0.6036412753951966,0.6693583403152857,0.464663125738011,71.0
1652965424.800829,-0.2312334477901458,0.1651024222373962,-0.7914437055587769,0.4288805425167084,-0.6399374604225159,-0.6376060247421265,1.9701347351074217,-1.435650110244751,0.999724268913269,0.5921279132415055,0.6944168816334885,0.4603560724594827,71.0
1652965424.810912,-0.2276733517646789,0.1667694449424743,-0.7340976595878601,0.4142273068428039,-0.6548030376434326,-0.6321777105331421,1.6258615255355835,-1.4428842067718506,0.7125261425971985,0.5800491656687331,0.7139220129419785,0.4568690860042402,71.0
1652965424.820823,-0.217362642288208,0.1682631969451904,-0.679480791091919,0.4013530910015106,-0.6669089794158936,-0.6278121471405029,1.4999041557312012,-1.4588621854782104,0.4151578545570373,0.5688082785883664,0.7300528193397149,0.4519688403593213,71.0
1652965424.830667,-0.2085974216461181,0.1715109348297119,-0.6168268918991089,0.3904822170734405,-0.6773625612258911,-0.6234610080718994,1.5261741876602173,-1.449166178703308,0.1159307286143302,0.5595434883823411,0.7441715064863942,0.4441601175541252,71.0
1652965424.841056,-0.1921763122081756,0.156312882900238,-0.6184449791908264,0.3814311325550079,-0.6869292259216309,-0.6185778975486755,1.5312706232070925,-1.4725000858306885,-0.1287442743778228,0.5525547695234226,0.7572550569169985,0.4330508101334741,71.0
1652965424.873114,-0.1786523163318634,0.1514928936958313,-0.7163516879081726,0.3677392899990082,-0.7007168531417847,-0.6113622784614563,1.0523961782455444,-1.5346866846084597,-0.5678971409797668,0.5415275689794395,0.7764017563453526,0.4056500598553867,71.0
1652965424.880472,-0.1821612119674682,0.1646821498870849,-0.5616512298583984,0.358522355556488,-0.7053928375244141,-0.611459493637085,0.5303047895431519,-1.6450880765914917,-0.961201310157776,0.5303138556680678,0.7829771922802574,0.3763019946460534,71.0
1652965424.890315,-0.1924430131912231,0.1702437400817871,-0.505953311920166,0.3556357324123382,-0.704221248626709,-0.6144880652427673,0.2923164963722229,-1.7042179107666016,-1.1664347648620603,0.5246488755785841,0.7813256740741248,0.3605667563498075,71.0
1652965424.901114,-0.201158195734024,0.162024438381195,-0.4566650986671448,0.3537613153457641,-0.7011717557907104,-0.6190403699874878,0.1489992886781692,-1.762473225593567,-1.365234136581421,0.5191753018435531,0.7770396206783817,0.3437372735040651,71.0
1652965424.9562469,-0.2034023404121399,0.1679732799530029,-0.3905097246170044,0.3527859151363373,-0.6968621015548706,-0.6244398951530457,0.097929447889328,-1.8050495386123655,-1.542072057723999,0.5142590426997867,0.7710130019995858,0.3253346375219174,71.0
1652965424.957744,-0.2019037008285522,0.1770047545433044,-0.3313325643539428,0.3525537550449371,-0.6919370889663696,-0.6300229430198669,0.1490086168050766,-1.8669488430023196,-1.7189536094665527,0.5101752052992524,0.7641687354986907,0.3048694687354356,71.0
1652965424.957855,-0.1947857141494751,0.1656733155250549,-0.2715593576431274,0.3528057336807251,-0.6868451833724976,-0.6354303956031799,0.1909510046243667,-1.929609775543213,-1.8557934761047363,0.5068445326648767,0.7571394496938938,0.2822230874918631,71.0
1652965424.9579492,-0.1970515251159668,0.1629328727722168,-0.2494865655899047,0.3532710671424866,-0.6813606023788452,-0.6410517692565918,0.1683576852083206,-2.0110418796539307,-1.9639406204223635,0.5036723183416757,0.7496198927402778,0.2581594365775597,71.0
1652965424.958037,-0.1988535225391388,0.1648402214050293,-0.2390238046646118,0.3536081612110138,-0.6750386953353882,-0.6475214958190918,0.0364658236503601,-2.0995962619781494,-2.05057144165039,0.4998400917146134,0.7410171843550779,0.233613168487024,71.0
1652965424.963597,-0.1998615264892578,0.1701001524925232,-0.195949375629425,0.3537006676197052,-0.6676217913627625,-0.6551160216331482,-0.0653992891311645,-2.1886308193206787,-2.1421144008636475,0.4950600190494268,0.731009833083518,0.2089705283586794,71.0
1652965424.970608,-0.1950694322586059,0.1726263761520385,-0.1116880178451538,0.3534098863601684,-0.6595979928970337,-0.6633490324020386,-0.0548997111618518,-2.274822473526001,-2.223747968673706,0.489515606375654,0.7202837858570298,0.1837947684792222,71.0
1652965424.979848,-0.1964841485023498,0.1750333309173584,-0.0157469511032104,0.3527188897132873,-0.6514435410499573,-0.6717221140861511,-0.0297456197440624,-2.355466604232788,-2.2930142879486084,0.4835226041269956,0.7094855831455066,0.1577476174116777,71.0
1652965424.99016,-0.2008309960365295,0.1665592193603515,0.0111775398254394,0.3516183495521545,-0.643333911895752,-0.6800632476806641,0.0140084521844983,-2.418780565261841,-2.358442068099976,0.4771847069917804,0.698845046425946,0.130860026844501,71.0
1652965424.9997869,-0.1991646885871887,0.1568840742111206,0.007170557975769,0.3499520719051361,-0.6354817152023315,-0.6882561445236206,0.0696373581886291,-2.4953527450561523,-2.3892829418182373,0.4703942231337419,0.6886322598289925,0.1032541844325669,71.0
1652965425.0096478,-0.1857939064502716,0.1377798914909362,0.0328524708747863,0.3473997414112091,-0.6281130313873291,-0.696266770362854,0.1486386954784393,-2.589472770690918,-2.40517520904541,0.4628043067185383,0.6791258319878456,0.075130584386598,71.0
1652965425.02002,-0.1914123892784118,0.1220859885215759,0.0868215560913086,0.3439850211143493,-0.6218252182006836,-0.7035679221153259,0.3472908139228821,-2.656322479248047,-2.423383951187134,0.4547404931788278,0.6710711258295368,0.0461935510868914,71.0
1652965425.0295548,-0.195711612701416,0.0894826650619506,0.1872886419296264,0.3399377167224884,-0.6179680228233337,-0.7089132070541382,0.7699728012084961,-2.708155870437622,-2.446116209030152,0.4471294167374263,0.6661555175086397,0.0153570144740257,71.0
1652965425.039958,-0.1905567944049835,0.0702630281448364,0.3235329985618591,0.3355305194854736,-0.6172646880149841,-0.7116203904151917,1.2939050197601318,-2.768540859222412,-2.4371345043182373,0.4405905180608016,0.6652612114541981,-0.0181387053417871,71.0
1652965425.049526,-0.1794982254505157,-0.0144375562667846,0.4157376885414123,0.3306975662708282,-0.6215787529945374,-0.7101259827613831,2.198899030685425,-2.7903952598571777,-2.4249393939971924,0.4358236926769521,0.6707564712858649,-0.0552739257095591,71.0
1652965425.059517,-0.1910203993320465,-0.0841529965400695,0.6548243761062622,0.3260453641414642,-0.6321650147438049,-0.7028952836990356,2.960064649581909,-2.7939484119415283,-2.402245283126831,0.4343203543742538,0.6843442148359765,-0.0973723184507531,71.0
1652965425.069676,-0.1694824695587158,-0.1336800456047058,0.766562819480896,0.3212463855743408,-0.6467050909996033,-0.6917899250984192,3.3462417125701904,-2.9100382328033447,-2.26367712020874,0.4347394328782651,0.7032566393003712,-0.1423597792982128,71.0
1652965425.079473,-0.1475251317024231,-0.2638179063796997,0.5411650538444519,0.3149598240852356,-0.6628233790397644,-0.6793125867843628,3.2660470008850098,-2.9840664863586426,-2.0045390129089355,0.4341429205501027,0.7245831630170275,-0.1864006945187675,71.0
1652965425.089911,-0.1504104137420654,-0.3232204914093017,0.4530902504920959,0.3071028888225555,-0.6774859428405762,-0.6683565974235535,2.7893903255462646,-3.072005033493042,-1.735878348350525,0.4307173705125672,0.7443392430900199,-0.2263450820949658,71.0
1652965425.099397,-0.1143703758716583,-0.3149828314781189,0.4530609846115112,0.2973538041114807,-0.688809335231781,-0.6611524224281311,2.0684611797332764,-3.12476658821106,-1.432141661643982,0.422646626368961,0.759845303386223,-0.259740729057494,71.0
1652965425.109401,-0.096192181110382,-0.3073435425758362,0.422767698764801,0.2856605947017669,-0.6965256333351135,-0.6582173705101013,1.407888412475586,-3.0886261463165283,-1.135409593582153,0.4094616108591715,0.7705439268047712,-0.2854978480670069,71.0
1652965425.119501,-0.1194050908088684,-0.2999587655067444,0.35932457447052,0.2728932499885559,-0.70118248462677,-0.6586899161338806,0.9123162031173706,-2.9959676265716557,-0.9491795301437378,0.3927703103279167,0.777054669196815,-0.3050574632413811,71.0
1652965425.1294188,-0.1104151606559753,-0.2439121007919311,0.3273683786392212,0.2596156001091003,-0.7038484811782837,-0.6612087488174438,0.639820396900177,-2.8312501907348637,-0.7394431829452515,0.3741436626434339,0.780800822760219,-0.3200163513590074,71.0
1652965425.1394448,-0.0918053835630416,-0.231522798538208,0.347959041595459,0.2457513064146042,-0.7057777047157288,-0.6644427180290222,0.4709179401397705,-2.729431390762329,-0.5365633368492126,0.3542574618138617,0.7835202933325262,-0.3310761420747341,71.0
1652965425.149306,-0.0847934931516647,-0.2203458547592163,0.3868231773376465,0.2309421598911285,-0.7074713110923767,-0.667944610118866,0.3490801155567169,-2.636726140975952,-0.3263861536979675,0.3328840595597864,0.7859138588490417,-0.3386758768839217,71.0
1652965425.159529,-0.08778877556324,-0.213076651096344,0.3745775818824768,0.2152149230241775,-0.7089129090309143,-0.6716583967208862,0.1896302700042724,-2.5540738105773926,-0.1206756085157394,0.3100867792459273,0.7879556934313012,-0.3428726525651112,71.0
1652965425.169516,-0.0699069201946258,-0.1946924328804016,0.4001153707504272,0.198416456580162,-0.7099146246910095,-0.6757604479789734,0.1372719258069992,-2.4736218452453613,0.0755533948540687,0.2855929164544012,0.7893769518190296,-0.343795383108262,71.0
1652965425.179284,-0.0872406065464019,-0.2552191019058227,0.5258551239967346,0.1804870814085006,-0.7117224335670471,-0.678878128528595,0.2794458568096161,-2.4002037048339844,0.3405717313289642,0.2598498649262954,0.7919471980681398,-0.3416887573251538,71.0
1652965425.189242,-0.1342175900936126,-0.3423025608062744,0.5930157899856567,0.1612561643123626,-0.714963972568512,-0.6803109049797058,0.4329618513584137,-2.275569438934326,0.6177456378936768,0.232737733085457,0.7965726159203932,-0.3364021619591575,71.0
1652965425.199127,-0.1407210379838943,-0.4301500916481018,0.5963698029518127,0.1404768973588943,-0.719294548034668,-0.6803540587425232,0.5060964822769165,-2.177985429763794,0.9323166608810424,0.20361480991658,0.80278630182166,-0.3269493340614537,71.0
1652965425.209169,-0.1434899270534515,-0.4750345349311828,0.5750390291213989,0.1184197291731834,-0.7241783738136292,-0.6793690919876099,0.508895754814148,-2.054451942443848,1.2052747011184692,0.1725745257649867,0.8098422408916772,-0.3131723755816221,71.0
1652965425.219985,-0.1474751979112625,-0.4702828526496887,0.4971960186958313,0.0954732522368431,-0.7287481427192688,-0.6780936121940613,0.4203746616840362,-1.927755355834961,1.4054858684539795,0.1398771075761446,0.8164920546977033,-0.2954825674313766,71.0
1652965425.2291842,-0.1283833980560302,-0.4648957252502441,0.3765749335289001,0.0719716697931289,-0.7323183417320251,-0.6771484017372131,0.2596801221370697,-1.82257616519928,1.5741407871246338,0.1058888722706099,0.8217202829016566,-0.2744865362666841,71.0
1652965425.23905,-0.1065223962068557,-0.4538065791130066,0.305925190448761,0.0479133874177932,-0.7343308925628662,-0.6770985722541809,0.039313405752182,-1.7319540977478027,1.7372658252716064,0.0706450389422956,0.8246804244883074,-0.2505384212452465,71.0
1652965425.2488918,-0.0774544775485992,-0.4335881471633911,0.3529297709465027,0.0234536323696374,-0.7344911098480225,-0.6782129406929016,-0.1669298410415649,-1.6225266456604004,1.8527848720550537,0.0345677398132136,0.8249164496092071,-0.2241561903279811,71.0
1652965425.258981,-0.0790655612945556,-0.4309538006782532,0.4315364956855774,-0.001058334368281,-0.7332180142402649,-0.6799928545951843,-0.2647594511508941,-1.5078901052474976,1.960493206977844,-0.0015563892422101,0.8230423352727615,-0.1961674483589899,71.0
1652965425.271261,-0.0791193693876266,-0.4373620748519897,0.4715598821640014,-0.0259373728185892,-0.731127142906189,-0.6817480325698853,-0.2696860432624817,-1.450242280960083,2.133521318435669,-0.0380270542316913,0.8199726045058693,-0.1664006965709098,71.0
1652965425.281306,-0.0605787932872772,-0.4233841300010681,0.5064337849617004,-0.052351489663124,-0.7285255193710327,-0.6830154061317444,-0.2353038340806961,-1.460714340209961,2.427073240280152,-0.0764980265139029,0.8161669712171455,-0.1335064145037263,71.0
1652965425.288828,-0.059200532734394,-0.3925065398216247,0.5394251346588135,-0.0813023820519447,-0.725353479385376,-0.6835585236549377,-0.1909624636173248,-1.5416918992996216,2.7698757648468018,-0.1183837481882194,0.8115477117222343,-0.0963667006522278,71.0
1652965425.298894,-0.0698587000370025,-0.3967171907424927,0.5725449919700623,-0.1136739999055862,-0.721104621887207,-0.6834372282028198,-0.2288350164890289,-1.6424837112426758,3.223810195922852,-0.164818087821743,0.8053953290417569,-0.0541280441695681,71.0
1652965425.3087668,-0.1045903116464614,-0.4299835562705993,0.5279797315597534,-0.1499415189027786,-0.7135112881660461,-0.6844115257263184,-0.786983847618103,-1.729611039161682,3.6620516777038574,-0.2156735092303482,0.7944970412802775,-0.0068781644040751,71.0
1652965425.318778,-0.1542854309082031,-0.4507982134819031,0.3993600010871887,-0.1882133334875106,-0.6985238194465637,-0.6903913617134094,-1.7401856184005735,-1.6469215154647827,3.908088207244873,-0.2661506492621981,0.773332505617425,0.0407383583331538,71.0
1652965425.328658,-0.221063882112503,-0.5832864046096802,0.1579991579055786,-0.2259881049394607,-0.6742192506790161,-0.7031058073043823,-2.918388843536377,-1.4310766458511353,3.9697232246398926,-0.3109851578482988,0.7399070661607298,0.0835864167677002,71.0
1652965425.338688,-0.307720273733139,-0.6793035268783569,-0.0451831221580505,-0.2613867521286011,-0.6402722001075745,-0.7223077416419983,-3.854324579238892,-1.2106752395629885,3.985079288482666,-0.3472164735105463,0.6948525486478476,0.1187208574085325,71.0
1652965425.3485432,-0.3626619875431061,-0.730017900466919,-0.0358734726905822,-0.2936948239803314,-0.599609375,-0.7444540858268738,-4.141438961029053,-0.969372570514679,3.965385437011719,-0.375764937644375,0.6430128955798474,0.147529321508656,71.0
1652965425.358608,-0.3083155155181885,-0.7056821584701538,0.1560750603675842,-0.3241460025310516,-0.5573201775550842,-0.7644106149673462,-3.717280626296997,-0.9070857167243958,4.159063339233398,-0.4010631697542223,0.5911547649104597,0.1750387125146854,71.0
1652965425.368634,-0.4068210124969482,-0.7219159603118896,0.334433376789093,-0.3532803058624267,-0.5177981853485107,-0.7791520953178406,-2.789139747619629,-0.7430347204208374,4.351719379425049,-0.4256913153574859,0.5442752466291005,0.2055463583419221,71.0
1652965425.379528,-0.4931626915931701,-0.7875209450721741,0.4374107420444488,-0.3805707991123199,-0.4838737547397613,-0.7880558371543884,-1.792180061340332,-0.5397223830223083,4.548059463500977,-0.449893430113447,0.5050757616948227,0.2408696011421086,71.0
1652965425.399637,-0.5493044853210449,-0.7678930759429932,0.3860098421573639,-0.4045986831188202,-0.4536215364933014,-0.7940575480461121,-1.3383173942565918,-0.1604370176792144,4.579244613647461,-0.4712450416275274,0.4708248441065276,0.2793238596183936,71.0
1652965425.3999128,-0.5857278108596802,-0.7559772729873657,0.2817329168319702,-0.4244497716426849,-0.4257301688194275,-0.799122154712677,-0.9415208697319032,0.1784909814596176,4.5302276611328125,-0.4882520786063382,0.4397686718628003,0.3184386848722524,71.0
1652965425.408107,-0.6198851466178894,-0.7421574592590332,0.1908016204833984,-0.4404022991657257,-0.4010066986083984,-0.8032680153846741,-0.4320057034492492,0.4014254212379455,4.3414459228515625,-0.5015088268528526,0.4126155162696552,0.3574887325726967,71.0
1652965425.41817,-0.6799227595329285,-0.7423708438873291,0.0779923200607299,-0.452904999256134,-0.3805893659591675,-0.8062436580657959,0.0666722655296325,0.6458085775375366,4.221926689147949,-0.5118172870242562,0.3904335543370797,0.3970726026529447,71.0
1652965425.4286609,-0.6942793130874634,-0.722393274307251,-0.0797576904296875,-0.4623368978500366,-0.363311767578125,-0.808856725692749,0.3796739876270294,0.8806130886077881,4.177943229675293,-0.5192701063204159,0.3718201040493159,0.4374965713486589,71.0
1652965425.4381552,-0.6726938486099243,-0.7003802061080933,-0.2399971187114715,-0.4689992368221283,-0.3476036190986633,-0.8119183778762817,0.487150639295578,1.1120837926864624,4.124629974365234,-0.5238185397150839,0.3550141287327673,0.4781960091303182,71.0
1652965425.4478002,-0.6576703786849976,-0.677326500415802,-0.3607543408870697,-0.4728533327579498,-0.3324829638004303,-0.8160054087638855,0.4943511486053467,1.338141679763794,4.022267818450928,-0.5251895809622917,0.3389351140325257,0.5182023839814475,71.0
1652965425.457921,-0.6398622989654541,-0.6610504984855652,-0.4998538792133331,-0.4739224910736084,-0.317208468914032,-0.8214476108551025,0.3088883459568023,1.5472158193588257,3.896156549453736,-0.5232878191693405,0.3227844971873209,0.5565208752028136,71.0
1652965425.467797,-0.6012681722640991,-0.608857274055481,-0.6719555258750916,-0.4723096787929535,-0.3001209199428558,-0.828764796257019,-0.0657160729169845,1.723963975906372,3.8113951683044434,-0.5179899772326907,0.3048193998501035,0.592148934939675,71.0
1652965425.477952,-0.5374161601066589,-0.5374960899353027,-0.8285273313522339,-0.468382179737091,-0.2797032296657562,-0.8380836844444275,-0.6015381813049316,1.863036036491394,3.753341674804688,-0.5096297966020236,0.2834849918043744,0.6248121397101419,71.0
1652965425.487766,-0.5114866495132446,-0.4498031735420227,-0.9061176776885986,-0.4618409276008606,-0.2544505000114441,-0.8496810793876648,-1.3181241750717163,2.0327858924865723,3.6683273315429688,-0.497874796150922,0.2572794548505422,0.6536315431201944,71.0
1652965425.497706,-0.4861080944538116,-0.3588896989822387,-0.913620948791504,-0.4527347087860107,-0.2237081527709961,-0.8631256818771362,-2.0061161518096924,2.129850149154663,3.579953193664551,-0.4830779179708292,0.2256174024610316,0.6784048166854167,71.0
1652965425.508008,-0.4412393569946289,-0.280149757862091,-0.8081427812576294,-0.4410848319530487,-0.1883019059896469,-0.8774887919425964,-2.4844746589660645,2.2304818630218506,3.4880874156951904,-0.4657791062574977,0.1894328370451741,0.6998961784853153,71.0
1652965425.517748,-0.4351950287818908,-0.2373707294464111,-0.6477981209754944,-0.4271859526634216,-0.1505874842405319,-0.8915355205535889,-2.679360866546631,2.2347238063812256,3.3666203022003174,-0.4468350256051885,0.1511625084295463,0.7194317588376973,71.0
1652965425.52934,-0.4355330765247345,-0.2344679236412048,-0.5094901323318481,-0.411619633436203,-0.1130990386009216,-0.9043107628822328,-2.5882856845855717,2.2193377017974854,3.264244079589844,-0.4271490970963519,0.1133415491177358,0.7383378196072651,71.0
1652965425.5378752,-0.4327756762504577,-0.2221757769584655,-0.4207933247089386,-0.3944337666034698,-0.0776045173406601,-0.9156416058540344,-2.3859739303588867,2.2352845668792725,3.1494898796081543,-0.4067503332073146,0.0776826230016815,0.7575734731618713,71.0
1652965425.5477052,-0.4289797246456146,-0.19427090883255,-0.4027702212333679,-0.3756619989871979,-0.0446937792003154,-0.9256784319877625,-2.2267332077026367,2.270605087280273,3.00860857963562,-0.3855164906272466,0.0447086722368545,0.7770970362872116,71.0
1652965425.5577989,-0.4054239392280578,-0.1727522015571594,-0.4807543754577636,-0.3554860949516296,-0.0139050781726837,-0.9345781207084656,-2.132193326950073,2.264241933822632,2.8626084327697754,-0.3634708424997943,0.0139055264110676,0.7963875194295956,71.0
1652965425.567607,-0.3680231869220733,-0.1574624180793762,-0.6092195510864258,-0.3342320621013641,0.0156679432839155,-0.9423605799674988,-2.154868602752685,2.2766647338867188,2.6911189556121826,-0.3408338502817313,-0.0156685848293142,0.815028433012348,71.0
1652965425.57788,-0.3408883810043335,-0.13920259475708,-0.7096202373504639,-0.3119436502456665,0.0449015609920024,-0.9490389823913574,-2.28690767288208,2.292123794555664,2.511632204055786,-0.3175695801625343,-0.0449166626419486,0.8323778387335098,71.0
1652965425.58778,-0.3316707909107208,-0.102186381816864,-0.751063346862793,-0.2886295020580292,0.0745954439043998,-0.9545305371284484,-2.4483659267425537,2.3238871097564697,2.322878122329712,-0.2936374542123054,-0.0746647950139524,0.8482839067023463,71.0
1652965425.597547,-0.3521075248718261,-0.0838017463684082,-0.7070572972297668,-0.2643627822399139,0.104548767209053,-0.9587397575378418,-2.5533454418182373,2.3553731441497803,2.0644314289093018,-0.2690539539187921,-0.1047401738113818,0.8624916460783274,71.0
1652965425.609216,-0.3694242835044861,-0.0685804486274719,-0.6229173541069031,-0.2395692467689514,0.1334611922502517,-0.9616624712944032,-2.423828363418579,2.351118564605713,1.800293207168579,-0.2441501550174146,-0.1338605999697385,0.8747358194668358,71.0
1652965425.617536,-0.3869616389274597,-0.0910375118255615,-0.5355384349822998,-0.2143872380256652,0.1591498404741287,-0.9636957049369812,-2.117997169494629,2.3870625495910645,1.5779173374176023,-0.2188989774423381,-0.159829456743322,0.8860494311458466,71.0
1652965425.627485,-0.4192891120910644,-0.1103748083114624,-0.4692275822162628,-0.1887583881616592,0.1805770695209503,-0.9652783274650574,-1.7192426919937134,2.436630964279175,1.3169952630996704,-0.1931113006534287,-0.181573127238925,0.8963550090298247,71.0
1652965425.641686,-0.4318371415138244,-0.113742709159851,-0.4889973998069763,-0.162782609462738,0.1972340792417526,-0.9667474031448364,-1.3063181638717651,2.4892466068267822,1.097291111946106,-0.1668169259661051,-0.1985357724601019,0.905661421643558,71.0
1652965425.6474571,-0.4264156222343445,-0.1066201329231262,-0.5148752331733704,-0.1366184502840042,0.2098214924335479,-0.968147873878479,-1.000677466392517,2.5219035148620605,0.8741563558578491,-0.1401875735667548,-0.2113923885701238,0.9138002534543408,71.0
1652965425.657559,-0.4256699383258819,-0.0947059392929077,-0.5473583936691284,-0.1105391755700111,0.2194774895906448,-0.9693351984024048,-0.8604609966278076,2.55971360206604,0.6304158568382263,-0.1135455753762788,-0.2212788751196463,0.920241635795598,71.0
1652965425.667096,-0.4289454519748688,-0.0585711598396301,-0.6029210686683655,-0.08448226749897,0.2285008877515792,-0.9698711633682252,-0.907004415988922,2.603137254714966,0.4077378809452057,-0.0868873773418269,-0.2305375558329905,0.9245975115573072,71.0
1652965425.677043,-0.4278557896614074,-0.031007170677185,-0.6770185232162476,-0.0587622411549091,0.2382062673568725,-0.9694352746009828,-1.0828545093536377,2.5761733055114746,0.1953731626272201,-0.0605408461002414,-0.2405185421783157,0.9269309325079748,71.0
1652965425.687149,-0.4095364212989807,0.0024257898330688,-0.6940672397613525,-0.0337924249470233,0.2494871914386749,-0.9677883386611938,-1.2398003339767456,2.5407602787017822,0.0097487038001418,-0.0349029853675049,-0.2521506627593483,0.9273732163214656,71.0
1652965425.6969929,-0.3945218622684479,0.0127897262573242,-0.6359145641326904,-0.0097597390413284,0.2616775035858154,-0.9651060104370116,-1.2732720375061035,2.492037534713745,-0.1633921861648559,-0.0101122638352831,-0.2647598609370686,0.9263076935458934,71.0
1652965425.706954,-0.3981056809425354,0.0110470056533813,-0.5066372156143188,0.0134163554757833,0.2732388079166412,-0.9618526697158812,-1.1212867498397827,2.4836831092834477,-0.3324521481990814,0.0139475469045943,-0.2767583691947599,0.9237596742927136,71.0
1652965425.717005,-0.3980244696140289,0.0167956948280334,-0.3809272050857544,0.0360859856009483,0.2832404375076294,-0.958369791507721,-0.9628862142562866,2.504674434661865,-0.4864158928394317,0.0376357282431956,-0.287171237550038,0.9198028348331574,71.0
1652965425.73073,-0.3858843147754669,0.0070483088493347,-0.3323363363742828,0.0583391673862934,0.2916105985641479,-0.9547563791275024,-0.7705807089805603,2.5010030269622803,-0.616769552230835,0.0610278424611326,-0.2959102005711936,0.9144719517965294,71.0
1652965425.760456,-0.3707109987735748,-0.0128425359725952,-0.3046081960201263,0.0800157934427261,0.2988708615303039,-0.950933039188385,-0.6285971999168396,2.499493360519409,-0.777116596698761,0.0839467557208097,-0.3035092028486456,0.9077912948322098,71.0
1652965425.7607698,-0.3388453722000122,-0.0407081246376037,-0.3000274300575256,0.1214534044265747,0.3112884163856506,-0.9425224661827089,-0.5340641736984253,2.492645740509033,-1.0472898483276367,0.1281537492366241,-0.3165485161044012,0.8901084485668375,71.0
1652965425.767088,-0.3203613758087158,-0.0365316867828369,-0.3009630739688873,0.1411926597356796,0.3176103830337524,-0.9376503825187684,-0.5112186670303345,2.4669806957244877,-1.160467267036438,0.1494584557939065,-0.3232083136256529,0.8793979495506303,71.0
1652965425.776699,-0.3113088011741638,-0.030956745147705,-0.2471613585948944,0.1602162718772888,0.3239130675792694,-0.9324221611022948,-0.4326999485492706,2.448118209838867,-1.270375370979309,0.1701663161698224,-0.3298626348797255,0.8675778329061603,71.0
1652965425.786659,-0.3027386367321014,-0.0293864011764526,-0.1756326556205749,0.1785320937633514,0.3295328021049499,-0.92711079120636,-0.2955749630928039,2.438591480255127,-1.364899516105652,0.1902395397017442,-0.3358086947998177,0.8545977239058609,71.0
1652965425.79661,-0.2871578335762024,-0.031678557395935,-0.119265079498291,0.1962459832429886,0.334078311920166,-0.9218889474868774,-0.1229286268353462,2.414656639099121,-1.4500223398208618,0.209743000677496,-0.3406271931964859,0.8404455628342933,71.0
1652965425.8064408,-0.2644957900047302,-0.025553286075592,-0.0923812389373779,0.2132262736558914,0.337452620267868,-0.9168753027915956,0.0626106709241867,2.383622169494629,-1.546236872673035,0.2284960887486073,-0.344209466349831,0.8250773225620138,71.0
1652965425.816606,-0.2493882775306701,-0.0454258918762207,-0.0555698275566101,0.2292619347572326,0.3396427035331726,-0.9121851921081544,0.2364698201417923,2.3264479637146,-1.6603591442108154,0.2462325439520663,-0.3465369989728696,0.8082124531394961,71.0
1652965425.8263922,-0.2416236698627472,-0.0593470335006713,-0.0095909237861633,0.2443550080060959,0.3406608700752258,-0.9078770875930786,0.4423225820064544,2.281428813934326,-1.7634083032608032,0.2629193009414289,-0.3476197065007777,0.7898149629120039,71.0
1652965425.8363729,-0.234491229057312,-0.0718458294868469,0.0319165587425231,0.2584322988986969,0.3401384651660919,-0.9041673541069032,0.677819550037384,2.228354215621948,-1.853976845741272,0.2784006426487541,-0.347064151926415,0.7697224268124988,71.0
1652965425.8464189,-0.2207536399364471,-0.0796200633049011,0.1179269850254058,0.2720994651317596,0.3375478684902191,-0.901123344898224,1.0167921781539917,2.2413949966430664,-1.963111996650696,0.2932501844241887,-0.3443106494451248,0.7478236123762089,71.0
1652965425.856471,-0.2139488756656646,-0.080531895160675,0.1923947632312774,0.2852989733219147,0.332583874464035,-0.8988839983940125,1.356873631477356,2.226213216781616,-2.103221893310547,0.3073358103136277,-0.3390420952959204,0.7235593381631668,71.0
1652965425.866257,-0.1995490789413452,-0.0693457126617431,0.254312664270401,0.2981513738632202,0.324758380651474,-0.8975732326507568,1.8032552003860476,2.221479177474976,-2.216519832611084,0.3207076837686906,-0.3307562443606083,0.6967195062443307,71.0
1652965425.8762178,-0.1614134609699249,-0.0277372002601623,0.2866019904613495,0.3106139302253723,0.3134346604347229,-0.8973726630210876,2.260122060775757,2.2089359760284424,-2.359945774078369,0.3332292852935564,-0.3188077874146995,0.6670661490356155,71.0
1652965425.886617,-0.1351788341999054,0.0256456136703491,0.2897026240825653,0.3228924572467804,0.2988746166229248,-0.8980057835578918,2.7115440368652344,2.169628620147705,-2.471244096755981,0.3451714097924713,-0.3035131503924583,0.6346269224633374,71.0
1652965425.8961449,-0.0950649380683898,0.0665561556816101,0.2999099791049957,0.3346737027168274,0.2808700501918793,-0.8995029330253601,3.18509578704834,2.106505870819092,-2.6086995601654053,0.3561951818399885,-0.2847005370151551,0.5993133544713715,71.0
1652965425.9060931,-0.0480117201805114,0.101529836654663,0.3235341012477875,0.3460921943187713,0.2589854300022125,-0.9017465114593506,3.666730165481568,2.00444769859314,-2.6436328887939453,0.3664651552352653,-0.2619716351873918,0.56131575557014,71.0
1652965425.916092,-0.0194205045700073,0.1441526412963867,0.3327325880527496,0.3569602072238922,0.2334905564785003,-0.9044675827026368,4.051660060882568,1.884680151939392,-2.698923826217652,0.3758973726334253,-0.2356659210604832,0.5213056493122059,71.0
1652965425.926055,-0.0473588109016418,0.1816891431808471,0.358629047870636,0.3677628934383392,0.2056562453508377,-0.90689355134964,4.308038711547852,1.84517502784729,-2.799370288848877,0.3852553613374618,-0.2071342400935112,0.4793775163163026,71.0
1652965425.936158,-0.0423179864883422,0.1964612007141113,0.3497000932693481,0.3786979913711548,0.1758278757333755,-0.9086651802062988,4.585870265960693,1.75648033618927,-2.803593635559082,0.3948731828565618,-0.1767466896225612,0.4359269529866668,71.0
1652965425.9461632,-0.0361045002937316,0.1838786602020263,0.3847273588180542,0.3897116780281067,0.1441422551870346,-0.9095866084098816,4.742588520050049,1.6999423503875732,-2.8253731727600098,0.4047885452484371,-0.144646119450947,0.3914331028641663,71.0
1652965425.956263,-0.0723295509815216,0.168690800666809,0.431115448474884,0.4015074074268341,0.111715979874134,-0.909016728401184,4.88906717300415,1.6781784296035769,-2.8490395545959477,0.4159253933901141,-0.111949669290722,0.3458673679678019,71.0
1652965425.966022,-0.0715415179729461,0.1323360800743103,0.4251225590705871,0.4137046039104461,0.0780970230698585,-0.9070553183555604,5.050925254821777,1.610055446624756,-2.7932701110839844,0.4279120645587424,-0.0781766277401747,0.2996998046657581,71.0
1652965425.976013,-0.08282470703125,0.1368613839149475,0.4028185307979584,0.4264068603515625,0.0436383709311485,-0.90347820520401,5.118107318878174,1.5973143577575684,-2.707203865051269,0.440966218415427,-0.0436522342635774,0.2533891065066423,71.0
1652965425.986056,-0.1197300255298614,0.1569789052009582,0.3607809841632843,0.4402103722095489,0.0100075909867882,-0.8978388905525208,4.896528244018555,1.6384326219558716,-2.6188302040100098,0.4558575143123503,-0.0100077580127394,0.2078664128854021,71.0
1652965425.99619,-0.1116995513439178,0.1737131476402282,0.2943392992019653,0.4549612700939178,-0.0209017936140298,-0.8902658820152283,4.604337215423584,1.6399344205856323,-2.5207414627075195,0.4724403669254841,0.0209033157645509,0.1637351082156677,71.0
1652965426.006143,-0.1075920760631561,0.173807680606842,0.2795839011669159,0.4703392684459686,-0.0486421361565589,-0.881144106388092,4.289163589477539,1.6487970352172852,-2.473121166229248,0.4903069195718663,0.0486613395902565,0.1211474691807091,70.0
1652965426.015829,-0.1385151147842407,0.1718325018882751,0.2784494757652282,0.4864155352115631,-0.072852574288845,-0.8706850409507751,3.9254677295684814,1.6992169618606567,-2.413795232772827,0.5094664236994045,0.0729171711068014,0.0801798434996426,70.0
1652965426.0260072,-0.1605705022811889,0.1671606302261352,0.3022223711013794,0.5030388236045837,-0.0939093679189682,-0.8591466546058655,3.675802946090698,1.6808178424835205,-2.325978994369507,0.5296968003802708,0.0940479521199336,0.0407998163109938,70.0
1652965426.035778,-0.1549952030181884,0.1559575200080871,0.3617500960826874,0.5195123553276062,-0.1128182038664817,-0.8469822406768799,3.5034308433532715,1.64770245552063,-2.214836359024048,0.5501914613128029,0.1130589075650224,0.0027545418666846,70.0
1652965426.045716,-0.1575996875762939,0.1393852233886718,0.4116053283214569,0.5357277989387512,-0.1303400546312332,-0.8342704176902771,3.398048162460327,1.599751591682434,-2.0975284576416016,0.5708378338767103,0.1307119563409457,-0.033935823552898,70.0
1652965426.056081,-0.1461880803108215,0.1314709186553955,0.4665757119655609,0.5515835881233215,-0.1466752141714096,-0.821122407913208,3.238006114959717,1.5649925470352173,-1.9901612997055051,0.5915090527706914,0.1472062921928605,-0.0694067705684281,70.0
1652965426.066051,-0.1443076729774475,0.1199911832809448,0.4586181044578552,0.5670066475868225,-0.1617583781480789,-0.8076742887496948,3.141700506210327,1.504636526107788,-1.856353521347046,0.6120829787436696,0.162472236507796,-0.10353479022671,70.0
1652965426.075475,-0.1493712067604065,0.0883306860923767,0.4580567479133606,0.5818204879760742,-0.1758454144001007,-0.7940801382064819,2.9495785236358643,1.4586572647094729,-1.7490819692611694,0.6323352022872524,0.1767645002606676,-0.136310734663264,70.0
1652965426.085634,-0.1479720473289489,0.08217453956604,0.4274364113807678,0.596183717250824,-0.1880107820034027,-0.7805235385894775,2.6356425285339355,1.4256364107131958,-1.583587646484375,0.6522908454832692,0.1891364119683035,-0.1668207884066087,70.0
1652965426.095811,-0.1233555674552917,0.0671594142913818,0.3677450716495514,0.6098210215568542,-0.1982046663761139,-0.7673547267913818,2.319279432296753,1.3716437816619873,-1.4164737462997437,0.6715042314090112,0.1995259062613644,-0.1943945231122429,70.0
1652965426.105517,-0.1421731114387512,0.0644455552101135,0.386246383190155,0.6229013204574585,-0.2061621695756912,-0.754646360874176,1.9465343952178955,1.358787178993225,-1.26413094997406,0.6900507669418362,0.2076512386401744,-0.2187286697380321,70.0
1652965426.115308,-0.1485260128974914,0.0801376700401306,0.3866128027439117,0.635632336139679,-0.2116402834653854,-0.7424148917198181,1.5645575523376465,1.3601752519607544,-1.1206061840057373,0.7080643913118896,0.2132529496706932,-0.2395191339828523,70.0
1652965426.1252232,-0.1334924697875976,0.0917779803276062,0.3879231214523315,0.6478357315063477,-0.2154988199472427,-0.7306634783744812,1.30528461933136,1.3576370477676392,-0.9390252828598022,0.7253848420612715,0.217202627383106,-0.2569214130644462,70.0
1652965426.140562,-0.142804741859436,0.094785988330841,0.4485035538673401,0.6595589518547058,-0.2190113365650177,-0.7190383076667786,1.2223910093307495,1.3806568384170532,-0.7746342420578003,0.7422800608122317,0.2208010975090548,-0.2719597571963985,70.0
1652965426.145221,-0.149431824684143,0.1091761589050293,0.5416538119316101,0.6710382699966431,-0.2228061705827713,-0.707152783870697,1.141231894493103,1.4239270687103271,-0.6087709665298462,0.7591998637187933,0.2246920575291857,-0.2853549055856018,70.0
1652965426.155476,-0.1387019753456115,0.1063276529312133,0.5267049670219421,0.6821132302284241,-0.2270528525114059,-0.6951032280921936,1.03132164478302,1.4249544143676758,-0.390251874923706,0.7759663865885437,0.2290504288708479,-0.2967765115064471,70.0
1652965426.165414,-0.1188622713088989,0.103718101978302,0.5065824389457703,0.6925469636917114,-0.2319089770317077,-0.6830790042877197,0.9805583953857422,1.4218841791152954,-0.1956110298633575,0.7922806697330872,0.2340397045391321,-0.306092282615308,70.0
1652965426.175398,-0.1352019309997558,0.1105216145515441,0.4978431165218353,0.7024016976356506,-0.2373603284358978,-0.6710379719734192,0.8394244313240051,1.4353853464126587,-0.0174444913864135,0.8082300768362709,0.2396476158577462,-0.3135441214426444,70.0
1652965426.185308,-0.1390620470046997,0.1381933689117431,0.4830270111560821,0.7116939425468445,-0.2430673092603683,-0.6590979099273682,0.7329099774360657,1.4235862493515017,0.1828825920820236,0.8237484045334437,0.245526749020436,-0.3188294000041752,70.0
1652965426.1951609,-0.1344475746154785,0.134721040725708,0.4520617723464966,0.7201714515686035,-0.2494097799062729,-0.647416353225708,0.5627917647361755,1.4043129682540894,0.4000412821769714,0.8385476456519221,0.2520707283126348,-0.3217276423739721,70.0
1652965426.205157,-0.1490513682365417,0.1377062797546386,0.4463574886322021,0.727786660194397,-0.2562787234783172,-0.6361193060874939,0.4165807962417602,1.3840062618255615,0.6319981813430786,0.8525067000427272,0.2591703894249677,-0.3219785571209761,70.0
1652965426.215251,-0.1500539779663086,0.1454949975013733,0.438167005777359,0.7345113158226013,-0.2638505697250366,-0.6252007484436035,0.2629219889640808,1.3712058067321775,0.8732611536979675,0.8656180965717846,0.2670120651498615,-0.3195342216434035,70.0
1652965426.2248402,-0.1643863916397094,0.143326997756958,0.4196657240390777,0.740176796913147,-0.2725099623203277,-0.6147167682647705,0.1861658990383148,1.324377417564392,1.1156114339828491,0.8777325357002896,0.2760007714319791,-0.3146522974172275,70.0
1652965426.234921,-0.1858839392662048,0.1430645585060119,0.4129611849784851,0.7446302175521851,-0.2830173373222351,-0.6045055389404297,0.2194226533174514,1.2747554779052734,1.398859620094299,0.8888896350940954,0.2869386075768887,-0.308004489119055,70.0
1652965426.244729,-0.2157634496688842,0.1365930438041687,0.3857153356075287,0.747639000415802,-0.2958105206489563,-0.5945854783058167,0.2169923186302185,1.2271859645843506,1.6864062547683716,0.8989374872386016,0.3003039158624233,-0.2997353030667304,70.0
1652965426.254713,-0.2336491346359253,0.1404109001159668,0.3385586738586426,0.7491215467453003,-0.3106656372547149,-0.5850672721862793,0.1979491263628006,1.1591520309448242,1.978157997131348,0.9077458483299984,0.3158932384570805,-0.2895699111396519,70.0
1652965426.2646542,-0.2413933277130127,0.1163423061370849,0.2743532955646515,0.7489159107208252,-0.327591210603714,-0.57602858543396,0.1841322481632232,1.0985292196273804,2.2659659385681152,0.9151515166387753,0.3337529676457696,-0.2774908310617294,70.0
1652965426.274616,-0.2466547489166259,0.0945537090301513,0.1546274125576019,0.7468988299369812,-0.346659243106842,-0.5674235224723816,0.1756072044372558,1.04881489276886,2.5723507404327397,0.9211122761049652,0.3540071531285091,-0.2634334438433596,70.0
1652965426.284696,-0.2454678416252136,0.0830411314964294,0.0379738509654998,0.7428280115127563,-0.36770099401474,-0.5594663023948669,0.1061837151646614,0.9680787324905396,2.884897232055664,0.9252776594960556,0.376535610329872,-0.2470961183989345,70.0
1652965426.294712,-0.2160207033157348,0.1163652539253234,-0.0353392362594604,0.7364827990531921,-0.390487790107727,-0.5523698925971985,0.0146431494504213,0.8983954787254333,3.2086403369903564,0.9272884341604364,0.4011613834147374,-0.2278890789127112,70.0
1652965426.3048491,-0.1532103419303894,0.1523765921592712,-0.0814461112022399,0.7278258204460144,-0.4146628379821777,-0.546190619468689,-0.1091084852814674,0.8504555225372314,3.457884788513184,0.927012764428542,0.4275722419702968,-0.2056257059138855,70.0
1652965426.3146482,-0.0771301984786987,0.1601608991622924,-0.1208231747150421,0.7176331281661987,-0.4389149844646454,-0.54069983959198,-0.2124311476945877,0.8767009973526001,3.5032033920288086,0.9250916132109614,0.4543907773923392,-0.1811443010154106,70.0
1652965426.3245711,0.0137059092521667,0.150539755821228,-0.1110177934169769,0.7065089344978333,-0.462865263223648,-0.5353510975837708,-0.2893525063991546,0.938427984714508,3.6804628372192383,0.922359098511524,0.4812248600264619,-0.1548589141666975,70.0
1652965426.334583,0.1295260787010193,0.0957457423210144,0.0253815650939941,0.6930752396583557,-0.4886384010314941,-0.5299803614616394,-0.0432148873805999,0.8503527045249939,3.997391700744629,0.917966396146422,0.5105284834584296,-0.126738868960007,70.0
1652965426.344491,0.1063194870948791,0.042203664779663,0.1988834142684936,0.6771125197410583,-0.5177768468856812,-0.5229012370109558,0.4049318134784698,0.999960720539093,4.2161359786987305,0.9132055765019612,0.5442502819345243,-0.099394610616769,70.0
1652965426.3545442,0.0202780961990356,-0.0265524983406066,0.3006703853607178,0.6600959897041321,-0.548930823802948,-0.5127846002578735,0.8327446579933167,1.0764436721801758,4.167764663696289,0.9103418528240786,0.5810845887782673,-0.0747714984306895,70.0
1652965426.364398,-0.0738037824630737,0.0374819040298461,0.2610898017883301,0.6432007551193237,-0.5804410576820374,-0.4993807077407837,1.2195804119110107,1.3118866682052612,3.935223340988159,0.9106125258601774,0.6192701977217148,-0.0544247146278946,70.0
1652965426.374547,-0.189436674118042,-0.0322539210319519,0.2471189498901367,0.627577543258667,-0.6113157272338867,-0.4821198582649231,1.6920512914657593,1.3061126470565796,3.5229666233062744,0.915733784156814,0.6577221031445643,-0.0405385868246064,70.0
1652965426.3843188,-0.1950658559799194,0.0634774565696716,0.1966811418533325,0.6128667593002319,-0.63978111743927,-0.4637612998485565,1.788227677345276,1.0790811777114868,2.993690729141236,0.9230157862289516,0.6942134363663457,-0.033207297150264,70.0
1652965426.394318,-0.1956137418746948,0.1504626870155334,-0.0722502470016479,0.5997427701950073,-0.663833737373352,-0.4468036293983459,1.5018757581710815,0.9300661087036132,2.4561753273010254,0.9305079656904788,0.7259333134117483,-0.0294676539737235,70.0
1652965426.4042602,-0.1941284537315368,0.2117553353309631,-0.3562794327735901,0.5886291861534119,-0.6825694441795349,-0.4331451058387756,1.03964364528656,0.8093797564506531,2.002868175506592,0.9364103313192996,0.7512727269595677,-0.0253372254451491,70.0
1652965426.414403,-0.1341789364814758,0.2425790727138519,-0.52289217710495,0.5794150829315186,-0.6963460445404053,-0.4235329926013946,0.5409684181213379,0.6413638591766357,1.6001991033554075,0.9395883775920014,0.7702936932113188,-0.019451908416833,70.0
1652965426.424191,-0.0757783055305481,0.2424885332584381,-0.5960311889648438,0.5715972781181335,-0.705985963344574,-0.418162852525711,0.1056037470698356,0.4872862100601196,1.310145139694214,0.9391957715617296,0.7838143359880463,-0.0109204611461307,70.0
1652965426.434168,-0.0728703141212463,0.2006747126579284,-0.6688038110733032,0.5649967789649963,-0.712498128414154,-0.4160830676555633,-0.1825984865427017,0.3631520271301269,1.0576566457748413,0.9360338978835336,0.793052050452878,-0.0005422969745724,70.0
1652965426.444234,-0.0710483789443969,0.1633787155151367,-0.6370247006416321,0.559512734413147,-0.7167350649833679,-0.4162168204784393,-0.3119544684886932,0.247262105345726,0.8370103240013123,0.9312161064295884,0.7991090558838879,0.0104487371901976,70.0
1652965426.45407,-0.0718733072280883,0.1429445743560791,-0.5571285486221313,0.5549818873405457,-0.7195438146591187,-0.4174349308013916,-0.2945432662963867,0.1138265505433082,0.6335573196411133,0.9259145094317714,0.8031452031847627,0.0203500526137337,70.0
1652965426.46401,-0.0701686739921569,0.1329781413078308,-0.4744269847869873,0.5513240694999695,-0.7214500904083252,-0.418988823890686,-0.2097253054380417,-0.0140576995909214,0.4382583200931549,0.9209459545815504,0.8058941243340458,0.0278958335407254,70.0
1652965426.474226,-0.0717419385910034,0.1261262893676757,-0.4126715064048767,0.5485028028488159,-0.7226587533950806,-0.4206056296825409,-0.1358867734670639,-0.1277815997600555,0.2650183439254761,0.9166139392359188,0.8076411627510733,0.0329089344967047,70.0
1652965426.484272,-0.0749037265777587,0.1230587363243103,-0.3620871901512146,0.5463088154792786,-0.7232704162597656,-0.4224056303501129,-0.0967458263039588,-0.2307568788528442,0.130612313747406,0.9126121595908098,0.8085265459029661,0.0359243744438974,70.0
1652965426.494231,-0.0692816376686096,0.1285178661346435,-0.3264475464820862,0.5445013642311096,-0.7232503890991211,-0.424767255783081,-0.1504340916872024,-0.3104437291622162,0.0506586246192455,0.908305867780682,0.8084974893024905,0.0381003572193093,70.0
1652965426.503868,-0.0655227899551391,0.1231822073459625,-0.3056194186210632,0.5429549813270569,-0.7225025296211243,-0.4280070066452026,-0.247405856847763,-0.3586819767951965,-0.0166936311870813,0.9032353898637824,0.8074151565652974,0.0404566858042799,70.0
1652965426.513986,-0.0682481527328491,0.1073380708694458,-0.264962375164032,0.5415909886360168,-0.7209842801094055,-0.4322739541530609,-0.3824432790279388,-0.3829811811447143,-0.049301378428936,0.8971809565664135,0.8052216764384625,0.0436907928073913,70.0
1652965426.523702,-0.0757691860198974,0.0870096683502197,-0.2272884845733642,0.5403230786323547,-0.7187869548797607,-0.4374887347221374,-0.4809606671333313,-0.3928437829017639,-0.0678020119667053,0.8901807839334472,0.8020559221906516,0.0480450910964037,70.0
1652965426.533728,-0.0739663243293762,0.0634986758232116,-0.1857331991195678,0.5391152501106262,-0.7162290811538696,-0.4431372880935669,-0.5083240866661072,-0.3902264237403869,-0.0781968608498573,0.8828010721546546,0.7983837357809545,0.0529067112905569,70.0
1652965426.5437331,-0.0711521506309509,0.0410695374011993,-0.1305142641067505,0.5379490256309509,-0.7135561108589172,-0.4488301277160644,-0.4994107484817505,-0.3867049813270569,-0.0854642540216445,0.8754667387197542,0.7945610066913512,0.057720329463039,70.0
1652965426.553687,-0.0784749984741211,0.0145513713359832,-0.0833618640899658,0.5368642210960388,-0.7110564112663269,-0.4540655016899109,-0.3986284434795379,-0.367899090051651,-0.0927495956420898,0.8687611226859457,0.7909995427733998,0.0618138732233182,70.0
1652965426.563571,-0.0797656774520874,-0.0101443529129028,-0.0407818555831909,0.5358660817146301,-0.7090502977371216,-0.4583614766597748,-0.2664294838905334,-0.3508536219596863,-0.0925981700420379,0.8631954451941537,0.788150480103764,0.0645889205353524,70.0
1652965426.573608,-0.0760594606399536,-0.0166642069816589,-0.0116569399833679,0.5349217653274536,-0.7075966000556946,-0.4616987407207489,-0.1732632964849472,-0.3326972424983978,-0.0825940072536468,0.858737673329502,0.7860910875996618,0.066103017015389,70.0
