1652957186.314445,-0.0204623937606811,-0.02131849527359,0.020023226737976,-0.5416409373283386,-0.0462225452065467,-0.8393381834030151,-0.3651010990142822,-0.7112176418304443,-0.3778446316719055,-0.5730775489596156,0.0462390207883419,0.3325115651493482,75.0
1652957186.324566,-0.0370319485664367,-0.0392717719078063,0.0260451436042785,-0.5471813678741455,-0.0455458611249923,-0.8357739448547363,-0.2899172902107239,-0.6552218198776245,-0.3702345490455627,-0.5796723279830117,0.0455616230162591,0.3276031047518597,75.0
1652957186.33427,-0.0460400581359863,-0.0465704798698425,0.0204853862524032,-0.552241861820221,-0.0454792566597461,-0.8324425220489502,-0.2262232601642608,-0.6023285388946533,-0.3708348274230957,-0.5857372274264789,0.0454949501724567,0.3230949428069082,75.0
1652957186.344182,-0.0505369305610656,-0.0453923344612121,0.0213829316198825,-0.5568849444389343,-0.0459495596587657,-0.8293176889419556,-0.1706563979387283,-0.5626992583274841,-0.3725036978721618,-0.5913397443917545,0.0459657460286236,0.3189426588178267,75.0
1652957186.354185,-0.0542309880256652,-0.043943166732788,0.0248994529247283,-0.561171293258667,-0.0468568317592144,-0.8263723254203796,-0.1269994676113128,-0.5188774466514587,-0.3750073313713074,-0.596545951095867,0.0468739946047085,0.3150460356698988,75.0
1652957186.36409,-0.0549073815345764,-0.0354493856430053,0.0267763435840606,-0.5651640892028809,-0.0481080934405326,-0.8235746622085571,-0.0935341268777847,-0.4961047768592834,-0.3691283762454986,-0.601426493669184,0.0481266702836183,0.3113713484809673,75.0
1652957186.374266,-0.0480340719223022,-0.0388077497482299,0.0319577604532241,-0.56901615858078,-0.0496426783502101,-0.8208265900611877,-0.0609029456973075,-0.4945095479488373,-0.366746723651886,-0.6061633852539381,0.0496630926681687,0.3079031620682406,75.0
1652957186.38402,-0.0371727347373962,-0.0596076846122741,0.0355413444340229,-0.5729957222938538,-0.0514714829623699,-0.8179404735565186,-0.0164952687919139,-0.5244091749191284,-0.3590990304946899,-0.6110847921432461,0.0514942392105525,0.3047333397863755,75.0
1652957186.393903,-0.0280653238296508,-0.0934811234474182,0.0376097857952117,-0.5772356986999512,-0.0536467619240284,-0.814813494682312,0.0288160201162099,-0.5630556344985962,-0.3466817736625671,-0.6163591335137125,0.0536725260362328,0.3018940688509851,75.0
1652957186.403969,-0.0190948843955993,-0.1194056868553161,0.0316830277442932,-0.5817352533340454,-0.0560970790684223,-0.8114414215087891,0.0533936657011508,-0.5890425443649292,-0.3406336605548858,-0.6219889337720834,0.0561265437861454,0.2993767612200403,75.0
1652957186.413942,-0.0212404727935791,-0.1267917156219482,0.024478331208229,-0.586318850517273,-0.05855118855834,-0.807961642742157,0.0351821742951869,-0.5858196020126343,-0.3360508978366852,-0.6277515255910716,0.0585846945566595,0.2969033129766484,75.0
1652957186.423915,-0.0285261869430542,-0.131212830543518,0.0042178481817245,-0.5907213091850281,-0.0606448352336883,-0.8045934438705444,-0.0186142809689044,-0.5527895092964172,-0.3243335783481598,-0.6333031661888711,0.0606820685076894,0.2942779942989019,75.0
1652957186.433852,-0.031381070613861,-0.1255543828010559,-0.0181208550930023,-0.594763457775116,-0.061972502619028,-0.8015085458755493,-0.109985738992691,-0.4971103072166443,-0.2812875807285309,-0.6383968938957898,0.0620122402887529,0.2914769758358978,75.0
1652957186.4439778,-0.031875729560852,-0.1192471981048584,-0.0220303237438201,-0.598236083984375,-0.0623660162091255,-0.7988893389701843,-0.1961362063884735,-0.4162776172161102,-0.2462388277053833,-0.6427548997941515,0.0624065160995249,0.2884471812874362,75.0
1652957186.4539251,-0.0226907730102539,-0.1124261021614074,-0.0002784989774227,-0.6011801362037659,-0.0619620792567729,-0.7967077493667603,-0.2533241212368011,-0.3618558943271637,-0.2181065380573272,-0.6464262158800753,0.0620017972138504,0.2852455651016116,75.0
1652957186.463845,-0.0162022113800048,-0.1079568862915039,0.0220749974250793,-0.6037625074386597,-0.0611680075526237,-0.7948140501976013,-0.2703251540660858,-0.3257144093513489,-0.2034906893968582,-0.6496341965823673,0.0612062157738409,0.2819747307080638,75.0
1652957186.4739609,-0.0160831212997436,-0.104252815246582,0.0261661708354949,-0.6060483455657959,-0.0601932629942894,-0.7931470274925232,-0.2720988094806671,-0.2817919552326202,-0.1786010563373565,-0.6524679270789709,0.0602296717953062,0.2788421728107003,75.0
1652957186.4837608,-0.0225248932838439,-0.0986457467079162,0.027606189250946,-0.6080446839332581,-0.0590392984449863,-0.791704535484314,-0.269439697265625,-0.2488004565238952,-0.1478685885667801,-0.6549343148090429,0.0590736508505725,0.2759244247822573,75.0
1652957186.493874,-0.0272637009620666,-0.1013058423995971,0.0413884222507476,-0.6098060607910156,-0.0578984282910823,-0.7904330492019653,-0.2289391607046127,-0.2197789251804351,-0.122221291065216,-0.6571093952076336,0.0579308253831488,0.2733434419659907,75.0
1652957186.505352,-0.0263524651527404,-0.1022907495498657,0.0455603748559951,-0.6114039421081543,-0.0569739304482936,-0.789264976978302,-0.1902909576892852,-0.2072210013866424,-0.1079699546098709,-0.6590912514492748,0.0570047996997428,0.2711800150090044,75.0
1652957186.513359,-0.0234808921813964,-0.0883361101150512,0.0407531559467315,-0.6129175424575806,-0.0562255419790744,-0.7881439328193665,-0.1740826964378357,-0.1897778362035751,-0.1079465150833129,-0.6609772908759384,0.0562552077360395,0.2692310934580033,75.0
1652957186.5233002,-0.0255212783813476,-0.0831861495971679,0.0303352177143096,-0.6143561601638794,-0.0555885136127471,-0.7870683073997498,-0.1568038463592529,-0.1862214505672454,-0.0992403775453567,-0.6627760235211579,0.0556171832342819,0.2674088994185045,75.0
1652957186.5334,-0.0228000283241271,-0.0823437571525573,0.0236602425575256,-0.6157498955726624,-0.0550170317292213,-0.7860186100006104,-0.144690454006195,-0.1833518892526626,-0.0887624323368072,-0.6645232556368651,0.0550448227799403,0.2657597537699287,75.0
1652957186.543395,-0.0103908777236938,-0.0944504141807556,0.0166151374578475,-0.6171574592590332,-0.0543653704226017,-0.7849593162536621,-0.1509110629558563,-0.1926848292350769,-0.0753331705927848,-0.6662871471561627,0.0543921851906178,0.2642098145581715,75.0
1652957186.553426,0.0037564039230346,-0.1015769839286804,0.0077723562717437,-0.6186552047729492,-0.0536402612924575,-0.7838294506072998,-0.1560176759958267,-0.1996615082025528,-0.0731206163764,-0.6681655877267281,0.0536660160386637,0.2626889350027865,75.0
1652957186.5632849,0.0133836269378662,-0.1095834970474243,0.0055314749479293,-0.620164692401886,-0.0528489686548709,-0.7826894521713257,-0.1648652255535125,-0.1988702416419983,-0.0760901197791099,-0.6700594327010142,0.0528736015258092,0.2611345437996984,75.0
1652957186.573298,0.0080738067626953,-0.114065408706665,0.0039403140544891,-0.6215993165969849,-0.0519597120583057,-0.7816101908683777,-0.1765168309211731,-0.1753982156515121,-0.0674753338098526,-0.6718565462016234,0.0519831216311429,0.2595429903596163,75.0
1652957186.583778,-0.0026443004608154,-0.1163499951362609,-0.0054731220006942,-0.6227983236312866,-0.0508318096399307,-0.7807294130325317,-0.2073758840560913,-0.135050892829895,-0.0448206961154937,-0.6733450852247218,0.0508537260920863,0.2579148754827235,75.0
1652957186.593471,-0.0090574622154235,-0.1137760877609252,-0.0134907960891723,-0.6236177682876587,-0.0492685846984386,-0.7801753282546997,-0.245858296751976,-0.084195964038372,-0.0240975711494684,-0.6743324538558502,0.0492885388404462,0.2562368175857582,75.0
1652957186.604471,-0.0049260854721069,-0.1096718311309814,-0.0173430442810058,-0.6240718364715576,-0.0473542101681232,-0.7799307703971863,-0.2686820924282074,-0.0404777228832244,-0.0076924613676965,-0.6748403990610214,0.0473719249578879,0.2544996459781684,75.0
1652957186.614609,0.0040445923805236,-0.11244398355484,-0.0167025327682495,-0.6242992281913757,-0.0452328771352767,-0.7798746824264526,-0.2778220772743225,-0.018661106005311,0.0105139724910259,-0.675053195256928,0.0452483145449815,0.2528125970523936,75.0
1652957186.623076,0.0055952072143554,-0.1068028807640075,-0.007528081536293,-0.624308705329895,-0.0430242605507373,-0.7799921035766602,-0.2617285847663879,0.0163325648754835,0.0187711045145988,-0.6749871546149442,0.0430375460609725,0.2512395578350812,75.0
1652957186.6330829,0.0078920125961303,-0.1034531593322753,0.0034931451082229,-0.6240725517272949,-0.0409992523491382,-0.7802900671958923,-0.231349378824234,0.0435660481452941,0.0189641825854778,-0.6746162908689983,0.0410107484031638,0.2498454825713871,75.0
1652957186.683663,0.016230285167694,-0.0981514453887939,0.003820851445198,-0.6236827969551086,-0.0392059721052646,-0.7806937098503113,-0.2032064199447631,0.0555582605302333,0.027546752244234,-0.6740593528332172,0.0392160236996212,0.2486959849904851,75.0
1652957186.6929898,0.0597220659255981,-0.0481929779052734,-0.0139631032943725,-0.6198112964630127,-0.0300890151411294,-0.7841739058494568,-0.2022628039121627,0.0896117910742759,0.0074223093688488,-0.6688599944985019,0.0300935564640872,0.2434932061106297,75.0
1652957186.702847,0.0625332593917846,-0.0389159321784973,-0.0154114514589309,-0.6191129684448242,-0.0285185910761356,-0.7847839593887329,-0.2045274823904037,0.0700311586260795,-0.0038316394202411,-0.6679334658245036,0.0285224573711676,0.2422519871794945,75.0
