1655120378.231624,0.0187036395072937,-0.0535411238670349,0.0123668611049652,0.6746098399162292,0.4712298512458801,-0.5681934952735901,0.3546184003353119,0.0005707687232643,0.1260406970977783,0.8708158973924742,-0.4906846485226484,-0.0895110675880964,74.0
1655120378.241608,0.0280843377113342,-0.0612266659736633,0.0376496613025665,0.6751931309700012,0.4681485593318939,-0.570044755935669,0.4476644992828369,0.0039847809821367,0.1189439073204994,0.8696387226519358,-0.4871944049845063,-0.0920505799949456,74.0
1655120378.2515712,0.034642219543457,-0.0579376220703125,0.0498795509338378,0.6757153868675232,0.4646162688732147,-0.5723114609718323,0.5221467018127441,-0.0051693022251129,0.1096553280949592,0.86806327722568,-0.4832012016571061,-0.0954027988957862,74.0
1655120378.26156,0.0408613681793212,-0.0469120740890502,0.0507343411445617,0.6761337518692017,0.4608165621757507,-0.5748836398124695,0.5447902083396912,-0.0260243564844131,0.1088944673538208,0.8661563621550288,-0.4789150411821726,-0.0991775933907313,74.0
1655120378.272087,0.0591717362403869,-0.0405068397521972,0.0480659008026123,0.676500141620636,0.4569083452224731,-0.5775656700134277,0.5215783715248108,-0.0429964140057563,0.1414851695299148,0.8641260702032146,-0.4745164232482063,-0.1028688235975442,74.0
1655120378.281513,0.0946484208106994,-0.0425820350646972,0.0629587471485138,0.6769121289253235,0.4529561102390289,-0.5801901817321777,0.4783126413822174,-0.0627495050430297,0.1756212264299392,0.8621872468689585,-0.4700783191000164,-0.1059615450521138,74.0
1655120378.291426,0.1340491771697998,-0.0497524738311767,0.0950517356395721,0.6773978471755981,0.4489393234252929,-0.5827396512031555,0.4343531727790832,-0.0912621095776557,0.2330206036567688,0.8603747053224059,-0.4655779554184245,-0.1083473735064225,74.0
1655120378.301344,0.1704351305961609,-0.0495374798774719,0.1286767125129699,0.6779381036758423,0.4446874856948852,-0.5853655338287354,0.4180804193019867,-0.1332485377788543,0.3024899363517761,0.8585456057813465,-0.4608253290446762,-0.1099810364582423,74.0
1655120378.311549,0.1981285810470581,-0.0325163602828979,0.1411087214946746,0.6785650253295898,0.439930647611618,-0.5882264971733093,0.4041883051395416,-0.1760378181934356,0.394137293100357,0.8565904999604481,-0.4555214356077856,-0.1109253070865854,74.0
1655120378.324258,0.2274479866027832,-0.0185459852218627,0.1481589078903198,0.6793970465660095,0.4346352219581604,-0.591195285320282,0.35282102227211,-0.203974112868309,0.5113692283630371,0.8547047907044798,-0.4496332027937949,-0.1108291811679339,74.0
1655120378.33125,0.2565208673477173,-0.0233622789382934,0.172075092792511,0.6806586384773254,0.4288922548294067,-0.593932032585144,0.2597765922546386,-0.2129726707935333,0.6493452191352844,0.8533361324392825,-0.4432661603906577,-0.1091411110652861,74.0
1655120378.3413858,0.2728288769721985,-0.0396177172660827,0.1976067721843719,0.6824779510498047,0.4227239787578583,-0.5962617993354797,0.1562499105930328,-0.2114677131175995,0.8044924139976501,0.8527190187709839,-0.4364489503584695,-0.1056074748288311,74.0
1655120378.351204,0.2885587811470032,-0.0436091423034668,0.2198793292045593,0.684951901435852,0.4160307049751282,-0.5981298685073853,0.0666776895523071,-0.1969260573387146,0.9691380858421326,0.852961961058204,-0.4290759533409578,-0.1001219808268196,74.0
1655120378.361292,0.3129313588142395,-0.0539711713790893,0.2411240637302398,0.6881977319717407,0.4086561501026153,-0.5994864702224731,-0.0160573385655879,-0.1712820082902908,1.1453523635864258,0.8541815421623158,-0.4209811785104357,-0.0927364620704173,74.0
1655120378.371076,0.3313360214233398,-0.0678251981735229,0.2586692869663238,0.6921319365501404,0.4005408585071563,-0.6004335284233093,-0.1182835698127746,-0.1722026616334915,1.3297094106674194,0.8562224527747635,-0.4121070500252787,-0.0833522551133581,74.0
1655120378.381285,0.3489686250686645,-0.0949717164039611,0.2675821185111999,0.6968076825141907,0.3916738629341125,-0.6008749008178711,-0.239146813750267,-0.1654056906700134,1.533881664276123,0.8591901794342006,-0.402450112687195,-0.0717079366788246,74.0
1655120378.391074,0.3639950156211853,-0.0917557477951049,0.2886652052402496,0.7020907402038574,0.382080614566803,-0.6009017825126648,-0.3300543427467346,-0.1551264077425003,1.7163546085357666,0.8629015024725722,-0.3920466936993953,-0.0578986396083706,74.0
1655120378.400951,0.3722094297409057,-0.1059844493865966,0.2985540926456451,0.7080211639404297,0.3713830113410949,-0.6006501317024231,-0.3372015953063965,-0.127670556306839,1.906630516052246,0.8672606548241781,-0.3804981259761155,-0.0425178325110961,74.0
1655120378.411162,0.3749831914901733,-0.1485313177108764,0.3060560822486877,0.7146315574645996,0.35912024974823,-0.6002785563468933,-0.3151889741420746,-0.1067730039358139,2.106776475906372,0.8721463032520144,-0.3673251007302702,-0.0259951475311527,74.0
1655120378.461365,0.4168842434883117,-0.2309871315956115,0.2733171582221985,0.7294169664382935,0.3292981386184692,-0.5995945930480957,-0.1589958518743515,-0.0423170961439609,2.4533088207244877,0.8827726158999837,-0.3355601564572609,0.009161930592251,74.0
1655120378.4617748,0.4165495634078979,-0.2752085924148559,0.2310603260993957,0.7374878525733948,0.3114811778068542,-0.599242091178894,-0.0597034841775894,0.0410534776747226,2.5972280502319336,0.8884526385729472,-0.316751360171161,0.0268296751757614,74.0
1655120378.461894,0.3896224498748779,-0.2963319420814514,0.1877685189247131,0.7459976077079773,0.2920898199081421,-0.5984740257263184,-0.0073175095021724,0.1527086347341537,2.693877935409546,0.8946870028687378,-0.296411220230371,0.0444915951291779,74.0
1655120378.462027,0.3660505414009094,-0.301272451877594,0.1584911346435547,0.7549057602882385,0.271699845790863,-0.5969056487083435,0.0270567759871482,0.2767485380172729,2.744537353515625,0.9017505676929406,-0.2751588802111718,0.0619618916726949,74.0
1655120378.462161,0.3917175531387329,-0.1914342641830444,0.3002188801765442,0.7218077778816223,0.3451515436172485,-0.5998865962028503,-0.2670283317565918,-0.0716443583369255,2.288245439529419,0.8773839687841763,-0.3524002516648982,-0.0086113729722287,74.0
1655120378.4723291,0.3409990072250366,-0.3353224396705627,0.1531728506088256,0.7640882134437561,0.2502542436122894,-0.5945940017700195,0.1399638950824737,0.3898442089557647,2.8035168647766118,0.9095059843578164,-0.2529428406470553,0.0789939531532343,74.0
1655120378.4809542,0.2914450764656067,-0.3250039219856262,0.171557143330574,0.7733893990516663,0.2273533344268798,-0.591759443283081,0.307284414768219,0.4788125455379486,2.835618734359741,0.9176691044800154,-0.2293589752981,0.0948828944939734,74.0
1655120378.490724,0.2460408210754394,-0.2858492136001587,0.1957972645759582,0.7825082540512085,0.2029606401920318,-0.5886320471763611,0.5210310816764832,0.5500214695930481,2.829545259475708,0.9258647876089586,-0.2043805493223229,0.1089975061531343,74.0
1655120378.5006351,0.2065008282661438,-0.2311848402023315,0.1902237832546234,0.7912560701370239,0.1772841513156891,-0.5852214694023132,0.704043984413147,0.614755392074585,2.8046021461486816,0.9339775564986346,-0.1782261996067907,0.1210786625869073,74.0
1655120378.510704,0.1603904366493225,-0.1842267513275146,0.1772825121879577,0.7995398640632629,0.1507051438093185,-0.5813983082771301,0.8682163953781128,0.6675158143043518,2.747072458267212,0.9420697849255614,-0.1512815205874585,0.1312322541810346,74.0
1655120378.520603,0.1280257105827331,-0.1318783164024353,0.1673463582992553,0.8071700930595398,0.1236997693777084,-0.5772128701210022,0.9693549275398254,0.6832113862037659,2.673386812210083,0.9500033316417524,-0.1240174314345353,0.139665274216417,74.0
1655120378.530589,0.1166592836380004,-0.0834155678749084,0.1545856297016143,0.81394362449646,0.096818171441555,-0.572819173336029,1.0053036212921145,0.6758847236633301,2.5715012550354004,0.9575527776822408,-0.0969700749688553,0.1467860856731372,74.0
1655120378.540385,0.0875568985939025,-0.0265001058578491,0.1304095983505249,0.8199136853218079,0.0705791786313057,-0.5681197047233582,1.029140591621399,0.6869245171546936,2.451495885848999,0.9648501203123088,-0.0706379046384285,0.1528312797212323,74.0
1655120378.5502791,0.0444298982620239,0.0046697854995727,0.1162374019622802,0.8251379132270813,0.0451242811977863,-0.563126266002655,1.050092697143555,0.6750326752662659,2.331995725631714,0.9719372438615712,-0.0451396090563216,0.1577857138369066,74.0
1655120378.560497,0.0129892230033874,0.0402625203132629,0.114641398191452,0.8296315670013428,0.0205667521804571,-0.5579322576522827,1.0537158250808716,0.6744797825813293,2.2009615898132324,0.9787619472811157,-0.0205682031053658,0.1617950790902337,74.0
1655120378.570142,-0.0245340466499328,0.0641939640045166,0.1053899526596069,0.8334633708000183,-0.0029271929524838,-0.5525668263435364,1.0607178211212158,0.6492271423339844,2.063366413116455,0.9853526546778596,0.0029271970403746,0.164821919553583,74.0
1655120378.580076,-0.0666579604148864,0.0739320516586303,0.0911338031291961,0.8367536067962646,-0.0255057383328676,-0.5469850897789001,1.092037558555603,0.6466264724731445,1.9496952295303345,0.9918250843906306,0.0255085048236925,0.1668361655989956,74.0
1655120378.590059,-0.1151142716407775,0.0860500335693359,0.089680828154087,0.8394487500190735,-0.0471698343753814,-0.5413875579833984,1.0839825868606567,0.6056316494941711,1.833139419555664,0.9979919250057911,0.0471873425375668,0.1679867507324613,74.0
1655120378.600034,-0.1533026695251464,0.100519061088562,0.0857286751270294,0.8415960073471069,-0.0677843317389488,-0.5358371734619141,1.046181321144104,0.5761091709136963,1.724655032157898,1.0038336640035856,0.0678363485526032,0.1686161632017292,74.0
1655120378.610108,-0.1834461688995361,0.1142165660858154,0.0824469625949859,0.8432514071464539,-0.0871008783578872,-0.5304153561592102,0.9657312631607056,0.530547022819519,1.6027075052261353,1.0093170776211218,0.0872113870335175,0.1690171539508907,74.0
1655120378.620205,-0.2054179906845092,0.1425148844718933,0.068194568157196,0.8444254994392395,-0.1049224585294723,-0.5252969264984131,0.8931313753128052,0.4692627191543579,1.469571828842163,1.0143023582642927,0.1051159275490479,0.1692301547363876,74.0
1655120378.630011,-0.2275381684303283,0.1676777005195617,0.0555299594998359,0.8450612425804138,-0.1210053861141204,-0.5207966566085815,0.7313510179519653,0.390873372554779,1.3457263708114624,1.0184901908177593,0.1213026481104309,0.1696792693786343,74.0
1655120378.639986,-0.2425343990325927,0.1894114017486572,0.0394378304481506,0.8453022837638855,-0.1351562142372131,-0.5169109106063843,0.5566573143005371,0.3398963212966919,1.229602932929993,1.0219564487917467,0.1355711198866943,0.1709279561973956,74.0
1655120378.650001,-0.259781002998352,0.2032256126403808,0.0469685792922973,0.8453369736671448,-0.1475544869899749,-0.5134521126747131,0.446417897939682,0.3195399045944214,1.113161325454712,1.0249582141690354,0.1480952384137326,0.1728191463339426,74.0
1655120378.6599169,-0.2933733463287353,0.1779972314834594,0.081591784954071,0.8452379107475281,-0.158679187297821,-0.5102880001068115,0.4514147639274597,0.2552921175956726,0.9918555021286012,1.0276451857834268,0.159352741478491,0.1744428529512703,74.0
1655120378.669948,-0.3152137994766235,0.1821820735931396,0.0972649455070495,0.8447547554969788,-0.1688439100980758,-0.5078199505805969,0.4471119046211242,0.1635235697031021,0.8885993957519531,1.029535448967869,0.1696566206956708,0.1754440663652864,74.0
1655120378.679974,-0.3165140151977539,0.1848019361495971,0.0581832230091095,0.8439949750900269,-0.178041011095047,-0.5059384703636169,0.4012193977832794,0.1089465096592903,0.7829335927963257,1.030776406149139,0.1789952977274146,0.1760861019265545,74.0
1655120378.689979,-0.3281928896903991,0.1859855651855468,0.021582156419754,0.8431464433670044,-0.1860566586256027,-0.5044670701026917,0.3321460485458374,0.075709193944931,0.680620014667511,1.0316167891865045,0.1871471913479292,0.176692123458944,74.0
1655120378.699782,-0.3478291034698486,0.1879979968070984,0.0134253203868865,0.8421984910964966,-0.1929144412279129,-0.5034735202789307,0.265716016292572,0.0254686623811721,0.6013451814651489,1.0319896778121842,0.1941315145019575,0.1774270788242067,74.0
1655120378.70977,-0.3470342755317688,0.1862180829048156,0.0284841507673263,0.8410679697990417,-0.1988942772150039,-0.5030363202095032,0.2198760956525802,-0.0292662214487791,0.5386655926704407,1.0317806791577215,0.2002295284535795,0.1783224561436346,74.0
1655120378.719707,-0.3442796468734741,0.1712833046913147,0.0414982438087463,0.8398239016532898,-0.2041873782873153,-0.502994179725647,0.2187622934579849,-0.0663763582706451,0.4588642120361328,1.031165354924326,0.2056335290029553,0.1790042410715615,74.0
1655120378.72966,-0.3567264676094055,0.1628925800323486,0.0555832833051681,0.8385531306266785,-0.2088272422552108,-0.5032093524932861,0.2457891255617141,-0.0975870117545127,0.3719519674777984,1.0303088841263843,0.2103756155161802,0.1791887049095072,74.0
1655120378.739668,-0.3784927725791931,0.1527384519577026,0.0424693971872329,0.8372480869293213,-0.2128642797470092,-0.5036906003952026,0.2707227766513824,-0.1513948440551757,0.2879766821861267,1.029199284769636,0.2145054875860627,0.1786334914876145,74.0
1655120378.749576,-0.3905317783355713,0.1687895059585571,0.0157514512538909,0.835737407207489,-0.2162824422121048,-0.5047423839569092,0.1917406022548675,-0.2188521921634674,0.2477927654981613,1.0274785571432,0.2180051734016217,0.1779474121485775,74.0
1655120378.759822,-0.3972922563552856,0.1885338425636291,-0.0023186206817626,0.8339986205101013,-0.2188422530889511,-0.5065117478370667,0.0278045255690813,-0.2709189653396606,0.2320996820926666,1.0250050993583268,0.2206278048853245,0.1782028405322233,74.0
1655120378.769488,-0.3935641050338745,0.1982781291007995,0.0123477578163146,0.8319032192230225,-0.2204165756702423,-0.5092675685882568,-0.1571693271398544,-0.3619575202465057,0.2257563024759292,1.0214751323826967,0.2222415342243386,0.1800371341839572,74.0
1655120378.7794309,-0.3547760248184204,0.2141644358634948,0.018724650144577,0.8294006586074829,-0.2211019843816757,-0.5130384564399719,-0.2769645154476166,-0.4339675307273865,0.2068114429712295,1.0168376357444462,0.2229442746954204,0.1831245708226658,74.0
1655120378.789366,-0.324658453464508,0.2038534879684448,0.0084237605333328,0.826565682888031,-0.2210396826267242,-0.5176199674606323,-0.3485438823699951,-0.5045865774154663,0.1716649085283279,1.0113132040093538,0.2228803986779346,0.1868790919194402,74.0
1655120378.799341,-0.3049401044845581,0.1890451312065124,-0.0057205557823181,0.823448896408081,-0.220551997423172,-0.5227701663970947,-0.350772500038147,-0.5676688551902771,0.1493968963623047,1.0051420703357976,0.2223803655394311,0.1907882728170864,74.0
1655120378.809325,-0.2858933210372925,0.1793257594108581,-0.0097231119871139,0.8199965953826904,-0.2199216037988662,-0.5284315943717957,-0.3384300768375397,-0.6242098808288574,0.1426076889038086,0.998345661733692,0.2217341095669794,0.1945611637930138,74.0
1655120378.819313,-0.2636467814445495,0.1588456630706787,-0.0156400799751281,0.8161674737930298,-0.2194215059280395,-0.5345324277877808,-0.3155762553215027,-0.6946367621421814,0.1564764082431793,0.9909632927884884,0.2212214911281815,0.1981527859432729,74.0
1655120378.8293982,-0.2426053285598755,0.1587533950805664,-0.0098160207271575,0.8119412660598755,-0.2190200090408325,-0.5410929918289185,-0.3304649293422699,-0.7494616508483887,0.1716763973236084,0.9829652592032614,0.2208099852263279,0.2018512680306524,74.0
1655120378.8391929,-0.2148714065551757,0.1579276323318481,-0.0141751766204833,0.8072937726974487,-0.2185976356267929,-0.5481711626052856,-0.336637407541275,-0.8170645833015442,0.1694719493389129,0.9742879222124796,0.2203771176436725,0.2056343133641719,74.0
1655120378.849225,-0.1795833706855774,0.1613608598709106,-0.0309100747108459,0.8022487163543701,-0.2180217951536178,-0.5557548999786377,-0.378326803445816,-0.8783236742019653,0.1767394542694091,0.9649551747658872,0.2197870452033964,0.2096062983058655,74.0
1655120378.859108,-0.1442932486534118,0.1475683450698852,-0.0473623424768447,0.7968047261238098,-0.2172555476427078,-0.5638281106948853,-0.4272761642932892,-0.9299860000610352,0.1952211409807205,0.9549802877639892,0.219001970675506,0.2140674802918521,74.0
1655120378.869112,-0.1005412340164184,0.1250081658363342,-0.0735823810100555,0.7909556031227112,-0.2161820083856582,-0.5724111795425415,-0.5028390884399414,-0.9753095507621764,0.1968429982662201,0.9443435731376288,0.2179023054545656,0.2190961507573126,74.0
1655120378.8790278,-0.0769435167312622,0.0851343274116516,-0.0761297643184661,0.7849054336547852,-0.2147027254104614,-0.5812281370162964,-0.5339636206626892,-0.9864935278892516,0.1883928775787353,0.933398336454307,0.2163874511682818,0.2245566405233763,74.0
1655120378.8890162,-0.0607930421829223,0.0229538679122924,-0.064514011144638,0.7787189483642578,-0.2130433320999145,-0.5900925993919373,-0.5067772269248962,-1.0044478178024292,0.1622326374053955,0.9223387295270674,0.2146887474195677,0.2299074420895148,74.0
1655120378.8990831,-0.0384272933006286,-0.0229794383049011,-0.0649582296609878,0.7723901271820068,-0.2113478928804397,-0.5989536046981812,-0.4595765769481659,-1.0227820873260498,0.1384712010622024,0.9112022371624025,0.212953799154181,0.2347303885324192,74.0
1655120378.908932,-0.0158258080482482,-0.0379752516746521,-0.0789413899183273,0.7660393118858337,-0.2096174955368042,-0.6076546311378479,-0.4335162043571472,-0.9994701743125916,0.1148697212338447,0.9001896393147278,0.2111837504921459,0.239098767929247,74.0
1655120378.918864,0.0162937641143798,-0.0508823990821838,-0.0876376628875732,0.7598443627357483,-0.2079708129167556,-0.6159419417381287,-0.3579687476158142,-0.9565277695655824,0.0988371148705482,0.88961570115676,0.2094999584969334,0.2429742740963228,74.0
1655120378.9288468,0.0540893673896789,-0.0861501693725586,-0.0943986773490905,0.7540159821510315,-0.2068250328302383,-0.623444676399231,-0.1984083652496338,-0.8799935579299927,0.052101831883192,0.879907114414973,0.2083287108647326,0.245702203013423,74.0
1655120378.938786,0.0804911255836486,-0.1339181065559387,-0.0979652404785156,0.748717188835144,-0.206356018781662,-0.6299521923065186,-0.0101073700934648,-0.8018777966499329,-0.0077182818204164,0.8713306470824552,0.2078493540854052,0.246664707408495,74.0
1655120378.948811,0.0935037732124328,-0.1942038536071777,-0.107763722538948,0.7440357804298401,-0.2066283226013183,-0.6353859901428223,0.1668255925178527,-0.7052452564239502,-0.0553252175450325,0.8640006143360203,0.2081276475704074,0.2458122444139733,74.0
1655120378.958704,0.0954863429069519,-0.2603999972343445,-0.1074429899454116,0.7401305437088013,-0.2075746804475784,-0.6396244168281555,0.3115309178829193,-0.5769327878952026,-0.1043944954872131,0.8581131647543003,0.2090949893378047,0.2434447383507109,74.0
1655120378.96883,0.0823845863342285,-0.3183613419532776,-0.086677610874176,0.7371343374252319,-0.2091139853000641,-0.6425762176513672,0.4847801923751831,-0.455899029970169,-0.1653997898101806,0.8538259028717042,0.2106688283752619,0.2395030897055701,74.0
1655120378.978641,0.0778801441192627,-0.3576804995536804,-0.0820617973804473,0.7349860072135925,-0.2113036662340164,-0.6443184614181519,0.6202675104141235,-0.3377591073513031,-0.2192662507295608,0.8510379887648812,0.2129085465871765,0.2339175006488047,74.0
1655120378.988462,0.0658343434333801,-0.3647659420967102,-0.097548708319664,0.7338328957557678,-0.2135932445526123,-0.6448776125907898,0.6572327017784119,-0.184918463230133,-0.28677898645401,0.8498294651775092,0.2152516183896526,0.2272849990283207,74.0
1655120378.998369,0.0282856822013854,-0.3760585784912109,-0.12509286403656,0.7338754534721375,-0.2154222428798675,-0.6442204117774963,0.6528001427650452,-0.0152119761332869,-0.3675044476985931,0.8503637931663888,0.2171242029989137,0.2200596207198276,74.0
1655120379.00834,-0.0066256523132324,-0.3818125128746032,-0.1414535194635391,0.7351716756820679,-0.2165176272392273,-0.6423726677894592,0.6086441278457642,0.147528737783432,-0.4410279393196106,0.8526620618599509,0.2182460671706596,0.2125154695286695,74.0
1655120379.018289,-0.0354200601577758,-0.3869591951370239,-0.1465210318565368,0.7376142144203186,-0.2167602032423019,-0.6394843459129333,0.5595319867134094,0.2948582768440246,-0.5125508308410645,0.8565363488889467,0.2184945476109791,0.204795234136295,74.0
1655120379.028288,-0.0653705596923828,-0.3851519227027893,-0.151555597782135,0.7412432432174683,-0.2159828245639801,-0.6355390548706055,0.4813375771045685,0.4682697355747223,-0.5973021984100342,0.8620241133145529,0.2176982972302879,0.1970579455821311,74.0
1655120379.038382,-0.1022300124168396,-0.3730720281600952,-0.156674176454544,0.7460744976997375,-0.2140228301286697,-0.6305291056632996,0.3940812349319458,0.6360382437705994,-0.6718275547027588,0.8691370267928782,0.2156913690892221,0.1894744483954161,74.0
1655120379.048156,-0.1261261701583862,-0.3704963326454162,-0.1647417396306991,0.7520415186882019,-0.2110211551189422,-0.6244224905967712,0.3456210494041443,0.789467990398407,-0.7475902438163757,0.8778489942859731,0.2126195215018324,0.1819508582086616,74.0
1655120379.058177,-0.1536611914634704,-0.3639167547225952,-0.16394904255867,0.7589924931526184,-0.2071904689073562,-0.6172539591789246,0.3152367770671844,0.939646065235138,-0.8093734383583069,0.888025557734847,0.208702229174399,0.1743235277575481,74.0
1655120379.068429,-0.1939003467559814,-0.353940486907959,-0.1513839960098266,0.7668525576591492,-0.2026809304952621,-0.6089807152748108,0.2809429168701172,1.073710322380066,-0.862524151802063,0.8996448524673993,0.2040949051844995,0.166632577671895,74.0
1655120379.0784,-0.2358753681182861,-0.3426212072372436,-0.1380020380020141,0.7754870653152466,-0.1975234597921371,-0.5996701121330261,0.2795889377593994,1.2024697065353394,-0.9132403135299684,0.9125605575287378,0.1988309578001992,0.1588495983144279,74.0
1655120379.088236,-0.278580904006958,-0.3123281002044678,-0.1158393025398254,0.784760594367981,-0.1920830607414245,-0.589283287525177,0.3434198498725891,1.3117074966430664,-0.9613657593727112,0.9267141505880516,0.1932842910448583,0.1506129206117974,74.0
1655120379.098143,-0.3081212043762207,-0.2708984613418579,-0.1155603229999542,0.7944950461387634,-0.186517909169197,-0.5779175162315369,0.4225169122219085,1.4007400274276731,-1.014079451560974,0.9419153154511714,0.1876166603713006,0.1415464978239578,74.0
1655120379.108284,-0.324880838394165,-0.2182185053825378,-0.1196684539318084,0.804540753364563,-0.1809144020080566,-0.5656713247299194,0.516897439956665,1.4656503200531006,-1.068395972251892,0.9579939197650756,0.1819161150101073,0.131556675979171,74.0
1655120379.118063,-0.3328732252120971,-0.1709867715835571,-0.1381665468215942,0.8148372173309326,-0.175233706831932,-0.5525698661804199,0.6350432634353638,1.5192666053771973,-1.137697458267212,0.9748959088298784,0.176143142608942,0.1203878532489414,74.0
1655120379.128036,-0.3497824668884277,-0.1197139024734497,-0.1541846990585327,0.825215756893158,-0.1692253202199936,-0.5388708114624023,0.6593518257141113,1.5557899475097656,-1.206274390220642,0.992310853501026,0.1700435923461277,0.1083103628546677,74.0
1655120379.137891,-0.36823171377182,-0.0764757394790649,-0.1666850447654724,0.8356693387031555,-0.1624470204114914,-0.5246596336364746,0.6552585363388062,1.6143183708190918,-1.2807053327560425,1.0101633991169654,0.1631701068370173,0.0959205904128603,74.0
1655120379.147953,-0.4018121361732483,-0.0318213701248168,-0.16340072453022,0.8461326956748962,-0.1545771360397339,-0.5100640654563904,0.5585392117500305,1.6372252702713013,-1.3539975881576538,1.0283073175566066,0.1551994366398399,0.083688017912606,74.0
1655120379.157907,-0.417168378829956,0.0202682018280029,-0.1518825888633728,0.8564993143081665,-0.1454043835401535,-0.4952438771724701,0.4778489768505096,1.6732656955718994,-1.4228837490081787,1.0465465204637734,0.1459216933517187,0.07211086101425,74.0
1655120379.167871,-0.4276484251022339,0.0541959404945373,-0.1275122165679931,0.8666589260101318,-0.1350762844085693,-0.480267196893692,0.4191955327987671,1.6718558073043823,-1.484803318977356,1.064765328797573,0.135490449676164,0.0609427976580854,74.0
1655120379.177958,-0.4361057877540588,0.0933832824230194,-0.0978512689471244,0.8764438033103943,-0.1238588914275169,-0.4653010368347168,0.3826417326927185,1.6591017246246338,-1.5282652378082275,1.0827380212673237,0.1241777872601262,0.0502059796567472,74.0
1655120379.187799,-0.4592975378036499,0.1150000095367431,-0.0775983333587646,0.8857500553131104,-0.1120531186461448,-0.4504340291023254,0.3445214927196502,1.6320072412490845,-1.5448458194732666,1.1003448316162825,0.1122889445734769,0.0398272549013628,74.0
1655120379.197774,-0.4830760955810547,0.1376785039901733,-0.0378180146217346,0.8944834470748901,-0.099800981581211,-0.435820072889328,0.2989454567432403,1.5848981142044067,-1.5380889177322388,1.117416000261763,0.0999673996758878,0.0300728247834196,74.0
1655120379.207715,-0.4925398230552673,0.1513481140136718,-0.0002591982483863,0.9025129675865172,-0.0873872935771942,-0.4217034876346588,0.2429165691137313,1.5187331438064575,-1.4957540035247805,1.1336863430847544,0.0874989024589072,0.0210497777527648,74.0
1655120379.217729,-0.4917706251144409,0.1836531162261963,0.0428625345230102,0.9098002910614014,-0.0749822780489921,-0.4082167744636535,0.1529374718666076,1.43295156955719,-1.4400677680969238,1.1490337150330792,0.0750527205564376,0.0130793479750879,74.0
1655120379.227631,-0.4863679409027099,0.2250174283981323,0.0943507850170135,0.9163147807121276,-0.0627040788531303,-0.3955191969871521,0.0326270461082458,1.3481091260910034,-1.3418093919754028,1.163314026200835,0.0627452390578092,0.0066315917497667,74.0
1655120379.237567,-0.4848209619522095,0.2667244076728821,0.1495163738727569,0.9220004677772522,-0.050730962306261,-0.3838509619235992,-0.1188699305057525,1.2200697660446167,-1.2370145320892334,1.1762971741195187,0.0507527478483849,0.002018300642866,74.0
1655120379.247696,-0.4531290531158447,0.3138421475887298,0.1808294653892517,0.9268534183502196,-0.0392431728541851,-0.3733667731285095,-0.2228474617004394,1.0816633701324463,-1.1188950538635254,1.1878504440025184,0.0392532524924249,-0.0008023517041889,74.0
1655120379.257575,-0.3967150449752807,0.3584033250808716,0.2114002704620361,0.9308794140815736,-0.0286457370966672,-0.3642017841339111,-0.2677651345729828,0.9230875968933104,-0.9773663282394408,1.197860193091382,0.0286496554845675,-0.0023468457035905,74.0
1655120379.267476,-0.3501014709472656,0.3929768800735473,0.2539014220237732,0.9340552687644958,-0.0194196291267871,-0.3566000163555145,-0.2532240152359009,0.7437229156494141,-0.8104255199432373,1.206098213041654,0.0194208493806427,-0.0030879450887276,74.0
1655120379.27742,-0.3110541105270386,0.4296040534973144,0.3014756739139557,0.9362676739692688,-0.0120011949911713,-0.3510824739933014,-0.1799430102109909,0.5162990689277649,-0.6462883353233337,1.2120424258828182,0.0120014827255088,-0.0035850360965747,74.0
1655120379.287391,-0.2422190904617309,0.4803317785263061,0.335334450006485,0.9376230835914612,-0.0063397246412932,-0.3475956618785858,-0.1087753549218177,0.2760156095027923,-0.4767078459262848,1.2157832205317278,0.0063397669971207,-0.0042140340145305,74.0
1655120379.297336,-0.1829010248184204,0.5168319940567017,0.3527436256408691,0.9382110238075256,-0.0023560605477541,-0.3460556864738464,-0.0329545624554157,0.0514018312096595,-0.3353734314441681,1.2174315406695422,0.0023560628208965,-0.0049904864195423,74.0
1655120379.307317,-0.1400882005691528,0.5378687381744385,0.3498881459236145,0.937939703464508,0.0002858043590094,-0.346798300743103,-0.0572303459048271,-0.1948835849761963,-0.2070410102605819,1.2166409235062985,-0.0002858043746715,-0.0055447506030686,74.0
1655120379.317404,-0.1007717847824096,0.5589584112167358,0.3018346130847931,0.9368771314620972,0.0019220847170799,-0.3496536314487457,-0.1580905169248581,-0.414415031671524,-0.0714659914374351,1.2135942856819515,-0.0019220858660507,-0.0050803419547124,74.0
1655120379.327203,-0.0326286554336547,0.5592365264892578,0.2472528219223022,0.9350942969322203,0.0028234880883246,-0.3543874025344848,-0.3716326057910919,-0.5966389179229736,0.067499354481697,1.2085358903211396,-0.002823491809081,-0.0026933689498762,74.0
1655120379.337191,0.0584405660629272,0.5696053504943848,0.2161929607391357,0.9326176643371582,0.0033810187596827,-0.3608498871326446,-0.6896499395370483,-0.7965760827064514,0.212591141462326,1.2016150360483564,-0.0033810252947486,0.002716530052238,74.0
1655120379.347141,0.1360927820205688,0.5674930810928345,0.212347149848938,0.929352045059204,0.0038546430878341,-0.3691746890544891,-1.0283597707748413,-1.0040278434753418,0.3597199022769928,1.1926725672594234,-0.0038546525345896,0.0117277425860683,74.0
1655120379.357101,0.200119137763977,0.5118203163146973,0.2155781388282776,0.9252774715423584,0.004224712960422,-0.3792672753334045,-1.351093888282776,-1.191827416419983,0.5207971930503845,1.181788376428578,-0.0042247256975213,0.0243653141005773,74.0
1655120379.3670778,0.2588450312614441,0.419742614030838,0.2161340117454528,0.9204151034355164,0.0042791743762791,-0.3909188210964203,-1.5669918060302734,-1.353204369544983,0.6931505799293518,1.1691627694964375,-0.004279187466771,0.0401756770316297,74.0
1655120379.377012,0.2864410877227783,0.2692931294441223,0.2212425172328949,0.9148069620132446,0.0035499476362019,-0.4038757383823395,-1.688973307609558,-1.4924249649047852,0.8700889348983765,1.1550439818368987,-0.0035499551851175,0.0581589296231446,74.0
1655120379.387128,0.2880476713180542,0.1558431386947631,0.2307084500789642,0.9084702134132384,0.0022627438884228,-0.4179434478282928,-1.8250653743743896,-1.6193320751190186,0.9911857843399048,1.1396147441899636,-0.0022627458972122,0.0779510848456373,74.0
1655120379.396936,0.282030701637268,0.0843470096588134,0.2245142459869384,0.9014104008674622,0.0009496439015492,-0.4329646825790405,-1.9635707139968872,-1.71591055393219,1.074041724205017,1.1230169934949097,-0.000949644051079,0.0993998096272659,74.0
1655120379.406907,0.2844471931457519,0.025922417640686,0.2198001146316528,0.8937601447105408,0.0002011157921515,-0.4485451877117157,-2.119011402130127,-1.7774298191070557,1.0818554162979126,1.1056593809855542,-0.0002011157969472,0.1223885867959804,74.0
1655120379.416854,0.3057557344436645,0.0083051919937133,0.1905885934829712,0.8855741620063782,0.000848181778565,-0.4644972681999206,-2.316926956176758,-1.826720118522644,1.0493950843811035,1.0877293069393446,-0.0008481818959961,0.1468890754961921,74.0
1655120379.426836,0.33985435962677,-0.0074557662010192,0.1519598364830017,0.8769271969795227,0.0032983536366373,-0.4806119501590729,-2.556358575820923,-1.8486125469207764,0.984184205532074,1.069440955281555,-0.0032983595198724,0.1730690192536803,74.0
1655120379.43674,0.326789379119873,-0.0270221829414367,0.1225361227989196,0.8682636022567749,0.0082774711772799,-0.4960339069366455,-2.708972454071045,-1.7197185754776,0.8264456987380981,1.0517515624501932,-0.0082775653850395,0.2005290026097742,74.0
1655120379.446749,0.2826170325279236,-0.1229769587516784,0.108892947435379,0.8602661490440369,0.01508470159024,-0.5096219182014465,-2.545847177505493,-1.5349100828170776,0.6672466993331909,1.03598359192002,-0.0150852735903832,0.2269554665404808,74.0
1655120379.45674,0.255891740322113,-0.2002602815628051,0.0948162376880645,0.8529947996139526,0.0221271216869354,-0.5214499235153198,-2.2356386184692383,-1.3659776449203491,0.5602124929428101,1.0220972876253551,-0.0221289276196632,0.2505789489620931,74.0
1655120379.466646,0.2245988845825195,-0.291716992855072,0.0451610349118709,0.8464763760566711,0.0282184742391109,-0.5316778421401978,-1.804879903793335,-1.184117317199707,0.5026184320449829,1.0099658137043794,-0.0282222198776464,0.2704962371651386,74.0
1655120379.476584,0.1918792724609375,-0.3656589388847351,-0.0104246437549591,0.8409727811813354,0.0324583500623703,-0.5401028394699097,-1.3320475816726685,-0.9369666576385498,0.4748614430427551,0.99989858105193,-0.0324640519075208,0.2862778403397945,74.0
1655120379.486758,0.1449186205863952,-0.4148946404457092,-0.0330636538565158,0.8367707133293152,0.0346658267080783,-0.5464548468589783,-0.8870639801025391,-0.6746982932090759,0.4311531186103821,0.9922785375962786,-0.034672773223723,0.2980130535088006,74.0
1655120379.496522,0.1058818101882934,-0.4525468349456787,-0.046112447977066,0.8339679837226868,0.034973531961441,-0.5507033467292786,-0.4498930871486664,-0.4065140783786773,0.3684272468090057,0.9871857548969742,-0.034980664809019,0.3057527654680588,74.0
1655120379.5065289,0.0832148790359497,-0.4981204867362976,-0.0686551928520202,0.8325107097625732,0.033727828413248,-0.5529812574386597,-0.0972577854990959,-0.1704618483781814,0.2844250202178955,0.9844803221081294,-0.0337342255179073,0.3097622500512334,74.0
1655120379.516454,0.050733208656311,-0.5187065005302429,-0.1152379810810089,0.8322470188140869,0.031696118414402,-0.5534981489181519,0.1299095153808593,0.0520293787121772,0.170809119939804,0.9839035596944238,-0.031701429551059,0.3108066072703252,74.0
1655120379.526535,0.0058763623237609,-0.5309001803398132,-0.1819860935211181,0.8331738114356995,0.0296728797256946,-0.552214503288269,0.245780736207962,0.2687776684761047,0.0581289120018482,0.9854863455838162,-0.0296772355102898,0.309800148026865,74.0
1655120379.536395,-0.0301994085311889,-0.5190644860267639,-0.2347803115844726,0.8351919054985046,0.0282220914959907,-0.5492339730262756,0.2748115062713623,0.4591079652309418,-0.0630314946174621,0.9890871253050758,-0.028225838772629,0.3075994665741985,74.0
1655120379.546318,-0.0606615543365478,-0.4660959243774414,-0.251145452260971,0.8381120562553406,0.0279093720018863,-0.5447836518287659,0.2348174899816513,0.6303990483283997,-0.2003470063209533,0.9944120557843094,-0.0279129960693607,0.3047364096432781,74.0
1655120379.556404,-0.0761454105377197,-0.4111458659172058,-0.2471022009849548,0.8418161273002625,0.0289320386946201,-0.538988471031189,0.2342332601547241,0.764276385307312,-0.3374019563198089,1.001292595244397,-0.0289360757165929,0.3013879336355383,74.0
1655120379.566262,-0.0923109650611877,-0.3617197275161743,-0.2412870824337005,0.8460645079612732,0.030868399888277,-0.5321860313415527,0.2914669811725616,0.871943473815918,-0.454561322927475,1.009316109338224,-0.0308733043256341,0.2970627743032505,74.0
1655120379.576268,-0.1243677139282226,-0.3032737374305725,-0.2094914019107818,0.8507470488548279,0.0333592183887958,-0.5245156288146973,0.4029860496520996,0.9603949189186096,-0.5648176670074463,1.0183071031381898,-0.0333654071961959,0.291471689367818,74.0
1655120379.586274,-0.1569615602493286,-0.2431461811065673,-0.1772678196430206,0.8556308150291443,0.0360477417707443,-0.5163296461105347,0.5784521698951721,1.0066148042678833,-0.6585108637809753,1.027844611623911,-0.0360555545103234,0.2841550647296121,74.0
1655120379.596109,-0.170575737953186,-0.1925652623176574,-0.146548181772232,0.8605476021766663,0.0386075414717197,-0.5079047679901123,0.78575599193573,1.0310909748077393,-0.7496874928474426,1.0376056131309368,-0.0386171379637186,0.2747336216647349,74.0
1655120379.6061049,-0.1872519254684448,-0.1432296633720398,-0.1165637373924255,0.8654135465621948,0.0409869737923145,-0.4993790984153747,0.9880340099334716,1.034045696258545,-0.8444963097572327,1.047429528018257,-0.0409984568683939,0.2630915032966207,74.0
1655120379.616044,-0.2139967083930969,-0.1068577766418457,-0.09654501080513,0.8701702952384949,0.0433070883154869,-0.4908443093299866,1.179279923439026,1.0404832363128662,-0.9336820244789124,1.057208642919673,-0.0433206356545611,0.2492940058813941,74.0
1655120379.626185,-0.233042299747467,-0.084550529718399,-0.0885852575302124,0.874689519405365,0.0458301156759262,-0.4825118780136108,1.2830758094787598,1.0098448991775513,-1.0231772661209106,1.066696499517203,-0.0458461756118167,0.2337863668740969,74.0
1655120379.635964,-0.2427736520767212,-0.0680707693099975,-0.0847349762916565,0.8789429664611816,0.0487852580845356,-0.4744250774383545,1.330455303192139,0.9872503280639648,-1.0863553285598757,1.0758429010579675,-0.0488046320620034,0.217279850004633,74.0
1655120379.645827,-0.2394677400588989,-0.0434898138046264,-0.0730063319206237,0.8829308152198792,0.0523001439869403,-0.4665810465812683,1.3155237436294556,0.9496850967407228,-1.1303914785385132,1.0846519237615635,-0.0523240156831175,0.2003831286990639,74.0
1655120379.655864,-0.2478587627410888,-0.0313931107521057,-0.051900029182434,0.8865305781364441,0.0562487803399562,-0.459238052368164,1.291237235069275,0.9068604111671448,-1.134284734725952,1.092839103803571,-0.0562784826201197,0.1837020806776472,74.0
1655120379.665876,-0.2619363665580749,0.0251020491123199,-0.0311941839754581,0.8898964524269104,0.0608267486095428,-0.4520888030529022,1.3155518770217896,0.8892760872840881,-1.2430468797683716,1.1007501116835074,-0.0608643194970149,0.1667059048979097,74.0
1655120379.67582,-0.239600658416748,0.0295943021774292,0.0033824145793914,0.8930429220199585,0.0660908371210098,-0.4450912177562713,1.400728702545166,0.8666096329689026,-1.2984460592269895,1.1084307707346055,-0.0661390465295652,0.1489071445353617,74.0
1655120379.685847,-0.2366784214973449,0.0201246440410614,0.0161697193980216,0.8958427309989929,0.0713088884949684,-0.4386122524738312,1.4499303102493286,0.8129871487617493,-1.2748459577560425,1.1154963972751737,-0.0713694596933424,0.1304381395455,74.0
1655120379.695852,-0.2625627517700195,0.0341017246246337,0.0358660817146301,0.8983201384544373,0.0761487036943435,-0.4326919317245483,1.5416511297225952,0.7514238357543945,-1.265548586845398,1.121921709242531,-0.0762224881985482,0.1114869915258965,74.0
1655120379.7057118,-0.2676687240600586,0.0779045224189758,0.0553158521652221,0.900359034538269,0.0807467624545097,-0.4275902509689331,1.5673927068710327,0.6732235550880432,-1.2566593885421753,1.1274207514777768,-0.0808347668811612,0.0919783505129982,74.0
1655120379.715663,-0.2627455592155456,0.1034312546253204,0.0715979263186454,0.9020124077796936,0.0852471515536308,-0.4232097864151001,1.5976300239562988,0.5987004637718201,-1.241954684257507,1.1321040228015868,-0.0853507416478637,0.0723211122383041,74.0
1655120379.725853,-0.2459603548049926,0.1400463581085205,0.0764261186122894,0.9031410813331604,0.0895895212888717,-0.4198925793170929,1.511488437652588,0.4157047867774963,-1.1709177494049072,1.135600571259854,-0.0897097977953657,0.05295489375918,74.0
1655120379.735539,-0.2299249172210693,0.1796751618385315,0.0731557309627533,0.9036919474601746,0.0936380699276924,-0.4178191721439361,1.4569036960601809,0.3629465699195862,-1.1388038396835327,1.1377222849957125,-0.0937754488469879,0.0346847034110415,74.0
1655120379.745547,-0.1963635683059692,0.2187004685401916,0.0661312639713287,0.9039287567138672,0.0982669368386268,-0.4162408411502838,1.422910213470459,0.3195783197879791,-1.2188092470169067,1.1392617328302417,-0.0984257776942557,0.0166270153712203,74.0
1655120379.7554898,-0.1614061594009399,0.1732319593429565,0.0671169906854629,0.9038073420524596,0.1030032411217689,-0.4153585731983185,1.4764792919158936,0.2406009435653686,-1.185067057609558,1.140016345304601,-0.1031862517735502,-0.0016223304720533,74.0
1655120379.765667,-0.1968156099319458,0.1591569185256958,0.075391948223114,0.903450071811676,0.1073625609278678,-0.4150316119194031,1.4510104656219482,0.2035960555076599,-1.1613523960113523,1.1401651249880482,-0.1075698957881035,-0.0198904542966569,74.0
1655120379.775425,-0.2384692430496215,0.1487025022506714,0.1202099323272705,0.9029131531715392,0.1121356561779975,-0.4149379134178161,1.359948754310608,0.1671480387449264,-1.212214469909668,1.1400252465112235,-0.1123720038032386,-0.0376985820311072,74.0
1655120379.785372,-0.2392088174819946,0.138074517250061,0.1253655552864074,0.9020047783851624,0.1177527457475662,-0.4153572916984558,1.161505937576294,0.0696984454989433,-1.1934118270874023,1.1392595315328171,-0.1180265822115117,-0.0542948887995103,74.0
1655120379.795322,-0.2252135276794433,0.1538171172142028,0.0886199474334716,0.9007657766342164,0.1242706403136253,-0.41614630818367,0.838528573513031,0.0327440947294235,-1.2000274658203125,1.1380149867316898,-0.1245927372635549,-0.0685067442232306,74.0
1655120379.805299,-0.1971994638442993,0.1840701103210449,0.0745525956153869,0.8992562890052795,0.1324939131736755,-0.4168734848499298,0.4992718994617462,-0.0095029575750231,-1.2482621669769287,1.1367102517576948,-0.132884654390773,-0.0797128524968371,74.0
1655120379.8152308,-0.1501194238662719,0.2064423263072967,0.0718255788087844,0.8974031805992126,0.1421941816806793,-0.417669802904129,0.2325670570135116,-0.0627705454826355,-1.2592637538909912,1.135193004948034,-0.142677764022673,-0.0883062875201958,74.0
1655120379.8252292,-0.131022572517395,0.2086150646209716,0.0778096616268158,0.8951521515846252,0.1528269350528717,-0.4187439084053039,0.0495895147323608,-0.1354860365390777,-1.2553989887237549,1.1332464778290454,-0.1534281771075608,-0.0949099673661603,74.0
1655120379.8353171,-0.1277674436569214,0.2193054556846618,0.1021122932434082,0.8924615383148193,0.1640620231628418,-0.420233279466629,-0.0787823051214218,-0.210350677371025,-1.2532857656478882,1.1307231790575878,-0.1648070769350883,-0.1001349448098147,74.0
1655120379.8451428,-0.1264417171478271,0.2170733213424682,0.1372434198856353,0.8893048167228699,0.175561711192131,-0.4222736358642578,-0.1041284129023552,-0.2834526002407074,-1.2516449689865112,1.1274820767803342,-0.1764763090751012,-0.1046547428209564,74.0
1655120379.855081,-0.126950979232788,0.2306902408599853,0.1747287511825561,0.8856636881828308,0.1871639043092727,-0.4249347150325775,-0.1333195865154266,-0.3667960464954376,-1.2626527547836304,1.123445067205089,-0.1882742404320768,-0.1090635259132282,74.0
1655120379.865054,-0.1146254539489746,0.2244264185428619,0.2000040858983993,0.8815015554428101,0.1990131884813308,-0.4281923472881317,-0.1568368971347808,-0.4405064880847931,-1.2899924516677856,1.118610833362088,-0.2003508583829612,-0.113344009887789,74.0
1655120379.8750072,-0.0851720571517944,0.2109931111335754,0.1936752796173095,0.8768132328987122,0.2111861407756805,-0.43197101354599,-0.220799371600151,-0.5076087117195129,-1.3075753450393677,1.1130377603345931,-0.21278830427109,-0.1174386936003822,74.0
1655120379.884993,-0.024794578552246,0.1994799375534057,0.182507574558258,0.871641993522644,0.2235593348741531,-0.4361896514892578,-0.2614048421382904,-0.5910823345184326,-1.2870285511016846,1.1068104251286577,-0.2254647031204766,-0.1211198575104727,74.0
1655120379.89492,0.0301716923713684,0.1923385858535766,0.1744159162044525,0.8659769296646118,0.2357250154018402,-0.4410416781902313,-0.2934402823448181,-0.6802035570144653,-1.2407844066619873,1.0997367623028014,-0.2379645422106149,-0.1244016417026266,74.0
1655120379.905047,0.0457907915115356,0.2003744840621948,0.1784141957759857,0.8598334789276123,0.2474738210439682,-0.446590393781662,-0.3264421820640564,-0.7922296524047852,-1.1751409769058228,1.091755969026329,-0.2500720965116235,-0.1272467601613902,74.0
1655120379.914822,0.043104350566864,0.2290344834327697,0.1810245513916015,0.8531510829925537,0.2587184309959411,-0.4529878199100494,-0.3785940408706665,-0.9139713048934937,-1.090001940727234,1.0826897341310298,-0.2616952402714426,-0.1294539316271479,74.0
1655120379.924822,0.0225692391395568,0.2555082738399505,0.1867860853672027,0.8459456562995911,0.2696805298328399,-0.4600523710250854,-0.457268625497818,-1.0159379243850708,-1.0575708150863647,1.072700910381616,-0.2730612418581198,-0.1308771573969021,74.0
1655120379.934763,0.0023353099822998,0.2584581971168518,0.2063257992267608,0.8381339311599731,0.2806889414787292,-0.4677020311355591,-0.5392835140228271,-1.1319321393966677,-1.0181001424789429,1.06181063282379,-0.2845118208833678,-0.1315465380605858,74.0
1655120379.944695,0.0021575689315795,0.2541119456291199,0.2238980531692505,0.8296753168106079,0.2916964590549469,-0.4759748578071594,-0.604739248752594,-1.2554264068603516,-0.97928649187088,1.049948542827033,-0.2959999451745964,-0.1315011460356092,74.0
1655120379.95469,0.0603106021881103,0.224103033542633,0.2272378504276275,0.8205944299697876,0.30242520570755,-0.4849368631839752,-0.6493654847145081,-1.3809832334518433,-0.8983184099197388,1.037051877562139,-0.3072359843538629,-0.1307913524209551,74.0
1655120379.964678,0.1455411911010742,0.1876709759235382,0.2245910167694091,0.8110016584396362,0.312579333782196,-0.4945405423641205,-0.6877530813217163,-1.4908503293991089,-0.7948452830314636,1.0232094996475756,-0.3179072235598674,-0.1293519753536566,74.0
1655120379.974759,0.1875657439231872,0.1562710404396057,0.2114787995815277,0.8010053634643555,0.3221820592880249,-0.5045682787895203,-0.7742499709129333,-1.57804274559021,-0.6964297890663147,1.0086677646472422,-0.3280335412817372,-0.1269598262899798,74.0
1655120379.984581,0.20010906457901,0.1383919715881347,0.2000509798526764,0.7907050251960754,0.3316720128059387,-0.5145670175552368,-0.9140241146087646,-1.6383490562438965,-0.622434675693512,0.993880110261866,-0.3380753727211348,-0.1232348170985073,74.0
1655120379.9945111,0.2108099460601806,0.1349522471427917,0.1982422471046447,0.7800651788711548,0.3414152860641479,-0.5243412852287292,-1.0494900941848757,-1.7021491527557373,-0.5615000128746033,0.9789890718504388,-0.3484222629041615,-0.1180366187463688,74.0
1655120380.0044742,0.2081644535064697,0.1252161264419555,0.2113422453403473,0.7690845727920532,0.3513103425502777,-0.5339381098747253,-1.1592350006103516,-1.774248480796814,-0.4957157373428345,0.9639388519999664,-0.3589702763972076,-0.1115231867542633,74.0
1655120380.014432,0.1929838061332702,0.1079326272010803,0.225094586610794,0.7577759623527527,0.3613006472587585,-0.5433574318885803,-1.2618695497512815,-1.8420741558074951,-0.4202437996864319,0.9487238688458186,-0.3696623757076854,-0.1037789275926403,74.0
1655120380.024446,0.1986027359962463,0.1089366674423217,0.2243550717830658,0.7461603879928589,0.3712717294692993,-0.5526317954063416,-1.3723516464233398,-1.909556984901428,-0.3321157991886139,0.933316389809124,-0.3803782547942604,-0.0948031518978604,74.0
1655120380.034369,0.2158974409103393,0.1082934737205505,0.2318278849124908,0.7343893051147461,0.3812855184078216,-0.5615100860595703,-1.448522686958313,-1.9440714120864868,-0.2391949146986007,0.9180199066188166,-0.391186450627783,-0.084454766705515,74.0
1655120380.044475,0.2265050411224365,0.0601547956466674,0.2485096454620361,0.7226220965385437,0.3906505107879638,-0.570271372795105,-1.4275857210159302,-2.006921529769897,-0.1086638048291206,0.9026942508232804,-0.4013381367318564,-0.0733294316850539,74.0
1655120380.054268,0.2704651951789856,0.0215309262275695,0.2516230046749115,0.7108427286148071,0.3991337418556213,-0.5791328549385071,-1.4278420209884644,-2.0513856410980225,0.0219202674925327,0.8871481717038098,-0.4105718686746624,-0.0615471411919482,74.0
1655120380.0642571,0.3024889230728149,-0.0045355558395385,0.2271903455257415,0.6992352604866028,0.4069648683071136,-0.5877496600151062,-1.4796963930130005,-2.070237874984741,0.1515301913022995,0.8718078594645042,-0.419128871714287,-0.048750175485013,74.0
1655120380.074273,0.3195231556892395,-0.0138179659843444,0.1928789913654327,0.6878772377967834,0.4145427942276001,-0.5958011746406555,-1.5840144157409668,-2.085045099258423,0.2674502730369568,0.8570038368619983,-0.4274403526387297,-0.0345115693086603,74.0
1655120380.08453,0.3234134912490845,-0.0239293575286865,0.1682501435279846,0.6768611073493958,0.4219445288181305,-0.6031764149665833,-1.6500158309936523,-2.087336778640747,0.4007409512996673,0.8428991881484066,-0.4355890471489157,-0.0187328219160027,74.0
1655120380.094478,0.3145230412483215,-0.0551302433013916,0.1665038466453552,0.6663728356361389,0.4290771782398224,-0.6097867488861084,-1.7132686376571655,-2.056945562362671,0.5143396854400635,0.8297100594024871,-0.4434708792315132,-0.0015038854129346,74.0
1655120380.104214,0.294127345085144,-0.1359899640083313,0.1638997495174408,0.6565561294555664,0.4357095956802368,-0.6157037615776062,-1.6884093284606934,-2.026110410690308,0.6273554563522339,0.8174972125567329,-0.4508264781736175,0.0166754386222228,74.0
1655120380.114176,0.2770770192146301,-0.2072311043739318,0.156952679157257,0.6472545266151428,0.4417411088943481,-0.6212295889854431,-1.6878807544708252,-1.951617956161499,0.7074242830276489,0.805911859778957,-0.4575384867862191,0.0354036891480168,74.0
1655120380.123991,0.2478069067001342,-0.2625934481620788,0.1551156044006347,0.638728678226471,0.4475912749767303,-0.6258496046066284,-1.6894416809082031,-1.839338302612305,0.7524540424346924,0.7955822934074055,-0.4640699272984968,0.0545835671590221,74.0
1655120380.133953,0.2170546650886535,-0.2858589291572571,0.1659660935401916,0.6310439705848694,0.4531439840793609,-0.6296379566192627,-1.642241358757019,-1.7347490787506104,0.7957037091255188,0.786513452545255,-0.4702890537262065,0.0739143175867476,74.0
1655120380.1439362,0.1808642148971557,-0.2733352780342102,0.1737056970596313,0.6242504119873047,0.4577944576740265,-0.6330368518829346,-1.465977430343628,-1.629254698753357,0.8703675270080566,0.7784098715465061,-0.4755128617304909,0.0928407396204616,74.0
1655120380.1538649,0.1379595398902893,-0.2494382262229919,0.1868383586406707,0.6184185147285461,0.4604088962078094,-0.6368532776832581,-1.15320885181427,-1.5600731372833252,0.9746715426445008,0.7707133146403065,-0.4784557632578854,0.1105709017348086,74.0
1655120380.163848,0.1077349185943603,-0.238334059715271,0.2041754722595214,0.6133801341056824,0.460268497467041,-0.6418081521987915,-0.7890204787254333,-1.510645627975464,1.0873723030090332,0.7627535875535126,-0.4782976099088735,0.1264801534066756,74.0
1655120380.173805,0.0840733051300048,-0.2550989389419555,0.1962930560111999,0.6092401742935181,0.4573934674263,-0.6477789282798767,-0.4739120006561279,-1.3985633850097656,1.1730526685714722,0.7547489213644117,-0.475061865796024,0.1405206702522375,74.0
1655120380.183865,0.0647072196006774,-0.3183488249778747,0.1499560177326202,0.6059012413024902,0.4525983035564422,-0.65424644947052,-0.2949060201644897,-1.2937970161437988,1.2004904747009275,0.7470522567514477,-0.4696770296175103,0.1531043859087312,74.0
1655120380.193709,0.0618746876716613,-0.346865713596344,0.0553755760192871,0.6032558083534241,0.4472336173057556,-0.6603516936302185,-0.2872198820114136,-1.1444847583770752,1.189510941505432,0.7402440530658184,-0.4636699857652364,0.1650662757514935,74.0
1655120380.203683,0.0515464544296264,-0.3481423854827881,-0.0350656807422637,0.6014533638954163,0.4424143135547638,-0.6652243137359619,-0.4036751091480255,-0.9830349087715148,1.1590659618377686,0.7350955541496909,-0.4582889871947583,0.1772818393892039,74.0
1655120380.213645,0.0409851670265197,-0.3122480511665344,-0.0834217965602874,0.600356936454773,0.4389362931251526,-0.6685106754302979,-0.5727548003196716,-0.83431077003479,1.0831619501113892,0.7317374872738786,-0.4544144770649534,0.1902027816282807,74.0
1655120380.223634,0.023054301738739,-0.27546226978302,-0.1109231114387512,0.5997788310050964,0.4369576573371887,-0.6703233122825623,-0.6814869046211243,-0.7112455368041992,0.996549904346466,0.7299127888616422,-0.4522135508001266,0.2034586151000074,74.0
1655120380.233523,-0.000124454498291,-0.2434565424919128,-0.1169723272323608,0.5995506048202515,0.4358046650886535,-0.6712773442268372,-0.6739265322685242,-0.6055397987365723,0.9276210069656372,0.7290170112476503,-0.4509321239718117,0.2164226307669202,74.0
1655120380.243521,-0.0289405584335327,-0.2370759844779968,-0.0997098684310913,0.5996953845024109,0.434777557849884,-0.6718137860298157,-0.6118085384368896,-0.512008547782898,0.8594068288803101,0.7287401269880234,-0.4497912439989927,0.2285673437126402,74.0
1655120380.253621,-0.0532861948013305,-0.2182403802871704,-0.0814104080200195,0.600100040435791,0.4334763884544372,-0.6722930669784546,-0.4673814475536346,-0.4364398419857025,0.7954844832420349,0.7287209392532538,-0.4483468797735189,0.2394105947733274,74.0
1655120380.263438,-0.0672999024391174,-0.2068007588386535,-0.073031336069107,0.6007012724876404,0.4314144551753998,-0.6730821132659912,-0.2654395401477813,-0.3589032590389251,0.7178695797920227,0.7286357259745276,-0.4460600511344065,0.2483508522541346,74.0
1655120380.273308,-0.080029547214508,-0.2075119018554687,-0.0767894089221954,0.6013612747192383,0.4284739792346954,-0.6743698716163635,-0.0843983814120292,-0.3079221546649933,0.643921971321106,0.7282317031249728,-0.4428031757653924,0.2552247949444611,74.0
1655120380.2833729,-0.0795367360115051,-0.2040847539901733,-0.1061713993549346,0.6020891666412354,0.4250190258026123,-0.6759049296379089,0.020059585571289,-0.239992618560791,0.5743322372436523,0.7277031903494293,-0.4389829120521613,0.2604524230496235,74.0
1655120380.293306,-0.0838257670402526,-0.19730144739151,-0.1374210119247436,0.6029754281044006,0.4215243458747864,-0.677301824092865,0.0522840358316898,-0.1691585183143615,0.5038970708847046,0.7274083257341868,-0.4351256541029831,0.2645825197749201,74.0
1655120380.303286,-0.0904210805892944,-0.1791091561317443,-0.1453287899494171,0.6039707660675049,0.4183389842510223,-0.6783890724182129,0.0638924837112426,-0.106742262840271,0.4319496750831604,0.7274308814126842,-0.4316158323552634,0.267966580365272,74.0
1655120380.313225,-0.095533013343811,-0.1543757319450378,-0.1313617527484893,0.6050696969032288,0.4154804050922394,-0.6791661977767944,0.087576575577259,-0.0508173741400241,0.3509648144245147,0.7277650918719857,-0.4284708730778952,0.2706292743837999,74.0
1655120380.3233418,-0.1026426553726196,-0.1439395546913147,-0.1158874332904815,0.6061520576477051,0.4127471446990967,-0.6798672080039978,0.1481243371963501,-0.0189145691692829,0.2857474684715271,0.7281403772263508,-0.4254680482021561,0.2723581830514148,74.0
1655120380.3331208,-0.1088098883628845,-0.1333538889884948,-0.0977928042411804,0.6071618795394897,0.4100028574466705,-0.6806262731552124,0.2043066620826721,0.0116097843274474,0.2248504012823104,0.7284129495814246,-0.4224571936295636,0.2731286605984569,74.0
1655120380.3430629,-0.1134967803955078,-0.1140814423561096,-0.0927754938602447,0.6081103682518005,0.4073201715946197,-0.6813898086547852,0.2322285771369934,0.0336700789630413,0.1699202954769134,0.728631427675495,-0.4195178500722462,0.2731285719997916,74.0
1655120380.353034,-0.1146818399429321,-0.0920572280883789,-0.0866732001304626,0.6090207695960999,0.4048189520835876,-0.6820669174194336,0.2401304394006729,0.063303604722023,0.1200343966484069,0.7288811921498858,-0.4167808300515271,0.27256957644751,74.0
1655120380.36297,-0.1141777038574218,-0.0776466131210327,-0.077854037284851,0.6099051833152771,0.4026220440864563,-0.6825768351554871,0.2263365983963012,0.0769160836935043,0.0760626718401908,0.7292308534551011,-0.4143795285396288,0.2716896749646927,74.0
1655120380.372936,-0.1058233380317688,-0.0672289133071899,-0.071785032749176,0.6106755137443542,0.4008103013038635,-0.6829542517662048,0.2005850970745086,0.0844137370586395,0.0396374389529228,0.729583416289822,-0.412401120277748,0.270603143382866,74.0
1655120380.3829951,-0.0929117202758789,-0.0565165281295776,-0.0690095126628875,0.6113442778587341,0.3994232714176178,-0.6831685304641724,0.1605737507343292,0.0855969786643982,0.0059284782037138,0.7299713408551809,-0.4108876859352748,0.2694537731927776,74.0
1655120380.39296,-0.0798814892768859,-0.0442017912864685,-0.0654214322566986,0.6118637919425964,0.3985207676887512,-0.683230459690094,0.1134941279888153,0.080865554511547,-0.0216486304998397,0.7303484776655926,-0.4099034257410532,0.2683739202243341,74.0
1655120380.402846,-0.0685191750526428,-0.0289586186408996,-0.0586018860340118,0.6122507452964783,0.3981099128723144,-0.6831232905387878,0.0747965276241302,0.0765693485736846,-0.0506613738834857,0.7307406453293118,-0.409455517110187,0.2674209681114821,74.0
1655120380.412843,-0.0614916682243347,-0.0234385728836059,-0.049202024936676,0.6125627756118774,0.3980026543140411,-0.6829060912132263,0.0606821104884147,0.079184353351593,-0.0620439127087593,0.7311519359032502,-0.4093385837211759,0.2664808900593048,74.0
