1652966801.635684,-0.0108659267425537,-0.010948359966278,-0.0100919902324676,-0.4658187329769134,0.3452818393707275,-0.8147351741790771,0.6964055299758911,-0.2254744619131088,-0.7050486207008362,-0.5193827340217665,-0.3525390690050262,-0.0208162601867322,105.0
1652966801.6455069,-0.0655146539211273,-0.0295348167419433,0.0269198417663574,-0.4703435897827148,0.3350338935852051,-0.8164124488830566,0.8572673797607422,-0.2330261170864105,-0.8190553188323975,-0.5226682809184349,-0.341641189251417,-0.0236226908337664,105.0
1652966801.655407,-0.0914256572723388,-0.0122517347335815,0.02134770154953,-0.4749196469783783,0.3242486119270324,-0.8181162476539612,0.8353580832481384,-0.2220187485218048,-0.8214257955551147,-0.5259607469599236,-0.330217325597873,-0.0266314650085146,105.0
1652966801.665406,-0.0800441801548004,-0.0259332060813903,0.0107788145542144,-0.4792973697185516,0.314645379781723,-0.8193120956420898,0.5437129139900208,-0.2090289145708084,-0.7951518893241882,-0.5293168787522958,-0.3200830363666408,-0.030310533860995,105.0
1652966801.675467,-0.0283734202384948,-0.0461548566818237,0.0362412333488464,-0.4834674894809723,0.3072340786457062,-0.819674551486969,0.3424623608589172,-0.233938530087471,-0.729264497756958,-0.5329069653599648,-0.3122851812426254,-0.0348137787529899,105.0
1652966801.68529,0.0287462770938873,-0.0577685236930847,0.0759197771549224,-0.487562894821167,0.3020251393318176,-0.8191844820976257,0.1606720387935638,-0.2601389586925506,-0.6550536155700684,-0.5368684469675735,-0.3068162997666717,-0.0397752557436545,105.0
1652966801.695267,0.0488489270210266,-0.1095388531684875,0.1234523355960846,-0.4917506575584411,0.2977207899093628,-0.8182564973831177,0.1526841521263122,-0.2994179427623749,-0.6239694952964783,-0.5411351700409938,-0.3023042784501291,-0.0447339521015487,105.0
1652966801.705265,0.0349708199501037,-0.1425903439521789,0.1683418452739715,-0.4961220324039459,0.2931602299213409,-0.8172637224197388,0.2270382791757583,-0.3228071331977844,-0.6273511648178101,-0.5455890858967005,-0.2975306426327657,-0.0492703571197596,105.0
1652966801.7151918,-0.0138142108917236,-0.1377499103546142,0.1964379549026489,-0.5005902051925659,0.2878454923629761,-0.8164278864860535,0.2804261445999145,-0.3135667741298675,-0.672336220741272,-0.5500302568821471,-0.2919763454019153,-0.053648513447061,105.0
1652966801.726327,-0.0863663554191589,-0.1439872980117797,0.2162865400314331,-0.5048202872276306,0.2819892466068268,-0.8158667683601379,0.2968398034572601,-0.2226105034351349,-0.711909294128418,-0.554094723686702,-0.2858668560892313,-0.0581659204680086,105.0
1652966801.735334,-0.1268990039825439,-0.1943718194961547,0.2665754556655884,-0.5080803036689758,0.2760270833969116,-0.8158820271492004,0.2734305560588836,-0.0839917957782745,-0.7187290191650391,-0.556970678454519,-0.279658147357114,-0.0629806025856414,105.0
1652966801.74536,-0.0784941911697387,-0.3678970336914062,0.2960077226161957,-0.5103578567504883,0.2694524824619293,-0.8166579604148865,0.4830948114395141,-0.0312185976654291,-0.649172842502594,-0.5585523428318668,-0.2728244520848404,-0.0669570873592232,105.0
1652966801.755125,-0.010216474533081,-0.6311248540878296,0.3204215168952942,-0.512320876121521,0.2619149088859558,-0.8178801536560059,0.6426016688346863,-0.0714806392788887,-0.5011581778526306,-0.5596060654182026,-0.265005845818453,-0.0689525976592042,105.0
1652966801.7651958,-0.0157389640808105,-0.8329342007637024,0.346664547920227,-0.5140615701675415,0.2539366483688354,-0.8193026781082153,0.7583610415458679,-0.0747824236750602,-0.3804083168506622,-0.5603504907063137,-0.2567481567816025,-0.0689040628978888,105.0
1652966801.775145,-0.1080271005630493,-0.8890938758850098,0.4015712141990661,-0.515279233455658,0.2458439618349075,-0.821004331111908,0.7886391878128052,0.0061563644558191,-0.3190859258174896,-0.5604815945557607,-0.2483902732877088,-0.0677589503161328,105.0
1652966801.785102,-0.2457178235054016,-0.8795598149299622,0.383103609085083,-0.5151616930961609,0.2380664348602295,-0.8233667016029358,0.7275377511978149,0.2148499190807342,-0.2727053761482239,-0.5590860798475068,-0.2403745536434724,-0.0661075313679179,105.0
1652966801.794985,-0.340409517288208,-0.8627957701683044,0.422852873802185,-0.512724757194519,0.2313524484634399,-0.8267946243286133,0.5638061165809631,0.5356382727622986,-0.2717566192150116,-0.5550936634980567,-0.2334676155371043,-0.0649813862920202,105.0
1652966801.8050342,-0.3360360264778137,-0.9131279587745668,0.4416972398757934,-0.507652997970581,0.2259358167648315,-0.8314093351364136,0.4399845600128174,0.8256597518920898,-0.2159774899482727,-0.5481723316297187,-0.2279035813158784,-0.0645124008910889,105.0
1652966801.81537,-0.2593734264373779,-0.9888585805892944,0.3915753662586212,-0.5003007650375366,0.2215075045824051,-0.8370385766029358,0.4745097160339355,1.009883165359497,-0.0627396702766418,-0.5387290896193115,-0.2233601100888932,-0.0633833084748911,105.0
1652966801.82494,-0.1994329392910003,-1.051215887069702,0.4404921233654022,-0.4913478195667267,0.2171159237623214,-0.8434678912162781,0.6329609155654907,1.1334192752838137,0.0755098164081573,-0.5274770465671514,-0.2188589361927959,-0.0605561403499758,105.0
1652966801.8348432,-0.2335032224655151,-1.0536563396453855,0.4769119620323181,-0.4807150363922119,0.2117934823036193,-0.8509151339530945,0.790657103061676,1.3330103158950806,0.194206565618515,-0.5142401941888831,-0.213409710752659,-0.0557010924508527,105.0
1652966801.844851,-0.3220513164997101,-0.9878334999084472,0.4345549345016479,-0.4676826894283294,0.2061615884304046,-0.859517514705658,0.7967972755432129,1.6084659099578855,0.3193663358688354,-0.4983194329831477,-0.2076506548460445,-0.0495149564334319,105.0
1652966801.854802,-0.3542114794254303,-0.9026445746421814,0.3283005356788635,-0.4520019888877868,0.2011641710996627,-0.8690381050109863,0.7754114866256714,1.8398516178131104,0.4647168815135956,-0.4796118443602103,-0.2025462485725048,-0.0422116409609603,105.0
1652966801.864764,-0.3459416627883911,-0.8057098984718323,0.2932196259498596,-0.4341793060302734,0.197243645787239,-0.8789671659469604,0.6788532733917236,2.008437156677246,0.5814781188964844,-0.458808218058457,-0.1985455297155032,-0.0341243223376819,105.0
1652966801.8747358,-0.3642384707927704,-0.7327243089675903,0.2428283244371414,-0.4147228300571441,0.1940765678882599,-0.8890103101730347,0.6549014449119568,2.143907070159912,0.6337618231773376,-0.4364898465424597,-0.1953160379036487,-0.0256350787492321,105.0
1652966801.8847709,-0.400402307510376,-0.6702151894569397,0.2267417907714843,-0.3937872350215912,0.1910133510828018,-0.8991360068321228,0.6243070960044861,2.2781014442443848,0.6382657885551453,-0.4127980018245891,-0.1921944009716621,-0.0171073405938406,105.0
1652966801.8946362,-0.4148217439651489,-0.6272612810134888,0.1740859597921371,-0.3716163337230682,0.1878067553043365,-0.909191906452179,0.622473955154419,2.369498014450073,0.6518877148628235,-0.3880117081637487,-0.1889286841482318,-0.0086146468173632,105.0
1652966801.9046412,-0.4208545982837677,-0.5884469747543335,0.1107203066349029,-0.3484936356544494,0.1846746057271957,-0.9189382195472716,0.5659701824188232,2.446174383163452,0.66200852394104,-0.3624784659888198,-0.1857407572213839,-0.000172111102887,105.0
1652966801.914572,-0.4313739240169525,-0.5290330052375793,0.0846175849437713,-0.324332982301712,0.1820602416992187,-0.9282576441764832,0.4976989924907684,2.5325350761413574,0.6763616800308228,-0.3361399655819099,-0.1830813125730598,0.0080184103504732,105.0
1652966801.924519,-0.4515463411808014,-0.4313271045684814,0.0676001757383346,-0.2990488708019256,0.1798973679542541,-0.937126874923706,0.4175831377506256,2.6508092880249023,0.6848995089530945,-0.3088976533365653,-0.1808821234667918,0.0160099671349057,105.0
1652966801.934495,-0.4612002074718475,-0.2907342910766601,0.0427700877189636,-0.2723509073257446,0.1784670948982238,-0.94550222158432,0.3115040957927704,2.782747745513916,0.7154901027679443,-0.2804567770471503,-0.1794283212457151,0.0238220190492196,105.0
1652966801.944446,-0.4578422307968139,-0.1474937796592712,0.0058035105466842,-0.2441994547843933,0.177774965763092,-0.9532904624938964,0.2230975478887558,2.8912649154663086,0.7455784678459167,-0.2507723565923172,-0.1787249378876282,0.03169167301632,105.0
1652966801.954528,-0.4428804516792297,-0.0348740220069885,-0.0225568562746047,-0.2149870842695236,0.1777539998292923,-0.9603041410446168,0.159311905503273,2.951556444168091,0.7882723212242126,-0.2202423860518593,-0.1787036373431579,0.0396756887280992,105.0
1652966801.964324,-0.4273895025253296,0.0470622181892395,-0.0345185101032257,-0.1850678622722625,0.1776154190301895,-0.966541588306427,0.2132531702518463,2.986173152923584,0.7996426820755005,-0.1891844823075543,-0.1785628145995261,0.0479587186350702,105.0
1652966801.974333,-0.4221085608005523,0.0939474105834961,0.0026375353336334,-0.1548416167497635,0.1761649698019027,-0.9721059799194336,0.3796983957290649,2.9788711071014404,0.7689619660377502,-0.1579577471756175,-0.1770891163186553,0.0562795740704037,105.0
1652966801.9844232,-0.4142185151576996,0.1058579683303833,0.0031211674213409,-0.1248135641217231,0.1727363914251327,-0.9770280122756958,0.5207114815711975,2.9322714805603027,0.7337473034858704,-0.1270599881929416,-0.1736071418842223,0.0644629105859388,105.0
1652966801.994165,-0.4133634567260742,0.1425889134407043,-0.0296619832515716,-0.0952273160219192,0.1681507527828216,-0.9811509251594543,0.557425320148468,2.887005567550659,0.6724251508712769,-0.0967536983990444,-0.1689534105091866,0.0721198431264404,105.0
1652966802.004226,-0.4093362689018249,0.1897156238555908,-0.0672767758369445,-0.066127672791481,0.1632698029279709,-0.984362781047821,0.5480371117591858,2.838385343551636,0.6194663047790527,-0.0670773653171884,-0.1640040290892027,0.0790631621944523,105.0
1652966802.01415,-0.3933559954166412,0.2394296526908874,-0.080740675330162,-0.0376743488013744,0.1588961780071258,-0.9865761995315552,0.3953298032283783,2.7700273990631104,0.5719993114471436,-0.0381684166322245,-0.1595725254220913,0.0853365766227269,105.0
1652966802.024132,-0.3721063435077667,0.3091626763343811,-0.1002947241067886,-0.0098364809527993,0.1558214575052261,-0.9877362847328186,0.2689202129840851,2.7126364707946777,0.5056919455528259,-0.0099582817806877,-0.1564590199131219,0.0908669480266999,105.0
1652966802.034037,-0.3287339210510254,0.3294532299041748,-0.1378559023141861,0.017164621502161,0.1534503847360611,-0.9880072474479676,0.2251349240541458,2.61617112159729,0.4691370725631714,0.0173712243220164,-0.1540590697155307,0.0957808481573811,105.0
1652966802.04406,-0.2926673591136932,0.3121231198310852,-0.1202638149261474,0.0429419502615928,0.1512086540460586,-0.9875686764717102,0.2144247591495514,2.491161108016968,0.4105880260467529,0.0434551195625439,-0.1517908673697292,0.1001766855461573,105.0
1652966802.054158,-0.2950814962387085,0.2674309015274048,-0.0734957456588745,0.0674202814698219,0.148218035697937,-0.9866539239883424,0.3533240258693695,2.386282205581665,0.2838844060897827,0.068226192134642,-0.1487661643093202,0.1034753514496852,105.0
1652966802.063964,-0.3106611967086792,0.2364387512207031,-0.0296038538217544,0.0909040570259094,0.1443652212619781,-0.9853401184082032,0.3845660984516144,2.332447052001953,0.2060117125511169,0.0919961192969877,-0.1448714361783916,0.1056111829323059,105.0
1652966802.0738769,-0.3271012008190155,0.2692643404006958,-0.039305493235588,0.113829031586647,0.140196606516838,-0.9835587739944458,0.4112963378429413,2.31083083152771,0.1386236250400543,0.1152192175076445,-0.1406599865103086,0.1068602777010264,105.0
1652966802.083879,-0.3346563875675201,0.352136492729187,-0.0224233865737915,0.1368108689785003,0.1363760381937027,-0.981164813041687,0.3396378457546234,2.3557827472686768,0.0923823490738868,0.1385439080360167,-0.1368023449377831,0.1075451154143418,105.0
1652966802.093822,-0.3155714869499206,0.4368640780448913,-0.0079726576805114,0.1601911634206771,0.1330489516258239,-0.9780781269073486,0.339374840259552,2.4123775959014893,0.0806740671396255,0.1623402418252161,-0.1334446578698795,0.1078719083771023,105.0
1652966802.103839,-0.2521093487739563,0.4673656821250915,-0.001105323433876,0.1836278140544891,0.1285619884729385,-0.9745525121688844,0.5627583861351013,2.3703572750091557,0.10664813965559,0.1862391557134372,-0.1289187907268511,0.1079866496921524,105.0
1652966802.113723,-0.1819682717323303,0.437031090259552,0.035347856581211,0.2063059955835342,0.1215735375881195,-0.970905601978302,0.8271656632423401,2.2697458267211914,0.1664352715015411,0.2093741045627205,-0.1218750241314353,0.1079359975236047,105.0
1652966802.123882,-0.133525937795639,0.3713334202766418,0.0524365976452827,0.2276726216077804,0.1120836734771728,-0.9672654271125792,1.034232258796692,2.1152448654174805,0.2067281007766723,0.2311697647648343,-0.1123196892584861,0.1077042506325418,105.0
1652966802.13368,-0.1289794445037841,0.3317090272903442,0.0310994386672973,0.2476927638053894,0.1015757322311401,-0.9634991884231568,1.0264785289764404,2.013633251190185,0.2246655821800232,0.2516275038967154,-0.1017512166868518,0.1073601074820376,105.0
1652966802.143672,-0.1461230516433715,0.3280375599861145,-0.0139297023415565,0.2670641541481018,0.0921462550759315,-0.9592631459236144,0.8001633286476135,1.9899537563323972,0.2101564407348632,0.2715295349547825,-0.0922771604980226,0.1070546525603889,105.0
1652966802.15359,-0.1459952890872955,0.3382181525230407,-0.0912441238760948,0.2861471772193908,0.0852779299020767,-0.9543833136558532,0.5169055461883545,1.9743460416793823,0.2559090256690979,0.2912954657913512,-0.0853816316542486,0.1074283978431751,105.0
1652966802.163573,-0.1278662681579589,0.386272132396698,-0.1295106410980224,0.3050054907798767,0.0803468152880668,-0.948955237865448,0.3793743848800659,1.9442030191421509,0.2929567694664001,0.3109831459494595,-0.0804335153469617,0.1087978475081041,105.0
1652966802.17353,-0.1146067380905151,0.4339060187339782,-0.0491194427013397,0.3231943249702453,0.0758223235607147,-0.9432901740074158,0.3945330679416656,1.871674656867981,0.2950973808765411,0.330089164334837,-0.0758951648622242,0.1103826721986024,105.0
1652966802.183447,-0.1164273023605346,0.474353015422821,0.0083579719066619,0.3405178189277649,0.0698433220386505,-0.9376404285430908,0.6902488470077515,1.788494348526001,0.2723310887813568,0.3483542818904446,-0.0699002313982764,0.1112106677726765,105.0
1652966802.193573,-0.1186530888080596,0.5298581719398499,0.0101112648844718,0.35691899061203,0.06100994348526,-0.9321408867836,1.003761887550354,1.6888000965118408,0.2600016891956329,0.3656807492282712,-0.0610478555332719,0.1107924601214183,105.0
1652966802.2034369,-0.1358677744865417,0.5607084035873413,0.0100552067160606,0.3723331689834595,0.0497134737670421,-0.9267667531967164,1.2587803602218628,1.620516657829285,0.2190907299518585,0.382018395075789,-0.0497339740428194,0.1089391942331924,105.0
1652966802.2133389,-0.1647747457027435,0.5645410418510437,-0.0412429235875606,0.3871867954730987,0.0369399450719356,-0.9212610125541688,1.3271536827087402,1.587130427360535,0.1751159131526947,0.3978652659842417,-0.0369483519126243,0.1057651450805408,105.0
1652966802.223318,-0.1749824583530426,0.586211085319519,-0.1065441668033599,0.4015754461288452,0.0245892070233821,-0.915495753288269,1.1974782943725586,1.5521694421768188,0.1528777182102203,0.4133690804445775,-0.024591686008506,0.1022621247323786,105.0
1652966802.233264,-0.1666889786720276,0.6006208062171936,-0.1601069867610931,0.4154529869556427,0.0141566703096032,-0.9095044732093812,0.941608726978302,1.50019371509552,0.1462410241365432,0.4284865223829535,-0.0141571427865772,0.0992382596274999,105.0
1652966802.243258,-0.1441029906272888,0.6026450991630554,-0.1271841078996658,0.4286641180515289,0.006349756848067,-0.903441607952118,0.6926982402801514,1.4185556173324585,0.1116617321968078,0.4430231991152697,-0.0063497997021758,0.0970165252752018,105.0
1652966802.253194,-0.1215784847736358,0.6032597422599792,-0.0584953427314758,0.4408380687236786,0.0004661554994527,-0.8975865244865417,0.5178415179252625,1.2947505712509155,0.0928656309843063,0.4565322114288176,-0.0004661555180924,0.0952382024943568,105.0
1652966802.2633,-0.1034401357173919,0.6128151416778564,-0.0018723160028457,0.4516151249408722,-0.0040633482858538,-0.8922036290168762,0.4192773699760437,1.1177756786346436,0.0983863770961761,0.4685789423413121,0.0040633595013764,0.0940724270076068,105.0
1652966802.273092,-0.1080023050308227,0.611763596534729,0.0159736573696136,0.4608465135097503,-0.0079628061503171,-0.8874441385269165,0.3742618262767792,0.9770601391792296,0.1022437661886215,0.4789652502579645,0.0079628900776821,0.0931682962499061,105.0
1652966802.283094,-0.1156485378742218,0.6162607073783875,0.0273583233356475,0.469133585691452,-0.0120232459157705,-0.8830453753471375,0.4333634972572326,0.9057923555374146,0.1097759827971458,0.488347836078643,0.0120235356894455,0.0922696156171976,105.0
1652966802.292976,-0.0789361298084259,0.614814281463623,0.030737817287445,0.4765801429748535,-0.0165929310023784,-0.878974437713623,0.4664497375488281,0.7822219729423523,0.1476150453090667,0.4968351849089364,0.0165936927086193,0.0912099160562628,105.0
1652966802.303283,-0.0121477842330932,0.6305566430091858,0.0198804140090942,0.4826525151729584,-0.0213452689349651,-0.8755518198013306,0.4052209854125976,0.613544225692749,0.2127807438373565,0.5038064003720514,0.0213468892468435,0.0907216619901672,105.0
1652966802.370405,0.0132955908775329,0.6495514512062073,0.0085564702749252,0.4871468842029571,-0.0252343378961086,-0.8729553818702698,0.2322505563497543,0.4404879808425903,0.2486259043216705,0.5089974834063966,0.0252370160700549,0.0912028019026339,105.0
1652966802.370768,-0.002679169178009,0.6891106367111206,0.0348451286554336,0.4926693439483642,-0.0304658617824316,-0.8696831464767456,0.1686601191759109,0.1958564221858978,0.2533071935176849,0.5154174799368383,0.0304705759916983,0.0942073909519435,105.0
1652966802.370771,0.0033799409866333,0.6662827730178833,0.0087336599826812,0.4904402196407318,-0.0279902685433626,-0.8710252046585083,0.1208926066756248,0.3312733471393585,0.2655564248561859,0.5128154182801282,0.0279939241647404,0.0926648426290947,105.0
1652966802.3709369,0.0084455013275146,0.686332106590271,0.0861750692129135,0.4935838878154754,-0.0338069163262844,-0.8690409064292908,0.3261232376098633,0.0423749797046184,0.2478871345520019,0.5165304113021929,0.0338133609703157,0.0952285698654278,105.0
1652966802.37651,0.046450912952423,0.5081496238708496,0.0904697775840759,0.4886747896671295,-0.0496982932090759,-0.8710494041442871,0.4136630892753601,-0.3778616189956665,0.270506739616394,0.5112633058491937,0.0497187760899358,0.0949145279355412,105.0
1652966802.382938,0.0609189569950103,0.461922287940979,0.0598500519990921,0.4846284687519073,-0.0539449080824852,-0.873055100440979,0.2189697623252868,-0.509837806224823,0.3091329634189605,0.5067464599572675,0.0539711047377445,0.0957928713060939,105.0
1652966802.392652,0.0643804967403411,0.4717375636100769,0.0609740950167179,0.4795494973659515,-0.0564269907772541,-0.8756987452507019,0.004552949219942,-0.6137046813964844,0.3491844236850738,0.5010135562358548,0.0564569766266176,0.0981867073447332,105.0
1652966802.407334,0.0362961888313293,0.5077033042907715,0.0988756418228149,0.4735914766788482,-0.0576158873736858,-0.8788580894470215,-0.1154719889163971,-0.6989471316337585,0.3709743916988373,0.4942590265912187,0.057647811185707,0.1016089487117983,105.0
1652966802.412521,0.0126532614231109,0.5677244663238525,0.1638369858264923,0.4669609367847442,-0.0584292747080326,-0.8823454976081848,-0.0754622593522071,-0.760915219783783,0.3707631826400757,0.4867548133089178,0.0584625705957215,0.1053514116399262,105.0
1652966802.422628,0.003775268793106,0.5907356142997742,0.1987329125404358,0.4596493542194366,-0.0598016493022441,-0.886084794998169,-0.0303725413978099,-0.8436513543128967,0.4193512499332428,0.4785285169749452,0.0598373505944982,0.1090658614642798,105.0
1652966802.432117,0.0014204978942871,0.5435044169425964,0.208834707736969,0.4515824019908905,-0.0621519833803176,-0.8900620937347412,0.1201034486293792,-0.915971577167511,0.4707209467887878,0.4695186946372093,0.0621920668662132,0.1128600757419244,105.0
1652966802.442214,-0.0150290429592132,0.4494309425354004,0.2138124108314514,0.4428549408912658,-0.0661683678627014,-0.8941483497619629,0.2852258384227752,-0.9756149053573608,0.502312183380127,0.4598654992535142,0.0662167472082953,0.1163179677601773,105.0
1652966802.452485,-0.0249924957752227,0.404765784740448,0.2477918714284896,0.4335923194885254,-0.0713392421603202,-0.8982807993888855,0.3757011890411377,-1.020760178565979,0.503280758857727,0.449705001347672,0.0713998951787987,0.1193673864434458,105.0
1652966802.462099,-0.0275363028049469,0.3902895450592041,0.255803495645523,0.4237764775753021,-0.0770773142576217,-0.9024813771247864,0.3845447599887848,-1.0954290628433228,0.519356906414032,0.4390071043397703,0.0771538405426709,0.1222359519821399,105.0
1652966802.47226,-0.0358739793300628,0.4720600247383117,0.2575258910655975,0.413025438785553,-0.0824313014745712,-0.9069812893867492,0.3185863494873047,-1.2077481746673584,0.5804839730262756,0.4273228486196318,0.082524937116819,0.1258377951147641,105.0
1652966802.482049,-0.0771915018558502,0.5672279596328735,0.3061087727546692,0.4008913934230804,-0.0874808430671691,-0.911939263343811,0.2547341585159302,-1.342700719833374,0.6501498818397522,0.4141743656778824,0.0875928061560181,0.1302874444216392,105.0
1652966802.491932,-0.1368593275547027,0.5951557159423828,0.3791849613189697,0.3878358602523803,-0.092548631131649,-0.9170703887939452,0.2561177909374237,-1.3761831521987915,0.7655274271965027,0.4000968585618696,0.0926812620225649,0.1357276911703419,105.0
1652966802.502502,-0.1542192101478576,0.4864717125892639,0.3412843644618988,0.3744035065174103,-0.0983644425868988,-0.9220338463783264,0.3318767547607422,-1.3748701810836792,0.9455986618995668,0.3857218264499012,0.0985237609328331,0.1425558276748624,105.0
1652966802.511883,-0.1142817139625549,0.3294081091880798,0.2856298983097076,0.3603143990039825,-0.1061255112290382,-0.9267744421958924,0.5307105183601379,-1.465427279472351,1.114287257194519,0.3707995371874221,0.1063257350837643,0.1505417988523236,105.0
1652966802.52181,-0.0819359421730041,0.2916697263717651,0.3332973420619964,0.3449211120605469,-0.1157222762703895,-0.93147075176239,0.664072573184967,-1.5778491497039795,1.221786618232727,0.3546413982144404,0.1159821327330038,0.1594743449072739,105.0
1652966802.531959,-0.0948113203048706,0.3188700079917907,0.3483292162418365,0.3282859921455383,-0.1265885084867477,-0.9360575079917908,0.7897990942001343,-1.6800549030303955,1.2240686416625977,0.3373084000208682,0.1269290636834408,0.168514743139545,105.0
1652966802.5419788,-0.1316293776035308,0.3553047180175781,0.2836831510066986,0.3104470670223236,-0.1369241327047348,-0.9406776428222656,0.5119791626930237,-1.7818303108215332,1.2886264324188232,0.3187700403844296,0.1373556325030563,0.1782385367596936,105.0
1652966802.552332,-0.179632693529129,0.4324448704719543,0.2424775809049606,0.2916779220104217,-0.1440126299858093,-0.9456132054328918,0.1791754066944122,-1.8334159851074217,1.2587991952896118,0.2991943567405776,0.1445151230502476,0.1894273498771245,105.0
1652966802.561691,-0.2151724100112915,0.383452832698822,0.2877607047557831,0.2728505432605743,-0.1473951041698455,-0.9506983160972596,-0.1622934937477111,-1.762269139289856,1.2615784406661987,0.2794880705057139,0.1479340849059812,0.2015594804898374,105.0
1652966802.571764,-0.1560615003108978,0.1122888922691345,0.2064294666051864,0.2544958591461181,-0.1490411609411239,-0.9555200934410096,-0.2078959345817566,-1.708275318145752,1.3386684656143188,0.260299958449321,0.1495985263919091,0.2146282152099676,105.0
1652966802.581716,-0.0265979766845703,-0.0720245242118835,0.1499779671430587,0.235750138759613,-0.1502678841352462,-0.960125744342804,-0.2206330299377441,-1.7960253953933716,1.424654245376587,0.240777481119166,0.1508392338378932,0.2287674028681658,105.0
1652966802.591707,0.0299578160047531,-0.1695605516433715,0.2553105652332306,0.2159222513437271,-0.1520238220691681,-0.9645031690597534,-0.0830549299716949,-1.890445709228516,1.3996835947036743,0.2202375802104656,0.1526155774927509,0.242977294107107,105.0
1652966802.601664,-0.0225973725318908,-0.1908454895019531,0.2849835157394409,0.1954183727502823,-0.1543225049972534,-0.9685020446777344,-0.064115859568119,-1.9062200784683228,1.385386943817139,0.1991005792354677,0.1549417079484152,0.2568708621477513,105.0
1652966802.611733,-0.1178500056266784,-0.1077327728271484,0.1907205730676651,0.1750856637954712,-0.1551370918750763,-0.9722537994384766,-0.3013804852962494,-1.8569263219833372,1.3450361490249634,0.1781726068251931,0.1557662174106775,0.2707802847823226,105.0
1652966802.621711,-0.1945671141147613,-0.0574591159820556,0.1712670624256134,0.1556266248226165,-0.1531853973865509,-0.9758660793304444,-0.5344308018684387,-1.7413315773010254,1.2864586114883425,0.1581437087392477,0.1537909145805891,0.2845419622602469,105.0
1652966802.631822,-0.2044737935066223,-0.109521210193634,0.1733410954475402,0.1371519416570663,-0.1490643620491027,-0.9792696833610536,-0.6767409443855286,-1.6572314500808716,1.30886971950531,0.1391502051348173,0.1496220024680851,0.2983839877405116,105.0
1652966802.641666,-0.164184033870697,-0.1637000441551208,0.1467690467834472,0.1193688809871673,-0.143442615866661,-0.9824333786964417,-0.7905284762382507,-1.5918161869049072,1.3182517290115356,0.1209106108221835,0.1439391336998546,0.312486930219621,105.0
1652966802.651643,-0.116244837641716,-0.2420046925544738,0.1486138105392456,0.10208460688591,-0.1377037763595581,-0.9851986765861512,-0.6882105469703674,-1.563151717185974,1.3324055671691897,0.1032498230064751,0.1381427317127114,0.3264902559949151,105.0
1652966802.66158,-0.0608029142022132,-0.3276825547218323,0.1722999364137649,0.0849269852042198,-0.1331001073122024,-0.9874572157859802,-0.4948980808258056,-1.5702040195465088,1.3842567205429075,0.085794613177968,0.1334962603991625,0.3406533606877363,105.0
1652966802.671513,-0.0359039008617401,-0.3741768002510071,0.1583172678947448,0.0673064142465591,-0.1301190108060836,-0.9892112612724304,-0.3399032950401306,-1.632372498512268,1.438454031944275,0.0679357764148154,0.1304890104603206,0.3551256493255182,105.0
1652966802.681859,-0.1014418452978134,-0.3483802080154419,0.1361570805311203,0.0493482612073421,-0.1276274025440216,-0.9905937910079956,-0.3682459890842438,-1.6189050674438477,1.4576524496078491,0.0497756997303152,0.1279764447813852,0.3698739651182285,105.0
1652966802.691484,-0.2158822119235992,-0.2902085781097412,0.0906421020627021,0.0320595018565654,-0.1234332248568534,-0.9918348789215088,-0.5895772576332092,-1.499941110610962,1.4306936264038086,0.0323121774414414,0.1237488269830817,0.384601146261211,105.0
1652966802.701474,-0.2880440652370453,-0.2795741558074951,0.0043146237730979,0.0163002181798219,-0.1166498139500618,-0.9930393099784852,-0.8665241599082947,-1.337270975112915,1.3985061645507812,0.0164129991687445,0.1169159944074436,0.3988990007862462,105.0
1652966802.711453,-0.2550170421600342,-0.3108460307121277,-0.0329237207770347,0.0020262375473976,-0.107457123696804,-0.9942076802253724,-1.0118530988693235,-1.251908540725708,1.3876463174819946,0.0020380398434711,0.1076650074326471,0.4129645794382848,105.0
1652966802.721349,-0.1794154047966003,-0.3663567304611206,-0.0224643275141716,-0.0118230730295181,-0.0974544808268547,-0.995169758796692,-0.9712759256362916,-1.2657612562179563,1.387453556060791,-0.0118798998505656,0.0976094026194631,0.4267964385573974,105.0
1652966802.7311702,-0.162923514842987,-0.3716670274734497,-0.009023331105709,-0.0255836378782987,-0.0884803086519241,-0.995749294757843,-0.7656391263008118,-1.2452757358551023,1.373294472694397,-0.0256871983116731,0.0885961652507726,0.4404620216938545,105.0
1652966802.7414231,-0.1954347193241119,-0.4021563529968261,-0.0262092947959899,-0.0387572571635246,-0.0821128338575363,-0.9958691596984864,-0.4277774393558502,-1.175822615623474,1.3666256666183472,-0.03889839197049,0.0822053908664463,0.453959309262687,105.0
1652966802.751372,-0.2162980139255523,-0.411308228969574,-0.0646184459328651,-0.0510360524058342,-0.0778375789523124,-0.9956588745117188,-0.3016567826271057,-1.0779651403427124,1.3693606853485107,-0.0512137485556851,0.0779163964077077,0.4675091319093456,105.0
1652966802.761098,-0.2387210428714752,-0.383843183517456,-0.1576312184333801,-0.0620450377464294,-0.0742565691471099,-0.995307207107544,-0.2897670865058899,-0.9318457841873168,1.3180053234100342,-0.0622570154280155,0.0743249800243996,0.4807586846946963,105.0
1652966802.771151,-0.2282761335372924,-0.3381774425506592,-0.2566821873188019,-0.0716659575700759,-0.0700237154960632,-0.9949676990509032,-0.3916231393814087,-0.8283823728561401,1.262322187423706,-0.0719042532495748,0.0700810705707186,0.4933568600795668,105.0
1652966802.7811909,-0.1948109865188598,-0.3516183495521545,-0.3469172716140747,-0.0803966149687767,-0.0646427571773529,-0.9946646094322203,-0.5073156952857971,-0.7728466391563416,1.2198700904846191,-0.0806525322656154,0.0646878602972066,0.5053741248118637,105.0
1652966802.791209,-0.1953797191381454,-0.3792114853858948,-0.3826502859592438,-0.088540643453598,-0.0579624883830547,-0.9943847060203552,-0.6254602074623108,-0.7187021970748901,1.1374133825302124,-0.0888064379979753,0.0579949948095073,0.5166641813638703,105.0
1652966802.801415,-0.2249278128147125,-0.4095005393028259,-0.3989122807979584,-0.095781497657299,-0.050413254648447,-0.994124948978424,-0.6830441355705261,-0.624639093875885,1.0454778671264648,-0.0960510708966656,0.0504346348566182,0.5268844288349416,105.0
1652966802.810883,-0.2135911285877227,-0.4189711809158325,-0.4265110194683075,-0.1020675152540206,-0.0424678325653076,-0.9938705563545228,-0.7309558987617493,-0.5546888709068298,0.9800419211387634,-0.1023382191570765,0.042480609741671,0.5362291312687711,105.0
1652966802.820953,-0.1865684390068054,-0.3970537185668945,-0.442776620388031,-0.1076516136527061,-0.033709567040205,-0.993617057800293,-0.8228005766868591,-0.4949448406696319,0.905195653438568,-0.1079222027997641,0.0337159553234171,0.5447676369238847,105.0
1652966802.830827,-0.1868312060832977,-0.3700671195983886,-0.4830274581909179,-0.1124394908547401,-0.0240831170231103,-0.9933666586875916,-0.915985643863678,-0.4136680662631988,0.8329540491104126,-0.112710604126744,0.0240854450588848,0.5523827882659058,105.0
1652966802.84104,-0.1818113774061203,-0.3232213258743286,-0.5107192993164062,-0.1162081062793731,-0.0141677735373377,-0.9931238293647766,-0.8899540305137634,-0.3278572857379913,0.7425099015235901,-0.1164830060711936,0.0141682478395525,0.5591464322564702,105.0
1652966802.851324,-0.1555127799510955,-0.3004769682884216,-0.5010423064231873,-0.1192981004714965,-0.0055952644906938,-0.992842733860016,-0.6555339694023132,-0.2968194782733917,0.6479374170303345,-0.1195847867096646,0.0055952938829185,0.5650688116978518,105.0
1652966802.8607411,-0.1253815591335296,-0.2979007363319397,-0.4683805108070373,-0.1222076341509819,-7.953972817631438e-05,-0.9925045371055604,-0.3117614090442657,-0.2911264598369598,0.5213344693183899,-0.1225138883051277,7.953972909672941e-05,0.5703042279423234,105.0
1652966802.87089,-0.1336517333984375,-0.3149342536926269,-0.4510327279567718,-0.1249237731099128,0.0021191944833844,-0.9921640753746032,-0.042971558868885,-0.2487508058547973,0.3782874941825866,-0.1252512814633181,-0.0021191960273988,0.5745464350017827,105.0
1652966802.880629,-0.1610730588436126,-0.3249257206916809,-0.4944650530815124,-0.127058744430542,0.0023081074468791,-0.9918925166130066,0.0667213797569274,-0.1868914365768432,0.2178424149751663,-0.1274034582468569,-0.0023081094721493,0.577518162461706,105.0
1652966802.890737,-0.1647356152534485,-0.3362866044044494,-0.5372066497802734,-0.1286757141351699,0.0013790316879749,-0.9916857481002808,0.1872613131999969,-0.1469152569770813,0.0896178409457206,-0.1290335981957334,-0.0013790321285648,0.57916158292756,105.0
1652966802.901153,-0.1667951494455337,-0.3336127400398254,-0.5142677426338196,-0.1299426108598709,7.708701014053077e-05,-0.9915215373039246,0.0777545198798179,-0.101847656071186,-0.0101335234940052,-0.1303110933773586,-7.708700976885427e-05,0.5797093489652703,105.0
1652966802.9104738,-0.1701092571020126,-0.2879270911216736,-0.528607964515686,-0.130748376250267,-0.0003379029221832,-0.9914155006408693,-0.0144965089857578,-0.0590611472725868,-0.1521181613206863,-0.1311238045499846,0.0003379029169317,0.5789471826974261,105.0
1652966802.920929,-0.1711231470108032,-0.2259935736656189,-0.5405901670455933,-0.1311077773571014,0.0007037188042886,-0.9913678765296936,-0.2362928241491317,-0.0122150797396898,-0.2595061361789703,-0.1314863466387932,-0.0007037188738246,0.576724645875023,105.0
1652966802.93056,-0.1525879055261612,-0.180466890335083,-0.5423430800437927,-0.1311188340187072,0.0029296728316694,-0.9913623332977296,-0.2979693710803985,0.0034851073287427,-0.3658543229103088,-0.131498046573484,-0.0029296769205734,0.573262196835567,105.0
1652966802.940555,-0.1276931464672088,-0.1883439421653747,-0.49251389503479,-0.1313096284866333,0.0051024127751588,-0.9913282990455629,-0.236986443400383,-0.0392415858805179,-0.4560470581054687,-0.1316916564320145,-0.0051024347243127,0.5688667457585678,105.0
1652966802.9506888,-0.1381168216466903,-0.1905441880226135,-0.4295235276222229,-0.1317501962184906,0.0060921749100089,-0.9912642240524292,-0.1060682386159896,-0.0340295620262622,-0.5948535203933716,-0.1321368206238531,-0.006092212378307,0.5634928884803517,105.0
1652966802.960267,-0.1687369793653488,-0.1759942173957824,-0.4009881019592285,-0.1320443749427795,0.0058007566258311,-0.991226851940155,-0.0285449512302875,-0.0119727319106459,-0.7183693051338196,-0.1324333665609408,-0.0058007890603913,0.5568858257980528,105.0
1652966802.970464,-0.1684358268976211,-0.1509878039360046,-0.4331837594509125,-0.1320860981941223,0.0052968319505453,-0.9912241101264954,-0.0836008787155151,0.0125611070543527,-0.7880477905273438,-0.1324751006921056,-0.0052968565921357,0.5493885053586058,105.0
1652966802.980301,-0.1732203066349029,-0.1322361230850219,-0.4580346643924713,-0.1318487524986267,0.0057336809113621,-0.9912532567977904,-0.2329048812389373,0.0484783612191677,-0.8559205532073975,-0.1322359647373571,-0.0057337125420686,0.5410552751776132,105.0
1652966802.990583,-0.190211609005928,-0.0900022387504577,-0.4456169307231903,-0.1311996132135391,0.007567651104182,-0.9913271069526672,-0.3625173270702362,0.0949781090021133,-0.9139613509178162,-0.1315827493911156,-0.0075677234554216,0.5319156707522746,105.0
1652966803.000628,-0.2047783136367797,-0.044230043888092,-0.402253657579422,-0.130014881491661,0.0101333232596516,-0.9914602637290956,-0.3932531476020813,0.1594737470149994,-0.9920020699501038,-0.130390713891066,-0.0101334968676701,0.5219882014657065,105.0
1652966803.0101151,-0.197000190615654,-0.0256306529045104,-0.3665986657142639,-0.1284240782260894,0.0123659204691648,-0.9916422367095948,-0.3193141222000122,0.1821227222681045,-1.0306808948516846,-0.1287896324408095,-0.0123662355712528,0.5115171362316595,105.0
1652966803.020607,-0.1775192469358444,-0.0271853804588317,-0.3356456160545349,-0.1268631517887115,0.0135936411097645,-0.9918270707130432,-0.2078672349452972,0.1626116037368774,-1.0724884271621704,-0.1272177599858583,-0.0135940593715222,0.5008054021080847,105.0
1652966803.030098,-0.1814059466123581,-0.0363891124725341,-0.3020758330821991,-0.1254331320524215,0.0137000139802694,-0.9920074939727784,-0.0973154231905937,0.1686169654130935,-1.142587423324585,-0.1257762629458896,-0.0137004422610786,0.4896806133107957,105.0
1652966803.040251,-0.2023514956235885,-0.0619259476661682,-0.3115738034248352,-0.1237746849656105,0.0128219975158572,-0.9922274947166444,-0.0369889698922634,0.198137566447258,-1.2002190351486206,-0.1241031822560598,-0.0128223487091333,0.4780079262622781,105.0
1652966803.049955,-0.1911659836769104,-0.0584570169448852,-0.3394333720207214,-0.1218834295868873,0.0115830413997173,-0.9924768209457396,-0.0083766980096697,0.2088456749916076,-1.2373180389404297,-0.1221954765421628,-0.0115832999597123,0.4659331812891863,105.0
1652966803.060025,-0.1838128566741943,-0.0445994734764099,-0.3484624028205871,-0.1199897080659866,0.0101292915642261,-0.9927234649658204,-0.001638900488615,0.2030732631683349,-1.2892417907714844,-0.1202857158011566,-0.0101294651653013,0.4534437333830809,105.0
1652966803.069828,-0.2045547068119049,-0.0082316994667053,-0.3547066748142242,-0.118168756365776,0.008347456343472,-0.9929584264755248,0.0525150150060653,0.1924677491188049,-1.377472996711731,-0.1184496592624387,-0.0083475531241659,0.4403200363001908,105.0
1652966803.079813,-0.2425337582826614,0.0189728140830993,-0.3336884677410126,-0.1164140850305557,0.0055177127942442,-0.9931854605674744,0.1742600947618484,0.1883414536714553,-1.5108531713485718,-0.1166804294079154,-0.0055177409929614,0.426199176734945,105.0
1652966803.089744,-0.2700693309307098,0.0109457373619079,-0.2862125039100647,-0.1145743057131767,0.0016055955784395,-0.9934133887290956,0.2427615225315094,0.1946732699871063,-1.6611562967300415,-0.1148266240296347,-0.0016055962449893,0.4107380067377855,105.0
1652966803.099756,-0.2633394300937652,0.0021520256996154,-0.2856372594833374,-0.1127287670969963,-0.0026165125891566,-0.993622362613678,0.1988968551158905,0.1734193861484527,-1.7671279907226562,-0.1129692885245745,0.0026165156642053,0.3939933774073585,105.0
1652966803.109673,-0.226946473121643,-0.0033479332923889,-0.3045219182968139,-0.1111578568816185,-0.0062080374918878,-0.9937833547592164,0.1173045337200164,0.1234647259116172,-1.827468991279602,-0.1113902082925149,0.0062080773910957,0.3763646676120623,105.0
1652966803.119597,-0.1969724148511886,-0.0322218537330627,-0.2974421679973602,-0.1100345104932785,-0.0091221593320369,-0.9938859343528748,0.0645433142781257,0.0740460380911827,-1.8601154088974,-0.110262374965592,0.0091222858140306,0.3582042783955232,105.0
1652966803.129761,-0.1967759430408477,-0.066234290599823,-0.2684253454208374,-0.1092391610145568,-0.0117259938269853,-0.9939463138580322,0.0438218563795089,0.0559371821582317,-1.915465831756592,-0.1094651513439634,0.0117262622498717,0.3395805971262997,105.0
1652966803.139639,-0.2172825336456298,-0.087061583995819,-0.2483940124511718,-0.108370617032051,-0.0142555041238665,-0.9940083622932434,0.0348896160721778,0.0748192593455314,-1.9486863613128664,-0.1085949484631071,0.0142559870982841,0.3204219523631058,105.0
1652966803.149527,-0.2185515463352203,-0.0431305170059204,-0.2640901803970337,-0.1072999686002731,-0.0167478267103433,-0.9940856099128724,0.0384996645152568,0.0779257863759994,-1.9945592880249023,-0.1075220741411077,0.0167486102630595,0.3009583177949488,105.0
1652966803.159481,-0.2193664610385894,0.0041137933731079,-0.2360150218009948,-0.106225661933422,-0.0195544213056564,-0.9941497445106506,0.0773269534111023,0.070353090763092,-2.0845088958740234,-0.1064468881141377,0.0195556671116526,0.2808379701284499,105.0
1652966803.169434,-0.2208310216665268,0.0096129775047302,-0.2157168686389923,-0.1050052493810653,-0.023174725472927,-0.9942016005516052,0.2164605408906936,0.0897255092859268,-2.1694133281707764,-0.1052275428018254,0.0231768007078499,0.2599574940615691,105.0
1652966803.1794062,-0.2054972052574157,-0.0222957134246826,-0.173791155219078,-0.1034323349595069,-0.0284488331526517,-0.9942295551300048,0.3777186572551727,0.111679807305336,-2.2937419414520264,-0.1036597567551027,0.0284526717619777,0.2381615215510113,105.0
1652966803.189426,-0.1676598340272903,-0.0558042526245117,-0.1266370862722396,-0.1016578823328018,-0.0355638414621353,-0.9941835403442384,0.5701053738594055,0.0877305269241333,-2.3940305709838867,-0.1018984783872249,0.0355713408753577,0.2153881051026865,105.0
1652966803.199486,-0.1149242371320724,-0.0500245690345764,-0.1294099241495132,-0.1001332253217697,-0.0440825074911117,-0.993997037410736,0.6438946723937988,0.021276406943798,-2.435400009155273,-0.1003992481305839,0.0440967963031875,0.1920369437346417,105.0
1652966803.209274,-0.0993719026446342,-0.0427949428558349,-0.1289074420928955,-0.0990687385201454,-0.0526111088693141,-0.9936888217926024,0.5723341703414917,-0.0337221287190914,-2.4347236156463623,-0.0993695834432631,0.052635409512232,0.1684629107345739,105.0
1652966803.2192202,-0.1168337613344192,-0.0289274454116821,-0.1070544496178627,-0.0982237011194229,-0.0600598156452178,-0.9933503270149232,0.4403902292251587,-0.0675711780786514,-2.4177005290985107,-0.0985608326393655,0.0600959805592705,0.1448681064696607,105.0
1652966803.229516,-0.1403411775827407,0.0213835835456848,-0.0635510459542274,-0.0976654961705207,-0.0659350454807281,-0.9930327534675598,0.2356006801128387,-0.123689517378807,-2.406322956085205,-0.0980354513249903,0.0659829142948592,0.1212477389141855,105.0
1652966803.239389,-0.1582812815904617,0.1077725291252136,-0.0177716314792633,-0.0975781828165054,-0.0688525289297103,-0.9928433299064636,-0.0358622521162033,-0.1955996602773666,-2.423847198486328,-0.0979669298664096,0.068907043591609,0.0974538906493334,105.0
1652966803.249625,-0.1930737197399139,0.104307472705841,0.0077961236238479,-0.0980335399508476,-0.0699757114052772,-0.9927198886871338,-0.2036284804344177,-0.2355377525091171,-2.4677205085754395,-0.0984333222246303,0.0700329418055791,0.0730136197914195,105.0
1652966803.259684,-0.2124232202768325,0.0752030611038208,0.1043216288089752,-0.0985815078020095,-0.0703708454966545,-0.9926376938819884,-0.1957897245883941,-0.2250584810972213,-2.535023927688598,-0.0989880842915306,0.0704290519309472,0.0479756788993096,105.0
1652966803.2696571,-0.1942463815212249,0.0493154525756835,0.2083044946193695,-0.099088653922081,-0.0714941993355751,-0.9925069212913512,-0.0913420915603637,-0.2459523230791092,-2.6201632022857666,-0.0995070006631956,0.0715552445951799,0.0221955016964225,105.0
1652966803.279289,-0.1475370526313781,0.0508698225021362,0.3049149513244629,-0.0997164398431778,-0.073378100991249,-0.9923065304756165,-0.0757799074053764,-0.2673856914043426,-2.6332454681396484,-0.1001533360812715,0.0734441090334549,-0.0039877114560855,105.0
1652966803.288824,-0.1161179542541503,0.0794706344604492,0.3702422976493835,-0.1005264073610305,-0.0742523223161697,-0.9921597838401794,-0.280207872390747,-0.2832099497318268,-2.597201347351074,-0.1009761879033027,0.0743207230700403,-0.03020700651846,105.0
1652966803.298675,-0.0992108881473541,0.0839679241180419,0.3796924352645874,-0.1015948504209518,-0.0722125992178917,-0.9922015070915222,-0.669259250164032,-0.3023692667484283,-2.423583507537842,-0.1020377577790676,0.0722755094725989,-0.0556989276405572,105.0
1652966803.308549,-0.0912086740136146,0.1161605715751648,0.385272204875946,-0.1032189056277275,-0.0659057721495628,-0.9924728274345398,-1.07820463180542,-0.3593828380107879,-2.2192602157592773,-0.1036291885691619,0.065953578335184,-0.0796280057448977,105.0
1652966803.318554,-0.13240846991539,0.1665263175964355,0.4646859169006347,-0.1057813018560409,-0.0558419562876224,-0.9928202033042908,-1.394182801246643,-0.4068816602230072,-2.0790069103240967,-0.1061458318951836,0.0558710179254528,-0.1022094503378421,105.0
1652966803.3285022,-0.224954143166542,0.1638333201408386,0.5778839588165283,-0.1082978919148445,-0.0445893220603466,-0.9931179881095886,-1.2840131521224976,-0.2988107800483703,-2.0522985458374023,-0.1086191724421757,0.0446041096991991,-0.124088039042987,105.0
1652966803.338867,-0.251231700181961,0.1260480284690857,0.6977354288101196,-0.1097150444984436,-0.0359770022332668,-0.9933117628097534,-0.8639953136444092,-0.1598310619592666,-2.027655601501465,-0.110007863922694,0.0359847661185497,-0.145537049266665,105.0
1652966803.3484368,-0.1618089228868484,0.0706903338432312,0.8219365477561951,-0.1104995086789131,-0.0320653766393661,-0.9933587908744812,-0.3949467241764068,-0.145428791642189,-1.9086856842041016,-0.1107828214549246,0.0320708725480789,-0.1657712601703216,105.0
1652966803.3584251,-0.0568360388278961,0.0629384517669677,0.8695806264877319,-0.1116058081388473,-0.03155267983675,-0.9932515025138856,-0.1372099816799163,-0.1967734843492508,-1.7120556831359863,-0.1118947579627211,0.0315579173635676,-0.1840112227461178,105.0
1652966803.368397,-0.0206463858485221,0.0649349093437194,0.8207343816757202,-0.1130817234516143,-0.0316566675901412,-0.993081271648407,-0.2193805575370788,-0.1897649466991424,-1.428520441055298,-0.1133811969652344,0.0316619571115084,-0.1997983337133933,105.0
1652966803.3783689,-0.0245448276400566,0.0454888343811035,0.7307841181755066,-0.1141423881053924,-0.0299174431711435,-0.9930137991905212,-0.4264985918998718,-0.0985972136259079,-1.0856972932815552,-0.1144431532810756,0.0299219086560721,-0.2126102177606449,105.0
1652966803.38835,-0.013182409107685,0.043490707874298,0.7042509317398071,-0.1144727021455764,-0.0258146561682224,-0.9930909276008606,-0.5932974815368652,-0.0278503932058811,-0.772108793258667,-0.1147626088889466,0.0258175241015552,-0.222324591447413,105.0
1652966803.398346,-0.0022082924842834,0.0682579278945922,0.7092280387878418,-0.1142926514148712,-0.0200038067996501,-0.9932457208633424,-0.7294454574584961,0.037733145058155,-0.5051458477973938,-0.1145659802921677,0.0200051419912446,-0.2293659664564744,105.0
1652966803.4083982,-0.0095598325133323,0.0901312828063964,0.6671443581581116,-0.1135634183883667,-0.0125423604622483,-0.9934515953063964,-0.8756573796272278,0.0969293043017387,-0.2970558702945709,-0.1138179350574674,0.0125426896506979,-0.2342059709833208,105.0
1652966803.418181,-0.032163955271244,0.1001566052436828,0.5953924059867859,-0.1124589294195175,-0.0034887348301708,-0.9936502575874328,-1.0145912170410156,0.1223177462816238,-0.1216062903404235,-0.1126980194858698,0.0034887419593657,-0.2373249702856794,105.0
1652966803.4281712,-0.0409417152404785,0.0997729301452636,0.5385180711746216,-0.1110969483852386,0.0069378362968564,-0.9937853813171388,-1.0831797122955322,0.1490647345781326,-0.0046354648657143,-0.1113294510370973,-0.0069378921782944,-0.2390813296604952,105.0
1652966803.438158,-0.0221134573221206,0.0739883780479431,0.5133919715881348,-0.1096310093998909,0.0174765009433031,-0.993818700313568,-1.026878833770752,0.1388043761253357,0.0630290657281875,-0.1098686605096225,-0.0174773912180741,-0.239981752066987,105.0
1652966803.448108,0.0225891023874282,0.0393762588500976,0.4750186800956726,-0.1085724681615829,0.0269954390823841,-0.9937219023704528,-0.843639612197876,0.0739228427410125,0.1530114114284515,-0.1088267308173512,-0.0269987193184386,-0.2399207487208459,105.0
1652966803.458127,0.0445801615715026,0.0262486338615417,0.420717716217041,-0.1080720648169517,0.0339178703725338,-0.9935643076896667,-0.5197874903678894,0.0162899047136306,0.1896421313285827,-0.1083461358255566,-0.0339243769870858,-0.2389498731280875,105.0
1652966803.4681292,0.0558172389864921,-0.0002557039260864,0.3877229988574981,-0.1081091910600662,0.0376157164573669,-0.9934271574020386,-0.1963509172201156,-0.0345527678728103,0.233649805188179,-0.1083979118180448,-0.0376245945685057,-0.2372257856100824,105.0
1652966803.478322,0.0673686861991882,-0.0050590634346008,0.3054414987564087,-0.1085827499628067,0.0389645881950855,-0.9933235049247742,-0.0521929524838924,-0.0760402902960777,0.2459453642368316,-0.108880271311447,-0.0389744550101902,-0.2349436816096867,105.0
1652966803.488144,0.0459527447819709,0.0177142620086669,0.2123031765222549,-0.1093378365039825,0.0397719927132129,-0.993208646774292,-0.0812317281961441,-0.0811354517936706,0.2293000966310501,-0.1096439673562507,-0.0397824854932396,-0.2326581228331594,105.0
1652966803.498129,0.0093692913651466,0.0389876961708068,0.1384311616420745,-0.1098942756652832,0.0415614880621433,-0.9930739402770996,-0.2573588490486145,-0.0414543524384498,0.2054826617240905,-0.1102122943913344,-0.0415734626371425,-0.230685155391396,105.0
1652966803.508044,0.0020665898919105,0.0575339794158935,0.0836668312549591,-0.1099463030695915,0.0454530082643032,-0.9928976893424988,-0.4900716841220855,0.0090434970334172,0.2012904584407806,-0.1102834724073837,-0.0454686750041136,-0.2290975032904811,105.0
1652966803.518007,0.0294827818870544,0.0372962355613708,0.0557376779615879,-0.1096983179450035,0.0514247715473175,-0.9926337599754332,-0.648938000202179,0.0091590788215398,0.2252442687749862,-0.1100657549197888,-0.0514474654852857,-0.2276280112071152,105.0
1652966803.5279388,0.0595014467835426,-0.005362331867218,0.0649407282471656,-0.1097182035446167,0.0576788783073425,-0.992287814617157,-0.5412060618400574,-0.0410867817699909,0.2401669919490814,-0.1101236168869692,-0.0577109060596372,-0.2260069932501513,105.0
1652966803.537919,0.0672789886593818,-0.0434955358505249,0.1130597293376922,-0.1103546321392059,0.0620958767831325,-0.9919505715370178,-0.2775488495826721,-0.1103864982724189,0.2559004127979278,-0.1107945405586771,-0.062135853860514,-0.2239904731879736,105.0
1652966803.548,0.0379286184906959,-0.0699548125267028,0.1265418529510498,-0.1114760637283325,0.0637352168560028,-0.991721212863922,-0.0168870948255062,-0.1372649818658828,0.2377986758947372,-0.111936788499507,-0.0637784472024117,-0.2216619719538242,105.0
1652966803.557835,0.003604233264923,-0.0723384618759155,0.0804902091622352,-0.1125062853097915,0.0634001344442367,-0.9916263222694396,0.1152610853314399,-0.0911081433296203,0.2334212362766266,-0.112973243739324,-0.0634426849374623,-0.2192643891724417,105.0
