1652966944.1186152,0.0042521208524703,-0.0358327627182006,0.0511651337146759,-0.1488443464040756,0.3812536597251892,-0.912409484386444,0.1812910437583923,-0.1175810173153877,0.0521759614348411,-0.1617088228407966,-0.391151992984096,-0.1315911059825983,110.0
1652966944.128483,-0.0099259167909622,-0.0658270716667175,0.1168193519115448,-0.1495436280965805,0.3785113990306854,-0.9134362936019896,0.4552759826183319,-0.0823958665132522,0.0925787761807441,-0.1622758471854755,-0.3881875216268841,-0.1303094330467043,110.0
1652966944.138428,-0.0510660409927368,-0.0695045590400695,0.1801148653030395,-0.149464875459671,0.3734586834907532,-0.9155265092849731,0.6846602559089661,-0.0066142920404672,0.1538080871105194,-0.1618280276018655,-0.3827346777140726,-0.1280194299126882,110.0
1652966944.148423,-0.0634553730487823,-0.0588421821594238,0.240117460489273,-0.1484281122684478,0.367197573184967,-0.9182238578796388,0.732856273651123,0.0425961315631866,0.3398120403289795,-0.1602607153865296,-0.3759943079437868,-0.1242765138114067,110.0
1652966944.158524,-0.0644511580467224,-0.0711336731910705,0.3290629386901855,-0.1462573856115341,0.361549824476242,-0.9208096861839294,0.6241523027420044,0.06338482350111,0.5870324969291687,-0.1575197493948514,-0.3699296240307884,-0.118217245128877,110.0
1652966944.168686,-0.1113066971302032,-0.1069211363792419,0.4157202243804931,-0.1428588777780532,0.3576104044914245,-0.9228792786598206,0.5098015069961548,0.1401144862174987,0.8506638407707214,-0.1535779918609194,-0.3657078255702642,-0.1097957580058816,110.0
1652966944.178441,-0.1528020650148391,-0.1598027348518371,0.4980041980743408,-0.1375268399715423,0.3535124659538269,-0.9252649545669556,0.7250089645385742,0.225726380944252,1.2070856094360352,-0.1475548009955883,-0.3613233721597494,-0.098017806838831,110.0
1652966944.188406,-0.1764294952154159,-0.1563541889190673,0.7040002942085266,-0.1303483843803405,0.3454533815383911,-0.9293391704559326,1.4303889274597168,0.3257810771465301,1.5034732818603516,-0.1393501675464285,-0.3527218712736443,-0.0821189945203549,110.0
1652966944.1983972,-0.2496341168880462,-0.1529145836830139,0.9873496890068054,-0.1207881718873977,0.3296363353729248,-0.9363493323326112,2.468343496322632,0.6001302003860474,1.6155455112457275,-0.1282905610541836,-0.3359183647299626,-0.0628731382101677,110.0
1652966944.208376,-0.3326564729213714,-0.2048986554145813,1.1768745183944702,-0.1083377227187156,0.30478435754776,-0.9462396502494812,3.1566691398620605,0.9532374143600464,1.7022615671157837,-0.1139965160337371,-0.3097119936884539,-0.0421274587176192,110.0
1652966944.2182798,-0.3028692901134491,-0.2532393932342529,1.043737292289734,-0.0929894000291824,0.2753239274024963,-0.9568436145782472,3.3315751552581787,1.157878279685974,1.925696969032288,-0.0968792594424611,-0.2789266286993499,-0.0198037710324963,110.0
1652966944.2282748,-0.2124620676040649,-0.3289451003074646,0.7960538268089294,-0.0760357826948165,0.2469606548547744,-0.9660378098487854,2.905796766281128,1.244338870048523,2.2453787326812744,-0.0785469783390652,-0.2495424933387246,0.0044463504919759,110.0
1652966944.2383518,-0.1745741665363311,-0.3874210119247436,0.6532796621322632,-0.057908684015274,0.2236581891775131,-0.9729458093643188,2.253178119659424,1.3391730785369873,2.575831174850464,-0.059448787270594,-0.2255661308619503,0.030976207576359,110.0
1652966944.248407,-0.1888413429260254,-0.4028400182723999,0.5872249007225037,-0.038682397454977,0.2059116512537002,-0.9778057336807252,1.6880501508712769,1.4341754913330078,2.78625750541687,-0.0395397945702812,-0.2073952344509734,0.0593295095614525,110.0
1652966944.259266,-0.1765806525945663,-0.3948215246200561,0.5545183420181274,-0.0185334291309118,0.1919415891170501,-0.9812313318252563,1.3871582746505735,1.5396932363510132,2.8711495399475098,-0.0188856850218864,-0.1931401449195194,0.0886239375856297,110.0
1652966944.268244,-0.1176884248852729,-0.3572630882263183,0.4820279479026794,0.0021336739882826,0.1789980083703994,-0.9838471412658693,1.3246490955352783,1.5930427312850952,2.855851650238037,0.0021687013092481,-0.1799679111594264,0.1178083291461647,110.0
1652966944.278174,-0.0447163581848144,-0.2804318070411682,0.4246191680431366,0.0227132309228181,0.1653618663549423,-0.9859713912010192,1.4042153358459473,1.6195576190948486,2.762249708175659,0.0230323268889969,-0.1661249155883224,0.1460991371521881,110.0
1652966944.2881489,-0.0195000432431697,-0.2703800797462463,0.3475474119186401,0.0430749244987964,0.1501637101173401,-0.9877223372459412,1.4945663213729858,1.6674705743789673,2.634099245071411,0.0435827424641288,-0.1507338626128833,0.1727776073251417,110.0
1652966944.2980351,0.0101486593484878,-0.287488043308258,0.2347681820392608,0.0632309019565582,0.1338230669498443,-0.9889859557151794,1.5327479839324951,1.677356243133545,2.537389278411865,0.0638481793926182,-0.1342257566743089,0.1979081897193189,110.0
1652966944.308179,0.0538036003708839,-0.3062435388565063,0.1380183100700378,0.0826405435800552,0.1172764301300048,-0.9896548986434937,1.4456901550292969,1.6277835369110107,2.437973022460937,0.0833111196197278,-0.1175469430424368,0.2217101192735535,110.0
1652966944.318036,0.0682498887181282,-0.3141091465950012,0.0613161027431488,0.1010159030556678,0.1018002927303314,-0.9896628260612488,1.233980417251587,1.5787768363952637,2.359095573425293,0.1017187508214619,-0.1019769509679659,0.2443949361115064,110.0
1652966944.327923,0.0677057430148124,-0.3001832365989685,-0.0069856643676757,0.1186346262693405,0.0883302167057991,-0.9890013337135316,0.9942429065704346,1.5529217720031738,2.249166250228882,0.1193835443959413,-0.0884454815194402,0.2660931609584733,110.0
1652966944.3377771,0.093690201640129,-0.30329430103302,-0.0418253317475318,0.1354663372039795,0.0766458362340927,-0.987812876701355,0.822429895401001,1.498971462249756,2.1379077434539795,0.136287519841048,-0.0767210797472067,0.2866612333465774,110.0
1652966944.347807,0.1443319320678711,-0.2930716276168823,-0.0637698024511337,0.1511392891407013,0.0665315836668014,-0.9862709641456604,0.6176692843437195,1.388556718826294,2.0007519721984863,0.1520602230563978,-0.0665807644281933,0.3060752804416418,110.0
1652966944.358156,0.1780006438493728,-0.2695445418357849,-0.1043876558542251,0.1652916222810745,0.0583976171910762,-0.98451429605484,0.4386788308620453,1.254086136817932,1.8451290130615237,0.1663402176646893,-0.0584308600521486,0.3241822452222288,110.0
1652966944.3679318,0.1386768519878387,-0.2571665048599243,-0.123196043074131,0.1782024502754211,0.0512965768575668,-0.9826558828353882,0.4036492109298706,1.2044123411178589,1.6794894933700562,0.1793981091600585,-0.0513191004754274,0.3407840619871903,110.0
1652966944.377897,0.0586866438388824,-0.2151739597320556,-0.0882075577974319,0.1907335668802261,0.0442927069962024,-0.9806420803070068,0.4443983733654022,1.2090593576431274,1.516364574432373,0.1921002500251001,-0.0443072037192826,0.3556667281719671,110.0
1652966944.3875952,0.0407350659370422,-0.1554481983184814,-0.0598164945840835,0.2033140361309051,0.0365162715315818,-0.9784324169158936,0.5701807737350464,1.240189552307129,1.3650925159454346,0.2048800572355462,-0.036524391657679,0.3686899378805005,110.0
1652966944.397582,0.0900348871946334,-0.109608769416809,-0.0292954519391059,0.2153850495815277,0.0279068499803543,-0.9761303663253784,0.6327458620071411,1.1488968133926392,1.26985764503479,0.2171720615624744,-0.0279104729769324,0.3802012384632971,110.0
1652966944.407568,0.0914257913827896,-0.1036831140518188,-0.0448184832930564,0.2263995558023452,0.0191226303577423,-0.9738467931747437,0.5993010997772217,1.0650876760482788,1.2222357988357544,0.2284221789233967,-0.0191237956405418,0.3909447857640926,110.0
1652966944.417724,0.0311757922172546,-0.0953508615493774,-0.0289482250809669,0.2366617619991302,0.0111259026452898,-0.97152841091156,0.4877589643001556,1.0169744491577148,1.1432064771652222,0.2389436475754536,-0.0111261326357699,0.401143321112791,110.0
1652966944.42742,-0.0300851911306381,-0.0907564759254455,0.0100338272750377,0.2463175058364868,0.0042178253643214,-0.9691799879074096,0.382942259311676,0.9671077728271484,1.0893635749816897,0.2488811097154007,-0.0042178376526361,0.4109076604621301,110.0
1652966944.437393,-0.0590942203998565,-0.100370168685913,0.0143591985106468,0.2554748356342315,-0.0016639437526464,-0.9668142795562744,0.2966926097869873,0.922523021697998,1.0413517951965332,0.258339176360075,0.0016639444939463,0.4203475923945173,110.0
1652966944.483429,-0.0511441826820373,-0.0755128264427185,0.002511627972126,0.2638975083827972,-0.0068756947293877,-0.9645262360572816,0.243297278881073,0.8224427700042725,1.0065091848373413,0.2670671901155729,0.0068757489047837,0.4295166490995072,110.0
1652966944.487791,-0.1445052027702331,0.0809079408645629,-0.1070117503404617,0.289417952299118,-0.0314465574920177,-0.9566861391067504,0.5490590929985046,0.6475819945335388,0.6356173753738403,0.2937683201921443,0.031451742574363,0.4581648993495711,110.0
1652966944.497148,-0.1310068368911743,0.1496639847755432,-0.1464981287717819,0.2953592836856842,-0.0381027534604072,-0.9546261429786682,0.5619551539421082,0.6329833269119263,0.3776057958602905,0.3000562202963096,0.0381119786360321,0.4614322134723641,110.0
1652966944.5072598,-0.1443707048892974,0.1885808110237121,-0.116714023053646,0.3010632395744324,-0.0449834242463111,-0.9525426030158995,0.7199679017066956,0.5977784395217896,0.2155834436416626,0.3061273548643361,0.0449986070702601,0.4622597391054235,110.0
1652966944.5174751,-0.1819267868995666,0.2083345651626587,-0.0908722728490829,0.306682676076889,-0.0534759238362312,-0.9503083825111388,0.9429114460945128,0.6048645377159119,0.1620568037033081,0.3121675160488451,0.0535014435376175,0.461515615500829,110.0
1652966944.5269651,-0.2022510468959808,0.240755021572113,-0.069406010210514,0.3124652802944183,-0.0633149892091751,-0.947816789150238,1.0290066003799438,0.6319299340248108,0.1216382756829261,0.3184485438273431,0.0633573667515866,0.4597758042643813,110.0
1652966944.536869,-0.1774072647094726,0.302402138710022,-0.063372328877449,0.3180780410766601,-0.0731328502297401,-0.9452396035194396,0.98769348859787,0.5681072473526001,0.0931207314133644,0.3246025130382929,0.0731981958526324,0.45758600057848,110.0
1652966944.546849,-0.1947956383228302,0.3140971064567566,-0.0568196401000022,0.3229847252368927,-0.0829814448952674,-0.9427592158317566,1.0123839378356934,0.4906142950057983,0.1302324086427688,0.3300628892389685,0.0830769724708599,0.4553281543299091,110.0
1652966944.556773,-0.2366524040699005,0.3070623874664306,-0.0544482991099357,0.3273201286792755,-0.0923107787966728,-0.9403936862945556,0.8358281254768372,0.4774368107318878,0.2045429050922393,0.3349518558750545,0.0924423876624082,0.4538781435799864,110.0
1652966944.584671,-0.2507775723934173,0.3333672285079956,-0.1480545252561569,0.3315270841121673,-0.0993972942233085,-0.9381950497627258,0.5040355324745178,0.467185765504837,0.2271281033754348,0.3396711258226405,0.0995617009386564,0.4537303471206965,110.0
1652966944.587007,-0.2355217337608337,0.4644438028335571,-0.0969292894005775,0.3393578231334686,-0.1022284775972366,-0.9350858926773072,-0.2099845856428146,0.4232615232467651,0.1117695569992065,0.3481348249224631,0.1024073808369469,0.4564079187258435,110.0
1652966944.596986,-0.2724634110927582,0.4034004211425781,-0.0554741024971008,0.343248963356018,-0.1004555076360702,-0.933856964111328,-0.232071042060852,0.4383465945720672,0.1218940988183021,0.352232479588508,0.1006252359142494,0.4582593316779668,110.0
1652966944.622627,-0.2683419287204742,0.3888767957687378,-0.0439364835619926,0.3469399511814117,-0.099511444568634,-0.9325932264328004,-0.0351518504321575,0.3802849054336548,0.1459134221076965,0.3561523306147522,0.0996764199011065,0.4600384009413083,110.0
1652966944.623013,-0.2641064524650574,0.380387544631958,-0.0223741382360458,0.3499676585197449,-0.1013746932148933,-0.931260347366333,0.2974810898303985,0.3092182278633117,0.1986649185419082,0.3594718900930463,0.101549136837205,0.4611515900824207,110.0
1652966944.626769,-0.2803625464439392,0.3646383881568908,-0.013003870844841,0.3523535430431366,-0.10551118850708,-0.9299001693725586,0.386508971452713,0.2619662880897522,0.2681188285350799,0.3621989462308499,0.1057079418559419,0.4621019935202727,110.0
1652966944.6366482,-0.2852716147899627,0.3787018060684204,-0.1657210439443588,0.3543328940868377,-0.1092118620872497,-0.9287200570106506,0.1317756175994873,0.2389720380306244,0.3019509017467499,0.3644816920521168,0.1094301343066967,0.4637318652139537,110.0
1652966944.646655,-0.2243477702140808,0.4281676411628723,-0.4010669589042663,0.3559090495109558,-0.108912318944931,-0.9281523823738098,-0.4346007108688354,0.1596649587154388,0.308695375919342,0.3661667074181323,0.1091287919494532,0.4671318238550755,110.0
1652966944.656732,-0.1699509024620056,0.3929892778396606,-0.5867023468017578,0.3564896285533905,-0.1034222170710563,-0.928557515144348,-0.9850927591323853,0.0397951789200305,0.3196477890014648,0.3665658801231752,0.1036074780033553,0.472633341850927,110.0
1652966944.666822,-0.185338020324707,0.3319644927978515,-0.6159972548484802,0.3562059700489044,-0.0938569381833076,-0.9296817779541016,-1.2556219100952148,-0.0365387424826622,0.2676397264003753,0.3658951556918595,0.0939952905310875,0.4795615433796036,110.0
1652966944.676269,-0.2069584727287292,0.3202125430107116,-0.536018967628479,0.3553960025310516,-0.08386941999197,-0.9309455156326294,-0.9862587451934814,-0.0971612930297851,0.1528838574886322,0.3646823750171132,0.0839680545923006,0.4856862781073787,110.0
1652966944.68651,-0.2193236052989959,0.2673051357269287,-0.4231742620468139,0.3543333709239959,-0.0787789225578308,-0.9317948818206788,-0.1190621331334114,-0.1213241517543792,0.0431283302605152,0.3633826757323475,0.0788606394354258,0.488709337083017,110.0
1652966944.696425,-0.2430388033390045,0.1945785880088806,-0.2954023480415344,0.3531004190444946,-0.0826341807842254,-0.9319289922714232,0.9531086087226868,-0.1346940696239471,-0.1020711362361908,0.3621784448945366,0.0827285168686107,0.4869021493289486,110.0
1652966944.706312,-0.2635919749736786,0.1946615576744079,-0.2431244850158691,0.3523218333721161,-0.09449153393507,-0.9310964941978456,1.6989433765411377,-0.0565023310482502,-0.2754189372062683,0.3617433907316066,0.0946327173076502,0.4804003793347914,110.0
1652966944.716085,-0.2520627081394195,0.227363646030426,-0.4561079144477844,0.3525418639183044,-0.1100847795605659,-0.929298460483551,1.8578556776046755,0.0321441292762756,-0.4123919010162353,0.3625906501998688,0.1103083500390761,0.470649156843361,110.0
1652966944.7265692,-0.1779617667198181,0.2705536484718323,-0.7142946720123291,0.3535599112510681,-0.1236722990870475,-0.9272003769874572,1.3591848611831665,0.0576723925769329,-0.4541406631469726,0.3642998133678477,0.1239897496058107,0.4607542148207041,110.0
1652966944.73611,-0.1032777428627014,0.2689731121063232,-0.8369232416152954,0.3545747399330139,-0.1310180723667144,-0.9258028864860536,0.5679231882095337,0.0140223819762468,-0.508579432964325,0.3657585419249012,0.1313958304616775,0.4526717148766832,110.0
1652966944.746708,-0.0503063797950744,0.2538636922836303,-0.8136324882507324,0.3549328446388244,-0.1308255642652511,-0.9256929159164428,-0.1516400426626205,-0.095917172729969,-0.5594069361686707,0.3661355520363241,0.1312016626221837,0.4470397158482256,110.0
1652966944.7591991,-0.0333348512649536,0.1493354439735412,-0.6833356618881226,0.3540898561477661,-0.1253649145364761,-0.9267707467079164,-0.5630990862846375,-0.2529812753200531,-0.6319291591644287,0.3649532076261147,0.1256956426492649,0.442756982381851,110.0
1652966944.7664862,-0.0393674969673156,0.0467930436134338,-0.478909432888031,0.3515775799751282,-0.117053136229515,-0.9288120269775392,-0.6749014854431152,-0.4761193096637726,-0.7247645854949951,0.3618565668202013,0.1173220970028314,0.4386809630094485,110.0
1652966944.776017,-0.0801686346530914,0.0386006832122802,-0.370638906955719,0.3473805487155914,-0.1083955764770507,-0.9314382076263428,-0.599866509437561,-0.6057698726654053,-0.8550942540168762,0.3569728332698352,0.1086089730472034,0.4335913032286093,110.0
1652966944.786051,-0.1436146795749664,0.0792785286903381,-0.3509264290332794,0.3428792059421539,-0.1001081690192222,-0.9340301156044006,-0.4721266627311706,-0.5584880709648132,-1.0692425966262815,0.3518236678809932,0.1002761351540343,0.4264341698893411,110.0
1652966944.795845,-0.1284162700176239,0.1408132910728454,-0.440975546836853,0.3393232524394989,-0.0924412310123443,-0.936116635799408,-0.324124127626419,-0.4593596756458282,-1.2380092144012451,0.3477490306569534,0.0925733978259836,0.4169781903476472,110.0
1652966944.805726,-0.0369479954242706,0.2273992300033569,-0.4843203127384186,0.336447536945343,-0.0856107547879219,-0.9378026723861694,-0.174708291888237,-0.4161650538444519,-1.4270092248916626,0.3444587785075616,0.0857156809488996,0.4052668497622629,110.0
1652966944.815763,0.0512121617794036,0.204321801662445,-0.4558253884315491,0.3338128626346588,-0.0799107253551483,-0.9392461180686952,0.0051953033544123,-0.4267015755176544,-1.551106572151184,0.3414819374191932,0.0799960203365909,0.3915127700584002,110.0
1652966944.8258538,0.100491851568222,0.0876429080963134,-0.392066478729248,0.3304163515567779,-0.0755391418933868,-0.940807580947876,0.2373331934213638,-0.5795920491218567,-1.6839405298233032,0.3377479415282921,0.0756111696857642,0.3759252277891871,110.0
1652966944.835542,0.0578358173370361,-0.1446126103401184,-0.2314528375864029,0.3256633281707763,-0.073143146932125,-0.9426523447036744,0.4426514804363251,-0.6991351246833801,-1.7591744661331177,0.3326384284781953,0.0732085245302539,0.358534714082417,110.0
1652966944.845583,-0.067510038614273,-0.4054691195487976,-0.1019944697618484,0.320104032754898,-0.0725813806056976,-0.9445979595184326,0.6310250759124756,-0.7460128664970398,-1.7945455312728882,0.3267329702662779,0.0726452629534944,0.3399218365130019,110.0
1652966944.8555322,-0.1814930140972137,-0.4576506614685058,-0.0554411858320236,0.314503937959671,-0.0721681043505668,-0.9465088844299316,0.4608370661735534,-0.7131783366203308,-1.878042221069336,0.3208003133231286,0.0722308985921585,0.3207940752633887,110.0
1652966944.8659282,-0.2255468368530273,-0.295627236366272,-0.0649250894784927,0.3097448050975799,-0.0695964395999908,-0.9482691884040833,0.2544868290424347,-0.5678397417068481,-1.9307531118392944,0.3157165640639551,0.069652742708101,0.3015272198792527,110.0
1652966944.875386,-0.1712202131748199,-0.130689799785614,-0.1509114801883697,0.3062147498130798,-0.0652445778250694,-0.949724018573761,0.0929533168673515,-0.4749130010604858,-1.927286386489868,0.3119011361996592,0.0652909565622648,0.2827302588918473,110.0
1652966944.8858938,-0.0852163136005401,-0.0396822690963745,-0.0974286198616027,0.3031576573848724,-0.0599047988653183,-0.951055645942688,0.0907801762223243,-0.4189440011978149,-1.903455138206482,0.3085769113177932,0.0599406852780766,0.2643864201652509,110.0
1652966944.895211,-0.0477152168750762,-0.1305856108665466,-0.0453585349023342,0.3004465401172638,-0.0563565902411937,-0.9521322250366212,0.3595134317874908,-0.3789556920528412,-1.8488949537277224,0.3056622715391823,0.0563864647148927,0.245879990613325,110.0
1652966944.90569,-0.0359918475151062,-0.237611174583435,0.014374766498804,0.2978479266166687,-0.0557108633220195,-0.9529862999916076,0.6491327285766602,-0.3897476196289062,-1.8582525253295896,0.3029228240756321,0.05573972286952,0.2267926092262048,110.0
1652966944.915551,-0.104358434677124,-0.3172527551651001,0.1136949732899665,0.2956273853778839,-0.0571764558553695,-0.9535907506942748,0.8143321871757507,-0.2896804511547088,-1.948694467544556,0.3006193162151218,0.0572076533896,0.2064363826588858,110.0
1652966944.925335,-0.1798640191555023,-0.3012666702270508,0.0795991122722625,0.2947474718093872,-0.0584809817373752,-0.9537839889526368,0.6430888175964355,-0.1371830552816391,-2.0055489540100098,0.2997200932511213,0.0585143688257894,0.1853934781601731,110.0
1652966944.935666,-0.1562291383743286,-0.1841932535171508,0.0390415340662002,0.2951604723930359,-0.0575047060847282,-0.9537156224250792,0.4821895658969879,-0.0344801172614097,-2.074558973312378,0.3001355389191261,0.0575364449819602,0.1643173031085138,110.0
1652966944.94521,-0.0849142670631408,-0.165898859500885,0.0496109500527381,0.2961111962795257,-0.0564164072275161,-0.953485906124115,0.5671108365058899,-0.022579250857234,-1.9974523782730105,0.3011132610480365,0.0564463788929653,0.1433255970267369,110.0
1652966944.955251,-0.0285132229328155,-0.1979628801345825,0.0977377891540527,0.2967475056648254,-0.0570273734629154,-0.9532517194747924,0.7582706809043884,-0.071143165230751,-1.9035005569458008,0.3017915088568527,0.0570583273118361,0.1227636345591524,110.0
1652966944.965822,-0.0526480376720428,-0.2046076655387878,0.1007129997014999,0.2972464561462402,-0.0591023117303848,-0.9529697895050048,0.8286439180374146,-0.0329164154827594,-1.8841865062713623,0.3023526767607581,0.0591367736131992,0.1024046493153685,110.0
1652966944.975095,-0.1118965446949005,-0.1498581767082214,0.0738769099116325,0.2986336350440979,-0.0613952577114105,-0.9523909687995912,0.8295050263404846,0.1025122478604316,-1.879524827003479,0.3038521207905956,0.0614338921376715,0.0819582194555696,110.0
1652966944.985558,-0.1155866980552673,-0.0773311853408813,0.0881192907691001,0.3013930022716522,-0.0632322281599044,-0.9514010548591614,0.7438921332359314,0.2214652597904205,-1.839339256286621,0.3067871220900267,0.0632744447547111,0.061919288518362,110.0
1652966944.995245,-0.0756316483020782,-0.0182173252105712,0.1596990525722503,0.3049102425575256,-0.0649114996194839,-0.950166404247284,0.7920061945915222,0.2741189301013946,-1.7433857917785645,0.3105208949929026,0.0649571708001553,0.0425743942116223,110.0
1652966945.005612,-0.0160112380981445,-0.0162889957427978,0.2364000082015991,0.3085069954395294,-0.0682786926627159,-0.9487683773040771,0.9676437973976136,0.2393865287303924,-1.594501256942749,0.3143818180838371,0.0683318575180167,0.0239576491560308,110.0
1652966945.015542,0.0194844901561737,-0.0209124684333801,0.282451331615448,0.3114786744117737,-0.0730549916625022,-0.94744074344635,1.0523275136947632,0.1698822379112243,-1.481570839881897,0.3176270646374228,0.0731201290133173,0.006251328534276,110.0
1652966945.025239,-0.0080886185169219,0.0331106185913085,0.220735877752304,0.3139510750770569,-0.0784019157290458,-0.9461964964866638,0.9995329976081848,0.1358353197574615,-1.3893487453460691,0.3203728392998795,0.0784824597090206,-0.0105956439227667,110.0
1652966945.035459,-0.042293906211853,0.106086790561676,0.180066704750061,0.3164486289024353,-0.0828529819846153,-0.944984495639801,0.8429046273231506,0.1678738892078399,-1.3192166090011597,0.3231345087418418,0.082948068279568,-0.0263481884064111,110.0
1652966945.044945,-0.0512869358062744,0.1528729200363159,0.1763808727264404,0.3192923665046692,-0.0859420597553253,-0.9437512159347534,0.6789934635162354,0.2042100578546524,-1.2328639030456543,0.3262341431894439,0.086048206576145,-0.0408486745887376,110.0
1652966945.055084,-0.0303321480751037,0.1640501618385315,0.2424300611019134,0.3221412599086761,-0.0882552787661552,-0.942568838596344,0.6603235006332397,0.1722694337368011,-1.1828007698059082,0.3293237679300884,0.0883702513557823,-0.0543705631392111,110.0
1652966945.065191,-0.024683803319931,0.1894581317901611,0.307868629693985,0.3245190382003784,-0.0915142893791198,-0.9414417147636414,0.8385539054870605,0.1232957765460014,-1.1115593910217283,0.3319493168222565,0.0916425095532381,-0.0676432504055617,110.0
1652966945.075078,-0.0080077052116394,0.1814225912094116,0.3642617762088775,0.3264739215373993,-0.0967447161674499,-0.9402421116828918,1.021617770195007,0.0734015554189682,-1.0529508590698242,0.3341989493043695,0.0968962664781334,-0.0809273097609461,110.0
1652966945.0854502,0.02698615193367,0.1419287323951721,0.3796316087245941,0.3277654647827148,-0.1033102124929428,-0.9390935897827148,1.089563012123108,-0.0116486251354217,-1.0249581336975098,0.335804365027386,0.1034948725210043,-0.094257061311348,110.0
1652966945.094734,0.0103086829185485,0.147608995437622,0.3793173730373382,0.3283296823501587,-0.1102591827511787,-0.9381058216094972,1.0893913507461548,-0.0908538550138473,-1.00303852558136,0.3366678270535634,0.1104838178452669,-0.1075335037924572,110.0
1652966945.104986,-0.0704802870750427,0.1495435833930969,0.4278885126113891,0.3286285400390625,-0.1163650974631309,-0.937263250350952,0.8581168055534363,-0.083209253847599,-0.9483481645584106,0.3372320705389456,0.116629321502332,-0.120157169324158,110.0
1652966945.114871,-0.1164145469665527,0.1517003774642944,0.4891824722290039,0.3289695084095001,-0.1202097311615943,-0.936658263206482,0.5487759709358215,-0.0582444630563259,-0.7582437992095947,0.3377578542879045,0.1205011441325748,-0.1307552952966938,110.0
1652966945.1248422,-0.1163438260555267,0.0928041338920593,0.685634970664978,0.3289598226547241,-0.1205715164542198,-0.9366151690483092,0.0033081211149692,-0.0994036197662353,-0.4703822135925293,0.3377630324775821,0.1208655760252378,-0.1374263707635121,110.0
1652966945.135325,-0.1572659015655517,0.0454281568527221,0.9110894203186036,0.328759491443634,-0.118471622467041,-0.9369534254074096,-0.2432531267404556,-0.0307896696031093,-0.1439662724733352,0.3374597820311916,0.1187505215430761,-0.139956817238688,110.0
1652966945.144695,-0.119844377040863,-0.0240163803100585,1.0053757429122925,0.3283862769603729,-0.1153764054179191,-0.9374703764915466,-0.4267204403877258,-0.0557903572916984,0.2439218163490295,0.3369329396319069,0.1156339271064175,-0.1383789306106729,110.0
1652966945.154666,-0.0050353407859802,-0.1005734801292419,0.9695175290107728,0.3270111083984375,-0.1119430810213089,-0.938366949558258,-0.6028152704238892,-0.1523237228393554,0.58448725938797,0.3353286018286274,0.112178205226138,-0.1325712274413923,110.0
1652966945.164577,-0.0051659345626831,-0.1377930045127868,1.0067684650421145,0.3246850073337555,-0.1083157286047935,-0.9395995736122132,-0.6269757747650146,-0.1668792217969894,0.7677558660507202,0.3327110423179003,0.1085286516176234,-0.124106228643211,110.0
1652966945.174577,-0.0706909298896789,-0.138049840927124,0.9706869125366212,0.3226593434810638,-0.1051626652479171,-0.9406549334526062,-0.6026901602745056,-0.068098209798336,0.9104483127593994,0.330439150473615,0.105357473399176,-0.1140923502733075,110.0
1652966945.185103,-0.0820427238941192,-0.1271135210990905,1.0172271728515625,0.3213616013526916,-0.1032866984605789,-0.9413068294525146,-0.4654401242733001,0.0160528849810361,1.1164917945861816,0.32899237307233,0.103471234788588,-0.1027880362967449,110.0
1652966945.194336,-0.0916322469711303,-0.1179631352424621,1.0227223634719849,0.3206056654453277,-0.1035939082503318,-0.9415308237075806,-0.3077721893787384,0.0979422628879547,1.320455551147461,0.3282003377233786,0.1037801003473703,-0.0899038569842999,110.0
1652966945.204574,-0.1307444870471954,-0.1015219092369079,0.9121929407119752,0.3204875588417053,-0.1055370792746543,-0.9413552284240724,-0.237266331911087,0.1914580911397934,1.476776123046875,0.3281448411107341,0.1057339829338817,-0.0757621322750795,110.0
1652966945.214577,-0.0884233117103576,-0.1863636374473571,0.7852351069450378,0.320692628622055,-0.108172133564949,-0.9409862160682678,-0.261600911617279,0.188985526561737,1.630879282951355,0.3284597412947211,0.1083842131577155,-0.0602493117470204,110.0
1652966945.224482,-0.0208939909934997,-0.3236055970191955,0.6949684619903564,0.320347785949707,-0.1106636449694633,-0.9408139586448668,-0.4130793809890747,0.1342045664787292,1.7974557876586914,0.3281872229941797,0.1108907723838921,-0.0429170571823997,110.0
1652966945.234434,-0.0671772062778472,-0.3538509607315063,0.5856188535690308,0.3193897306919098,-0.1113757118582725,-0.9410555958747864,-0.6712762713432312,0.1128738075494766,1.8989369869232176,0.3271962610719212,0.1116072688730426,-0.0235829761812392,110.0
1652966945.244151,-0.1946439146995544,-0.3026086091995239,0.4530012309551239,0.3187741935253143,-0.1098768636584281,-0.9414404630661012,-0.9303597807884216,0.2147884517908096,1.9572244882583616,0.3264853801091443,0.1100991590396421,-0.0026550987442019,110.0
1652966945.25439,-0.2335844039916992,-0.2912389636039734,0.3950376510620117,0.3188963234424591,-0.1076536402106285,-0.9416558742523192,-0.8558216094970703,0.2600671052932739,2.040444850921631,0.3265322269588128,0.1078626702288002,0.0191888243092401,110.0
1652966945.2646089,-0.1930451989173889,-0.3436216115951538,0.3735823631286621,0.3191438615322113,-0.1071791872382164,-0.9416261315345764,-0.6582491397857666,0.2786479890346527,2.124878406524658,0.3267776511443204,0.1073854564782056,0.0414152479242288,110.0
1652966945.2741508,-0.2294169068336486,-0.3357576131820678,0.3060683012008667,0.3201304376125335,-0.1088637635111808,-0.941097855567932,-0.3764828145503998,0.4254760444164276,2.0777812004089355,0.3278882112185027,0.1090799458911365,0.0631108427717413,110.0
1652966945.2852988,-0.2555225193500519,-0.3165629506111145,0.1826685070991516,0.3225238621234894,-0.1129358634352684,-0.9397999048233032,-0.2150883227586746,0.5606637001037598,2.084519863128662,0.3305894103525579,0.1131773250086421,0.0836699011221054,110.0
1652966945.2940412,-0.2095526456832885,-0.2688896059989929,0.0532840713858604,0.3255042135715484,-0.1178135201334953,-0.938172161579132,-0.2062707394361496,0.5901074409484863,2.1245968341827397,0.3339602171990909,0.1180877794990215,0.10426335542513,110.0
1652966945.303946,-0.2463020980358123,-0.2648174166679382,-0.1190166175365448,0.3287148475646972,-0.1230030581355094,-0.9363849759101868,-0.1653773635625839,0.6633092164993286,2.145603895187378,0.3376069852698241,0.1233153597521179,0.1251371503334936,110.0
1652966945.3141952,-0.3043488562107086,-0.2923811078071594,-0.2086566090583801,0.332699716091156,-0.1283490508794784,-0.9342576861381532,-0.2101906388998031,0.7635648846626282,2.1205458641052246,0.3421087617919453,0.1287040836631253,0.1459433627857473,110.0
1652966945.323985,-0.2612055540084839,-0.2622436285018921,-0.2919560968875885,0.3373469412326813,-0.1327723264694214,-0.931970238685608,-0.319085419178009,0.8173729777336121,2.0839200019836426,0.3473000571950725,0.1331655537607114,0.1668219870660141,110.0
1652966945.33382,-0.1808196008205413,-0.1360346674919128,-0.4590874314308166,0.3419982194900512,-0.136417344212532,-0.9297459721565248,-0.4303347170352936,0.7942696213722229,2.0437276363372803,0.3524791326621015,0.1368440426098092,0.1875776998402121,110.0
1652966945.343746,-0.1647671461105346,-0.0012761354446411,-0.581630527973175,0.3466977179050445,-0.1388132274150848,-0.927648425102234,-0.511468231678009,0.806735098361969,1.88303816318512,0.3576640483000782,0.1392629332985079,0.2077915486448212,110.0
1652966945.353708,-0.1674511134624481,0.0920473337173461,-0.6409397125244141,0.3516704738140106,-0.1399441212415695,-0.9256044030189514,-0.5924102663993835,0.7993031144142151,1.7033958435058594,0.3630911262210451,0.1404049828919308,0.2266140199436797,110.0
1652966945.363724,-0.1245720982551574,0.2094702124595642,-0.6919912099838257,0.3565057218074798,-0.1402689218521118,-0.9237035512924194,-0.5626976490020752,0.7388511896133423,1.5481019020080566,0.3683381345044599,0.1407330147941355,0.2439271294829912,110.0
1652966945.3736691,-0.0817109942436218,0.3163515329360962,-0.7230364084243774,0.3608247935771942,-0.1406110823154449,-0.9219728708267212,-0.5004415512084961,0.6529517769813538,1.412492275238037,0.3730373845288454,0.14107860697186,0.2597547424280885,110.0
1652966945.3836122,-0.0773225426673889,0.4028486609458923,-0.6884739398956299,0.3646150231361389,-0.1411617398262024,-0.9203962087631226,-0.4302947223186493,0.5814895629882812,1.2722978591918943,0.3771830736763014,0.1416348144394878,0.2740208014819111,110.0
1652966945.393705,-0.069841593503952,0.4877263307571411,-0.6703420877456665,0.3678762912750244,-0.1415933668613433,-0.9190312027931212,-0.4515458941459656,0.4928403198719024,1.1312459707260132,0.3807538077125458,0.1420708162121837,0.2868815443528063,110.0
1652966945.403534,-0.0396079421043396,0.6304760575294495,-0.7056208848953247,0.3702506422996521,-0.1407231241464615,-0.9182109832763672,-0.5869060754776001,0.3445616364479065,0.9680516719818116,0.3832881462695353,0.1411917759100968,0.2986491920702125,110.0
1652966945.4134998,-0.0069539248943328,0.7705307602882385,-0.7683383822441101,0.371379554271698,-0.1373470723628997,-0.9182662963867188,-0.8532757759094238,0.1593034565448761,0.7692128419876099,0.3843243014715632,0.1377826035121161,0.3094844042849109,110.0
1652966945.423857,0.0183261632919311,0.872062623500824,-0.7706701755523682,0.3708187341690063,-0.1310632973909378,-0.9194105863571168,-1.051094889640808,-0.090456835925579,0.5584388375282288,0.383367093266355,0.1314414511272829,0.3192320751057252,110.0
1652966945.4333591,0.0455859899520874,0.9314759969711304,-0.6804227232933044,0.3681560754776001,-0.1225711107254028,-0.9216492772102356,-1.147309422492981,-0.3599513173103332,0.3872587978839874,0.3800352020220762,0.122880117891704,0.3277795666734815,110.0
1652966945.443337,0.0649092197418212,0.9156630039215088,-0.5688655972480774,0.3633439838886261,-0.1137821450829505,-0.9246808886528016,-1.0239858627319336,-0.609231173992157,0.3022333979606628,0.3744052790916423,0.1140290997466747,0.3348949178220092,110.0
1652966945.453308,0.0951250791549682,0.8673923015594482,-0.4579086303710937,0.3562756776809692,-0.1059799715876579,-0.9283511638641356,-0.8848980665206909,-0.8488729000091553,0.2607940435409546,0.3664394068228538,0.1061793719054479,0.3410779320284974,110.0
1652966945.463309,0.0661373436450958,0.8348730206489563,-0.388105034828186,0.347391128540039,-0.0991081446409225,-0.9324682354927064,-0.7786571383476257,-1.0025551319122314,0.1745012253522873,0.3566210865470232,0.0992711102620765,0.3460056758137657,110.0
1652966945.473252,0.0358467400074005,0.8348017334938049,-0.3428312242031097,0.3374443054199219,-0.0927919745445251,-0.9367609024047852,-0.6802907586097717,-1.114789366722107,0.1004747152328491,0.3457543694977051,0.0929256555293793,0.3498249288909878,110.0
1652966945.4834418,0.0218609869480133,0.8645167946815491,-0.3145294785499573,0.3263140618801117,-0.0867919772863388,-0.9412684440612792,-0.6667901277542114,-1.2493915557861328,0.029572308063507,0.3337094437505469,0.0869013169950047,0.3526466006769013,110.0
1652966945.493289,-0.0144827365875244,0.8891597986221313,-0.2437289655208587,0.3140585720539093,-0.0801541283726692,-0.9460139870643616,-0.7727828025817871,-1.34229838848114,-0.012690158560872,0.3205328646143975,0.0802402085111452,0.3549478567115776,110.0
1652966945.503118,-0.0445197522640228,0.8847199082374573,-0.1853109747171402,0.3010810613632202,-0.0727304518222808,-0.9508209228515624,-0.7653771042823792,-1.427833080291748,-0.0408751890063285,0.3066646315368754,0.0727947274668919,0.3570841860674415,110.0
1652966945.513191,-0.0317935049533844,0.8558146357536316,-0.0968054756522178,0.2868136465549469,-0.0655023083090782,-0.9557443857192992,-0.7181708216667175,-1.5889836549758911,-0.0259921513497829,0.2915435019044244,0.0655492361882716,0.358954008624632,110.0
1652966945.523536,-0.0131787657737731,0.7708948254585266,-0.0226736515760421,0.2707318961620331,-0.0591440238058567,-0.9608362317085266,-0.6076778173446655,-1.781923770904541,0.0103767747059464,0.2746464495137706,0.0591785582048977,0.3607671359975588,110.0
1652966945.5331612,-0.035995215177536,0.7010195851325989,-0.0079045593738555,0.252822607755661,-0.0537409968674182,-0.9660189747810364,-0.5284817218780518,-1.940662503242493,0.014100482687354,0.2559747315992802,0.0537668990152284,0.3624013333572975,110.0
1652966945.542891,-0.0741503238677978,0.6824188232421875,-0.0130079574882984,0.2334368675947189,-0.0488207042217254,-0.9711455702781676,-0.4898773431777954,-2.075563669204712,-0.0298696383833885,0.2358973304635775,0.0488401196862791,0.3635697590822204,110.0
1652966945.552997,-0.1129017770290374,0.6748346090316772,-0.0128204636275768,0.2127858400344848,-0.0444152988493442,-0.9760888814926147,-0.3993026912212372,-2.1907284259796143,-0.0990790724754333,0.2146403386653471,0.0444299152451967,0.3639137260283341,110.0
1652966945.562973,-0.1565256267786026,0.6798256039619446,0.0120719298720359,0.1910257637500763,-0.040621168911457,-0.9807441234588624,-0.3416537940502167,-2.286898136138916,-0.1395945399999618,0.192367803041326,0.0406323491019373,0.3634639146539401,110.0
1652966945.57286,-0.2036661952733993,0.7060797214508057,0.016502022743225,0.1682963371276855,-0.0370251424610614,-0.985040843486786,-0.3312472999095917,-2.369906187057495,-0.1599867045879364,0.1692182374355247,0.0370336057643357,0.3626136911196733,110.0
1652966945.582895,-0.2277406305074691,0.6806104183197021,0.0403001271188259,0.1443666517734527,-0.0338609665632247,-0.9889447689056396,-0.2646632194519043,-2.5090277194976807,-0.1160477399826049,0.1449565957181266,0.033867439665575,0.3616607086838334,110.0
1652966945.5927582,-0.2541185319423675,0.5616214275360107,0.1201992630958557,0.119001992046833,-0.031561005860567,-0.9923923015594482,-0.190009206533432,-2.631441116333008,-0.0282102990895509,0.1193444064204923,0.0315662477110009,0.3612493625590536,110.0
1652966945.602869,-0.2950505316257477,0.4234815239906311,0.1333806812763214,0.0926427394151687,-0.0301245097070932,-0.9952436089515686,-0.1281144171953201,-2.694338321685791,0.0330669060349464,0.0928180211855952,0.030129067661919,0.3613933250588241,110.0
1652966945.612691,-0.2982333600521087,0.3193963766098022,0.1397191137075424,0.0657047182321548,-0.0288945790380239,-0.9974206686019896,-0.1245482414960861,-2.729033708572388,0.0990712940692901,0.0657795898525316,0.0288986013990706,0.3621526493545689,110.0
1652966945.623346,-0.2889447212219238,0.2467455863952636,0.091159202158451,0.0386090762913227,-0.0272859577089548,-0.9988817572593688,-0.2381903827190399,-2.710108757019043,0.1468398869037628,0.0386330678991622,0.0272893438962919,0.3635097003997052,110.0
1652966945.6327991,-0.2918353378772735,0.2452689409255981,-0.0031908079981803,0.0115771992132067,-0.0238630753010511,-0.9996482133865356,-0.4839778542518616,-2.714315414428711,0.165090799331665,0.0115807559116842,0.0238653409845216,0.3651192679272768,110.0
1652966945.64255,-0.3062173724174499,0.2456068396568298,-0.0437580123543739,-0.0153920678421854,-0.0175976287573575,-0.99972665309906,-0.7510138154029846,-2.7088773250579834,0.1010502949357032,-0.0153950601656276,0.0175985373639988,0.3665219512523426,110.0
1652966945.652498,-0.3743171095848083,0.1838493347167968,0.000707016326487,-0.0424766801297664,-0.0097250118851661,-0.9990501403808594,-0.7460939288139343,-2.7104697227478027,0.0090362904593348,-0.0424914750474669,0.0097251653062357,0.3668322502028709,110.0
1652966945.662521,-0.4437356293201446,0.0233234763145446,0.0546312071382999,-0.0693563669919967,-0.0044756173156201,-0.9975818991661072,-0.2785009443759918,-2.6984786987304688,-0.0778786316514015,-0.0694127873437798,0.0044756322597817,0.366170214918923,110.0
1652966945.6726022,-0.4162936210632324,-0.3281912803649902,0.1763869225978851,-0.0962795615196228,-0.0051833540201187,-0.9953408241271972,0.3891022205352783,-2.7068967819213867,-0.0631174892187118,-0.0964302348316467,0.0051833773456733,0.3654125975886589,110.0
1652966945.682389,-0.3854971826076507,-0.6806647181510925,0.1829045414924621,-0.1226204559206962,-0.0116552021354436,-0.99238520860672,0.8319326639175415,-2.6002485752105717,-0.0347218066453933,-0.1229382256111073,0.0116554664620274,0.3656837002412336,110.0
1652966945.692346,-0.3642504513263702,-0.8063601851463318,-0.0173079892992973,-0.1474224627017974,-0.0186722856014966,-0.9888973236083984,0.4986766278743744,-2.433149814605713,-0.0403558351099491,-0.1479877364349654,0.0186733714774724,0.3662421578991858,110.0
1652966945.702493,-0.3323564827442169,-0.7442731261253357,-0.2903124094009399,-0.1704205572605133,-0.0197614878416061,-0.985173225402832,-0.3495849072933197,-2.229821920394897,-0.0076524838805198,-0.1712902291240189,0.0197627743145068,0.3661670922854876,110.0
1652966945.712298,-0.3957512974739074,-0.7371381521224976,-0.3650058507919311,-0.1908270269632339,-0.0131527753546834,-0.98153555393219,-0.9275737404823304,-1.9332271814346316,-0.1320100128650665,-0.1920213993146176,0.0131531545136177,0.3643379244757395,110.0
1652966945.722291,-0.4363493621349334,-0.9933565855026244,-0.1570361703634262,-0.2084565013647079,-0.0051800650544464,-0.9780179262161256,-0.7253532409667969,-1.7085682153701782,-0.2295466810464859,-0.209999383155694,0.0051800881471196,0.3607610779707024,110.0
1652966945.732212,-0.4034801125526428,-1.3340009450912476,-0.0148796066641807,-0.2243121862411499,-0.0012795015936717,-0.97451651096344,-0.151430457830429,-1.5473729372024536,-0.2449346184730529,-0.2262373731270527,0.0012795019125065,0.3575187767470144,110.0
1652966945.742146,-0.4178040027618408,-1.546984314918518,-0.0275076329708099,-0.2381102293729782,-0.0025827549397945,-0.9712346792221068,0.2379141151905059,-1.2768173217773438,-0.313445508480072,-0.240420471925691,0.0025827576979291,0.354984393155651,110.0
1652966945.752067,-0.4518857896327972,-1.576245903968811,-0.1278724074363708,-0.2485993802547454,-0.006527068093419,-0.968584418296814,0.369960755109787,-0.9030430316925048,-0.3572463989257812,-0.2512394409598014,0.0065271145821857,0.3524993980624852,110.0
1652966945.762118,-0.4064574539661407,-1.5509164333343506,-0.2771855294704437,-0.2558501958847046,-0.0102901076897978,-0.9666616916656494,0.2129069566726684,-0.6171010136604309,-0.2807670533657074,-0.2587410914957209,0.010290288882127,0.3500873739974613,110.0
1652966945.772214,-0.3704075515270233,-1.510789155960083,-0.3497123718261719,-0.2605738043785095,-0.0109444241970777,-0.9653918743133544,-0.2473010569810867,-0.3514660596847534,-0.2339082211256027,-0.2636326696148496,0.0109446423501267,0.3477037567575611,110.0
1652966945.782006,-0.4406288266181946,-1.4171712398529053,-0.3606013059616089,-0.2623587846755981,-0.0077306409366428,-0.9649394154548644,-0.5286619067192078,-0.0282067768275737,-0.293533444404602,-0.2654739421276178,0.007730717711479,0.3440784105822084,110.0
1652966945.791961,-0.4270431101322174,-1.3756401538848877,-0.3274746537208557,-0.2614486515522003,-0.0035800992045551,-0.965210735797882,-0.4753985404968261,0.1940192133188247,-0.2976589202880859,-0.2645245044442552,0.0035801068217284,0.3398520453218923,110.0
1652966945.801939,-0.3730371594429016,-1.3880624771118164,-0.2823927700519562,-0.2586461007595062,-0.0005510033806785,-0.9659720063209534,-0.3002565503120422,0.4043604433536529,-0.3388729393482208,-0.2616203969077905,0.0005510034019699,0.3358374014921612,110.0
1652966945.811883,-0.4273123741149902,-1.3577721118927002,-0.2881814241409302,-0.2533974051475525,0.0004006151575595,-0.9673621654510498,-0.1353929042816162,0.6897767782211304,-0.4304765462875366,-0.2561907090861749,-0.0004006151540781,0.3315827669619874,110.0
1652966945.821871,-0.4256981611251831,-1.2569499015808103,-0.3460618257522583,-0.2454901337623596,0.0004044340166728,-0.9693989753723145,-0.1298673748970031,0.9423069953918456,-0.4989086091518402,-0.2480252867409582,-0.0004044340345543,0.3268062473535149,110.0
1652966945.8318129,-0.38308846950531,-1.0935425758361816,-0.4018347859382629,-0.2353197038173675,0.0009100373717956,-0.9719175696372986,-0.2471383512020111,1.1592934131622314,-0.5364484190940857,-0.2375475914370618,-0.0009100374822505,0.3213746053998249,110.0
1652966945.8419008,-0.3815349638462066,-0.9109703898429872,-0.4224877655506134,-0.2231860309839248,0.0028252496849745,-0.9747717976570128,-0.4030792117118835,1.3456555604934692,-0.5548335909843445,-0.2250826455173379,-0.0028252534468801,0.3153542611238983,110.0
1652966945.852117,-0.3732061982154846,-0.7175450325012207,-0.4211674928665161,-0.2094506025314331,0.0064488155767321,-0.9777979850769044,-0.5721718072891235,1.4808143377304075,-0.5852969884872437,-0.2110175252936967,-0.0064488604101497,0.3087439685091206,110.0
1652966945.8643389,-0.3350623250007629,-0.5659133195877075,-0.4078592360019684,-0.1947990804910659,0.0112527571618556,-0.9807786345481871,-0.6513747572898865,1.5230320692062378,-0.6122199296951294,-0.1960651836895434,-0.0112529943386911,0.3016466302597337,110.0
1652966945.871711,-0.309306263923645,-0.4421322345733642,-0.4006668329238891,-0.1798446625471115,0.0164504740387201,-0.9835574626922609,-0.639572262763977,1.556912899017334,-0.6675302982330322,-0.1808532858843841,-0.0164512153086685,0.2942421805733248,110.0
1652966945.881651,-0.2846012115478515,-0.3332812786102295,-0.3901027739048004,-0.1645564436912536,0.0209010541439056,-0.9861462116241456,-0.4827772974967956,1.5789774656295776,-0.7486009001731873,-0.1653447671091711,-0.0209025762444761,0.2862924065961421,110.0
1652966945.891542,-0.23908531665802,-0.3473654389381408,-0.3826969265937805,-0.1491745114326477,0.0230777245014905,-0.988541543483734,-0.2303948551416397,1.5854922533035278,-0.802118718624115,-0.149773576953534,-0.0230797726374182,0.2781797331251452,110.0
1652966945.9014878,-0.2588761150836944,-0.2528929114341736,-0.3543784618377685,-0.1334578245878219,0.0228964947164058,-0.9907899498939514,0.0235825665295124,1.661913514137268,-0.9492219090461732,-0.1338925101715732,-0.0228984953998928,0.2694304260791773,110.0
1652966945.9116678,-0.3236579298973083,-0.1270471215248108,-0.2863460779190063,-0.1164054945111274,0.0203243046998977,-0.9929937720298768,0.2797640562057495,1.827053785324097,-1.108698844909668,-0.1166942154141174,-0.0203257041594127,0.2594084985170136,110.0
1652966945.92159,-0.3178417682647705,-0.0679398775100708,-0.2788444757461548,-0.0979754254221916,0.0147910751402378,-0.9950789213180542,0.5725567936897278,1.9245877265930176,-1.1613889932632446,-0.0981436242234068,-0.0147916148859215,0.2485608955299229,110.0
1652966945.931438,-0.271286129951477,0.0604835748672485,-0.2416800260543823,-0.0789030194282531,0.0074575748294591,-0.9968544244766236,0.6913155913352966,1.9411513805389404,-1.1878784894943235,-0.0789873211030031,-0.0074576439141287,0.2375234618273675,110.0
1652966945.941334,-0.2682404220104217,0.2276007533073425,-0.2464764565229416,-0.0597166717052459,-0.0001513900060672,-0.99821537733078,0.6419251561164856,1.9267985820770264,-1.2800792455673218,-0.059752222207592,0.0001513900016497,0.2257458078090917,110.0
1652966945.951292,-0.2423897087574005,0.3633949756622314,-0.2985481321811676,-0.0409811958670616,-0.0067497701384127,-0.9991371035575868,0.5448589324951172,1.805153727531433,-1.3741159439086914,-0.0409936112187878,0.0067498213012428,0.2128098449768996,110.0
1652966946.006371,-0.1979173719882965,0.4330686926841736,-0.294876366853714,-0.0237775240093469,-0.0122067965567111,-0.9996427297592164,0.4824250936508178,1.622162938117981,-1.457172155380249,-0.0237815369647599,0.0122070997592613,0.1988934969416468,110.0
1652966946.013339,-0.138245552778244,0.7000093460083008,-0.1857238113880157,0.0385751873254776,-0.0243287216871976,-0.998959481716156,-0.3328104317188263,0.9479345679283142,-1.664191722869873,0.0385961896144749,0.02433112204499,0.1184768466936196,110.0
1652966946.0213308,-0.1253451257944107,0.7525999546051025,-0.1298965364694595,0.047906819730997,-0.0194107480347156,-0.9986631870269777,-0.4913153946399688,0.8537750840187073,-1.6502504348754885,0.0479342006218172,0.0194119677771661,0.1021230616014988,110.0
1652966946.031067,-0.1216785013675689,0.748572051525116,-0.0322109088301658,0.0561420582234859,-0.0137638598680496,-0.998327910900116,-0.4702759087085724,0.7502743601799011,-1.6491341590881348,0.0561769192710667,0.013764294384965,0.0859951670036444,110.0
1652966946.041078,-0.1450965702533722,0.7658472657203674,0.0557211600244045,0.0631874352693557,-0.0086783515289425,-0.9979639649391174,-0.3380291759967804,0.6341413855552673,-1.7100880146026611,0.0632319394092177,0.008678460274459,0.0695719244450502,110.0
1652966946.051106,-0.15275838971138,0.8080806732177734,0.0816360265016555,0.0689266622066497,-0.0048233196139335,-0.997610092163086,-0.2216293811798095,0.4887077212333679,-1.744805097579956,0.0689821577109776,0.0048233384975375,0.0525565758831287,110.0
1652966946.0610151,-0.1318426430225372,0.8425358533859253,0.1069164499640464,0.0729284957051277,-0.0013714411761611,-0.997336208820343,-0.246359497308731,0.3041008710861206,-1.7429896593093872,0.0729933689319125,0.0013714415973554,0.0353824155235158,110.0
1652966946.071021,-0.1131033077836036,0.8523231148719788,0.1174288392066955,0.0750479474663734,0.0032071128953248,-0.9971747398376464,-0.4335998296737671,0.13299660384655,-1.7156143188476562,0.0751189583319844,-0.0032071184068901,0.0184445241897733,110.0
1652966946.0808458,-0.0664264410734176,0.8365277051925659,0.0807681828737258,0.0753376334905624,0.0096706273034214,-0.997111201286316,-0.6161693930625916,-0.0617012456059455,-1.6378180980682373,0.0754126122588095,-0.0096707778799122,0.0021074434599586,110.0
1652966946.091768,0.0052317082881927,0.8355246782302856,0.1031190380454063,0.073473185300827,0.0173795893788337,-0.9971457719802856,-0.6910627484321594,-0.2577183246612549,-1.5430893898010254,0.0735505773230355,-0.017380464339067,-0.0131844913997969,110.0
1652966946.101739,0.016804926097393,0.8458040356636047,0.171831339597702,0.0698192715644836,0.0255563277751207,-0.9972322583198548,-0.7276897430419922,-0.4186187982559204,-1.4861584901809692,0.0698989914801027,-0.0255591104126411,-0.0277123282562731,110.0
1652966946.110704,0.0003291815519332,0.8465376496315002,0.2079497724771499,0.0645054653286933,0.0339325219392776,-0.9973402619361876,-0.7493256330490112,-0.562170684337616,-1.4408198595046997,0.0645875313842264,-0.0339390358472415,-0.041748668463233,110.0
1652966946.121438,-0.0140918344259262,0.831190288066864,0.2241174578666687,0.0577930621802806,0.0418737232685089,-0.997450053691864,-0.6641425490379333,-0.6798765659332275,-1.392181158065796,0.0578761025747005,-0.0418859688185593,-0.0553964506737185,110.0
1652966946.130694,-0.038560964167118,0.8063520193099976,0.261382907629013,0.0500051118433475,0.0487214289605617,-0.9975599050521852,-0.5685558319091797,-0.7672353386878967,-1.3686330318450928,0.050085507663907,-0.0487407241649871,-0.0687620598875497,110.0
1652966946.140657,-0.0541104525327682,0.77443528175354,0.272068053483963,0.041140541434288,0.0541190542280674,-0.9976866245269777,-0.4456301927566528,-0.8634971380233765,-1.3781485557556152,0.0412125874968288,-0.0541455056338443,-0.0822282916128383,110.0
1652966946.15081,-0.0363053530454635,0.7587593197822571,0.2586958110332489,0.0312700122594833,0.0591752417385578,-0.9977577328681946,-0.4763838052749634,-0.9667173027992249,-1.3936842679977417,0.0313300305519195,-0.0592098321482391,-0.0958513460642914,110.0
1652966946.1606069,0.0018665939569473,0.7160840034484863,0.236881822347641,0.0201061200350523,0.0640214681625366,-0.997745931148529,-0.4374600946903229,-1.112433671951294,-1.3749910593032837,0.0201488159474953,-0.0640652833258569,-0.1096106659158063,110.0
1652966946.170491,0.0637116134166717,0.6901664733886719,0.2813389301300049,0.0071044843643903,0.0693080201745033,-0.9975700378417968,-0.695123016834259,-1.3184075355529783,-1.2690809965133667,0.0071216700603852,-0.0693636281545345,-0.122810593754873,110.0
1652966946.180254,0.0762937515974044,0.6778368353843689,0.2419763505458831,-0.0078732771798968,0.0775274038314819,-0.996959149837494,-0.9944005012512208,-1.5218857526779177,-1.204501748085022,-0.0078971277311039,-0.0776052789831763,-0.1352028913635829,110.0
1652966946.1903238,0.0237455759197473,0.6641812920570374,0.2514500319957733,-0.0246610362082719,0.0888514518737793,-0.9957395792007446,-1.309362292289734,-1.6618839502334597,-1.111285924911499,-0.0247614917111984,-0.0889687767456012,-0.146939812111784,110.0
1652966946.2001162,-0.0715968981385231,0.6347970366477966,0.363218605518341,-0.042370930314064,0.1021439209580421,-0.9938668608665466,-1.4073034524917605,-1.6887311935424805,-1.0900650024414062,-0.0426066011924171,-0.1023223787292357,-0.1583760710253441,110.0
1652966946.210118,-0.1249756515026092,0.5904793739318848,0.4625377058982849,-0.0601286478340625,0.1150226816534996,-0.9915413856506348,-1.306438684463501,-1.6722526550292969,-1.071205496788025,-0.060567422125246,-0.1152778302700091,-0.1699215125105247,110.0
1652966946.220149,-0.0777802988886833,0.549144446849823,0.5424233078956604,-0.0780728980898857,0.1268728822469711,-0.988841712474823,-1.2601112127304075,-1.7222050428390503,-0.986192524433136,-0.0787904450932327,-0.1272157510535969,-0.1811219173017375,110.0
1652966946.229995,-0.0121767818927764,0.4758006334304809,0.5367386341094971,-0.0965572819113731,0.139485090970993,-0.985505223274231,-1.5226945877075195,-1.7811248302459717,-0.8458167314529419,-0.0976657192230865,-0.1399413985104708,-0.1915067434344164,110.0
1652966946.239989,0.0368182361125946,0.3955615162849426,0.4730775356292724,-0.1154009327292442,0.1566526442766189,-0.9808886647224426,-2.1947286128997803,-1.837048888206482,-0.6909688711166382,-0.11711102170435,-0.157300539380355,-0.2012266393105362,110.0
1652966946.249958,0.0980622768402099,0.343445360660553,0.4356536269187927,-0.1348511427640915,0.181716963648796,-0.9740606546401978,-3.130462884902954,-1.9626508951187132,-0.485908180475235,-0.1375678115298498,-0.1827322067866813,-0.2105438850070101,110.0
1652966946.26011,0.0933447927236557,0.3696084022521972,0.4384020268917084,-0.1551427990198135,0.2165662050247192,-0.9638619422912598,-4.218449592590332,-2.0794734954833984,-0.3007950484752655,-0.1595907394718214,-0.2182958188098205,-0.2200115975573367,110.0
1652966946.2698588,-0.000906616449356,0.4456104040145874,0.4688056409358978,-0.1756832599639892,0.2604118287563324,-0.9493793249130248,-4.9444122314453125,-2.101595163345337,-0.2062156796455383,-0.1829807433961158,-0.263448718834855,-0.2306029592881698,110.0
1652966946.279866,-0.1115831434726715,0.474246084690094,0.6050887107849121,-0.195805087685585,0.3043351173400879,-0.9322234392166138,-4.413760185241699,-2.0601961612701416,-0.1938588768243789,-0.2070314050534425,-0.3092403692566907,-0.2421692490249884,110.0
1652966946.28987,-0.147821769118309,0.5500103831291199,0.9596605896949768,-0.2148032784461975,0.3388470709323883,-0.9159924983978271,-3.0422823429107666,-1.930371880531311,-0.2275683432817459,-0.2303412173806355,-0.3456912165387444,-0.252933741244502,110.0
1652966946.299756,-0.116806611418724,0.4943273663520813,1.261427640914917,-0.2328179478645324,0.3583996295928955,-0.9040716290473938,-1.423159956932068,-1.8665132522583008,-0.2960424721240997,-0.2520451642749358,-0.3665530693606387,-0.2612195363942629,110.0
1652966946.3097138,-0.0513732433319091,0.3557271957397461,1.3096046447753906,-0.2509032785892486,0.3642539083957672,-0.8968648910522461,-0.1502565294504165,-1.913634181022644,-0.2843086719512939,-0.2727823735437982,-0.3728315329326149,-0.2664040641005147,110.0
1652966946.319693,0.0060380399227142,0.2433146834373474,1.0760960578918457,-0.2688095867633819,0.3630212843418121,-0.8921642303466797,0.2044775933027267,-1.9564017057418823,-0.0917937979102134,-0.2926495516498593,-0.3715083279245947,-0.268136060807765,110.0
1652966946.329817,0.0001468956470489,0.1669663786888122,0.8234951496124268,-0.2864932417869568,0.3626773357391357,-0.8867844939231873,-0.225884661078453,-2.0356757640838623,0.1100150644779205,-0.3124850617157748,-0.371139244493869,-0.2679184558025832,110.0
1652966946.339558,-0.0606104135513305,0.0939008593559265,0.711635172367096,-0.3037846386432647,0.3693889677524566,-0.8782179355621338,-1.1536414623260498,-2.083425760269165,0.3216756284236908,-0.3330268220683969,-0.3783513846462669,-0.2679961690485479,110.0
1652966946.349554,-0.1506399512290954,0.0678629875183105,0.7030057311058044,-0.3207039535045624,0.3846102058887481,-0.865577220916748,-2.122905969619751,-2.1289072036743164,0.4261176586151123,-0.3548273385695025,-0.3947855210129392,-0.2700827259221388,110.0
1652966946.3597112,-0.1974993050098419,0.086256206035614,0.7441084384918213,-0.3369854688644409,0.4060379862785339,-0.8494550585746765,-2.3683643341064453,-2.1159164905548096,0.4545865952968597,-0.3776650743990514,-0.4181143756527116,-0.2746134279176983,110.0
1652966946.36942,-0.1261373162269592,0.0118853449821472,0.9005382657051086,-0.3531259000301361,0.4246875047683716,-0.8336321711540222,-1.535668969154358,-2.231719255447388,0.5180656313896179,-0.4006835216280561,-0.4386166940769002,-0.2781530883284051,110.0
1652966946.37943,-0.0391327738761901,-0.0992587804794311,1.1551473140716553,-0.3698179721832275,0.4335519969463348,-0.8217464685440063,-0.0800391659140586,-2.398686170578003,0.6431710720062256,-0.422886361609966,-0.4484307657742737,-0.2759076877305672,110.0
1652966946.389437,-0.0999209582805633,-0.2081204652786255,1.2266650199890137,-0.3864834904670715,0.4317823648452759,-0.8149813413619995,1.0849738121032717,-2.371068000793457,0.6941174268722534,-0.4428147809405405,-0.4464679101504509,-0.2666285991524803,110.0
1652966946.399359,-0.2329614162445068,-0.2661897540092468,1.0397768020629885,-0.4019109308719635,0.4236173331737518,-0.8117979764938354,1.4884514808654783,-2.166616201400757,0.70319664478302,-0.4597098138946012,-0.4374349481050419,-0.2532548572201328,110.0
1652966946.409448,-0.281547337770462,-0.2934548854827881,0.7394157648086548,-0.4154587984085083,0.4158423244953155,-0.8089926242828369,1.1199923753738403,-1.9608157873153689,0.7868400812149048,-0.4744293748529214,-0.4288688231336762,-0.2394184416064714,110.0
1652966946.419759,-0.2499719262123108,-0.3898082971572876,0.4785722196102142,-0.4269078969955444,0.4136701822280884,-0.8041309118270874,0.3252339661121368,-1.8016918897628784,0.98625248670578,-0.4880558907227156,-0.4264816777550266,-0.2271490531618441,110.0
1652966946.429582,-0.221760869026184,-0.4860581755638122,0.4009160697460174,-0.4364574551582336,0.4180841147899627,-0.7966872453689575,-0.2002305537462234,-1.6870956420898438,1.0979597568511963,-0.5011836637097026,-0.4313352413131951,-0.2169544347700394,110.0
1652966946.439447,-0.200880229473114,-0.5486178398132324,0.5227034091949463,-0.4449479281902313,0.4243027865886688,-0.7886624336242676,-0.0476428791880607,-1.674949288368225,1.158416986465454,-0.5136650763765939,-0.4381917811016225,-0.2069767394517445,110.0
1652966946.449491,-0.202877789735794,-0.5818086862564087,0.6371460556983948,-0.4529754221439361,0.4286955893039703,-0.7816862463951111,0.320012480020523,-1.70046865940094,1.2945665121078491,-0.5251983120336302,-0.4430484643507481,-0.1945096637600763,110.0
1652966946.4598088,-0.2825585305690765,-0.5983527302742004,0.564570426940918,-0.4602392315864563,0.431187629699707,-0.7760522365570068,0.6684584021568298,-1.6556159257888794,1.3809844255447388,-0.535294924565641,-0.4458086275629498,-0.1789984530148105,110.0
1652966946.469326,-0.3765789568424225,-0.5975908041000366,0.4444548487663269,-0.4663775265216827,0.4326966106891632,-0.7715346217155457,0.6591607332229614,-1.5186207294464111,1.4407225847244265,-0.5437073711257872,-0.4474817460120628,-0.1619205233763078,110.0
1652966946.479207,-0.4172207713127136,-0.6216177940368652,0.2755613923072815,-0.4709627628326416,0.4350403547286987,-0.7674203515052795,0.4883237481117248,-1.3289722204208374,1.4875630140304563,-0.5504292247219778,-0.4500831054915666,-0.144700713110531,110.0
1652966946.489181,-0.4310738444328308,-0.6774541139602661,0.1572677493095398,-0.473802775144577,0.4394576847553253,-0.7631434798240662,0.1918414831161499,-1.1173120737075806,1.4926598072052002,-0.5556143662679777,-0.4549948498589845,-0.1286433059423462,110.0
1652966946.499298,-0.4134066998958587,-0.6782397031784058,0.0430486500263214,-0.4749598801136017,0.4456292390823364,-0.7588330507278442,0.0645527690649032,-0.907785177230835,1.4373656511306765,-0.5592521813173988,-0.4618770309506406,-0.1141465182320627,110.0
1652966946.509097,-0.356912225484848,-0.6516199111938477,0.0093562006950378,-0.4750578999519348,0.451153963804245,-0.7554998397827148,0.2428312301635742,-0.773628830909729,1.347978591918945,-0.5613268326655135,-0.4680579430676034,-0.1002153188788726,110.0
1652966946.519066,-0.2904115915298462,-0.6768643260002136,0.0037631690502166,-0.4746334850788116,0.4543818831443786,-0.7538302540779114,0.5665799975395203,-0.7087518572807312,1.2977787256240845,-0.5619211945558167,-0.4716782117001838,-0.085300427310312,110.0
1652966946.529015,-0.2756580710411072,-0.7138684988021851,-0.0342963933944702,-0.4740214347839355,0.455225259065628,-0.7537066340446472,0.8001875877380371,-0.6547911763191223,1.2492115497589111,-0.5614134825696467,-0.4726252021781785,-0.0691126336162179,110.0
1652966946.539012,-0.3149356245994568,-0.716689944267273,-0.1238830387592315,-0.4730281829833984,0.4546630084514618,-0.7546693682670593,0.8353357315063477,-0.5428031086921692,1.187989354133606,-0.5598940162591518,-0.4719938109393722,-0.0525791333682749,110.0
1652966946.549092,-0.3279842138290405,-0.6640850901603699,-0.2465283274650573,-0.4713321328163147,0.4544597566127777,-0.7558521032333374,0.6613902449607849,-0.4121898114681244,1.1527806520462036,-0.5575755120231811,-0.4717656264861541,-0.0369970110127345,110.0
1652966946.558884,-0.3233083486557007,-0.5834091305732727,-0.317717581987381,-0.4687295258045196,0.4557485580444336,-0.7566940784454346,0.4054985642433166,-0.2623478472232818,1.1163123846054075,-0.554593937363419,-0.4732130015806861,-0.0230159808407468,110.0
1652966946.5690222,-0.3367589712142944,-0.4994266629219055,-0.3565835058689117,-0.4650598168373108,0.4587410092353821,-0.7571499347686768,0.1598517894744873,-0.0830539390444755,1.0639313459396362,-0.5508128705697364,-0.4765778140706682,-0.0109805180516675,110.0
1652966946.578826,-0.3121427297592163,-0.4051809310913086,-0.4212331771850586,-0.4603791832923889,0.4627522528171539,-0.7575693130493164,0.0740117132663726,0.0400184579193592,1.0330137014389038,-0.5460661773600055,-0.4810973756719657,-0.0003272824675109,110.0
1652966946.588778,-0.251411497592926,-0.3383921980857849,-0.4055609703063965,-0.4552382230758667,0.4665960669517517,-0.7583180665969849,0.1506923884153366,0.0825545713305473,0.9879803657531738,-0.5406593480022811,-0.4854383036992266,0.0099926029599138,110.0
1652966946.598754,-0.2302324473857879,-0.301308274269104,-0.3937849402427673,-0.4499890208244324,0.4692395627498626,-0.759818434715271,0.3025239706039428,0.1266961991786956,0.9243926405906676,-0.534688380867721,-0.4884294550666921,0.0205306240116473,110.0
1652966946.608717,-0.2255862951278686,-0.2528305649757385,-0.3880768716335296,-0.4447627663612366,0.4702606499195099,-0.7622604370117188,0.4511163234710693,0.1769754141569137,0.8182039856910706,-0.5281829469725489,-0.4895860973702663,0.0311737405263071,110.0
1652966946.618699,-0.2087445259094238,-0.2211337685585022,-0.3932421505451202,-0.4396776556968689,0.4691087901592254,-0.7659115791320801,0.721167802810669,0.2149182558059692,0.7042210102081299,-0.5211260376125246,-0.4882813541197371,0.0419071320123249,110.0
1652966946.628609,-0.1754937767982483,-0.1551935076713562,-0.4025755524635315,-0.4347661733627319,0.4662199020385742,-0.7704657316207886,0.8170162439346313,0.2434133291244506,0.6335120797157288,-0.5137482474289338,-0.485013049490825,0.0527410186390946,110.0
1652966946.638723,-0.157155841588974,-0.0747981667518615,-0.4235432147979736,-0.4301548898220062,0.4623920023441314,-0.7753453254699707,0.8108257055282593,0.2654017210006714,0.5227200388908386,-0.5065143596583279,-0.4806910261957925,0.062909549654706,110.0
1652966946.648555,-0.1567732989788055,-0.0049763917922973,-0.4195897281169891,-0.4258071780204773,0.458499550819397,-0.7800425291061401,0.7091749310493469,0.2894325256347656,0.4434414803981781,-0.4996721504441285,-0.4763060922341122,0.0717763413715736,110.0
1652966946.658656,-0.1332768201828003,0.050138235092163,-0.4253992140293121,-0.421669989824295,0.4553368985652923,-0.7841318249702454,0.5557019710540771,0.2814193665981293,0.3874117732048034,-0.493392689866927,-0.4727505912948669,0.0792092292854245,110.0
1652966946.668665,-0.0837496817111969,0.0714436769485473,-0.3851818740367889,-0.4179591834545135,0.4525798559188843,-0.7877064943313599,0.5617110133171082,0.2269196808338165,0.3518045246601105,-0.4878289994821984,-0.4696563279833781,0.0857815639401955,110.0
1652966946.678433,-0.0493300557136535,0.0664915442466735,-0.3305973410606384,-0.4149032831192016,0.4493259489536285,-0.7911772727966309,0.6465281844139099,0.1580764353275299,0.3302917778491974,-0.482986362378535,-0.4660106784939867,0.0922449771960809,110.0
1652966946.688244,-0.0472470521926879,0.0486518740653991,-0.315028578042984,-0.4124086499214172,0.4447892308235168,-0.7950356006622314,0.810290515422821,0.1349858790636062,0.2793320417404175,-0.4785189127926428,-0.4609389339764088,0.0990432024454311,110.0
1652966946.698612,-0.0619124472141265,0.0526211261749267,-0.272846907377243,-0.4103622734546661,0.4383436441421509,-0.7996609807014465,1.1169377565383911,0.1292600780725479,0.1783327162265777,-0.4741282729397829,-0.4537550143664979,0.1060863187062517,110.0
1652966946.708478,-0.0608960390090942,0.078572928905487,-0.2511860132217407,-0.408677875995636,0.4299274384975433,-0.8050744533538818,1.1286051273345947,0.1398284584283828,0.1010545119643211,-0.4697309224781998,-0.4444123929664959,0.1131349415380216,110.0
1652966946.7183142,-0.047381579875946,0.1345982551574707,-0.2896792292594909,-0.4073913097381592,0.4207674264907837,-0.810547411441803,1.1687501668930054,0.1433321088552475,-0.0144225442782044,-0.4657354727808685,-0.4342911051055067,0.1193310889676865,110.0
1652966946.7282062,-0.0446783900260925,0.1651464700698852,-0.2679554224014282,-0.4065086543560028,0.4112506210803985,-0.8158575892448425,1.1070209741592407,0.1465929448604583,-0.1339025944471359,-0.4622541128933956,-0.4238256648724862,0.1241707643349844,110.0
1652966946.7383308,-0.0339029729366302,0.1510401368141174,-0.2735349833965301,-0.4060536026954651,0.401861310005188,-0.8207483887672424,1.0258978605270386,0.1170696690678596,-0.1680174320936203,-0.4594273627397706,-0.413548599766983,0.1278089391978443,110.0
1652966946.7480202,0.0021879076957702,0.1448848247528076,-0.2622771859169006,-0.406072735786438,0.3938078880310058,-0.8246334195137024,0.7591216564178467,0.0454341545701026,-0.1774951219558715,-0.4575718362893484,-0.4047705817394718,0.1304485667526589,110.0
1652966946.7581,0.0059249699115753,0.121555745601654,-0.2404345273971557,-0.4067274928092956,0.3880632221698761,-0.827030599117279,0.4559357166290283,-0.0323767513036727,-0.1776871383190155,-0.4570601252914047,-0.3985291972457427,0.1316241383355841,110.0
1652966946.7679749,-0.0083246231079101,0.097210943698883,-0.2274312376976013,-0.4078282415866852,0.3850239217281341,-0.8279085755348206,0.1065113395452499,-0.0744292363524437,-0.1549932807683944,-0.4577105438347641,-0.3952337507115324,0.1313509988024661,110.0
1652966946.778037,0.0003179907798767,0.0713967084884643,-0.2004858553409576,-0.4090703725814819,0.3850103318691253,-0.8273019194602966,-0.219951719045639,-0.1011034622788429,-0.1205245107412338,-0.4592084056708922,-0.3952190162034831,0.1297090691658444,110.0
1652966946.788055,0.0237753093242645,0.0606791377067565,-0.1813376247882843,-0.4103871583938598,0.3873158991336822,-0.8255717158317566,-0.4177061021327972,-0.1129945218563079,-0.1167786717414856,-0.4613205036075505,-0.3977184765167728,0.1269924680885646,110.0
1652966946.7979531,0.0450352430343627,0.0756279230117797,-0.1493452191352844,-0.4117191135883331,0.3901898860931396,-0.8235527873039246,-0.3998059332370758,-0.0911163911223411,-0.1399569511413574,-0.4635919863229521,-0.4008378143944499,0.1237534493039729,110.0
1652966946.807878,0.0567642450332641,0.0676957368850708,-0.0808816254138946,-0.4132094979286194,0.3918556869029999,-0.8220140337944031,-0.1466100066900253,-0.1131530329585075,-0.1878888309001922,-0.4657888283904373,-0.4026477130260503,0.1207980414512137,110.0
