1652956281.2037082,-0.0014020502567291,0.0094697475433349,-0.0039522536098957,0.2524397075176239,0.0611726976931095,-0.96567702293396,-0.0241994634270668,-0.046554360538721,0.0413990691304206,0.2556903377349989,-0.0612109132131739,0.3382055250204685,93.0
1652956281.213849,0.0037643909454345,0.0096165537834167,0.0020441114902496,0.2522171139717102,0.0612188130617141,-0.9657322764396667,-0.0445412173867225,-0.0409228429198265,0.0350881740450859,0.2554605945979014,-0.061257115389541,0.3386856403750875,93.0
1652956281.223734,-0.0007314980030059,0.0139412283897399,0.0227294974029064,0.2521353960037231,0.0614532269537448,-0.9657387137413024,-0.0171906873583793,-0.0307123903185129,0.0197901427745819,0.2553797256566639,-0.0614919741338307,0.339060744696127,93.0
1652956281.233784,-0.0076510906219482,0.0169055461883544,0.0277278162539005,0.2522647678852081,0.0613377168774604,-0.9657122492790222,0.0082259895280003,-0.0184008628129959,0.0164260379970073,0.2555118510389562,-0.0613762448704691,0.3392483178863479,93.0
1652956281.2435498,-0.0105817317962646,0.018031895160675,0.008027009665966,0.2524030804634094,0.0612936466932296,-0.9656789302825928,-0.0387786701321601,-0.0201749540865421,0.0093710953369736,0.2556543507399453,-0.0613320905085537,0.3394302174648602,93.0
1652956281.253541,-0.0050897002220153,0.0211164951324462,-0.0076945908367633,0.25238898396492,0.0620311237871646,-0.9656355381011964,-0.0981666296720504,-0.0338007509708404,0.0028069363906979,0.2556516744280475,-0.0620709730805375,0.3396726528647678,93.0
1652956281.263512,0.0032640993595123,0.0287444591522216,0.0020535737276077,0.2520917952060699,0.0634829029440879,-0.9656187891960144,-0.1271601319313049,-0.0454076081514358,-0.0018361331894993,0.2553678100013806,-0.0635256173311796,0.3399728030418065,93.0
1652956281.273456,0.0010946989059448,0.0254561901092529,0.0129610002040863,0.2515909075736999,0.064874067902565,-0.9656569957733154,-0.1236724555492401,-0.0519224964082241,-0.0047839861363172,0.2548724775419534,-0.0649196607767479,0.3402730611768136,93.0
1652956281.283437,-0.0024088025093078,0.0226526856422424,0.0120739117264747,0.2510660886764526,0.065929003059864,-0.9657220840454102,-0.1064120382070541,-0.059950117021799,-0.0004292977973818,0.2543470509291957,-0.0659768553942594,0.340538540645698,93.0
1652956281.293377,0.0014086961746215,0.0133734941482543,0.0086149498820304,0.2504834830760956,0.0668244883418083,-0.965811848640442,-0.0857251435518264,-0.0747098922729492,-0.0037052524276077,0.2537592897421243,-0.0668743200625911,0.3407573881005518,93.0
1652956281.303448,-0.0016227513551712,0.0063931345939636,0.0124241858720779,0.2497917711734771,0.0677454769611358,-0.9659268260002136,-0.0730821788311004,-0.0754823088645935,-0.0040346859022974,0.2530592594848249,-0.0677974062963973,0.3409024175685437,93.0
1652956281.313425,-0.0096133798360824,0.0032309889793395,0.0058223158121109,0.2490543723106384,0.0685489997267723,-0.9660605192184448,-0.0523417517542839,-0.0737453997135162,-0.0105359945446252,0.2523101100741452,-0.0686027979525584,0.3409839528832492,93.0
1652956281.323269,-0.0085892230272293,-0.0022898912429809,0.0015998929738998,0.2483506351709365,0.0691245794296264,-0.9662007093429564,-0.0559889525175094,-0.0677400752902031,-0.0134267043322324,0.2515919550824642,-0.0691797445350568,0.3410154199127169,93.0
1652956281.33324,-0.0048689842224121,-0.0034404397010803,-0.001969426870346,0.247758463025093,0.0696268752217292,-0.9663166403770448,-0.072335697710514,-0.065398097038269,-0.017673647031188,0.2509880871255715,-0.069683258167506,0.3410396319852889,93.0
1652956281.3431349,-0.0061941891908645,-0.0047485828399658,-0.0037223249673843,0.2473441660404205,0.0704032108187675,-0.9663665294647216,-0.0833664461970329,-0.0558119378983974,-0.0253102220594882,0.2505733571556847,-0.0704615034828384,0.3410421103825785,93.0
1652956281.353118,-0.0047448724508285,-0.0049425959587097,0.0049451813101768,0.2469324320554733,0.0713639929890632,-0.9664013385772704,-0.0819834694266319,-0.0551762394607067,-0.0269920099526643,0.2501647997315262,-0.0714247047373549,0.3409736908826055,93.0
1652956281.3631248,0.0001531243324279,-0.0093164443969726,0.0072148218750953,0.2464594841003418,0.0722987130284309,-0.9664525985717772,-0.082254908978939,-0.0589618720114231,-0.0295298863202333,0.2496926517174556,-0.0723618447624529,0.3408843783102143,93.0
1652956281.3732162,0.0030353367328643,-0.012112021446228,0.0088995099067687,0.2459729164838791,0.0731775015592575,-0.9665104150772096,-0.0830240249633789,-0.0647678300738334,-0.0250472538173198,0.2492055879315991,-0.0732429666680439,0.3408335233824552,93.0
1652956281.383042,0.0036173015832901,-0.013058066368103,0.0114071518182754,0.2453909367322921,0.0741183385252952,-0.9665866494178772,-0.0863085761666297,-0.067299373447895,-0.021212913095951,0.2486211617349835,-0.0741863661818639,0.3408320247817198,93.0
1652956281.3929682,0.0054022967815399,-0.0151789784431457,0.015095368027687,0.2446893155574798,0.0750382840633392,-0.9666935205459596,-0.0981119722127914,-0.0645699054002761,-0.0136492680758237,0.2479128264681268,-0.0751088824478205,0.3408732940338658,93.0
1652956281.4029,0.0057757794857025,-0.0163114666938781,0.012450948357582,0.2439954131841659,0.0759584605693817,-0.9667970538139344,-0.0994443446397781,-0.0664364621043205,-0.0090961763635277,0.247212705725639,-0.0760316935598181,0.3410002674878764,93.0
1652956281.4130778,0.0065197497606277,-0.0166720151901245,0.0104389786720275,0.2433887720108032,0.0768565386533737,-0.9668790102005004,-0.1025557145476341,-0.0565822310745716,0.0016608638688921,0.2466026620117038,-0.0769324065024308,0.3412430245770232,93.0
1652956281.422883,0.0059889256954193,-0.0191652178764343,0.0097318217158317,0.2427751719951629,0.0777162835001945,-0.9669645428657532,-0.1016749441623687,-0.0628293082118034,0.0018407041206955,0.2459848762744794,-0.0777947294762399,0.3414941905839537,93.0
1652956281.432829,0.0074964612722396,-0.0185352563858032,0.0090285316109657,0.2421679198741912,0.0786026790738105,-0.9670451283454896,-0.0909024626016616,-0.0601853281259536,0.0053893653675913,0.2453743816481838,-0.0786838430582757,0.3417604396002597,93.0
1652956281.442885,0.0032753050327301,-0.0189319849014282,-0.0001908913254737,0.2416588366031646,0.079414501786232,-0.9671061635017396,-0.0762663260102272,-0.0548448376357555,0.0040957173332571,0.2448641055177472,-0.0794982101471437,0.3420246020969528,93.0
1652956281.45285,0.0018544495105743,-0.0150955915451049,-0.0057438910007476,0.2412486374378204,0.0800236463546752,-0.9671583771705629,-0.0496182031929492,-0.0408437997102737,0.0088073806837201,0.2444521731091379,-0.0801093049896865,0.3422425659202042,93.0
1652956281.462572,-0.0027699470520019,-0.0168567299842834,0.0038428902626037,0.2409291863441467,0.0803245678544044,-0.9672130346298218,-0.013198941014707,-0.0333079062402248,0.0181041713804006,0.2441279359991225,-0.080411199011639,0.3424603491215355,93.0
1652956281.4724932,-0.0069310814142227,-0.0220753550529479,0.0111394375562667,0.2407263219356537,0.0803827568888664,-0.9672587513923644,-0.0018405588343739,-0.0220936015248298,0.0193212367594242,0.2439193632992638,-0.0804695739443367,0.342652422490471,93.0
1652956281.4824328,-0.0035338252782821,-0.0198509693145751,0.0049672871828079,0.2405944466590881,0.0804513990879058,-0.9672858119010924,-0.0139395659789443,-0.0183241628110408,0.0163281094282865,0.2437844149713347,-0.0805384411247888,0.3428370032177085,93.0
1652956281.492447,0.0049347579479217,-0.0151067376136779,0.0044360160827636,0.2404571771621704,0.0806927531957626,-0.9672998785972596,-0.036621443927288,-0.0228267703205347,0.0109378714114427,0.2436473650652874,-0.0807805835087993,0.3430347919623634,93.0
1652956281.502352,0.0091990381479263,-0.0146759748458862,0.0069807171821594,0.2402212023735046,0.0811692848801612,-0.9673186540603638,-0.0598090514540672,-0.0324285291135311,0.0118694454431533,0.2434130724783595,-0.0812586794278551,0.343273271108205,93.0
1652956281.512617,0.0037069171667099,-0.0157740712165832,0.0053959935903549,0.2399302423000335,0.0818384811282157,-0.9673344492912292,-0.0752332881093025,-0.0373354032635688,0.0059588253498077,0.2431258983375179,-0.0819301084679954,0.3435127930284665,93.0
1652956281.522295,-0.0015381872653961,-0.0103514790534973,0.0057213604450225,0.2395753562450409,0.0826270058751106,-0.9673553705215454,-0.0908790901303291,-0.0422963388264179,0.0115589201450347,0.2427752171725722,-0.0827213136060007,0.3437937914923223,93.0
1652956281.532234,-0.0068034380674362,-0.0078566670417785,0.0022993013262748,0.2391796112060547,0.0835008546710014,-0.9673782587051392,-0.1087792590260505,-0.0412057749927043,0.0092757921665906,0.2423842035133205,-0.083598193277905,0.3441272719426357,93.0
1652956281.542524,-0.0120465010404586,0.0041878223419189,-0.0040820762515068,0.2387921661138534,0.0845416560769081,-0.9673835635185242,-0.1112097203731536,-0.035338032990694,0.0166617669165134,0.2420054662302941,-0.0846426905990541,0.344518186111665,93.0
1652956281.5523582,-0.0161119699478149,0.0079254508018493,0.0021627396345138,0.2383868098258972,0.0855142474174499,-0.9673981070518494,-0.0849277824163436,-0.0385087952017784,0.0129929957911372,0.2416069843500846,-0.0856188161392974,0.3448998121872907,93.0
1652956281.562321,-0.0145247727632522,0.0086326599121093,0.0106091573834419,0.2380355596542358,0.0860857665538787,-0.9674338698387146,-0.0456031560897827,-0.0295363385230302,0.0202262178063392,0.2412560726763623,-0.086192448677349,0.3452134902821217,93.0
1652956281.572262,-0.0139684081077575,0.0093268156051635,0.0052283853292465,0.2378454357385635,0.0863548442721366,-0.9674566388130188,-0.0264473017305135,-0.0282415095716714,0.0237732827663421,0.2410652905410115,-0.0864625362979026,0.3455174780039086,93.0
1652956281.582337,-0.0073888450860977,0.0143014788627624,0.0019574239850044,0.2376745790243148,0.0866503491997718,-0.96747225522995,-0.0435660369694232,-0.0276591815054416,0.0198074541985988,0.2408950133720752,-0.0867591494846364,0.3458367183337106,93.0
1652956281.5921578,-0.0038462430238723,0.016804814338684,0.0033954679965972,0.2373973280191421,0.0870586186647415,-0.9675036668777466,-0.046806301921606,-0.035057708621025,0.0156774241477251,0.2406172311653144,-0.0871689688491846,0.34614166036729,93.0
1652956281.6021051,-0.0053576529026031,0.0159845352172851,0.0066136717796325,0.2370776981115341,0.0875483006238937,-0.9675378203392028,-0.0588848739862442,-0.0315386615693569,0.0142207890748977,0.2402974254007748,-0.0876605272027192,0.3464334994572757,93.0
1652956281.61216,-0.0059172809123992,0.0114108920097351,0.0068272724747657,0.2367217689752578,0.0881281495094299,-0.9675723314285278,-0.0670461282134056,-0.0300638042390346,0.0142279788851737,0.2399421376027961,-0.0882426237828642,0.3467223694470244,93.0
1652956281.622031,-0.0041757673025131,0.0106571316719055,0.0040186941623687,0.2363077998161316,0.0888004973530769,-0.967612087726593,-0.0940272733569145,-0.0362468138337135,0.0079745724797248,0.2395289478224515,-0.0889176190940554,0.3470064367245828,93.0
1652956281.632024,-0.0069149136543273,0.0164792537689209,0.0036681741476058,0.2358120828866958,0.089852936565876,-0.9676358103752136,-0.1237936988472938,-0.0383435189723968,-0.002366748638451,0.2390397684370453,-0.0899742824503962,0.3472829964287844,93.0
1652956281.641932,-0.0057405829429626,0.0185595154762268,0.0021989718079566,0.2353243976831436,0.0912305787205696,-0.9676256775856018,-0.1337568461894989,-0.0385810732841491,-0.0222885236144065,0.2385663830264388,-0.0913576048084093,0.3474464191629935,93.0
1652956281.652018,0.0002955347299575,0.0181614756584167,0.0101351737976074,0.2347814440727234,0.0926327481865882,-0.967624306678772,-0.1399359256029129,-0.0509085804224014,-0.029112609103322,0.2380368408352343,-0.0927657433801087,0.3475099775894421,93.0
1652956281.6618838,0.0021452456712722,0.012367308139801,0.0086675286293029,0.234198197722435,0.0940546318888664,-0.9676284790039062,-0.1440108716487884,-0.0611359141767025,-0.0353845432400703,0.2374665384717769,-0.094193855354162,0.3475210602746709,93.0
1652956281.6718268,0.0029076039791107,0.0096395015716552,0.0140536054968833,0.2335579097270965,0.0954434499144554,-0.9676472544670104,-0.1300769597291946,-0.0741249471902847,-0.0340476371347904,0.2368369279832174,-0.0955889567318374,0.3474949989699238,93.0
1652956281.681814,0.0050447732210159,0.0045231580734252,0.0252377688884735,0.232839822769165,0.0966189056634903,-0.9677037000656128,-0.0963618010282516,-0.077583760023117,-0.0252771619707345,0.2361223012665795,-0.0967698675230716,0.3474699033288785,93.0
1652956281.6919,0.0044203996658325,-0.0012364983558654,0.0310368686914443,0.2321061491966247,0.0975336730480194,-0.9677881598472596,-0.0830449312925338,-0.0733208358287811,-0.01512838806957,0.2353857179936573,-0.0976889778032686,0.3474966729386662,93.0
1652956281.7017698,0.001232773065567,-0.0069738626480102,0.0353377908468246,0.2314333170652389,0.0982223749160766,-0.9678796529769896,-0.0617565587162971,-0.0734656080603599,-0.0089282058179378,0.2347068164059847,-0.0983809983417368,0.3475590096699688,93.0
1652956281.711844,-0.0005028694868087,-0.0153443217277526,0.0351272076368331,0.2307580709457397,0.0986923649907112,-0.9679930210113524,-0.0435860753059387,-0.0689539462327957,0.0031172716990113,0.2340203534525068,-0.0988532827726849,0.3476485502121742,93.0
1652956281.721819,-0.0019471198320388,-0.0218568444252014,0.0268583744764328,0.2301271259784698,0.0990876629948616,-0.9681028723716736,-0.0486514084041118,-0.0726973861455917,0.0086194751784205,0.2333779830786645,-0.0992505270554734,0.347819774316627,93.0
1652956281.731598,0.0010217428207397,-0.0233964323997497,0.0188948810100555,0.229569137096405,0.0996201112866401,-0.9681807160377502,-0.0560909509658813,-0.0698382258415222,0.0120166046544909,0.2328143216546749,-0.0997856293280269,0.3480649025868218,93.0
1652956281.741621,-0.0001944303512573,-0.0235516428947448,0.015488862991333,0.2290305495262146,0.1001422256231308,-0.9682543873786926,-0.0515367425978183,-0.0644762143492698,0.0144098345190286,0.2322705359972601,-0.1003103653367767,0.348326898977071,93.0
1652956281.7514858,-0.0005438923835754,-0.0230241417884826,0.0145070254802703,0.2285255342721939,0.1006205305457115,-0.9683241248130798,-0.0349865294992923,-0.0624908246099948,0.0183350685983896,0.2317604343867235,-0.1007910941677326,0.3485921282334022,93.0
1652956281.761481,0.0019777715206146,-0.0256746411323547,0.0058127790689468,0.2280332744121551,0.1011055335402488,-0.968389630317688,-0.0317787528038024,-0.0647281482815742,0.0178341269493103,0.2312637441469693,-0.101278586774978,0.3488392565096454,93.0
1652956281.771439,0.0042078346014022,-0.0245170593261718,-0.0022710412740707,0.2275122106075287,0.101712554693222,-0.9684486389160156,-0.0459044240415096,-0.0620085261762142,0.0112438686192035,0.2307403076823724,-0.1018887546670699,0.3490726981091926,93.0
1652956281.781388,0.00203637778759,-0.022791564464569,-0.0110542327165603,0.2269065529108047,0.102469615638256,-0.968510925769806,-0.0534112080931663,-0.0675616413354873,0.0085526695474982,0.2301332705232419,-0.1026497882208417,0.3492826376659076,93.0
1652956281.7915149,0.0018263161182403,-0.0216174721717834,-0.016591340303421,0.2262316197156906,0.1032459884881973,-0.9685863256454468,-0.0563763752579689,-0.0754507258534431,0.0037640389055013,0.2294552938032977,-0.1034303000598942,0.349485233814497,93.0
1652956281.801285,0.0006694048643112,-0.016711950302124,-0.0212663114070892,0.2254964411258697,0.1039231568574905,-0.9686853885650636,-0.0567683205008506,-0.0707063004374504,-0.0049028005450963,0.2287128414040939,-0.1041111308813217,0.349631192017976,93.0
1652956281.81142,-0.0036133676767349,-0.0124505162239074,-0.0208453014492988,0.2248506098985672,0.1045702472329139,-0.9687658548355104,-0.0538369789719581,-0.0598651058971881,-0.0196854751557111,0.2280620102006394,-0.1047617718054031,0.3496578363201201,93.0
1652956281.821228,-0.0058644562959671,-0.0047882199287414,-0.0205679908394813,0.2242788225412368,0.1052084788680076,-0.9688292741775512,-0.0588383339345455,-0.0535444691777229,-0.028490912169218,0.2274875070026504,-0.1054035403023882,0.3495466710881969,93.0
1652956281.831183,-0.004457339644432,-0.0029010772705078,-0.0228145718574523,0.2237109541893005,0.1058986634016037,-0.9688853621482848,-0.0633878111839294,-0.0589022189378738,-0.0402423776686191,0.2269184103042538,-0.1060976057238836,0.3493558776559552,93.0
1652956281.841128,-0.0066701769828796,0.002210259437561,-0.0218651816248893,0.2231009155511856,0.106627732515335,-0.968946099281311,-0.0687629953026771,-0.060949120670557,-0.0433653891086578,0.2263068742025397,-0.106830823286173,0.3490821032401924,93.0
1652956281.851078,-0.0093017220497131,0.004001498222351,-0.0167495012283325,0.2224670797586441,0.1073409169912338,-0.9690130949020386,-0.0628031119704246,-0.0624282397329807,-0.0548571944236755,0.2256704906547964,-0.1075481271752973,0.3487585960366524,93.0
1652956281.861223,-0.0091617405414581,0.0051036477088928,-0.0110601186752319,0.2217777818441391,0.1079076379537582,-0.9691081047058104,-0.0542356595396995,-0.0729148089885711,-0.05477125197649,0.2249733267825253,-0.1081181588528593,0.3483768606121107,93.0
1652956281.871004,-0.0085564255714416,0.0006152391433715,-0.0036496222019195,0.2210198789834976,0.1083859354257583,-0.9692279100418092,-0.0570895001292228,-0.0797663256525993,-0.0595670714974403,0.2242032775769655,-0.1085992790794085,0.3479471080907128,93.0
1652956281.881009,-0.0107565075159072,0.0017580986022949,-0.0040139853954315,0.2202139794826507,0.1088113337755203,-0.9693636298179626,-0.0610705949366092,-0.0822954252362251,-0.0647565126419067,0.2233824814155245,-0.1090272030756777,0.3474807807268015,93.0
1652956281.891173,-0.0097367018461227,0.0049860477447509,-0.0038870498538017,0.2193162441253662,0.1093252599239349,-0.9695093631744384,-0.0662208795547485,-0.089185819029808,-0.0689613744616508,0.222469313153697,-0.1095442158906444,0.3469629532775018,93.0
1652956281.900864,-0.0071320235729217,0.0021963715553283,0.0034194439649581,0.2183442413806915,0.1098923087120056,-0.9696646332740784,-0.0715629160404205,-0.0988904908299446,-0.0682570859789848,0.2214810142122854,-0.1101146990193223,0.3464243634378229,93.0
1652956281.911056,-0.0077624320983886,0.0041377544403076,0.00618277490139,0.2172656506299972,0.1105164214968681,-0.9698359370231628,-0.0823875963687896,-0.1085404530167579,-0.0664898082613945,0.2203844197927321,-0.1107426427702743,0.345910936852625,93.0
1652956281.920872,-0.0093512535095214,0.0084618330001831,0.0072251707315444,0.2161079198122024,0.1112593188881874,-0.9700096845626832,-0.0915331616997718,-0.1162933856248855,-0.0627047345042228,0.2192094133253114,-0.1114901437693601,0.3454505958199099,93.0
1652956281.930951,-0.0070520937442779,0.0112751722335815,0.0097561925649642,0.2148616164922714,0.112024188041687,-0.9701984524726868,-0.0808309763669967,-0.128716230392456,-0.0530249401926994,0.2179439203495614,-0.1122598292679203,0.3450791362744998,93.0
1652956281.940714,-0.0046202391386032,0.0116078853607177,0.0154704973101615,0.2134978771209716,0.1126728057861328,-0.9704244136810304,-0.0580550916492939,-0.1443818509578704,-0.0405024141073226,0.2165547339800653,-0.112912576062015,0.3447582268973873,93.0
1652956281.950681,-0.0039749592542648,0.0122948288917541,0.0199004858732223,0.2120438814163208,0.1130493283271789,-0.9706993699073792,-0.0179505534470081,-0.1454524546861648,-0.0384701564908027,0.2150660752642404,-0.1132915218588049,0.344443185916976,93.0
1652956281.960685,-0.004597008228302,0.0108947157859802,0.0143280997872352,0.2105907350778579,0.1131132915616035,-0.9710081815719604,0.0018875338137149,-0.1428374350070953,-0.0336542502045631,0.2135708958971131,-0.1133558985002875,0.3441319019407127,93.0
1652956281.9706302,0.0022063255310058,0.0185393691062927,0.0010999292135238,0.2092500329017639,0.113112099468708,-0.9712981581687928,-0.0013031996786594,-0.1300840824842453,-0.0345165804028511,0.2121903500531931,-0.113354695222833,0.3438078586178735,93.0
1652956281.980591,0.0073938816785812,0.0196630358695983,-0.0065551102161407,0.2079840004444122,0.1133971288800239,-0.9715368151664734,-0.0338070839643478,-0.1238015368580818,-0.0479042902588844,0.2108940801172102,-0.1136415755538657,0.3434324743859313,93.0
1652956281.990547,0.0169856548309326,0.01006281375885,-0.0102272927761077,0.2067845612764358,0.1139107495546341,-0.97173273563385,-0.0313870683312416,-0.1091677322983741,-0.0735798329114914,0.2096722499882488,-0.1141585417963439,0.3429292938211301,93.0
1652956282.0006108,0.0221161991357803,0.0010080337524414,-0.0115102007985115,0.2056975811719894,0.1146290823817253,-0.971878945827484,-0.1070473417639732,-0.1137903332710266,-0.0665411278605461,0.2085713928700592,-0.1148816142028296,0.3423067775482837,93.0
1652956282.0106091,0.0326047390699386,-0.0130958557128906,-0.02873045951128,0.2044406086206436,0.1165142580866813,-0.9719200134277344,-0.2138611376285553,-0.1386336386203766,-0.0864061787724495,0.207324671064763,-0.1167795050810327,0.3419440043207042,93.0
1652956282.020422,0.045151486992836,-0.027886688709259,-0.0267805084586143,0.2029564827680587,0.11862313747406,-0.9719759225845336,-0.1457256227731704,-0.1565056890249252,-0.0957994908094406,0.2058503971560742,-0.1189031107610135,0.341426960043989,93.0
1652956282.030478,0.0529142469167709,-0.0291627049446105,0.0436729714274406,0.2014040499925613,0.1198401972651481,-0.9721495509147644,-0.0439534597098827,-0.1562646776437759,-0.0816458538174629,0.2042839717552726,-0.1201289172819348,0.3407241780903318,93.0
1652956282.040389,0.0497924834489822,-0.0420244932174682,0.0623232573270797,0.1998871564865112,0.120263397693634,-0.9724103212356568,-0.0073903212323784,-0.1497400254011154,-0.0612602308392524,0.2027344666262747,-0.1205552021692366,0.340084682610218,93.0
1652956282.050307,0.0454886108636856,-0.0582034587860107,0.0302053838968276,0.1985147446393966,0.1203530728816986,-0.9726803302764891,0.0064586494117975,-0.1426224708557129,-0.0580833479762077,0.2013255481277919,-0.1206455355095439,0.3394913026139008,93.0
1652956282.060262,0.0482602715492248,-0.0664973855018615,0.0256534069776535,0.1971926838159561,0.1202511191368103,-0.9729618430137634,0.025470957159996,-0.1351298689842224,-0.0386087968945503,0.1999640180910433,-0.1205428335503682,0.3389884054135123,93.0
1652956282.070239,0.045892134308815,-0.0672946572303772,0.0496943965554237,0.1960055083036422,0.1198764964938163,-0.9732478857040404,0.05154649913311,-0.1216359063982963,-0.0138573758304119,0.1987348210035748,-0.120165483152262,0.338685075471537,93.0
1652956282.080194,0.031196504831314,-0.0727399587631225,0.0568840578198432,0.1950303763151168,0.119217611849308,-0.9735246896743774,0.0744748562574386,-0.0983928963541984,0.0071914121508598,0.1977169755012394,-0.1195018406674966,0.338536450647739,93.0
1652956282.090148,0.0213402658700943,-0.0836288332939148,0.0493591725826263,0.1942512392997741,0.1183196455240249,-0.9737899899482728,0.0930908769369125,-0.0832677409052848,0.0240612048655748,0.19689513380101,-0.118597470903397,0.3385178379340174,93.0
1652956282.1002002,0.0193796753883361,-0.0906829833984375,0.0407445132732391,0.1936178356409073,0.1173823028802871,-0.974029541015625,0.08006202429533,-0.0692348554730415,0.0361607074737548,0.1962224579237026,-0.1176535493496515,0.3386522801952956,93.0
1652956282.1102052,0.0221195667982101,-0.0977649688720703,0.0297836586833,0.1931362301111221,0.1166701763868331,-0.9742106795310974,0.0647120997309684,-0.0571776591241359,0.0414012782275676,0.1957112685149307,-0.1169364946821812,0.3389014213478865,93.0
1652956282.120059,0.0218732357025146,-0.1060022115707397,0.0252394005656242,0.1927722096443176,0.1161027550697326,-0.9743505716323853,0.0465695820748806,-0.0365355536341667,0.0504713170230388,0.1953243926716284,-0.1163651915965051,0.3392511244864963,93.0
1652956282.129992,0.0272231847047805,-0.1084420680999755,0.0267904922366142,0.1926102489233017,0.1155892610549926,-0.9744436740875244,0.0443021692335605,-0.0157221481204032,0.0646270811557769,0.1951462489401059,-0.1158482158714471,0.3397449204303979,93.0
1652956282.139944,0.0386987477540969,-0.1165208220481872,0.0256110057234764,0.1926397979259491,0.1149529442191124,-0.974513053894043,0.0587404295802116,-0.0011397439520806,0.0793311595916748,0.1951618829437536,-0.1152076268056019,0.340358933522884,93.0
1652956282.149869,0.047502651810646,-0.1229730248451232,0.0301920473575592,0.1928385943174362,0.1140797808766365,-0.9745763540267944,0.0922006517648696,0.0110713820904493,0.1014138236641883,0.1953458231342438,-0.1143286808106533,0.341105576228665,93.0
1652956282.159852,0.0537909120321273,-0.1269451975822448,0.0311739221215248,0.1931573897600174,0.1127927303314209,-0.974663019180298,0.1335570812225341,0.0278088711202144,0.115478478372097,0.1956436302509155,-0.1130332696170331,0.3419406560768349,93.0
1652956282.169862,0.0548243075609207,-0.135747492313385,0.0319887101650238,0.1936956644058227,0.11104716360569,-0.97475665807724,0.1757937520742416,0.0556916333734989,0.1493978202342987,0.1961566086500103,-0.1112766698261377,0.3429358823012968,93.0
1652956282.179795,0.0558076202869415,-0.146929919719696,0.0261070132255554,0.1945586502552032,0.1089637726545333,-0.9748198986053468,0.1872681826353073,0.0865084528923034,0.1724639236927032,0.1969957153962073,-0.1091805551168592,0.3441786314904742,93.0
1652956282.189666,0.0629526227712631,-0.1536591649055481,0.0206282809376716,0.1957907378673553,0.1068741381168365,-0.9748045206069946,0.1757201850414276,0.129332348704338,0.1856942325830459,0.1982139550453495,-0.1070786457326702,0.3455885528413014,93.0
1652956282.199679,0.0677302479743957,-0.1625964641571045,0.0244515091180801,0.1974065452814102,0.1049582660198211,-0.974686861038208,0.141452357172966,0.1632597595453262,0.2069016247987747,0.1998302426699222,-0.1051519383309324,0.3471982887782506,93.0
1652956282.21023,0.0626918375492096,-0.1747229695320129,0.0211995393037796,0.1993931829929351,0.1034189760684967,-0.9744469523429872,0.0897761061787605,0.204128623008728,0.2168778330087661,0.201835715562153,-0.1036042218237826,0.3490594032328877,93.0
1652956282.219655,0.056070476770401,-0.1744154691696167,0.0179752260446548,0.2017726153135299,0.1023708283901214,-0.974067747592926,0.0319966338574886,0.242270678281784,0.2326582074165344,0.2042555696139338,-0.1025504783098118,0.3511348159102165,93.0
1652956282.229594,0.0604650825262069,-0.1753649711608886,0.028088629245758,0.204488605260849,0.1016568467020988,-0.973576009273529,0.0189655199646949,0.2646462917327881,0.2522662580013275,0.2070292224356555,-0.1018327525211472,0.3534477860045091,93.0
1652956282.2396932,0.0628299117088317,-0.1821498274803161,0.0415607392787933,0.2074338346719741,0.1008953005075454,-0.9730320572853088,0.0354719907045364,0.2883888781070709,0.2622515261173248,0.2100387413738051,-0.1010672765495163,0.3559057119840473,93.0
1652956282.249711,0.0586651563644409,-0.1815240383148193,0.0611080825328826,0.2106372714042663,0.0998416095972061,-0.9724523425102234,0.0677481740713119,0.3219396471977234,0.2627913355827331,0.2133089882158138,-0.1000082355852153,0.3583534861905935,93.0
1652956282.259455,0.0561050772666931,-0.1740655303001403,0.066769927740097,0.2141891717910766,0.0986963585019111,-0.9717931747436525,0.0608077757060527,0.3523342907428741,0.2595123052597046,0.2169376525188321,-0.0988573005925849,0.3607972672410413,93.0
1652956282.269454,0.0660974234342575,-0.1591606736183166,0.0591515228152275,0.2180060148239135,0.097571462392807,-0.9710577726364136,0.0510427616536617,0.3944143652915954,0.2557649612426758,0.2208419567059702,-0.0977269479968773,0.3631907684121227,93.0
1652956282.279391,0.069237545132637,-0.15726238489151,0.0507205724716186,0.2223274856805801,0.0967098325490951,-0.9701637625694276,0.007421582005918,0.452485591173172,0.2444352805614471,0.2252751013015899,-0.0968612248981009,0.3655311322838669,93.0
1652956282.289373,0.0709310173988342,-0.1568725109100341,0.0260475575923919,0.2275004535913467,0.0963736996054649,-0.9689972400665284,-0.0437164381146431,0.572293221950531,0.2478435933589935,0.2306027607258832,-0.096523507723794,0.3679774264280303,93.0
1652956282.299269,0.0936710834503173,-0.1744395494461059,0.004066564142704,0.2337215542793274,0.0959395319223404,-0.9675586819648744,0.0177996531128883,0.6746554970741272,0.2511693239212036,0.2370176195437041,-0.096087319089957,0.3704035005264383,93.0
1652956282.309516,0.1313507705926895,-0.1982924938201904,0.0057808682322502,0.2407653927803039,0.095003418624401,-0.9659225344657898,0.0320193357765674,0.7327533960342407,0.2975338995456695,0.2442816207891593,-0.0951469102562391,0.3729788343893006,93.0
1652956282.319216,0.1622622907161712,-0.2363406419754028,-0.0163688659667968,0.2483212798833847,0.0937614291906356,-0.9641293287277222,0.0915955156087875,0.7762805819511414,0.2886907458305359,0.2520813276544723,-0.0938993585655566,0.3757011771894734,93.0
1652956282.329167,0.2053962051868438,-0.2933599948883056,-0.0554214119911193,0.2562127709388733,0.0915999934077262,-0.9622704982757568,0.211946427822113,0.801875650882721,0.2980059385299682,0.2602213456473797,-0.0917285729552092,0.3781554110172463,93.0
1652956282.339113,0.2431187331676483,-0.3253583312034607,-0.0608883127570152,0.2642208039760589,0.0881710052490234,-0.960423469543457,0.3372427523136139,0.8125657439231873,0.3236040771007538,0.2684672168295985,-0.088285652003065,0.3804656178249576,93.0
1652956282.349053,0.2652427852153778,-0.3690754771232605,-0.04523716121912,0.2722633779048919,0.0833383351564407,-0.958607017993927,0.4922970533370971,0.8111891150474548,0.3398640155792236,0.2767323643648872,-0.0834351031542133,0.3825476028094658,93.0
1652956282.359019,0.2772208750247955,-0.410398006439209,-0.0401526987552642,0.2803048491477966,0.0769721418619155,-0.956820011138916,0.6410297155380249,0.814955472946167,0.369107723236084,0.2849806860938829,-0.0770483492792783,0.3843891968609497,93.0
1652956282.368994,0.2810581922531128,-0.4544110894203186,-0.0282373875379562,0.2883846163749695,0.0689630731940269,-0.9550279378890992,0.8091497421264648,0.8280457258224487,0.3989417850971222,0.293258183438023,-0.0690178541066585,0.3859704786615029,93.0
1652956282.37912,0.2661977708339691,-0.4856911301612854,-0.0070290006697177,0.296729564666748,0.0592598170042037,-0.9531211256980896,0.9877983927726746,0.8776472806930542,0.4180570840835571,0.3018132046565532,-0.0592945555891204,0.3872515344215708,93.0
1652956282.388942,0.2300724983215332,-0.5193118453025818,0.0049644149839878,0.3056331276893616,0.0478004589676857,-0.9509487152099608,1.1487444639205933,0.9531478881835938,0.4341508448123932,0.3109706740240109,-0.0478186802911671,0.388098246584391,93.0
1652956282.3988562,0.1887966096401214,-0.5471675992012024,0.0178204476833343,0.3152470290660858,0.0350664965808391,-0.9483615756034852,1.2584078311920166,1.0430482625961304,0.427432119846344,0.3209213637625043,-0.0350736859917304,0.3884650919488381,93.0
1652956282.408959,0.14893439412117,-0.5703563690185547,0.0133631899952888,0.3257055878639221,0.0216709729284048,-0.9452228546142578,1.2826648950576782,1.152748942375183,0.4215912520885467,0.3318388333090802,-0.0216726692040006,0.388394562042941,93.0
1652956282.418813,0.1070674955844879,-0.5717481374740601,0.0109849721193313,0.3370853960514068,0.0085309967398643,-0.94143545627594,1.2293670177459717,1.2636504173278809,0.3947133719921112,0.3438324202920014,-0.0085310998446901,0.3881018951785296,93.0
1652956282.428807,0.0530117154121398,-0.5627533793449402,0.0240728259086608,0.3494236767292022,-0.003915989305824,-0.9369566440582277,1.1508482694625854,1.3766363859176636,0.3709031045436859,0.3569587849570322,0.0039159992220421,0.3875939931576253,93.0
1652956282.438729,-0.0061829090118408,-0.532435953617096,0.0472162663936615,0.3627656102180481,-0.0154932644218206,-0.9317516088485718,1.0689939260482788,1.494601130485535,0.3374468982219696,0.3712806915765996,0.0154938845702652,0.386934922675118,93.0
1652956282.448814,-0.0561497211456298,-0.4790042042732239,0.0681337267160415,0.377042144536972,-0.0261568184942007,-0.9258266687393188,0.9752988815307616,1.606566071510315,0.3177842497825622,0.3867399986697731,0.0261598026110757,0.3862023161509023,93.0
1652956282.4586492,-0.0914133489131927,-0.4215768575668335,0.0738186687231063,0.3920878469944,-0.0358700901269912,-0.919228196144104,0.8804149031639099,1.6879349946975708,0.3016805052757263,0.403174560555148,0.0358777857952041,0.3854890097415272,93.0
1652956282.46859,-0.1145457327365875,-0.3609435558319092,0.0740681365132331,0.4076671600341797,-0.044694997370243,-0.912036120891571,0.810018002986908,1.7485616207122805,0.2855790257453918,0.4203444507744838,0.0447098916960826,0.3847987634908874,93.0
1652956282.478586,-0.1383897960186004,-0.2921549081802368,0.0967816486954689,0.4235766530036926,-0.0531110242009162,-0.904301941394806,0.8121618032455444,1.7938721179962158,0.2675820291042328,0.4380510391769274,0.0531360235625032,0.3839531193595099,93.0
1652956282.4885612,-0.1597003638744354,-0.2182957530021667,0.1316224336624145,0.4396687150001526,-0.0619203113019466,-0.8960230350494385,0.8992900252342224,1.8220864534378047,0.270219087600708,0.4561711546729338,0.0619599478512408,0.3826940825566579,93.0
1652956282.4984288,-0.1754137575626373,-0.1561340093612671,0.1576789915561676,0.4557635486125946,-0.0716041699051857,-0.8872161507606506,1.013970136642456,1.8400267362594604,0.273438036441803,0.4745479965694832,0.0716654981794057,0.3808246195647608,93.0
1652956282.5085049,-0.1884293258190155,-0.092717170715332,0.1651551276445388,0.4716935455799103,-0.0821778625249862,-0.8779248595237732,1.0884778499603271,1.8279378414154053,0.2950573265552521,0.4930267854492802,0.0822706362916852,0.3784695077857704,93.0
1652956282.518548,-0.1954915523529052,-0.0297468304634094,0.1662985384464264,0.4871938824653625,-0.0933157801628112,-0.8682938814163208,1.1379276514053345,1.793890357017517,0.3046162724494934,0.5113202392278069,0.0934517454137433,0.3757155672629444,93.0
1652956282.528372,-0.2019505500793457,0.0280264616012573,0.1745176613330841,0.502075731754303,-0.1046324297785759,-0.8584707379341125,1.136017680168152,1.7374560832977295,0.3177925050258636,0.5292045475822614,0.1048242956402333,0.3727640307873579,93.0
1652956282.538276,-0.2245255708694458,0.0705153942108154,0.1721813529729843,0.5162584781646729,-0.1157391220331192,-0.8485762476921082,1.0917913913726809,1.6819372177124023,0.3132819533348083,0.5465599057166654,0.1159990921879769,0.3697501229916863,93.0
1652956282.548305,-0.2475004196166992,0.1235188245773315,0.1629434078931808,0.5297423005104065,-0.1261239796876907,-0.8387287259101868,0.9956539273262024,1.6190812587738037,0.3086690902709961,0.5633323635420575,0.1264607719270082,0.3668635491442504,93.0
1652956282.55844,-0.2485556006431579,0.1696696877479553,0.1588997840881347,0.5424094796180725,-0.1355385929346084,-0.829108715057373,0.879392147064209,1.5280208587646484,0.3011182248592376,0.5793276125348142,0.1359570567619802,0.3643385497539014,93.0
1652956282.568234,-0.2351174354553222,0.2045520544052124,0.1509911566972732,0.5541940331459045,-0.1439416259527206,-0.8198474049568176,0.7745833992958069,1.4369354248046875,0.2963610291481018,0.594417247613638,0.1444433777773874,0.3622218502356862,93.0
1652956282.5780911,-0.2202337980270385,0.21317720413208,0.1518493294715881,0.5649451613426208,-0.1517883241176605,-0.8110470175743103,0.766632616519928,1.3178645372390747,0.3002745509147644,0.6084153782857408,0.1523773176485965,0.3603636106263536,93.0
1652956282.588292,-0.2306011915206909,0.2070720791816711,0.1571117341518402,0.5746716856956482,-0.1600719541311264,-0.8025767803192139,0.8737998008728027,1.2252386808395386,0.3082781732082367,0.621405695052997,0.1607635456775449,0.3581396084069667,93.0
1652956282.5980558,-0.2459427714347839,0.2001927495002746,0.2031165063381195,0.5836350917816162,-0.1694403737783432,-0.7941410541534424,1.0431588888168335,1.155151128768921,0.3113198280334472,0.633783896538393,0.1702618104386456,0.3549817534115518,93.0
1652956282.608154,-0.2546600699424743,0.2051467895507812,0.2253368645906448,0.5919709205627441,-0.1802471727132797,-0.785545289516449,1.2201744318008425,1.1040277481079102,0.3197649717330932,0.6457881292195908,0.1812377407308276,0.3506857950675659,93.0
1652956282.6179872,-0.2567391991615295,0.2031481862068176,0.1995192021131515,0.5997873544692993,-0.1919203400611877,-0.7768022418022156,1.2712419033050537,1.0562734603881836,0.3292647898197174,0.657510514290923,0.193118488846821,0.3455878778169043,93.0
1652956282.627995,-0.2544351816177368,0.2117345333099365,0.1674721837043762,0.6070811152458191,-0.2034219354391098,-0.7681614756584167,1.2035601139068604,1.0083216428756714,0.3228346109390259,0.6688007297462768,0.2048516688294798,0.3404155828530302,93.0
1652956282.637906,-0.2589059472084045,0.2127560377120971,0.1449114680290222,0.6139475107192993,-0.2140032947063446,-0.7597835659980774,1.0778759717941284,0.9692587852478028,0.3050059378147125,0.6796337472525265,0.215671368107148,0.3356629656433399,93.0
1652956282.647873,-0.2594100832939148,0.2051960229873657,0.1248753666877746,0.6204484105110168,-0.223416656255722,-0.7517504692077637,0.9417967200279236,0.9303489327430724,0.2921042442321777,0.6900012517244446,0.2253183272529962,0.3315239608776978,93.0
1652956282.65796,-0.2497044205665588,0.2095188498497009,0.1149976253509521,0.6265660524368286,-0.2316663414239883,-0.7441409230232239,0.8037518262863159,0.8857782483100891,0.2728785872459411,0.6998308024371167,0.2337902709942912,0.3280276879807815,93.0
1652956282.6678162,-0.2448363900184631,0.2218447923660278,0.1108358651399612,0.6323181390762329,-0.2387198209762573,-0.7370119690895081,0.667015016078949,0.8428595066070557,0.2545307278633117,0.7090903424213694,0.2410473368032823,0.3252086143756095,93.0
1652956282.677764,-0.249915599822998,0.2329221367835998,0.094449296593666,0.6376872658729553,-0.2446721047163009,-0.7304043769836426,0.5472668409347534,0.7884542346000671,0.2320432811975479,0.7177305093066328,0.2471815101979415,0.3230395065068106,93.0
1652956282.687715,-0.2690836191177368,0.2467058300971985,0.085662305355072,0.6426645517349243,-0.2497705966234207,-0.7242906093597412,0.4795130789279938,0.7350211143493652,0.204804465174675,0.7257552323342182,0.2524433364703581,0.3212781249400039,93.0
1652956282.697649,-0.2858139276504516,0.2701361179351806,0.103749006986618,0.6473099589347839,-0.2543685436248779,-0.7185307741165161,0.4581238925457001,0.6992962956428528,0.18584606051445,0.7333010279930862,0.2571947111310879,0.3195759555910435,93.0
1652956282.70771,-0.2919227480888366,0.2936280965805053,0.1217465698719024,0.6516945362091064,-0.2589078545570373,-0.7129242420196533,0.4948763251304626,0.6583315134048462,0.1713036298751831,0.740558775945452,0.2618913329489314,0.3176192674494372,93.0
1652956282.717588,-0.2880377769470215,0.3148460388183594,0.1286532282829284,0.655744194984436,-0.2636019885540008,-0.7074698805809021,0.5123864412307739,0.6117271780967712,0.1705442368984222,0.7474724091410704,0.2667543686244419,0.3153620276812012,93.0
1652956282.7277288,-0.2780243158340454,0.3361419439315796,0.135221391916275,0.65934157371521,-0.2684306502342224,-0.70229172706604,0.5224209427833557,0.5483471751213074,0.1848523318767547,0.7538654997780962,0.271763524728034,0.3130214180468611,93.0
1652956282.73753,-0.2677004337310791,0.3516346216201782,0.1319267749786377,0.6624148488044739,-0.2732995152473449,-0.6975055932998657,0.5017051100730896,0.4816908240318298,0.2050322592258453,0.7596004015532477,0.2768214561785643,0.310828473817904,93.0
1652956282.747457,-0.2464509010314941,0.3664356470108032,0.1237160563468933,0.6648316979408264,-0.2781045138835907,-0.693294107913971,0.4559243619441986,0.3973314762115478,0.2370271980762481,0.7644441336793579,0.2818202191717161,0.3090408150957132,93.0
1652956282.757396,-0.2232531309127807,0.3716943860054016,0.117550253868103,0.666536271572113,-0.2827267050743103,-0.6897790431976318,0.4058344066143036,0.3017373085021972,0.2680063545703888,0.7682631524471655,0.2866356018870927,0.307808323438012,93.0
1652956282.7674,-0.2075048685073852,0.3580551743507385,0.1014007627964019,0.6674505472183228,-0.2872528433799743,-0.6870192885398865,0.3764472007751465,0.1991653889417648,0.2933476567268371,0.7709516372584123,0.2913575575494613,0.3071006864818588,93.0
1652956282.777386,-0.2105116844177246,0.3335471749305725,0.0779041051864624,0.6677109003067017,-0.2917560636997223,-0.6848654747009277,0.3640500009059906,0.1277679055929184,0.2972316443920135,0.7727159384602552,0.2960622641948862,0.3065814037022555,93.0
1652956282.787651,-0.2076972126960754,0.3220691084861755,0.0633338689804077,0.667597234249115,-0.2959999442100525,-0.6831530928611755,0.3047283589839935,0.0911116227507591,0.2935322225093841,0.7738822335334087,0.3005022029528431,0.3063492405221364,93.0
1652956282.7974029,-0.1961453557014465,0.3160295486450195,0.0353506207466125,0.6672757863998413,-0.2997549474239349,-0.6818284392356873,0.246131882071495,0.060976892709732,0.2731053829193115,0.7746116529247564,0.3044357915569404,0.3064611096460941,93.0
1652956282.807313,-0.1754851937294006,0.2834833860397339,0.0049635767936706,0.6667724847793579,-0.3030745685100555,-0.6808526515960693,0.2124764621257782,0.0331596434116363,0.2564206719398498,0.7749504001081524,0.3079173252524239,0.3067805522751624,93.0
1652956282.817219,-0.1534771919250488,0.239029586315155,-0.0088394880294799,0.6661573648452759,-0.3061019480228424,-0.6801000833511353,0.2010777294635772,0.0084186075255274,0.2363177835941314,0.7750418876863312,0.311095730501959,0.3071254174233459,93.0
1652956282.8271809,-0.131830632686615,0.2082682847976684,-0.0056645274162292,0.6655068397521973,-0.308925986289978,-0.6794596314430237,0.2040599286556244,0.0007439099717885,0.2099764347076416,0.7750244606146668,0.3140635717900999,0.3073446421479817,93.0
1652956282.837134,-0.1018792986869812,0.189212679862976,-0.0021294951438903,0.6648218631744385,-0.311591237783432,-0.6789129376411438,0.1958713829517364,-0.0211885534226894,0.1874188631772995,0.7749120325154657,0.3168671838005047,0.3073446100016869,93.0
1652956282.8470268,-0.0740273594856262,0.1744216680526733,-0.0060139596462249,0.664023756980896,-0.3139933943748474,-0.6785872578620911,0.1630836129188537,-0.049647357314825,0.1664579212665558,0.7745514524168889,0.319396247554749,0.3073560794293908,93.0
1652956282.856997,-0.0565140843391418,0.1485230326652526,-0.0076678693294525,0.6630967855453491,-0.3159558475017547,-0.6785827875137329,0.1196792796254158,-0.0800084620714187,0.1410286575555801,0.7738564255715631,0.3214639370853129,0.3074594839437077,93.0
1652956282.867172,-0.047175645828247,0.1247416734695434,-0.010801613330841,0.6620438694953918,-0.3175218105316162,-0.6788798570632935,0.0804759487509727,-0.1019537076354026,0.1286928951740265,0.7728433199575313,0.3231149011358948,0.307737787504101,93.0
1652956282.876947,-0.0465573072433471,0.1052489876747131,-0.0229476988315582,0.6609067320823669,-0.3186966478824615,-0.6794371604919434,0.0340904109179973,-0.1186391562223434,0.1047197207808494,0.771573935607893,0.3243541073897926,0.3082076496833504,93.0
1652956282.8868918,-0.0474072098731994,0.09085214138031,-0.0345799326896667,0.659773051738739,-0.319271445274353,-0.6802686452865601,-0.0483067296445369,-0.1288792788982391,0.0789453759789466,0.7701046166019242,0.3249605968995506,0.3089526334617291,93.0
1652956282.896788,-0.0417696833610534,0.0772211551666259,-0.0416125953197479,0.6586978435516357,-0.3190289139747619,-0.6814233064651489,-0.1339330226182937,-0.1353578418493271,0.0397796779870986,0.7684420192358591,0.3247046882078326,0.3100741529967342,93.0
1652956282.9072418,-0.0322062969207763,0.0615653395652771,-0.0432231724262237,0.6576946377754211,-0.3179981410503387,-0.6828725934028625,-0.207959309220314,-0.1415427774190902,0.0046001197770237,0.766618829168567,0.3236172660437352,0.3115021699648592,93.0
1652956282.916778,-0.0220389366149902,0.0544052124023437,-0.0321929156780242,0.656743586063385,-0.3164246678352356,-0.6845167875289917,-0.2296980321407318,-0.1425146609544754,-0.0192831475287675,0.7646942985284373,0.3219581186252617,0.3130602172712844,93.0
1652956282.926748,-0.0068978071212768,0.0450174212455749,-0.0138544738292694,0.6558389067649841,-0.3148351013660431,-0.6861153841018677,-0.1799584329128265,-0.1494945436716079,-0.0300553683191537,0.7628405055477937,0.3202829123421846,0.3143981468630993,93.0
1652956282.936763,0.0077149868011474,0.0393762588500976,0.0192378461360931,0.6548522114753723,-0.313747763633728,-0.6875542402267456,-0.0879642590880394,-0.1585928052663803,-0.0123461065813899,0.7610422409713793,0.3191375513844955,0.3152096140475452,93.0
1652956282.946723,0.0131922364234924,0.0315771698951721,0.0477782785892486,0.6537236571311951,-0.3134948313236236,-0.6887426376342773,-0.0033319294452667,-0.1657937318086624,0.0251168459653854,0.7593185283126015,0.3188711528475841,0.3155779982112383,93.0
1652956282.956565,0.0192217230796813,0.0210969448089599,0.0489923357963562,0.6524091958999634,-0.3139459788799286,-0.6897827386856079,0.0537191703915596,-0.1849709898233413,0.0562965646386146,0.7575601657237864,0.319346300765116,0.315698758718632,93.0
1652956282.966532,0.0257927775382995,0.0100865364074707,0.0461148619651794,0.6508582830429077,-0.3148679733276367,-0.6908268332481384,0.0692046582698822,-0.2074680477380752,0.0838754624128341,0.7556171812535513,0.3203175454677759,0.3157766707568131,93.0
1652956282.976546,0.0274861454963684,-0.0013377666473388,0.0431016981601715,0.6491343975067139,-0.3160356879234314,-0.6919147968292236,0.0765258222818374,-0.213114321231842,0.0975885689258575,0.7535083123373577,0.321548089898979,0.3159327786745473,93.0
1652956282.986833,0.0318381190299987,-0.0181368589401245,0.0326763987541198,0.647300124168396,-0.3172528445720672,-0.6930752396583557,0.0637631490826606,-0.2286530584096908,0.1046358272433281,0.75126043079461,0.3228312682309119,0.3161896169992458,93.0
1652956282.9964042,0.0397691130638122,-0.0360615253448486,0.0059188604354858,0.6453810930252075,-0.3182815611362457,-0.6943919658660889,0.0176750179380178,-0.2418279945850372,0.1001786142587661,0.7488330142966485,0.323916228243011,0.3166756972979879,93.0
1652956283.006647,0.0420889258384704,-0.0428994894027709,-0.0076047182083129,0.6434122323989868,-0.3188723921775818,-0.6959462761878967,-0.0341101475059986,-0.2539424300193786,0.0954219400882721,0.7461949790928416,0.3245395227312027,0.3174651446440452,93.0
1652956283.0163689,0.0389400124549865,-0.0474581122398376,-0.0069102942943573,0.6414341330528259,-0.3190479874610901,-0.6976894736289978,-0.0672932714223861,-0.2518872916698456,0.0879414677619934,0.7434137647232513,0.3247247924431515,0.3185160395127338,93.0
1652956283.02644,0.0371909737586975,-0.0518168210983276,0.0031812191009521,0.6394906640052795,-0.3189619183540344,-0.6995105743408203,-0.075328029692173,-0.2525456249713897,0.0763865411281585,0.7406037492558107,0.3246339896499321,0.319639671680285,93.0
1652956283.036292,0.029405653476715,-0.0624751448631286,0.0060131251811981,0.6376323103904724,-0.3188793659210205,-0.7012424468994141,-0.0666576996445655,-0.2344166189432144,0.076412484049797,0.7379237274423568,0.3245468965446557,0.3206971626729544,93.0
1652956283.0462298,0.0136370658874511,-0.0693608522415161,-1.659989356994629e-05,0.6358839273452759,-0.3189531564712524,-0.7027948498725891,-0.0343317240476608,-0.2140990942716598,0.0877964347600936,0.7354569239481992,0.3246247573373718,0.3216698314412763,93.0
1652956283.056171,0.0027281045913696,-0.0761803388595581,0.0023721456527709,0.6342653632164001,-0.3193124532699585,-0.7040930390357971,-0.0120204919949173,-0.1855552345514297,0.0981771722435951,0.7332713318171894,0.3250038829471906,0.3225163910511813,93.0
1652956283.0661612,-0.0081517100334167,-0.0770084857940673,0.0059090256690979,0.6328312754631042,-0.3198433816432953,-0.7051416635513306,0.0019464557990431,-0.1567097306251526,0.1099848300218582,0.7314059817799418,0.3255641705041345,0.3233306222134114,93.0
1652956283.0762792,-0.0207249522209167,-0.0768333673477172,-0.0013404786586761,0.6315038204193115,-0.3204979300498962,-0.7060339450836182,-0.0063261883333325,-0.1360003054141998,0.1111978963017463,0.7297338228132797,0.3262551144332164,0.3241605297962124,93.0
1652956283.086118,-0.0353941321372985,-0.0680039525032043,-0.0162158608436584,0.6303039193153381,-0.3209881782531738,-0.7068830728530884,-0.0457652062177658,-0.1203576922416687,0.1128394678235054,0.7281917932201991,0.3267727054051788,0.3251920171217894,93.0
1652956283.096009,-0.0357384085655212,-0.0557703971862793,-0.025865614414215,0.6291680932044983,-0.3212413489818573,-0.7077793478965759,-0.0597865507006645,-0.1177555173635482,0.1063450425863266,0.7266667165927688,0.3270400209774536,0.3264175768946824,93.0
1652956283.106111,-0.0267439484596252,-0.0470530986785888,-0.0315479040145874,0.6279860734939575,-0.3213574290275574,-0.7087756991386414,-0.0648755878210067,-0.1317525655031204,0.0983427762985229,0.7250347370782025,0.3271625974708995,0.3276577117602208,93.0
1652956283.116014,-0.0329778790473938,-0.0423682332038879,-0.0289415121078491,0.6267278790473938,-0.3215223550796509,-0.7098137140274048,-0.0319007895886898,-0.1425526440143585,0.0919831469655036,0.7233132747652765,0.3273367864465661,0.328769467018067,93.0
1652956283.125955,-0.0484142899513244,-0.0548640489578247,-0.048671156167984,0.6254101991653442,-0.3219953775405884,-0.7107608914375305,0.0225957408547401,-0.1447630673646927,0.0819203928112983,0.7216077547772601,0.3278363705614052,0.329532807590151,93.0
1652956283.135869,-0.0603724718093872,-0.0675751566886901,-0.0856864750385284,0.6240779161453247,-0.3227607905864715,-0.7115842700004578,0.0811022594571113,-0.1537356823682785,0.0534624308347702,0.7199763446257126,0.328644953754223,0.3297211911690568,93.0
1652956283.145972,-0.0803343653678894,-0.0831331014633178,-0.1173600554466247,0.6227691173553467,-0.3237258195877075,-0.7122923135757446,0.1394731551408767,-0.1703737825155258,0.0172072201967239,0.7184429315459679,0.3296647138470007,0.329265693762876,93.0
1652956283.155751,-0.1161274909973144,-0.1167048811912536,-0.1451615393161773,0.6214986443519592,-0.3247939348220825,-0.7129153609275818,0.1685956865549087,-0.1669209897518158,-0.029264522716403,0.7169980068661301,0.3307938277297835,0.3282145599846883,93.0
1652956283.165738,-0.1541738510131836,-0.1567888259887695,-0.1733984351158142,0.6204520463943481,-0.3256860673427582,-0.7134198546409607,0.1739331930875778,-0.1505228281021118,-0.0767098069190979,0.7158129828622052,0.3317372754030306,0.3266388154375921,93.0
1652956283.175693,-0.1846949458122253,-0.1816365122795105,-0.2037248909473419,0.6197078227996826,-0.3263806998729706,-0.7137491703033447,0.1916078031063079,-0.1358712464570999,-0.1144042611122131,0.714990268862069,0.3324720639437496,0.3246179630803248,93.0
1652956283.185662,-0.2043436765670776,-0.2052420973777771,-0.2391299605369568,0.6191997528076172,-0.3270779550075531,-0.7138710021972656,0.2330702841281891,-0.1223386600613594,-0.1420896798372268,0.7144997646517404,0.3332097875027331,0.3221673297800206,93.0
1652956283.195586,-0.2260329127311706,-0.2358743548393249,-0.2714844346046448,0.6188858151435852,-0.3279876708984375,-0.7137258052825928,0.2933948934078216,-0.1065067499876022,-0.1709750443696975,0.7143494351661684,0.3341726243749937,0.3191055876361034,93.0
1652956283.205709,-0.2619729042053222,-0.2562073469161987,-0.2983967363834381,0.6187997460365295,-0.3292278051376343,-0.7132292985916138,0.3739720284938812,-0.0838344693183898,-0.1969906687736511,0.7146250891140585,0.335485675952185,0.3153399127829214,93.0
1652956283.215715,-0.2969895601272583,-0.2607585787773132,-0.3335041105747223,0.6190110445022583,-0.3308177888393402,-0.7123095393180847,0.4527896046638489,-0.0580204427242279,-0.2412582635879516,0.7154329187545192,0.3371700410542396,0.310727493659078,93.0
1652956283.225519,-0.3170393705368042,-0.248262882232666,-0.38803631067276,0.619590699672699,-0.3326516151428222,-0.7109503149986267,0.5291176438331604,-0.0274446904659271,-0.2906588613986969,0.7168422979909881,0.339113925449054,0.3052008110720297,93.0
1652956283.235494,-0.3247513175010681,-0.2292831540107727,-0.4594464004039764,0.6205429434776306,-0.3346210122108459,-0.7091933488845825,0.6007904410362244,-0.0089317262172698,-0.3641541004180908,0.7188290480706153,0.3412030323183161,0.2986710221463489,93.0
1652956283.245419,-0.3240466713905334,-0.2077189683914184,-0.515405535697937,0.621913492679596,-0.336584210395813,-0.7070605754852295,0.6699354648590088,0.0123410709202289,-0.4530560076236725,0.7214158504744596,0.3432871115830266,0.2910095524031387,93.0
1652956283.255323,-0.3050590753555298,-0.1941214799880981,-0.5384151339530945,0.6236932277679443,-0.3383701741695404,-0.7046363949775696,0.7378769516944885,0.001249324530363,-0.5689539909362793,0.7245373756338964,0.3451843569918373,0.2820530291813972,93.0
1652956283.265378,-0.2758898735046386,-0.1952866315841674,-0.5459287762641907,0.6257434487342834,-0.3398897349834442,-0.7020827531814575,0.8146308660507202,-0.0283122956752777,-0.6970821022987366,0.727969459061785,0.3467996563436654,0.2715873800041357,93.0
1652956283.2754211,-0.2656139135360718,-0.2005398869514465,-0.5454121828079224,0.6280102729797363,-0.34100142121315,-0.6995149850845337,0.8836100101470947,-0.0709565356373786,-0.8496336936950684,0.7315869800887155,0.3479819707893465,0.2594998153045696,93.0
1652956283.285516,-0.281028151512146,-0.1952426433563232,-0.5318681001663208,0.6305918097496033,-0.3416365385055542,-0.696877658367157,0.9747793674468994,-0.0900974795222282,-1.019943356513977,0.7355056349349827,0.3486576579463226,0.2455687688119869,93.0
1652956283.295212,-0.2978935241699219,-0.1886685490608215,-0.5079267024993896,0.6337089538574219,-0.3417132198810577,-0.6940065026283264,1.0602376461029053,-0.0939915403723716,-1.1922913789749146,0.7400148287782161,0.348739236976666,0.2296619660926453,93.0
1652956283.3053288,-0.3064936399459839,-0.1772173047065735,-0.4794050455093384,0.6374111175537109,-0.341182142496109,-0.6908704042434692,1.124455809593201,-0.0905874893069267,-1.3611254692077637,0.7451729053071258,0.3481742258543921,0.2118162935439458,93.0
1652956283.315135,-0.3083271384239197,-0.1686578392982483,-0.4506416320800781,0.6416707038879395,-0.3399162888526916,-0.6875432729721069,1.1701762676239014,-0.0873118564486503,-1.5102754831314087,0.7509008454992421,0.3468278734896577,0.1924059126120151,93.0
1652956283.3251262,-0.3069808483123779,-0.1609705090522766,-0.4117255806922912,0.6464584469795227,-0.3377708792686462,-0.6841069459915161,1.1647801399230957,-0.0701597705483436,-1.6482094526290894,0.7571106086067104,0.3445475926304339,0.1717413383965735,93.0
1652956283.335071,-0.29850834608078,-0.1506047844886779,-0.3654042184352875,0.6517646312713623,-0.3346080183982849,-0.6806176900863647,1.1578824520111084,-0.0562794841825962,-1.7773350477218628,0.7637463254965471,0.3411892298960582,0.1501206567003362,93.0
1652956283.345016,-0.2729861736297607,-0.1439206004142761,-0.3219456672668457,0.6574466228485107,-0.3303675651550293,-0.6772158145904541,1.1128782033920288,-0.0566201023757457,-1.8825856447219849,0.7705871544045659,0.3366929758139247,0.1278950881762347,93.0
1652956283.35509,-0.2514369487762451,-0.1430010199546814,-0.2673483192920685,0.6633480191230774,-0.3251047134399414,-0.6740002632141113,1.1214603185653689,-0.0677244141697883,-2.000948667526245,0.7774331540068533,0.3311224519751453,0.10505377193455,93.0
1652956283.3649611,-0.2567700743675232,-0.1426570415496826,-0.1910353302955627,0.6694440841674805,-0.3193254172801971,-0.6707279086112976,1.219009280204773,-0.0666114836931228,-2.101090669631958,0.7844401832642411,0.3250175489493765,0.0810815786535657,93.0
1652956283.3748798,-0.2725552916526794,-0.1434313654899597,-0.1008420586585998,0.6757689118385315,-0.3136477172374725,-0.6670544743537903,1.3813353776931765,-0.0573920980095863,-2.1724348068237305,0.7918877294647305,0.3190321833768914,0.055597189172238,93.0
1652956283.3849192,-0.2814722061157226,-0.1245885491371154,-0.0259809494018554,0.6821986436843872,-0.3085222542285919,-0.6628869771957397,1.5274488925933838,-0.0524607226252555,-2.199509859085083,0.7997543783188149,0.313639110355842,0.0286189853582444,93.0
1652956283.3948169,-0.2712358832359314,-0.0908777713775634,0.0218181908130645,0.688533365726471,-0.3036175072193146,-0.6585881114006042,1.5271660089492798,-0.0650752112269401,-2.198328018188477,0.8076235659069876,0.3084871094217127,0.0010620856281086,93.0
1652956283.404884,-0.2472208142280578,-0.0642141103744506,0.0480629205703735,0.6945475935935974,-0.2981392443180084,-0.6547646522521973,1.4002517461776731,-0.105719044804573,-2.187618970870972,0.8148734721993632,0.3027426465050968,-0.025823644643118,93.0
1652956283.414785,-0.1990076899528503,-0.0437591075897216,0.0745159685611724,0.7001216411590576,-0.2914959490299225,-0.6518127918243408,1.2237036228179932,-0.1498907655477523,-2.1831932067871094,0.8211160906283602,0.2957903191637453,-0.0513627444574786,93.0
1652956283.424859,-0.129520297050476,-0.0357304811477661,0.1157837808132171,0.7052802443504333,-0.283615231513977,-0.6497247219085693,1.0589237213134766,-0.194134920835495,-2.1923420429229736,0.826375443604488,0.28756204666231,-0.0754993569296744,93.0
1652956283.434658,-0.0701540112495422,-0.0380421876907348,0.1791286170482635,0.7099398970603943,-0.2745876014232635,-0.6485269069671631,0.9394891858100892,-0.2509816884994507,-2.1981589794158936,0.8305749729455528,0.2781607904945934,-0.0984898047056185,93.0
1652956283.444593,-0.0521273016929626,-0.0448324680328369,0.2387461364269256,0.7141604423522949,-0.2648386657238006,-0.6479470133781433,0.8873715996742249,-0.2767578959465027,-2.2109148502349854,0.8339709603418034,0.2680366024957145,-0.1208066114040629,93.0
1652956283.4548512,-0.0637867450714111,-0.0459328889846801,0.290790319442749,0.7180989384651184,-0.2548253536224365,-0.6476094722747803,0.8977813720703125,-0.2664163410663605,-2.212040662765503,0.8369662525084183,0.2576670952823521,-0.1429658776018606,93.0
1652956283.464534,-0.0746722221374511,-0.029822289943695,0.3384422659873962,0.721980631351471,-0.2449516952037811,-0.6471033096313477,0.9368566274642944,-0.2275139838457107,-2.1858296394348145,0.8400352804885789,0.2474698708534728,-0.1650821851065346,93.0
1652956283.474499,-0.0760504007339477,0.0014291405677795,0.3735005557537079,0.7258763313293457,-0.2355915755033493,-0.6462198495864868,1.0020720958709717,-0.1684550195932388,-2.1421477794647217,0.8433876689452305,0.2378272376032269,-0.1873336307526745,93.0
1652956283.4846869,-0.0607134699821472,0.0547308325767517,0.4254855513572693,0.7298725247383118,-0.226968765258789,-0.6448034048080444,1.0652155876159668,-0.094792254269123,-2.0743863582611084,0.8472023762562578,0.2289640769499635,-0.209592651023751,93.0
1652956283.4948258,-0.0099121332168579,0.0825179815292358,0.482642263174057,0.7338654398918152,-0.2190161645412445,-0.6430189609527588,1.036332130432129,-0.072207897901535,-1.9652130603790283,0.8512823838452379,0.2208060445882701,-0.2313460474678925,93.0
1652956283.504479,0.0469201207160949,0.0936602354049682,0.5198549032211304,0.7374274730682373,-0.2113374322652816,-0.6415116786956787,0.8937569856643677,-0.089036151766777,-1.8286155462265012,0.8548439798891346,0.212943092823782,-0.2515370727494206,93.0
1652956283.514323,0.0731533765792846,0.105430006980896,0.5286502838134766,0.7403995990753174,-0.2035160213708877,-0.6406167149543762,0.7298473715782166,-0.1220694631338119,-1.7113391160964966,0.857526049044855,0.20494777181766,-0.2695722766238107,93.0
1652956283.524241,0.0716415047645568,0.1236631274223327,0.5322418212890625,0.7427812218666077,-0.1954498291015625,-0.6403713822364807,0.5690872669219971,-0.1572096049785614,-1.5902438163757324,0.8593041493228075,0.196716111797685,-0.2855318264031766,93.0
1652956283.534229,0.0539295673370361,0.1468896865844726,0.5561089515686035,0.7445782423019409,-0.1873345673084259,-0.6407098770141602,0.4460646510124206,-0.1904843747615814,-1.4703139066696167,0.8602377372466201,0.1884479726480708,-0.2995628231499526,93.0
1652956283.544228,0.0097814202308654,0.1671157479286193,0.5815610289573669,0.7458949685096741,-0.1793393492698669,-0.6414657235145569,0.3313969075679779,-0.2017039954662323,-1.3634687662124634,0.860528374287595,0.1803148645712822,-0.3118931475518681,93.0
1652956283.554142,-0.0367631316184997,0.2133106589317321,0.6041038632392883,0.7469377517700195,-0.1714714169502258,-0.6424030065536499,0.2593474984169006,-0.1870912909507751,-1.25547993183136,0.8604971914413148,0.1723230070850049,-0.3227886323394283,93.0
1652956283.564285,-0.0676480531692504,0.2696377635002136,0.6314921379089355,0.747717022895813,-0.1641153991222381,-0.6434169411659241,0.2148245126008987,-0.1888798773288726,-1.1285570859909058,0.8602330393898219,0.1648611845463196,-0.3324749851316055,93.0
1652956283.574102,-0.0937654972076416,0.3164418339729309,0.6685319542884827,0.7481692433357239,-0.1575303673744201,-0.6445362567901611,0.1819679588079452,-0.1973366737365722,-0.9820215702056884,0.8596725638449855,0.1581892881495775,-0.3409290527600584,93.0
1652956283.584089,-0.1277641057968139,0.3626110553741455,0.6772424578666687,0.7482475638389587,-0.1518213003873825,-0.6458141207695007,0.1444954127073288,-0.217079222202301,-0.8309135437011719,0.8587447682551627,0.1524106678194319,-0.3481488277756632,93.0
1652956283.593972,-0.1566302180290222,0.4204816222190857,0.6797451972961426,0.7479389309883118,-0.1467861831188202,-0.6473339796066284,0.0471821129322052,-0.237804964184761,-0.6985273957252502,0.8573777328891097,0.1473184767410858,-0.3539524174970521,93.0
1652956283.604105,-0.1700431704521179,0.476042628288269,0.6791502237319946,0.747115433216095,-0.141918733716011,-0.6493671536445618,-0.0992534011602401,-0.3011280000209808,-0.5720165967941284,0.8552802251028737,0.1423995027068786,-0.3579524767768413,93.0
1652956283.613938,-0.1754756569862365,0.5367099046707153,0.6541703939437866,0.7455288171768188,-0.1369584798812866,-0.6522493362426758,-0.2556131184101105,-0.4057211577892303,-0.4532817006111145,0.852033463677022,0.1373903030006165,-0.3599620308260331,93.0
1652956283.6239018,-0.1871225833892822,0.5989465713500977,0.6369782090187073,0.743061363697052,-0.1319275498390197,-0.6560906767845154,-0.3989343345165252,-0.5208610892295837,-0.3332785964012146,0.8474778690823086,0.1323132758013412,-0.3601025413881213,93.0
1652956283.634011,-0.2014615535736084,0.6430027484893799,0.639155924320221,0.7394102215766907,-0.1270404160022735,-0.6611606478691101,-0.5259103178977966,-0.6784769892692566,-0.2033554017543792,0.8412099154997406,0.1273846394068927,-0.3584300112332756,93.0
1652956283.64382,-0.2324609756469726,0.6600930690765381,0.6405738592147827,0.7344904541969299,-0.1222938373684883,-0.6675087809562683,-0.6235537528991699,-0.852986752986908,-0.0666521489620208,0.8331376798992626,0.1226007388570603,-0.3550444119469316,93.0
1652956283.653757,-0.2720668315887451,0.6833958625793457,0.6376368999481201,0.7282741665840149,-0.1178309619426727,-0.6750797629356384,-0.7185215353965759,-1.0046815872192385,0.0729802846908569,0.8232852152687269,0.1181053439964952,-0.3500489778529707,93.0
1652956283.663863,-0.2965843677520752,0.7011243104934692,0.6336623430252075,0.7207483053207397,-0.1138106063008308,-0.6837902665138245,-0.7770023941993713,-1.170424222946167,0.2192634642124176,0.8117053933396737,0.1140577457511747,-0.3435519261946348,93.0
1652956283.673687,-0.3105018138885498,0.7136363387107849,0.6213693022727966,0.7118843197822571,-0.1104592531919479,-0.6935556530952454,-0.82037353515625,-1.312801957130432,0.3767739832401275,0.7984386266858314,0.1106851206120398,-0.335745620045469,93.0
1652956283.683946,-0.3238433599472046,0.723333477973938,0.6211402416229248,0.7018036246299744,-0.1075904294848442,-0.7041988372802734,-0.8972153663635254,-1.4429186582565308,0.5114790797233582,0.7836946098475698,0.1077990931940277,-0.3265064987084192,93.0
1652956283.693974,-0.329887330532074,0.7279924750328064,0.6245304942131042,0.6905288696289062,-0.1048618778586387,-0.7156632542610168,-0.9971148371696472,-1.5766209363937378,0.6296119689941406,0.7675259629053411,0.1050550107576762,-0.3157999003384932,93.0
1652956283.7040029,-0.3279709815979004,0.7114096879959106,0.6106444001197815,0.6779314279556274,-0.1020231619477272,-0.7280112504959106,-1.098724126815796,-1.734560489654541,0.7461255192756653,0.7497931137240248,0.1022009883675198,-0.3035987216664299,93.0
1652956283.714038,-0.3384325504302978,0.683979868888855,0.5670037269592285,0.6637958288192749,-0.0990777090191841,-0.7413223385810852,-1.1761916875839231,-1.9046125411987305,0.8587409853935242,0.7302796686171297,0.0992405254982311,-0.2899864240850738,93.0
1652956283.7239451,-0.3628380298614502,0.6599725484848022,0.5321727395057678,0.6481011509895325,-0.0960155129432678,-0.755477249622345,-1.2325111627578735,-2.0751378536224365,0.9525742530822754,0.7090452349191123,0.0961636552114453,-0.2751875467869037,93.0
1652956283.734064,-0.3885048031806946,0.6321151256561279,0.5342837572097778,0.6307686567306519,-0.0927706807851791,-0.7704054117202759,-1.2568129301071167,-2.240448236465454,1.002804160118103,0.6860691358452605,0.0929042712547795,-0.2596888143552133,93.0
1652956283.743116,-0.4080823063850403,0.5999577045440674,0.5342793464660645,0.6118940114974976,-0.0891346558928489,-0.7859012484550476,-1.3212891817092896,-2.388960123062134,1.0353379249572754,0.6615484190717851,0.0892531053247756,-0.2436855031093231,93.0
1652956283.753236,-0.4173542857170105,0.5630031228065491,0.4941179752349853,0.5915029048919678,-0.0843431577086448,-0.8018794059753418,-1.4803814888000488,-2.543426752090454,1.0523113012313845,0.6355473879969794,0.0844434823484917,-0.2269467212712681,93.0
1652956283.763042,-0.4105442762374878,0.518783450126648,0.4129581451416015,0.5694951415061951,-0.077707290649414,-0.8183134198188782,-1.6947101354599,-2.69954252243042,1.0763356685638428,0.607994377319727,0.0777857095241815,-0.2091011754684494,93.0
1652956283.7731771,-0.3843435645103454,0.4703541994094848,0.3280643820762634,0.5457664132118225,-0.0687107220292091,-0.8351154923439026,-1.965886473655701,-2.870706558227539,1.1038538217544556,0.578847191657934,0.068764903084149,-0.1898896911083178,93.0
1652956283.783133,-0.3491168022155761,0.4333034753799438,0.2950532436370849,0.520320475101471,-0.0567872412502765,-0.8520808815956116,-2.2812020778656006,-3.01578426361084,1.1291269063949585,0.5482112753322783,0.0568178052316942,-0.169150164934068,93.0
1652956283.792928,-0.3274646401405334,0.381582498550415,0.2842259109020233,0.4932514727115631,-0.0420079007744789,-0.8688718676567078,-2.493547201156616,-3.170825958251953,1.1470545530319214,0.5163246424762358,0.0420202652488801,-0.1472344526086862,93.0
1652956283.803129,-0.3299033045768738,0.3278963565826416,0.2573188245296478,0.4646079838275909,-0.0250342693179845,-0.8851625919342041,-2.651081323623657,-3.2952661514282227,1.1595975160598757,0.4833563333228313,0.0250368853327089,-0.1248545031156857,93.0
1652956283.8128738,-0.3318085074424743,0.2770103812217712,0.2442210465669632,0.4346528351306915,-0.0063060033135116,-0.9005759954452515,-2.708646535873413,-3.401510238647461,1.140741944313049,0.4496623492958579,0.0063060449967344,-0.1025846708257844,93.0
1652956283.822901,-0.3217450678348541,0.2154648900032043,0.2353236675262451,0.4034254252910614,0.0135319242253899,-0.9149124622344972,-2.707149028778076,-3.5139806270599365,1.095927596092224,0.4152977250600127,-0.0135323371757822,-0.0811532651214847,93.0
1652956283.8328729,-0.3035295307636261,0.1567094922065735,0.2313549220561981,0.3709582090377807,0.0340259447693824,-0.928026020526886,-2.6518845558166504,-3.617769718170166,1.0505582094192505,0.3802720902552468,-0.0340325152988982,-0.0609699796861945,93.0
1652956283.842809,-0.2946071922779083,0.0892913937568664,0.2254401594400406,0.3374539613723755,0.0546349212527275,-0.9397552013397216,-2.5463054180145264,-3.6743528842926025,0.9966914653778076,0.3447471622014461,-0.0546621369574752,-0.0422250235359134,93.0
1652956283.852757,-0.2856047451496124,0.0050092935562133,0.2322666496038437,0.3035033643245697,0.0747401863336563,-0.9498945474624634,-2.361578226089477,-3.668448209762573,0.9039342403411864,0.3092608519596476,-0.074809947446028,-0.0253386180495682,93.0
1652956283.862728,-0.2488609552383422,-0.0819659233093261,0.2326042205095291,0.269643485546112,0.0938270539045333,-0.958378255367279,-2.1789581775665283,-3.5960724353790283,0.7825995683670044,0.2742637529868268,-0.0939652679002484,-0.0107627174320876,93.0
1652956283.872723,-0.17720727622509,-0.1375150084495544,0.214242547750473,0.236289381980896,0.1123870983719825,-0.965161383152008,-2.077101707458496,-3.522094488143921,0.6416823863983154,0.2400960663547834,-0.1126250405612785,0.0015344318145262,93.0
1652956283.882683,-0.0848179757595062,-0.1860164999961853,0.1549768596887588,0.2031499445438385,0.1310338824987411,-0.9703402519226074,-2.068861961364746,-3.508248805999756,0.5269009470939636,0.2063786641780291,-0.1314117822370733,0.0118260167154141,93.0
1652956283.892628,-0.0165174156427383,-0.2497690320014953,0.1081893444061279,0.1695631295442581,0.1504318565130233,-0.9739705324172974,-2.123964309692383,-3.5690269470214844,0.4298810362815857,0.1723671512216087,-0.1510050903171695,0.0205036945824456,93.0
1652956283.9025931,-0.0204821079969406,-0.3761196732521057,0.1520942449569702,0.1350756734609604,0.1709495782852172,-0.975976824760437,-2.219350099563598,-3.671690225601196,0.3583690226078033,0.137526840104641,-0.1717933565257957,0.0278244099096639,93.0
1652956283.912702,-0.1003099232912063,-0.4977086782455444,0.2479672282934188,0.0997759401798248,0.1919436603784561,-0.9763208627700806,-2.147672414779663,-3.684348583221436,0.2759317457675934,0.101842283843648,-0.1931422496913605,0.0336844237535798,93.0
1652956283.9226851,-0.1640332788228988,-0.5309359431266785,0.2587178945541382,0.0649122521281242,0.2113901525735855,-0.975243866443634,-1.8760302066802976,-3.585606575012207,0.2332809716463089,0.0664619879567163,-0.2129970423657427,0.0379071696810934,93.0
1652956283.932631,-0.1326394528150558,-0.5783455967903137,0.2029703259468078,0.0311838313937187,0.2279073745012283,-0.9731833338737488,-1.5570530891418457,-3.484370231628418,0.2782514691352844,0.0320321606274236,-0.2299279522901296,0.0413734130570146,93.0
1652956283.942559,-0.0941118746995925,-0.6289345026016235,0.1790022403001785,-0.0012860122369602,0.2416215538978576,-0.9703696966171264,-1.285210371017456,-3.359926223754883,0.2929680943489074,-0.0013252799129327,-0.2440365699909884,0.0445783741198792,93.0
1652956283.9525409,-0.1273947656154632,-0.6564675569534302,0.1619264781475067,-0.0321968458592891,0.2528837025165558,-0.9669607877731324,-1.0486173629760742,-3.1878247261047363,0.2539115846157074,-0.0332846518962291,-0.2556596895305041,0.0472242894684245,93.0
1652956283.962501,-0.1751746982336044,-0.668670654296875,0.1090855002403259,-0.0614127703011035,0.2624202370643616,-0.9629974365234376,-0.9316971302032472,-3.0022459030151367,0.187471330165863,-0.063686274196118,-0.2655295008520174,0.0490121141028545,93.0
1652956283.972478,-0.1898276805877685,-0.6938961148262024,0.0347010791301727,-0.0890571475028991,0.2716038525104522,-0.95827978849411,-0.9965106248855592,-2.868762969970703,0.1010106652975082,-0.0926682126063316,-0.2750591384087252,0.0497274278064259,93.0
1652956283.982465,-0.2088880687952041,-0.7158156037330627,-0.0069366991519927,-0.1158036589622497,0.2822662889957428,-0.9523209929466248,-1.234559416770935,-2.7863168716430664,0.0082069523632526,-0.1210073859764683,-0.2861556496166942,0.0490424981773833,93.0
1652956283.992382,-0.2452868968248367,-0.7399558424949646,-0.0340848565101623,-0.1417980045080185,0.2950406670570373,-0.9449043869972228,-1.4401462078094482,-2.705028772354126,-0.0480433106422424,-0.1489544798049426,-0.2994980811891313,0.046903485854067,93.0
1652956284.002445,-0.258790373802185,-0.7908515930175781,-0.0627274513244628,-0.1668382138013839,0.308561772108078,-0.9364585876464844,-1.432307243347168,-2.604151964187622,-0.0251214820891618,-0.1763088234683707,-0.313680663482188,0.0440061489430092,93.0
1652956284.0122728,-0.2651777267456054,-0.8690894842147827,-0.0298510491847991,-0.1904344111680984,0.3209887742996216,-0.9277397394180298,-1.2239162921905518,-2.476728200912476,0.0507455468177795,-0.2024548738668826,-0.3267733295038433,0.0414853698901559,93.0
1652956284.022293,-0.3097521066665649,-0.9388606548309326,0.0545305609703063,-0.2120221257209777,0.3308607041835785,-0.91955304145813,-0.8520601987838745,-2.275797843933105,0.1308251917362213,-0.2266104864235039,-0.3372155014613862,0.0400538160946733,93.0
1652956284.03206,-0.3590179085731506,-0.95400470495224,0.0891724526882171,-0.2309631407260894,0.3371123671531677,-0.91269451379776,-0.4306104183197021,-2.018667697906494,0.2489363998174667,-0.247853145711317,-0.3438480205167963,0.0404154047283184,93.0
1652956284.042039,-0.3581682443618774,-0.9333519339561462,0.0735575258731842,-0.2471020817756652,0.3402150869369507,-0.9073005318641664,-0.1186096593737602,-1.7690414190292358,0.3590690493583679,-0.2658996044871772,-0.3471456037553476,0.0428097799020824,93.0
1652956284.052154,-0.3326559960842132,-0.9321643710136414,0.0240261256694793,-0.2607582211494446,0.3417575657367706,-0.9028881192207336,-0.0267721395939588,-1.5641862154006958,0.4348913729190826,-0.2811543839890896,-0.3487864343057958,0.0467176954930883,93.0
1652956284.061974,-0.3185970783233642,-0.9252942204475404,-0.0310411751270294,-0.2726198732852936,0.3435869514942169,-0.8986803889274597,-0.1356418877840042,-1.411201238632202,0.4420542120933532,-0.2945326305776264,-0.3507337104230728,0.0509716247670609,93.0
1652956284.071896,-0.3046229481697082,-0.8990849256515503,-0.0854228138923645,-0.2831913530826568,0.3468974530696869,-0.8941279649734497,-0.3351241052150726,-1.281441569328308,0.4221017956733703,-0.3067279737625082,-0.3542611111883882,0.054590650350209,93.0
1652956284.0818691,-0.2720323801040649,-0.8575301170349121,-0.124813824892044,-0.2926190793514251,0.3518493771553039,-0.8891434669494629,-0.4954916536808014,-1.169197916984558,0.4244648218154907,-0.3179377115592147,-0.3595460819131391,0.0574701501164498,93.0
1652956284.09215,-0.2414156198501587,-0.8166581988334656,-0.1277548968791961,-0.3009732365608215,0.3576132953166961,-0.8840406537055969,-0.5005556344985962,-1.0612767934799194,0.4375646114349365,-0.3281434376670623,-0.3657109254057551,0.0600557139173519,93.0
1652956284.102268,-0.2207061946392059,-0.7700642943382263,-0.1043146848678588,-0.3080870509147644,0.3627833127975464,-0.8794717788696289,-0.3379312753677368,-0.9309685826301576,0.4863912761211395,-0.3369502493276444,-0.3712529469713791,0.0631966352125294,93.0
1652956284.111764,-0.1902241706848144,-0.7394018769264221,-0.0822105407714843,-0.3137583434581756,0.3662681579589844,-0.8760156035423279,-0.0983517915010452,-0.7929372787475586,0.5527749061584473,-0.3439303799670193,-0.3749953051347251,0.0676508500238066,93.0
1652956284.1220489,-0.1607165932655334,-0.6986997127532959,-0.0974131822586059,-0.3179973661899566,0.3680583536624908,-0.8737338185310364,0.0937787741422653,-0.6654349565505981,0.6041747331619263,-0.3490499690508126,-0.3769199208386166,0.0735008132184693,93.0
1652956284.131836,-0.1338104307651519,-0.6377248167991638,-0.1292982101440429,-0.3209472000598907,0.3688612282276153,-0.8723154664039612,0.1624278724193573,-0.5265373587608337,0.621141254901886,-0.3525540792475736,-0.3777835721087481,0.0801777525723927,93.0
1652956284.1418052,-0.1140742301940918,-0.5435166358947754,-0.1685734391212463,-0.3226322531700134,0.3694096505641937,-0.8714613914489746,0.1601005345582962,-0.3817470967769623,0.6079804301261902,-0.3545732491423168,-0.3783736422978908,0.0869633550564812,93.0
1652956284.15175,-0.0900340676307678,-0.4572092890739441,-0.1981789767742157,-0.3231433928012848,0.3700692653656006,-0.8709920048713684,0.1208318993449211,-0.2370368093252182,0.5714867115020752,-0.3552646349895482,-0.3790835688744134,0.093415718818006,93.0
1652956284.161676,-0.0673364102840423,-0.3968067169189453,-0.2142509222030639,-0.3227239549160003,0.3709892034530639,-0.8707561492919922,0.0601834654808044,-0.1210963428020477,0.4933977425098419,-0.3549295205934967,-0.3800740246949922,0.0990930439200798,93.0
1652956284.171668,-0.0474487245082855,-0.3319843411445617,-0.2135074734687805,-0.3216918408870697,0.3721988797187805,-0.8706218600273132,-0.0019607348367571,-0.026078063994646,0.4181157648563385,-0.3539370927008953,-0.3813769996143301,0.1037875121091027,93.0
1652956284.181648,-0.0368256568908691,-0.276885449886322,-0.1992750465869903,-0.3201994001865387,0.3736982643604278,-0.8705297112464905,-0.0694641396403312,0.0441553518176078,0.3379708528518677,-0.3524622471495547,-0.3829929773051222,0.1074546574672101,93.0
1652956284.191818,-0.024408608675003,-0.2288202047348022,-0.1875535249710083,-0.318410575389862,0.3755418360233307,-0.8703924417495728,-0.1214698255062103,0.1001677066087722,0.2783495485782623,-0.3507019220834586,-0.3849813299474581,0.1101858121833914,93.0
1652956284.201657,-0.0123265087604522,-0.1900252699851989,-0.1705707311630249,-0.3164088129997253,0.3774951696395874,-0.870277464389801,-0.1338657736778259,0.1400125920772552,0.2339754551649093,-0.3487144458055431,-0.3870898387268416,0.1122641815341233,93.0
1652956284.211461,-0.0003825724124908,-0.158789575099945,-0.1449488997459411,-0.3142688572406769,0.3791713416576385,-0.8703241944313049,-0.0935582965612411,0.1668911278247833,0.1989044249057769,-0.3465237456256811,-0.3889006090912686,0.1140216335171302,93.0
1652956284.2216449,0.0031813383102416,-0.1290479898452758,-0.1157604753971099,-0.3120191991329193,0.3802868723869324,-0.8706468343734741,-0.0284488014876842,0.190109372138977,0.1794857233762741,-0.3441174410122842,-0.3901064580471156,0.1157248964210835,93.0
1652956284.231464,0.004310667514801,-0.0959133505821228,-0.0874122679233551,-0.3096084594726562,0.38070148229599,-0.8713260293006897,0.0583698526024818,0.2124069035053253,0.1663529127836227,-0.3414154180250685,-0.3905547725357279,0.1175262115544617,93.0
1652956284.241413,0.0080162584781646,-0.0630468130111694,-0.0698020756244659,-0.3070121705532074,0.3803947269916534,-0.8723779916763306,0.1247001364827156,0.2416534721851349,0.1644229292869568,-0.3383892760005902,-0.3902230842609206,0.1195334830260377,93.0
1652956284.251288,0.0087800920009613,-0.0376076698303222,-0.0563673973083496,-0.3042054772377014,0.379701167345047,-0.8736624717712402,0.1427140980958938,0.2685161232948303,0.1581473648548126,-0.3350664806273346,-0.3894732360594281,0.1216599919030008,93.0
1652956284.261274,0.0011672675609588,-0.0220037102699279,-0.0499303340911865,-0.3012160360813141,0.3788640797138214,-0.8750605583190918,0.1546847373247146,0.2928025424480438,0.1482164412736892,-0.3315191062295823,-0.3885685545243209,0.1237173576942523,93.0
1652956284.271297,-0.0021712779998779,-0.0172718167304992,-0.0413645505905151,-0.2981063723564148,0.3778971135616302,-0.8765422701835632,0.1588065028190612,0.3072359561920166,0.1225029826164245,-0.3278223632174131,-0.3875239448856449,0.1256341435643675,93.0
1652956284.281238,-0.0032217502593994,-0.0184375643730163,-0.0319631993770599,-0.2949196994304657,0.3769033849239349,-0.8780468106269836,0.1410866379737854,0.3276373744010925,0.0884541943669319,-0.3240421540832232,-0.3864508498792048,0.1272492613841035,93.0
1652956284.291349,-0.0073044598102569,-0.0105100870132446,-0.0251115560531616,-0.2917677462100982,0.3760636746883392,-0.8794587254524231,0.0859888941049575,0.3380484580993652,0.0420490317046642,-0.320332347153336,-0.3855444517320202,0.1283104742850912,93.0
1652956284.301228,-0.0060178637504577,0.0007927417755126,-0.0318394601345062,-0.2886598408222198,0.3757573068141937,-0.8806145191192627,0.0008055577054619,0.346621960401535,0.009780041873455,-0.316756556871752,-0.3852138276123423,0.1287217725724477,93.0
1652956284.3110452,0.0003391504287719,0.0077196359634399,-0.043082058429718,-0.2856174409389496,0.3760441243648529,-0.8814836740493774,-0.0594004616141319,0.3446200489997864,-0.0114883026108145,-0.3133443354958891,-0.3855233341041554,0.1285983588678762,93.0
1652956284.32106,-0.0003674030303955,0.005071997642517,-0.0323035717010498,-0.2826830744743347,0.3766334354877472,-0.8821777105331421,-0.077100358903408,0.3363890349864959,-0.0257745645940303,-0.3101000082524571,-0.3861594279511779,0.1281651921046565,93.0
1652956284.331038,-3.7550926208496094e-05,0.0057132244110107,-0.015199452638626,-0.2798238694667816,0.377122700214386,-0.8828800320625305,-0.0522650554776191,0.3385224938392639,-0.0309843923896551,-0.3069287136800182,-0.3866876215986009,0.1276438295393207,93.0
1652956284.340992,0.0062688589096069,0.0121377110481262,-1.296401023864746e-05,-0.276944488286972,0.3773170411586761,-0.8837044835090637,-0.021900488063693,0.3418751358985901,-0.0346124172210693,-0.3036958265214236,-0.3868974855707139,0.1271915639233995,93.0
1652956284.350886,0.0060673058032989,0.024693489074707,0.0086355805397033,-0.2740726172924042,0.3773812353610992,-0.8845719695091248,-0.0162063166499137,0.3394725918769836,-0.0305111110210418,-0.3004564143192597,-0.3869668063178358,0.1267947413613553,93.0
1652956284.361004,0.0043109655380249,0.0355936288833618,0.0131534039974212,-0.2712481617927551,0.3774411082267761,-0.8854166865348816,-0.0147186741232872,0.3264302909374237,-0.022657448425889,-0.2972730457242327,-0.3870314450895554,0.1264717609836265,93.0
1652956284.370842,0.0015759170055389,0.0430390238761901,0.0312676131725311,-0.2685283720493316,0.3774542808532715,-0.8862397074699402,0.0008350517600774,0.3077475130558014,-0.0142906717956066,-0.2942044951034522,-0.3870456730807951,0.1262217352491713,93.0
1652956284.380845,-0.0027894079685211,0.0493137836456298,0.0457521677017211,-0.2659178376197815,0.3773588240146637,-0.8870670795440674,0.0160656701773405,0.2912412583827972,0.0025935024023056,-0.2912475664990454,-0.3869425964346876,0.1261852982336118,93.0
1652956284.390727,-0.0072548687458038,0.0421770811080932,0.0498386919498443,-0.2633596956729889,0.3771327435970306,-0.8879259824752808,0.038220040500164,0.2730500996112823,0.028787100687623,-0.2883355091423077,-0.3866984722997604,0.1264201725139956,93.0
1652956284.400831,-0.0029057562351226,0.0342376232147216,0.0611664354801178,-0.2609796822071075,0.3768218457698822,-0.8887603282928467,0.0506181195378303,0.2400455474853515,0.0410837158560752,-0.2856160287556613,-0.3863628309302495,0.1269225924423163,93.0
1652956284.4106488,-0.0075563192367553,0.0313537716865539,0.0634993910789489,-0.2588010430335998,0.3764877915382385,-0.889538586139679,0.0510017499327659,0.2090644687414169,0.0625120401382446,-0.2831229163623049,-0.3860022167626188,0.1276183222481884,93.0
1652956284.420671,-0.0113588571548461,0.0272682905197143,0.0433958768844604,-0.2567685544490814,0.376175045967102,-0.8902596831321716,0.063616082072258,0.1920026689767837,0.0829866826534271,-0.280799229869621,-0.3856646539955201,0.1285420402179007,93.0
1652956284.43076,-0.0079116225242614,0.0237606763839721,0.0272082686424255,-0.2547836303710937,0.3758221268653869,-0.8909786939620972,0.0652312189340591,0.1777396202087402,0.1084325090050697,-0.2785261484529646,-0.385283775743214,0.1297026706775443,93.0
1652956284.440579,-0.0029577314853668,0.0231276750564575,0.0198868513107299,-0.2528710663318634,0.3755751848220825,-0.8916274309158325,0.0559684783220291,0.1643079668283462,0.1162363663315773,-0.2763495941305207,-0.3850173305128048,0.1310328846621355,93.0
1652956284.450496,-0.0045617222785949,0.0173994898796081,0.0148476660251617,-0.2510534822940826,0.3753958642482757,-0.8922163844108582,0.0505715161561965,0.1501780301332473,0.1116626188158989,-0.2742895978302767,-0.3848238512256142,0.1323907786917991,93.0
1652956284.460588,-0.0044816881418228,0.0137098431587219,0.0086671411991119,-0.2493482381105423,0.375182956457138,-0.8927839398384094,0.051044225692749,0.1448676884174347,0.0920385867357254,-0.2723529041267972,-0.3845941532257922,0.1336065286351062,93.0
1652956284.470438,-0.0050607919692993,0.0182568430900573,-0.0099242031574249,-0.2477925568819046,0.3750517964363098,-0.8932721018791199,0.0225405469536781,0.132269337773323,0.0738950744271278,-0.2705949255465775,-0.3844526329817048,0.1345941164600061,93.0
1652956284.480465,-0.0005593299865722,0.0220834016799926,-0.026257187128067,-0.2465872466564178,0.375744491815567,-0.8933145403862,0.0182736292481422,0.1298746168613433,0.0679346546530723,-0.2693294011810351,-0.3852000149607761,0.1352461995013366,93.0
1652956284.4903631,0.0006269514560699,0.0222802758216857,-0.009832888841629,-0.2454236596822738,0.3763642907142639,-0.8933740258216858,0.0420713052153587,0.1345369219779968,0.0612110905349254,-0.2681016491932281,-0.3858689004243448,0.1358436822109113,93.0
1652956284.5005531,-0.0006958395242691,0.0090089440345764,0.0016179084777832,-0.244253471493721,0.3764643669128418,-0.8936524987220764,0.0730521231889724,0.1439485251903534,0.0577175505459308,-0.2668040356458004,-0.3859769336801792,0.1364680839399208,93.0
1652956284.510243,0.0020533949136734,0.0009049773216247,-0.0025455653667449,-0.2429896146059036,0.3761264979839325,-0.8941392302513123,0.0977303087711334,0.1511466205120086,0.0563354864716529,-0.2653497875727128,-0.3856122540760532,0.1371813910371244,93.0
1652956284.520268,0.0057431459426879,-0.0050955414772033,-0.0153287053108215,-0.2415371537208557,0.3756192326545715,-0.8947457671165466,0.1018387675285339,0.1597640812397003,0.0659508258104324,-0.2636657845312011,-0.3850648447095871,0.1380231244562735,93.0
1652956284.5302129,0.0109874308109283,-0.0038974285125732,-0.02042818069458,-0.2399912923574447,0.3750271797180176,-0.895409882068634,0.0963260233402252,0.1704134792089462,0.0664498656988143,-0.2618691490203669,-0.3844260933850003,0.1389368840726475,93.0
1652956284.5401769,0.0129383206367492,0.0015820860862731,-0.016549676656723,-0.2383411079645156,0.3743987679481506,-0.8961133360862732,0.1060345768928527,0.1775382310152053,0.066673569381237,-0.259953781233225,-0.3837483117488271,0.13985780540718,93.0
1652956284.550088,0.0143384933471679,0.0092544555664062,-0.0201475322246551,-0.2366590201854705,0.3735716044902801,-0.8969039916992188,0.1084798201918602,0.1947017163038253,0.0585448443889617,-0.257982250514307,-0.3828564242619169,0.1407165577491845,93.0
1652956284.5600429,0.0196041911840438,0.0128558874130249,-0.020378440618515,-0.2348751425743103,0.37264284491539,-0.8977588415145874,0.0893159806728363,0.2026009112596511,0.0555623695254325,-0.2558884934662158,-0.381855378382374,0.1414900144666134,93.0
1652956284.570183,0.0231688469648361,0.0155430436134338,-0.0208889544010162,-0.2331755012273788,0.3721615672111511,-0.8984013199806213,0.0549841746687889,0.1858387738466262,0.0491616912186145,-0.2539417486475728,-0.3813367985940929,0.1421267172521432,93.0
1652956284.580052,0.0302652716636657,0.0210180282592773,-0.0241645574569702,-0.2315897047519683,0.3719428777694702,-0.8989019393920898,0.0390299744904041,0.1684933304786682,0.0385937318205833,-0.2521526838970375,-0.3811011950172409,0.1426376247970473,93.0
1652956284.589988,0.0361141413450241,0.028821051120758,-0.0173059999942779,-0.2301753461360931,0.3717371523380279,-0.8993502259254456,0.0349069386720657,0.1460083276033401,0.0302681233733892,-0.2505568613255263,-0.3808795611621752,0.1430447266302034,93.0
1652956284.600029,0.0326104760169982,0.0330576300621032,-0.0258724987506866,-0.2289604991674423,0.3713925182819366,-0.8998026251792908,0.0417280867695808,0.1206832602620124,0.0258113201707601,-0.2491684784626114,-0.380508361413846,0.1434343554433017,93.0
1652956284.609853,0.0262516289949417,0.0254608988761901,-0.0339330732822418,-0.2279422730207443,0.3710149824619293,-0.9002167582511902,0.0408915244042873,0.0957487151026725,0.0158070810139179,-0.2479958592497516,-0.3801017809846297,0.1437459346519742,93.0
1652956284.619715,0.0219382643699646,0.01921808719635,-0.0225618481636047,-0.2270926237106323,0.3706148266792297,-0.9005962610244751,0.0421554595232009,0.082141026854515,0.0010507721453905,-0.2470087652881387,-0.3796709155761145,0.1439617513258294,93.0
1652956284.629792,0.0142758041620254,0.0094985961914062,-0.017568290233612,-0.2264187037944793,0.3700615763664245,-0.9009933471679688,0.0647262185811996,0.0703537687659263,-0.0163211803883314,-0.2462008562504299,-0.3790752990303889,0.1440124219556226,93.0
1652956284.639913,0.0116384923458099,0.002241313457489,-0.0137564837932586,-0.2258412986993789,0.3692099452018738,-0.9014875292778016,0.0942239239811897,0.0564914904534816,-0.0176210682839155,-0.2454686961482986,-0.3781587641167689,0.1440502630933112,93.0
1652956284.649698,0.0136757493019104,-0.0021407604217529,-0.0143015086650848,-0.2252845913171768,0.3682138919830322,-0.9020340442657472,0.1020227894186973,0.0621340833604335,-0.0223048441112041,-0.2447450169986277,-0.3770871935755105,0.1441397936977714,93.0
1652956284.659888,0.0157196074724197,-0.0058295726776123,-0.015365183353424,-0.2246581614017486,0.3672023713588714,-0.9026024341583252,0.1002344712615013,0.0621529929339885,-0.0103981187567114,-0.2439435411428195,-0.3759994769910082,0.1442947751543468,93.0
1652956284.6696792,0.0164986997842788,-0.011196494102478,-0.0152984261512756,-0.2239113748073578,0.3662963807582855,-0.9031559824943542,0.1066002324223518,0.0666961893439292,-0.0023501981049776,-0.2430210558696092,-0.3750256457121682,0.1445775611799484,93.0
1652956284.679644,0.0177448391914367,-0.0131828784942626,-0.0079902410507202,-0.2231891304254531,0.3652748167514801,-0.9037482738494872,0.1115441247820854,0.0619485713541507,-0.0023035928606987,-0.2421148863668605,-0.3739279948536146,0.1449116419873933,93.0
1652956284.689577,0.0191969573497772,-0.0111234784126281,-0.0068455934524536,-0.2225507795810699,0.3641912043094635,-0.9043428301811218,0.1038107722997665,0.0559596568346023,-0.0003532459959387,-0.2412963794910048,-0.3727642036227001,0.1452185471722667,93.0
1652956284.6997418,0.0190207660198211,-0.0141523480415344,-0.0191527009010314,-0.2219168245792389,0.363345205783844,-0.9048387408256532,0.0740001425147056,0.0631304830312728,-0.0051040593534708,-0.2405084383082356,-0.3718560039110963,0.1454586990542364,93.0
1652956284.709584,0.017686054110527,-0.0151557326316833,-0.0237711369991302,-0.2213145494461059,0.3627908825874328,-0.9052086472511292,0.0396525561809539,0.0656535625457763,-0.0156432911753654,-0.2397861895636529,-0.3712610891800413,0.1455164173881988,93.0
1652956284.7194672,0.0219370424747467,-0.0184341669082641,-0.0197569131851196,-0.2206827253103256,0.3624845743179321,-0.9054855704307556,0.0189089272171258,0.0710997208952903,-0.0159796494990587,-0.2390570906527541,-0.3709324119809759,0.1454728358110174,93.0
