1655120153.413756,0.005238652229309,-0.0142784714698791,-0.003164604306221,0.5423839092254639,0.1672881245613098,-0.8233069777488708,0.2054401636123657,-0.0353907980024814,-6.960611790418625e-05,0.5825275819093837,-0.1680783792929,-0.2273030774289415,72.0
1655120153.423582,0.0007140636444091,-0.0057660937309265,0.0057626068592071,0.5420867204666138,0.1655478030443191,-0.8238542675971985,0.2213019579648971,-0.0403765030205249,-0.0021298276260495,0.5819706261785785,-0.1663134553888176,-0.228512601586004,72.0
1655120153.433562,-0.0027803778648376,0.0081894397735595,0.0107993334531784,0.5417665243148804,0.1637306809425354,-0.8244278430938721,0.2321135848760604,-0.0382580123841762,-0.0031026052311062,0.5813798688836681,-0.1644711969915631,-0.2297976679156734,72.0
1655120153.443532,-0.0077881217002868,0.0134435892105102,0.0153764635324478,0.5414488911628723,0.1618238389492035,-0.8250128030776978,0.239674836397171,-0.0383224599063396,-0.0070366263389587,0.5807853905850987,-0.162538572162402,-0.2311589959801287,72.0
1655120153.453625,-0.0100531578063964,0.0164109468460083,0.019932672381401,0.5411047339439392,0.1598921418190002,-0.8256150484085083,0.2345767468214035,-0.0438531562685966,-0.0055740936659276,0.5801591054855673,-0.1605813853081614,-0.2325548707921125,72.0
1655120153.463461,-0.0107127428054809,0.0202285051345825,0.0230538100004196,0.5407877564430237,0.1580222249031067,-0.8261825442314148,0.2209874242544174,-0.0302286893129348,0.0018409453332424,0.5795756004870476,-0.1586873866167812,-0.2338068897458592,72.0
1655120153.4733891,-0.0094247460365295,0.0212971568107604,0.0226638913154602,0.54055255651474,0.1562606394290924,-0.8266713619232178,0.2045902758836746,-0.0276740249246358,-0.0076381582766771,0.5791053710189822,-0.1569036462536083,-0.2349975707804054,72.0
1655120153.483378,-0.0099668502807617,0.0251938104629516,0.0218911468982696,0.5403775572776794,0.1547293365001678,-0.8270736932754517,0.1747687309980392,-0.0138783175498247,-0.0079446882009506,0.5787342226977797,-0.1553534791441718,-0.2361186378142784,72.0
1655120153.4933429,-0.0123149752616882,0.0335308909416198,0.0241774916648864,0.5403147339820862,0.1535263508558273,-0.8273388743400574,0.1410459280014038,-0.0055458196438848,-0.0108258854597806,0.5785342334875567,-0.1541359517953714,-0.2370536187237515,72.0
1655120153.503315,-0.0124081373214721,0.0423405170440673,0.0257026851177215,0.5403468608856201,0.1526420265436172,-0.8274815082550049,0.1196165308356285,5.853641778230667e-05,-0.005978399887681,0.5784825262067329,-0.153241076047228,-0.2378300929581026,72.0
1655120153.5132952,-0.0034006834030151,0.0408332347869873,0.0288305133581161,0.5405099391937256,0.1518793106079101,-0.8275153040885925,0.1178682371973991,0.003396808868274,-0.0044269943609833,0.5786019350491067,-0.1524693587891204,-0.2384828711827259,72.0
1655120153.523344,-0.0014070868492126,0.0407316088676452,0.0318128317594528,0.5406984090805054,0.151262104511261,-0.8275052905082703,0.0972617641091346,0.0073063299059867,-0.0013324012979865,0.5787671170074231,-0.1518449468514846,-0.2390566420509313,72.0
1655120153.533255,-0.0021557807922363,0.0403357744216918,0.0343014746904373,0.5408825278282166,0.1508486568927765,-0.8274604678153992,0.0770299285650253,0.0027866789605468,0.0035437326878309,0.5789478461921439,-0.1514267033808733,-0.2395011341710174,72.0
1655120153.543164,-0.0008069276809692,0.0433012843132019,0.0284678488969802,0.541074812412262,0.1505482345819473,-0.8273894190788269,0.0686737298965454,0.0017842648085206,0.0152541846036911,0.5791499584610057,-0.1511228088697573,-0.2397830499102416,72.0
1655120153.5530338,0.0001723766326904,0.0417220592498779,0.0253123790025711,0.5412399172782898,0.1501636803150177,-0.8273513317108154,0.0616480447351932,-0.0049471412785351,0.0237653441727161,0.5793107941059755,-0.1507338324531188,-0.2399327634344878,72.0
1655120153.563068,0.0030295848846435,0.0406962633132934,0.0259769856929779,0.5413275957107544,0.1496974229812622,-0.8273784518241882,0.0528580136597156,-0.014679130166769,0.040513165295124,0.5793700343481579,-0.1502622467420664,-0.2399393459601442,72.0
1655120153.573019,0.0032527446746826,0.0383870005607605,0.030502438545227,0.5413944125175476,0.1492308378219604,-0.8274189829826355,0.0372117422521114,-0.0225926078855991,0.0578703135251998,0.5794041128286136,-0.1497903505727056,-0.2397366718576353,72.0
1655120153.582968,0.0020006895065307,0.0405837297439575,0.0305490642786026,0.5415172576904297,0.1487874686717987,-0.8274184465408325,0.044372983276844,-0.0235750470310449,0.058176577091217,0.5795083710614216,-0.1493419820973254,-0.2394542602329725,72.0
1655120153.593087,0.0081831812858581,0.0418606400489807,0.0334904044866561,0.5416061282157898,0.1481501907110214,-0.8274746537208557,0.071261391043663,-0.0411331616342067,0.0825698003172874,0.5795524275741912,-0.1486975567633625,-0.2391263236419732,72.0
1655120153.602919,0.0098674297332763,0.0308271050453186,0.0311010926961898,0.5416156053543091,0.1471825838088989,-0.8276410698890686,0.100968949496746,-0.0601475983858108,0.0930173844099044,0.5794683243988576,-0.147719228831946,-0.2387959926794332,72.0
1655120153.612967,0.0169708132743835,0.0245754718780517,0.0181189030408859,0.5415160655975342,0.1459741294384002,-0.8279202580451965,0.1117543578147888,-0.0721695870161056,0.1088521629571914,0.5792295961576736,-0.1464975713387775,-0.23846984500505,72.0
1655120153.622828,0.0134573578834533,0.0158459544181823,0.0026967227458953,0.5414283871650696,0.1446573734283447,-0.8282086253166199,0.1031765788793563,-0.0752495378255844,0.1290999054908752,0.5789959228404542,-0.1451666977189775,-0.238012916183998,72.0
1655120153.63276,0.0168080925941467,0.0145261883735656,0.0040425211191177,0.5413888096809387,0.143357366323471,-0.8284604549407959,0.0823278874158859,-0.0727863758802414,0.1471826881170272,0.5788232068033063,-0.1438529896844964,-0.2372874336079851,72.0
1655120153.64274,0.0149657130241394,0.0063329339027404,0.014832004904747,0.5414917469024658,0.1421656757593155,-0.8285985589027405,0.0739202871918678,-0.0594380795955657,0.1531532257795334,0.5788339181300245,-0.1426489728034843,-0.2363519182002596,72.0
1655120153.6526608,0.0234701633453369,-0.0104574561119079,0.0195181667804718,0.541730523109436,0.1409279704093933,-0.8286539316177368,0.1002960354089737,-0.0607904344797134,0.1721474677324295,0.579005248937362,-0.1413986831002386,-0.2353551366831639,72.0
1655120153.662796,0.0366668701171875,-0.0378820896148681,0.0214845240116119,0.542251467704773,0.1396635323762893,-0.8285272121429443,0.0939902067184448,-0.0632088482379913,0.197661355137825,0.5795156192598638,-0.1401216104655256,-0.2341832210330643,72.0
1655120153.672574,0.0468506217002868,-0.0568231344223022,0.0248007476329803,0.5425810813903809,0.1382241547107696,-0.8285528421401978,0.0558908209204673,-0.0553464516997337,0.2333055883646011,0.5797798979796458,-0.1386681250465282,-0.2327006608275021,72.0
1655120153.682533,0.0638478994369506,-0.0635462403297424,0.0358507186174392,0.5427803993225098,0.1366651207208633,-0.8286809325218201,0.0360827594995498,-0.0541006252169609,0.2831131219863891,0.579877379297662,-0.1370941539897096,-0.2307334583946256,72.0
1655120153.692484,0.0903123021125793,-0.047478437423706,0.0636030733585357,0.5429579019546509,0.1349290162324905,-0.8288491368293762,0.014608827419579,-0.0682999119162559,0.3291041851043701,0.5799342249877906,-0.1353418238170525,-0.2282198379380234,72.0
1655120153.702492,0.1236652731895446,-0.0422285199165344,0.0804476737976074,0.542975902557373,0.1329617351293563,-0.8291552066802979,0.0201199725270271,-0.0865287110209465,0.3660816550254822,0.5797802121923209,-0.1333566487235024,-0.22537949804983,72.0
1655120153.712647,0.1556320786476135,-0.058728814125061,0.0851655751466751,0.5429457426071167,0.1306242197751999,-0.8295463919639587,0.052182637155056,-0.0822397917509079,0.4204863607883453,0.5795385963398497,-0.1309985725368904,-0.2222384557273946,72.0
1655120153.722444,0.1891447305679321,-0.1025580167770385,0.0821209996938705,0.5429108738899231,0.1276720762252807,-0.8300286531448364,0.0819242820143699,-0.0814174115657806,0.4875743091106415,0.5792429218585566,-0.1280214957946799,-0.2188268974434517,72.0
1655120153.7325048,0.2196890711784362,-0.1606315970420837,0.0890204459428787,0.5429603457450867,0.1244347468018531,-0.830487847328186,-0.012333907186985,-0.089992418885231,0.5770907998085022,0.5790313257186143,-0.1247581282435163,-0.2146215535281814,72.0
1655120153.742303,0.2459192276000976,-0.1713026762008667,0.1065982729196548,0.5430211424827576,0.1221462413668632,-0.8307877779006958,-0.2636819779872894,-0.0651472583413124,0.6803585886955261,0.57891719468403,-0.1224520264718648,-0.2085929537631608,72.0
1655120153.752308,0.2595130205154419,-0.1541516184806823,0.1199720650911331,0.5434654355049133,0.1216203421354293,-0.8305743336677551,-0.5859667062759399,-0.0318632312119007,0.8007696270942688,0.5794095469444583,-0.1219221782485546,-0.2000396402420489,72.0
1655120153.762247,0.262333869934082,-0.1070783138275146,0.1615917086601257,0.5445050597190857,0.1231067478656768,-0.8296740055084229,-0.8600200414657593,0.0315072201192379,0.8661824464797974,0.5807829013709446,-0.1234198426029771,-0.1889874974988913,72.0
1655120153.772207,0.24794602394104,-0.1056938171386718,0.1930898278951645,0.5462281107902527,0.1260477304458618,-0.8280982971191406,-1.0327152013778689,0.1165929809212684,0.9366375207901,0.5831065278928392,-0.126383917517771,-0.1762013061465821,72.0
1655120153.782192,0.2296352982521057,-0.153428316116333,0.2304334491491317,0.5488070249557495,0.129643440246582,-0.8258349895477295,-1.1042876243591309,0.2083490043878555,1.0093032121658323,0.5865344117137581,-0.1300093727519463,-0.1620898122652499,72.0
1655120153.7921429,0.221523642539978,-0.217530608177185,0.2446840703487396,0.5523105263710022,0.1326810419559478,-0.8230120539665222,-1.0485235452651978,0.3063413202762604,1.119925618171692,0.5910547935367713,-0.1330734543479204,-0.1471766702041758,72.0
1655120153.8022032,0.215644359588623,-0.2668080329895019,0.2782324850559234,0.5567554831504822,0.134349912405014,-0.819739818572998,-0.9225443005561828,0.4047893285751343,1.2099404335021973,0.5966195665070052,-0.1347573916315119,-0.1318912103472306,72.0
1655120153.812175,0.2075240015983581,-0.3057134747505188,0.2883099317550659,0.5620377063751221,0.134160116314888,-0.8161584734916687,-0.7519690990447998,0.4861201643943786,1.3074376583099363,0.603059638218127,-0.1345658705301199,-0.1166820301140378,72.0
1655120153.822017,0.2006219029426574,-0.3055508732795715,0.2668838798999786,0.5681463479995728,0.1319655925035476,-0.8122774958610535,-0.5890550017356873,0.5841687321662903,1.3943994045257568,0.6103557810571829,-0.1323516509166885,-0.101706655352994,72.0
1655120153.831909,0.1823002696037292,-0.2832403779029846,0.2354607135057449,0.5750848054885864,0.1279731094837188,-0.8080224394798279,-0.4420253336429596,0.669596254825592,1.4677085876464844,0.6185477490436069,-0.1283250212109409,-0.0869646535536223,72.0
1655120153.8419352,0.1714882254600525,-0.2421212196350097,0.2014125287532806,0.5826010704040527,0.1224095076322555,-0.8034873008728027,-0.3307102620601654,0.7385151386260986,1.533319354057312,0.627367572360452,-0.1227172860126305,-0.0724978734251741,72.0
1655120153.8518991,0.1615061163902282,-0.1990724802017212,0.168348804116249,0.5905232429504395,0.1158003509044647,-0.7986692786216736,-0.2985043227672577,0.7944595217704773,1.5804123878479004,0.6366721429647502,-0.1160607299252736,-0.0580443348907418,72.0
1655120153.8618488,0.1393384933471679,-0.1558298468589782,0.1447362750768661,0.5988664031028748,0.1084985882043838,-0.793465256690979,-0.232755422592163,0.8580741882324219,1.599672555923462,0.6465329911003601,-0.1087125965434827,-0.0436623972326459,72.0
1655120153.871811,0.1213424801826477,-0.1461329460144043,0.1304128915071487,0.60743248462677,0.1002084463834762,-0.7880253791809082,-0.0985713154077529,0.893075168132782,1.6041736602783203,0.6566986703392403,-0.1003769224078354,-0.0298684440793655,72.0
1655120153.881763,0.11866956949234,-0.1451712846755981,0.1149845421314239,0.6160715222358704,0.0905208140611648,-0.7824715971946716,0.0697660222649574,0.919753909111023,1.6013975143432615,0.6669738995961855,-0.0906448925461262,-0.0171343261989507,72.0
1655120153.891735,0.1035270690917968,-0.1339452862739563,0.1060981154441833,0.6246375441551208,0.0795555710792541,-0.7768518924713135,0.2107834666967392,0.9368094205856324,1.5801608562469482,0.6772132220908726,-0.0796397290302495,-0.0055847271085754,72.0
1655120153.901865,0.0912843942642211,-0.1148496866226196,0.075749933719635,0.633019745349884,0.0677284747362136,-0.7711671590805054,0.2890473902225494,0.9411945343017578,1.5607951879501345,0.6873312197263212,-0.0677803645205244,0.0049713740881445,72.0
1655120153.91173,0.0799747705459594,-0.0839240550994873,0.0475282371044158,0.6410945057868958,0.0558653213083744,-0.765425980091095,0.2495495676994323,0.9288447499275208,1.5152196884155271,0.6972308395351354,-0.0558944213258503,0.0150781318576206,72.0
1655120153.9215589,0.0485429763793945,-0.0330334305763244,0.0387300550937652,0.6489209532737732,0.0447507984936237,-0.7595386505126953,0.1781454235315323,0.9467294812202454,1.4490615129470823,0.707021007229614,-0.0447657500033422,0.0250092764193766,72.0
1655120153.9315782,0.0112866163253784,-0.0057047605514526,0.0449461936950683,0.6566820740699768,0.0342469550669193,-0.7533895373344421,0.1941907703876495,0.9632558226585388,1.3646671772003174,0.7169219936367571,-0.0342536521763517,0.0344459736012401,72.0
1655120153.941522,-0.0057013034820556,0.007571518421173,0.0399131774902343,0.6641942262649536,0.0238228030502796,-0.7471802830696106,0.2834357023239136,0.9418298602104188,1.259263038635254,0.7266677292280915,-0.0238250567485488,0.0426872679109178,72.0
1655120153.9515,-0.0105420351028442,0.006344735622406,-0.0107102990150451,0.6712933778762817,0.0133958272635936,-0.7410707473754883,0.3500473201274872,0.9109855890274048,1.1503702402114868,0.7360336420667064,-0.0133962283319087,0.0494648444790723,72.0
1655120153.9614758,-0.0325064659118652,0.0152496099472045,-0.0710965692996978,0.677968442440033,0.0034238256048411,-0.7350830435752869,0.3253824710845947,0.8766750693321228,1.06548011302948,0.7450008243056649,-0.0034238324072112,0.0552929301756115,72.0
1655120153.9715328,-0.0585507750511169,0.0477323532104492,-0.0987368524074554,0.6841915845870972,-0.0055112009868025,-0.729281485080719,0.2098018825054168,0.8331003785133362,0.982623815536499,0.7535089022579448,0.0055112286573067,0.0608989816481172,72.0
1655120153.981379,-0.0758696794509887,0.0818434953689575,-0.1236137151718139,0.690035879611969,-0.012982933782041,-0.7236587405204773,0.0934638306498527,0.8084831833839417,0.8881303071975708,0.7616189544678889,0.012983298370219,0.0666564923602719,72.0
1655120153.991318,-0.0924868583679199,0.0961474180221557,-0.137063056230545,0.6956971883773804,-0.0191259048879146,-0.718080461025238,0.0045161135494709,0.8103770613670349,0.7882235646247864,0.7695672614924668,0.0191270703959403,0.0723440298910554,72.0
1655120154.00126,-0.1212940216064453,0.094454824924469,-0.1097046732902526,0.7012194991111755,-0.0239623133093118,-0.7125426530838013,-0.072926215827465,0.7741327881813049,0.6892533302307129,0.7773891088761827,0.0239646076281127,0.0778513200870514,72.0
1655120154.011346,-0.1212543845176696,0.0875895619392395,-0.0896977484226226,0.7063220143318176,-0.027901729568839,-0.7073405385017395,-0.0848638340830802,0.7225357890129089,0.6120141744613647,0.7846776668071158,0.0279053514770124,0.0830265611082336,72.0
1655120154.02124,-0.1290125250816345,0.0775659680366516,-0.0800861418247222,0.7111504673957825,-0.0314250998198986,-0.7023370862007141,-0.0484325885772705,0.6997822523117065,0.5153701901435852,0.7916332760888795,0.031430274139783,0.0874509629787683,72.0
1655120154.031218,-0.162980318069458,0.0766613483428955,-0.0450060628354549,0.7156840562820435,-0.0347973741590976,-0.697556734085083,0.0512890107929706,0.6465778350830078,0.4443966150283813,0.798224244386191,0.0348044008608404,0.0908088799242279,72.0
1655120154.04129,-0.1721137166023254,0.0619504451751709,-0.0222246907651424,0.7197667956352234,-0.0385357663035392,-0.6931455135345459,0.1535746455192566,0.5829352140426636,0.3926213085651397,0.8042373541058817,0.0385453107688831,0.0929695443425478,72.0
1655120154.05108,-0.1784353852272033,0.0561873316764831,-0.0167355202138423,0.7233571410179138,-0.0424533039331436,-0.6891676783561707,0.2159586399793625,0.5049612522125244,0.3328330814838409,0.8095979598502355,0.042466067479079,0.0941035166563524,72.0
1655120154.0610418,-0.1958755850791931,0.0794306397438049,-0.0294398628175258,0.7264388203620911,-0.0461826622486114,-0.6856775879859924,0.2311876714229583,0.4378958940505981,0.2777424156665802,0.814255470287118,0.0461990938165761,0.0945335616074933,72.0
1655120154.070979,-0.2151365280151367,0.1077302098274231,-0.0417879223823547,0.7290372252464294,-0.04950537905097,-0.6826814413070679,0.1989589035511016,0.3613700866699219,0.2237387895584106,0.8182227882542639,0.0495256217914992,0.0946604036994185,72.0
1655120154.0809112,-0.2221399545669555,0.1436322331428527,-0.0468064546585083,0.7310968041419983,-0.0520704872906208,-0.6802839040756226,0.1363455802202224,0.280215322971344,0.1728551089763641,0.8213848901825532,0.0520940467108883,0.0947722453877867,72.0
1655120154.090903,-0.2206534743309021,0.1687237024307251,-0.0601114630699157,0.7325552701950073,-0.0537648573517799,-0.6785809397697449,0.0380080938339233,0.1774364560842514,0.1311169862747192,0.8236283448735555,0.0537907929790798,0.0951223674293791,72.0
1655120154.100878,-0.2194408178329467,0.2043681144714355,-0.0647530555725097,0.7334635853767395,-0.0544638372957706,-0.6775432229042053,-0.0596604086458683,0.1042317599058151,0.0841313600540161,0.8250089630713032,0.0544907995438225,0.0959468854331133,72.0
1655120154.110981,-0.219669759273529,0.2267940640449524,-0.0611207745969295,0.7337382435798645,-0.0542356371879577,-0.6772640347480774,-0.163083329796791,-0.0103951692581176,0.0555874928832054,0.8254009718400093,0.0542622610022586,0.0972155635691,72.0
1655120154.121112,-0.2087287902832031,0.2436820864677429,-0.0415430068969726,0.7333716750144958,-0.0533208735287189,-0.6777336597442627,-0.1969603449106216,-0.0838398188352584,0.0398940183222293,0.8248064361203306,0.0533461707202337,0.0988909548014681,72.0
1655120154.1307402,-0.2052310705184936,0.2354036569595337,-0.0249587260186672,0.7324373722076416,-0.0522812530398368,-0.6788240671157837,-0.176795944571495,-0.1792890131473541,0.0233068615198135,0.8233695295532985,0.0523050991313231,0.10047983784535,72.0
1655120154.1407142,-0.1860033869743347,0.2232363224029541,-0.0112490616738796,0.7308946251869202,-0.0513272173702716,-0.6805574893951416,-0.1484047919511795,-0.2677557468414306,0.0191770959645509,0.8210464534968424,0.0513497827350204,0.1018149993039183,72.0
1655120154.150824,-0.1702647805213928,0.195781409740448,-0.0044354498386383,0.7288432121276855,-0.0505572110414505,-0.6828114986419678,-0.1174041330814361,-0.3337943255901336,0.0198489353060722,0.817994951735897,0.0505787718173212,0.102905754238955,72.0
1655120154.160637,-0.1564035415649414,0.1613836884498596,0.0042788982391357,0.7262581586837769,-0.0500247366726398,-0.6855994462966919,-0.1045653000473976,-0.4207702279090881,0.0373762659728527,0.8141882323512022,0.0500456236098319,0.1039048245620213,72.0
1655120154.170615,-0.1367785334587097,0.156811237335205,-0.0011091530323028,0.7230211496353149,-0.0496720820665359,-0.6890378594398499,-0.1084144935011863,-0.5061904788017273,0.0662214159965515,0.809460013853679,0.0496925317431425,0.105023582548042,72.0
1655120154.180553,-0.1222097873687744,0.1598644852638244,-0.0093037188053131,0.7193471789360046,-0.0495036467909812,-0.6928845643997192,-0.1171589866280555,-0.5594121217727661,0.0957377627491951,0.804134124051988,0.0495238866371891,0.1063810298730403,72.0
1655120154.190489,-0.1075528264045715,0.1544179916381836,0.0017421841621398,0.7152798175811768,-0.0495174452662467,-0.6970816254615784,-0.0890308171510696,-0.5849941968917847,0.1298393607139587,0.7982823800027683,0.0495377027298388,0.1079712749029243,72.0
1655120154.200481,-0.1001645326614379,0.1280906200408935,0.0196654498577117,0.7108212113380432,-0.0502287857234478,-0.7015770077705383,-0.0186493266373872,-0.6769350171089172,0.1885812282562255,0.7919431037292034,0.0502499292997525,0.1094240799481297,72.0
1655120154.210544,-0.0589135289192199,0.1353175640106201,0.0565615333616733,0.7056877613067627,-0.0520754233002662,-0.7066066265106201,0.0926361232995987,-0.7468047142028809,0.2515464723110199,0.7847475179630742,0.0520989895342155,0.110743562844972,72.0
1655120154.220509,-0.0291935205459594,0.1255656480789184,0.0633504986763,0.7001224160194397,-0.0548208132386207,-0.7119151949882507,0.1518704146146774,-0.7894240617752075,0.2719153761863708,0.7770467620890937,0.0548483084907497,0.1116821455943493,72.0
1655120154.230341,-0.0230963826179504,0.1067898273468017,0.0669852793216705,0.6942541599273682,-0.0580435991287231,-0.7173855900764465,0.1718798130750656,-0.8161420822143555,0.3121108412742615,0.7690133963339556,0.0580762410853461,0.1125834580129865,72.0
1655120154.24032,-0.0087993144989013,0.0899959802627563,0.0546709597110748,0.6881815791130066,-0.0614610873162746,-0.7229305505752563,0.1563096344470977,-0.8133161664009094,0.3502073585987091,0.7607778899575451,0.0614998471761958,0.1138610404739566,72.0
1655120154.2502642,0.0028914809226989,0.0539093613624572,0.0525434985756874,0.6822280287742615,-0.0652082860469818,-0.7282257676124573,0.2121864855289459,-0.7752709984779358,0.3720504939556122,0.7527976774534296,0.065254584835906,0.1152607691618722,72.0
1655120154.2602282,0.012211799621582,0.0057445764541625,0.0762212574481964,0.6763867139816284,-0.0697362348437309,-0.7332378625869751,0.3193041384220123,-0.7601096630096436,0.4047823548316955,0.7450892939549248,0.0697928832875934,0.1162967444977724,72.0
1655120154.270211,0.0294939875602722,-0.0323091745376586,0.0933040454983711,0.6706096529960632,-0.0752376168966293,-0.7379850149154663,0.4274083375930786,-0.7240987420082092,0.423542320728302,0.7376029928325603,0.0753087835241267,0.1168266459493952,72.0
1655120154.280174,0.0343956351280212,-0.0709395408630371,0.0714361667633056,0.6651434898376465,-0.0815679877996444,-0.7422471046447754,0.5114771127700806,-0.6597461104393005,0.4336897730827331,0.7306680666721322,0.0816587131043184,0.116874374626343,72.0
1655120154.290269,0.0311906337738037,-0.112709641456604,0.0525412261486053,0.6602002382278442,-0.0885061770677566,-0.7458567023277283,0.571243166923523,-0.5745373964309692,0.4463112652301788,0.72455375030671,0.088622135044062,0.1165436773868741,72.0
1655120154.3000798,0.0307950377464294,-0.1651371121406555,0.0330059602856636,0.655819833278656,-0.0957653149962425,-0.748818576335907,0.5790315866470337,-0.4887705743312835,0.4510876536369324,0.719286339414186,0.09591230122287,0.1160829130601794,72.0
1655120154.3101358,0.0317606329917907,-0.1960901021957397,0.0055675581097602,0.6520771384239197,-0.1028423309326171,-0.7511450052261353,0.5350666046142578,-0.3920298814773559,0.4333168268203735,0.714914842884263,0.1030244845027919,0.115736018748568,72.0
1655120154.32019,0.0236388444900512,-0.207661747932434,-0.0189199149608612,0.649090588092804,-0.1092996820807457,-0.7528180480003357,0.4435468018054962,-0.2843809127807617,0.4311175942420959,0.7115425524520353,0.1095184807422375,0.1157846489221017,72.0
1655120154.329788,0.0235528945922851,-0.23029625415802,-0.0357028543949127,0.6469029784202576,-0.1150081828236579,-0.7538499236106873,0.3581962585449219,-0.1718486845493316,0.4119787812232971,0.7091964122944884,0.115263237752699,0.116382559248983,72.0
1655120154.3399138,0.0198122859001159,-0.2440258264541626,-0.0440713688731193,0.645547091960907,-0.1198995485901832,-0.7542499303817749,0.2803108096122741,-0.0622761026024818,0.3735027611255646,0.7078975728160914,0.1201886992338127,0.1172980578822298,72.0
1655120154.3498502,0.0094603300094604,-0.2549436688423157,-0.0532453879714012,0.6451263427734375,-0.124153271317482,-0.7539216876029968,0.275036484003067,0.0700692608952522,0.3066998422145843,0.7077905032122318,0.1244744578748059,0.1181324424781347,72.0
1655120154.359999,-0.0171774625778198,-0.2706243991851806,-0.0732399523258209,0.645839512348175,-0.1279471516609192,-0.7526757717132568,0.277908444404602,0.2052667737007141,0.2293880134820938,0.7091536239263277,0.1282988476675169,0.1183669084061989,72.0
1655120154.369837,-0.0361291170120239,-0.2797935605049133,-0.1045026779174804,0.6476249694824219,-0.1311540603637695,-0.7505866885185242,0.2382768094539642,0.3370848596096039,0.1550825834274292,0.7118926918091663,0.1315330041356045,0.118112937315492,72.0
1655120154.379748,-0.0472649931907653,-0.2879638671875,-0.1541007161140442,0.6505821943283081,-0.1333595812320709,-0.7476349472999573,0.1516274064779281,0.5003161430358887,0.068099744617939,0.7160975308400809,0.1337580782805117,0.1176774379250487,72.0
1655120154.389849,-0.0779677629470825,-0.3087562918663025,-0.1876822412014007,0.654810905456543,-0.1342171430587768,-0.7437797784805298,0.0378833897411823,0.6502971053123474,-0.0208737645298242,0.7218705459211017,0.1346234160112226,0.117200240150316,72.0
1655120154.399857,-0.1101393699645996,-0.3171520233154297,-0.1917940080165863,0.6602339148521423,-0.1337979882955551,-0.7390460968017578,-0.0408199429512023,0.793701171875,-0.1024447903037071,0.7291342292090441,0.1342004524459134,0.1167549277943704,72.0
1655120154.4099689,-0.1350695490837097,-0.3092586994171142,-0.184571772813797,0.6666551828384399,-0.1324905902147293,-0.7334964871406555,-0.066051997244358,0.9045444130897522,-0.1665513515472412,0.7376957755054522,0.1328813066790534,0.1161268757481921,72.0
1655120154.419606,-0.1503716111183166,-0.2972229719161987,-0.1787175834178924,0.6738548278808594,-0.1307306438684463,-0.7272064089775085,-0.0358810424804687,0.9992748498916626,-0.2463527023792266,0.7473371420107642,0.1311059154048001,0.1149728307483784,72.0
1655120154.429644,-0.170710027217865,-0.27712082862854,-0.1847110092639923,0.6818183660507202,-0.1287502646446228,-0.7201021313667297,0.035537414252758,1.1062465906143188,-0.3301746249198913,0.7580968530070632,0.1291086493416354,0.1128819164597856,72.0
1655120154.439509,-0.1928604841232299,-0.2640902400016784,-0.1932425498962402,0.6904800534248352,-0.1267952769994735,-0.712151825428009,0.1395847201347351,1.1965495347976685,-0.4130221009254455,0.7699485805197273,0.1271375024835803,0.1096051294117183,72.0
1655120154.449475,-0.2120129466056823,-0.2493653893470764,-0.1958561539649963,0.6997600793838501,-0.1250514090061187,-0.7033476829528809,0.2474119067192077,1.2780681848526,-0.4889523684978485,0.7828412765420742,0.1253796452681446,0.1050407798731247,72.0
1655120154.459568,-0.2307696342468261,-0.2371739149093628,-0.1931461989879608,0.7095750570297241,-0.1235194206237793,-0.6937190890312195,0.3704622089862823,1.3563182353973389,-0.5692139267921448,0.7966967851758914,0.1238356876499259,0.0990963458315536,72.0
1655120154.4693952,-0.254665732383728,-0.2218769788742065,-0.1913500726222992,0.719799280166626,-0.1220654398202896,-0.6833660006523132,0.4436888694763183,1.4250353574752808,-0.625785231590271,0.8113574143481724,0.1223706226410337,0.0919780854320199,72.0
1655120154.4793448,-0.2855128049850464,-0.1956670880317688,-0.1874592900276184,0.7304285168647766,-0.1205393597483635,-0.6722681522369385,0.5069056749343872,1.4927699565887451,-0.6801536679267883,0.826837697377164,0.1208331840040592,0.0839943486662746,72.0
1655120154.489291,-0.3173941969871521,-0.15848308801651,-0.1679348349571228,0.7412375211715698,-0.1188388168811798,-0.6606392860412598,0.539802610874176,1.5164510011672974,-0.7326260805130005,0.842828017095351,0.1191203279444202,0.0753415792122533,72.0
1655120154.499271,-0.3232518434524536,-0.122516393661499,-0.1661492586135864,0.7520847916603088,-0.1168097108602523,-0.6486323475837708,0.5586228966712952,1.5396442413330078,-0.776160478591919,0.8591210453691313,0.1170769917755869,0.0661915829888556,72.0
1655120154.509334,-0.3305502533912658,-0.0822157859802246,-0.1650785207748413,0.7628774642944336,-0.1144319400191307,-0.6363358497619629,0.591581404209137,1.5431941747665403,-0.831964373588562,0.875590460493766,0.1146831639652144,0.0566243386742616,72.0
1655120154.519216,-0.3315226435661316,-0.0469276905059814,-0.1595802009105682,0.7734628319740295,-0.1117668226361274,-0.6239097118377686,0.6474814414978027,1.5301520824432373,-0.8793039321899414,0.8920168317029732,0.1120008337983093,0.0464154778818865,72.0
1655120154.529279,-0.3262619972229004,-0.0390798449516296,-0.1611118018627166,0.7837356328964233,-0.1089534983038902,-0.6114633679389954,0.7090690732002258,1.4965113401412964,-0.9239885210990906,0.9082513872459808,0.1091702212657592,0.0354726218428054,72.0
1655120154.539192,-0.337169885635376,-0.0361165404319763,-0.158754825592041,0.7937127947807312,-0.106091983616352,-0.598969578742981,0.7885441780090332,1.4752689599990845,-0.944579303264618,0.9243304707720124,0.1062920164199761,0.0238258496726545,72.0
1655120154.549027,-0.3516274690628052,-0.0256123542785644,-0.1334602534770965,0.8032723069190979,-0.103386640548706,-0.5865703225135803,0.8523392081260681,1.4362975358963013,-0.9524664878845216,0.9400711426530992,0.1035717124886974,0.0115868690658968,72.0
1655120154.558823,-0.3499705791473388,-0.0092362165451049,-0.1016446948051452,0.8123881220817566,-0.1009004712104797,-0.5743209719657898,0.939375340938568,1.3873419761657717,-0.9509577751159668,0.9554185200133092,0.1010724670359509,-0.0012794660036908,72.0
1655120154.56881,-0.3435203433036804,0.0301275849342346,-0.0639371499419212,0.8210135102272034,-0.0987215340137481,-0.5623084306716919,1.0310766696929932,1.3317943811416626,-0.955938458442688,0.9702797349252444,0.0988825975003457,-0.0148110585743683,72.0
1655120154.578772,-0.3336097598075866,0.0511770248413085,-0.0312886461615562,0.8291235566139221,-0.0967630892992019,-0.5506277084350586,1.0936766862869265,1.2586828470230105,-0.9647825360298156,0.9845670942485736,0.0969147297788723,-0.0290667429042311,72.0
1655120154.5887198,-0.3261482715606689,0.079101026058197,-0.0060223266482353,0.8366614580154419,-0.0946856439113617,-0.5394739508628845,1.0784229040145874,1.180778980255127,-0.9709978103637696,0.9980898327799268,0.0948276988736529,-0.0434938844426319,72.0
1655120154.598853,-0.3186150789260864,0.1002357602119445,-0.0129945501685142,0.8436545729637146,-0.0920774489641189,-0.5289314985275269,0.9710105061531068,1.1085394620895386,-0.965725302696228,1.0107941043343678,0.0922080587094285,-0.0574099464997244,72.0
1655120154.608708,-0.2990373373031616,0.1304925680160522,-0.0238788723945617,0.8500779271125793,-0.0886089205741882,-0.5191492438316345,0.8019229173660278,1.030208706855774,-0.9559147357940674,1.0225406002849176,0.0887252829660511,-0.0700110520983842,72.0
1655120154.618877,-0.2863608598709106,0.1503641605377197,-0.0208521485328674,0.8559408187866211,-0.0843266695737838,-0.510151207447052,0.661885142326355,0.9541548490524292,-0.9358251690864564,1.0333141654335185,0.0844269313773641,-0.0811412950628281,72.0
1655120154.6288152,-0.2908649444580078,0.1680948138236999,-0.0010781288146972,0.8611926436424255,-0.0796255841851234,-0.5020029544830322,0.5743930339813232,0.8403268456459045,-0.888225257396698,1.0430332901785606,0.0797099624954841,-0.0910519439561725,72.0
1655120154.638737,-0.2970409989356994,0.207540363073349,0.0377180650830268,0.8656901717185974,-0.0749342292547226,-0.4949397146701813,0.4972700178623199,0.7211280465126038,-0.8237829208374023,1.0514241732166354,0.0750045335007893,-0.0999372764957812,72.0
1655120154.6486502,-0.3015261888504028,0.2488656044006347,0.0884454846382141,0.8694277405738831,-0.0704706385731697,-0.4890084564685821,0.4644863307476043,0.5839979648590088,-0.7543091773986816,1.0584458746239946,0.0705290937083578,-0.1079755969189972,72.0
1655120154.658692,-0.3011109232902527,0.3063537180423736,0.1372721195220947,0.8723540902137756,-0.0664865672588348,-0.484332263469696,0.4489816725254059,0.4377230703830719,-0.6766149401664734,1.0639684464786872,0.066535650549509,-0.1154360407448712,72.0
1655120154.668736,-0.2952165007591247,0.3513761758804321,0.183135449886322,0.874409556388855,-0.0631555840373039,-0.4810606837272644,0.4753348231315613,0.2599756121635437,-0.6077452898025513,1.0678342183441407,0.0631976414712436,-0.1225670282139932,72.0
1655120154.678574,-0.2726287245750427,0.364860862493515,0.2108590304851532,0.8754881024360657,-0.0607278048992157,-0.4794086217880249,0.5543577075004578,0.0636417716741561,-0.5148332118988037,1.0698052069522566,0.0607651938882252,-0.1297368638742498,72.0
1655120154.688488,-0.2366322875022888,0.3690715730190277,0.216055542230606,0.8754871487617493,-0.0595308654010295,-0.4795604944229126,0.5937789082527161,-0.1562720090150833,-0.4003676474094391,1.0696712986665575,0.0595660853801051,-0.1369913986849512,72.0
1655120154.6984658,-0.188978910446167,0.377798855304718,0.1923812925815582,0.8744341135025024,-0.0593704134225845,-0.4814976751804352,0.5643879771232605,-0.3268074989318847,-0.2881465852260589,1.067462539292595,0.0594053488471035,-0.1437286213386718,72.0
1655120154.708545,-0.1752957105636596,0.3903771042823791,0.1884155571460724,0.8724848628044128,-0.0599365420639514,-0.4849511086940765,0.4483655393123626,-0.4964078366756439,-0.1647877544164657,1.063490034328072,0.0599724872888675,-0.149293031494761,72.0
1655120154.7184129,-0.1858572959899902,0.4435840845108032,0.2102605402469635,0.869405210018158,-0.0609838031232357,-0.4903217852115631,0.2623181641101837,-0.6827859878540039,-0.0414455831050872,1.057287970633885,0.0610216683500568,-0.1528570107778226,72.0
1655120154.728325,-0.1757314801216125,0.4960691034793854,0.2324549853801727,0.865398108959198,-0.0621668845415115,-0.4972135722637176,0.0784879401326179,-0.8552820086479187,0.0823757350444793,1.049301106634674,0.0622069970059918,-0.154202724276604,72.0
1655120154.738459,-0.1500148773193359,0.536043643951416,0.2633369863033294,0.8605403304100037,-0.0634163171052932,-0.5054193139076233,-0.0976532623171806,-1.0319217443466189,0.210132360458374,1.0397467104667195,0.0634588981711641,-0.1533391214232944,72.0
1655120154.748256,-0.1107189655303955,0.5416439771652222,0.2957692444324493,0.8546153903007507,-0.0650563463568687,-0.5151700377464294,-0.1693451553583145,-1.2200435400009155,0.3361024558544159,1.028313788750891,0.0651023276748248,-0.1507525876047419,72.0
1655120154.758233,-0.0503482222557067,0.4818311333656311,0.3114508390426636,0.84745192527771,-0.0674475505948066,-0.5265699028968811,-0.2735093832015991,-1.4286375045776367,0.4897271990776062,1.0148212526602138,0.0674987909555292,-0.1468065362688687,72.0
1655120154.768135,0.0153427124023437,0.4386438131332397,0.2957250475883484,0.8390272855758667,-0.0703679919242858,-0.539519727230072,-0.4546792209148407,-1.5878883600234983,0.6517792344093323,0.9993365571543034,0.070426191799308,-0.1407241554983234,72.0
1655120154.778139,0.0491959452629089,0.3841775059700012,0.2695029079914093,0.8294507265090942,-0.0730765014886856,-0.5537789463996887,-0.7579683065414429,-1.7367390394210815,0.772916316986084,0.9821164517560622,0.0731416978500919,-0.1318308485127177,72.0
1655120154.788106,0.0936046838760376,0.3623738288879394,0.2557179033756256,0.8186419606208801,-0.074504517018795,-0.5694509148597717,-1.1690703630447388,-1.9085350036621092,0.8729691505432129,0.9630265608800176,0.0745736171210011,-0.1192625760524492,72.0
1655120154.798037,0.1335412859916687,0.3704766035079956,0.2306941449642181,0.8065677881240845,-0.0737269893288612,-0.5865257978439331,-1.635642409324646,-2.051551103591919,0.9208120703697203,0.9420559452616888,0.0737939449493061,-0.102660541948859,72.0
1655120154.808214,0.1665036678314209,0.3670027256011963,0.2044325470924377,0.7936097383499146,-0.0705519169569015,-0.6043226718902588,-1.9326306581497192,-2.0908007621765137,0.9609969258308412,0.9199846571316216,0.0706105805602417,-0.0826597986653026,72.0
1655120154.818023,0.2126888036727905,0.2465016841888427,0.2150592803955078,0.7798801064491272,-0.0662097707390785,-0.6224172115325928,-2.0216312408447266,-2.1840033531188965,1.0307472944259644,0.8972189799199445,0.0662582427835805,-0.0609228815650471,72.0
1655120154.8280392,0.2658594250679016,0.1293640732765197,0.2447223663330078,0.7651920914649963,-0.0615405887365341,-0.6408539414405823,-2.0396597385406494,-2.268399238586426,1.0692682266235352,0.873599801089666,0.0615794995852583,-0.0385845720310418,72.0
1655120154.837882,0.2695263624191284,0.0382808446884155,0.238340824842453,0.749882698059082,-0.0565933808684349,-0.659145712852478,-1.982975006103516,-2.247562885284424,1.0729141235351562,0.8497062095657281,0.0566236325147917,-0.0163619769743732,72.0
1655120154.847844,0.2356078624725341,-0.0590957999229431,0.1921203732490539,0.7344390153884888,-0.0515564084053039,-0.6767135262489319,-1.8895301818847656,-2.216858386993408,1.0446908473968506,0.8262819931595016,0.0515792756974434,0.0050999588450546,72.0
1655120154.8578382,0.2308169603347778,-0.1335830092430114,0.1141196489334106,0.7192409038543701,-0.04655372351408,-0.6931992769241333,-1.7586441040039062,-2.087181329727173,1.011788010597229,0.8038334007577864,0.0465705553502801,0.0253697749574355,72.0
1655120154.867783,0.2196108698844909,-0.2250133156776428,0.05428022518754,0.704781711101532,-0.0416764467954635,-0.7081989645957947,-1.6498607397079468,-1.931282639503479,0.9585937857627868,0.7829796712579231,0.0416885202788455,0.0443589631664469,72.0
1655120154.8779058,0.2050998210906982,-0.2869744300842285,0.0087494254112243,0.6914302706718445,-0.0367187820374965,-0.7215095162391663,-1.5532824993133545,-1.7023792266845703,0.8964681029319763,0.7641129715440207,0.0367270365476303,0.0621393517058793,72.0
1655120154.8876848,0.1954418420791626,-0.3730783462524414,-0.0144315659999847,0.6798022389411926,-0.0320314355194568,-0.7326956391334534,-1.3338826894760132,-1.4188177585601809,0.81915283203125,0.7479689185616131,0.0320369161224168,0.0783350343225091,72.0
1655120154.897661,0.1908143162727356,-0.4777116775512695,-0.0212651193141937,0.6701017618179321,-0.0288142208009958,-0.7417097687721252,-0.9545125365257264,-1.157695770263672,0.7387083172798157,0.7347209339250407,0.0288182086937313,0.0917954208214377,72.0
1655120154.90762,0.1903378963470459,-0.5571645498275757,-0.0382149219512939,0.6621705889701843,-0.0278556384146213,-0.7488352060317993,-0.5787051320075989,-0.9112346172332764,0.668181300163269,0.7240547498060065,0.0278592429243248,0.102096054384502,72.0
1655120154.9179711,0.169264554977417,-0.588531494140625,-0.0985372066497802,0.656190037727356,-0.0288584362715482,-0.7540436387062073,-0.2602480351924896,-0.6262944936752319,0.571575939655304,0.7161209949323005,0.0288624431023569,0.1094366936589096,72.0
1655120154.927531,0.1396017670631408,-0.589188814163208,-0.1734724938869476,0.6522682905197144,-0.0310105215758085,-0.7573536038398743,-0.0869229286909103,-0.3645710945129394,0.4639783203601837,0.7109872286055604,0.031015494130998,0.1144272039178308,72.0
1655120154.9374928,0.1014771461486816,-0.5900878310203552,-0.241331398487091,0.6503996253013611,-0.0332199856638908,-0.758865475654602,-0.0273197814822196,-0.0947939381003379,0.3257650732994079,0.7085833581736647,0.0332260988549086,0.1177609768759144,72.0
1655120154.947592,0.0543165206909179,-0.5648868680000305,-0.2907003164291382,0.6506547331809998,-0.0346170365810394,-0.7585842609405518,-0.0262893363833427,0.1833977401256561,0.1636689156293869,0.7089603065146128,0.0346239550421532,0.1198017627010334,72.0
1655120154.957417,0.0045866966247558,-0.5144124031066895,-0.3072380423545837,0.6527923345565796,-0.0348182395100593,-0.7567363381385803,-0.0622683800756931,0.3949797749519348,-0.0039570997469127,0.7117876202954547,0.0348252784210371,0.1207023143286031,72.0
1655120154.967355,-0.0291380882263183,-0.4477982521057129,-0.3071247041225433,0.6565641164779663,-0.0338329076766967,-0.7535110116004944,-0.0548155829310417,0.592863917350769,-0.1550923585891723,0.7167531943938394,0.0338393641600133,0.1205029064602045,72.0
1655120154.977337,-0.0565965771675109,-0.3998652100563049,-0.2936159968376159,0.6615312099456787,-0.0321438610553741,-0.7492284178733826,-0.0029095122590661,0.7161203622817993,-0.2835049331188202,0.7233149077048828,0.0321494006448184,0.1190641744815078,72.0
1655120154.987273,-0.0725233554840087,-0.339126706123352,-0.2623609900474548,0.6673871874809265,-0.0302873402833938,-0.7440947890281677,0.1328046470880508,0.8270971775054932,-0.4004890024662018,0.7311061101769818,0.0302919724167281,0.1161231621671426,72.0
1655120154.9972649,-0.0824213624000549,-0.2947834134101867,-0.2092680931091308,0.6738519668579102,-0.0289826076477766,-0.7382977604866028,0.3390169441699981,0.8826816082000732,-0.5025352239608765,0.7397931717246367,0.0289866670809287,0.1112556903453081,72.0
1655120155.007327,-0.0931185483932495,-0.2476440072059631,-0.1575366258621215,0.6805665493011475,-0.0287274122238159,-0.7321228981018066,0.6107996702194214,0.907619297504425,-0.60527503490448,0.7489191806909358,0.0287313641642553,0.1040023702649502,72.0
1655120155.017256,-0.1088092923164367,-0.1959076523780822,-0.1354810893535614,0.6873462200164795,-0.0296800285577774,-0.7257232666015625,0.8516796231269836,0.9073916077613832,-0.6873995065689087,0.7582461946770002,0.0296843881644199,0.0942808787413587,72.0
1655120155.027131,-0.1373939514160156,-0.1479716897010803,-0.1261951327323913,0.6940802931785583,-0.0313213393092155,-0.7192158699035645,0.9894377589225768,0.9029388427734376,-0.7732734680175781,0.7676149829911051,0.0313264615805507,0.0826361861738033,72.0
1655120155.037171,-0.1751794219017028,-0.0909509062767028,-0.1206421852111816,0.7007683515548706,-0.0327238775789737,-0.7126380205154419,1.0021910667419434,0.895656406879425,-0.8803482055664062,0.7770004608538873,0.0327297225149849,0.0697857138107774,72.0
1655120155.047046,-0.2104601860046386,-0.0520734786987304,-0.127362310886383,0.7073625922203064,-0.03311438113451,-0.7060748338699341,0.94268536567688,0.887130856513977,-0.9797223806381226,0.7863092773161056,0.0331204346324344,0.056342097424975,72.0
1655120155.05704,-0.2441588640213012,-0.0125606060028076,-0.1206491589546203,0.7138548493385315,-0.0318929441273212,-0.6995670795440674,0.7605006694793701,0.8740840554237366,-1.0624125003814695,0.7955064330703063,0.0318983549700168,0.0431433547130309,72.0
1655120155.0669708,-0.2779292464256286,0.0306358337402343,-0.1086207628250122,0.7201594114303589,-0.028616789728403,-0.6932182908058167,0.5761906504631042,0.8544536828994751,-1.1491498947143557,0.8044573684525205,0.0286206971975834,0.0307060558632763,72.0
1655120155.076926,-0.2845680713653564,0.0519159436225891,-0.0865747332572937,0.7261573672294617,-0.0235784705728292,-0.6871241331100464,0.4481328427791595,0.8068265318870544,-1.213227152824402,0.8130100054924256,0.0235806555989736,0.0189153976993594,72.0
1655120155.08702,-0.2697056531906128,0.0690891742706298,-0.0498005449771881,0.7316195964813232,-0.0176127739250659,-0.6814854741096497,0.4333399832248688,0.7229294776916504,-1.2501853704452517,0.8208612962193923,0.0176136851518316,0.0073500779360219,72.0
1655120155.0967789,-0.2570770978927612,0.1025230884552002,-0.0120362639427185,0.7363860607147217,-0.0112944273278117,-0.67646723985672,0.4342369139194488,0.6384324431419373,-1.275325894355774,0.8277825723693683,0.0112946670851471,-0.0043695646416217,72.0
1655120155.1068602,-0.2496067881584167,0.1189551353454589,0.0245210230350494,0.7404972314834595,-0.0050355517305433,-0.6720405220985413,0.5045515298843384,0.5580725073814392,-1.28370463848114,0.8338239090252993,0.005035572952669,-0.0163901606465357,72.0
1655120155.116829,-0.2676447629928589,0.1371431946754455,0.0540008246898651,0.7439172267913818,0.0008850349695421,-0.6682711243629456,0.5688719153404236,0.4632841944694519,-1.2832460403442385,0.8389135794941203,-0.0008850351088531,-0.0289271506669393,72.0
1655120155.126667,-0.292961835861206,0.1536111831665039,0.062959611415863,0.7465749979019165,0.006544173695147,-0.6652690172195435,0.6008859872817993,0.3604358434677124,-1.2960107326507568,0.8429231467115857,-0.0065442203678305,-0.0418402521015122,72.0
1655120155.136695,-0.3195229172706604,0.1700393557548523,0.0599590837955474,0.7484473586082458,0.012230266816914,-0.6630813479423523,0.5849062204360962,0.2532356381416321,-1.3029088973999023,0.8458022832099983,-0.0122305714512668,-0.0548855710815277,72.0
1655120155.146649,-0.340448260307312,0.1928073763847351,0.0514880120754241,0.749521017074585,0.0183820091187953,-0.6617252826690674,0.4784242212772369,0.1342834532260894,-1.3058176040649414,0.8475295981653767,-0.018383045121259,-0.0674892487495963,72.0
1655120155.156764,-0.3333047032356262,0.2387487292289734,0.0471967458724975,0.7497016787528992,0.0256181973963975,-0.6612798571586609,0.3050061166286468,0.0274539422243833,-1.331333041191101,0.8479832018292647,-0.0256209998706984,-0.0790753718397521,72.0
1655120155.166583,-0.2907534837722778,0.2441332340240478,0.0394327938556671,0.7490511536598206,0.0339009426534175,-0.6616442203521729,0.1970401555299759,-0.0918231830000877,-1.3280072212219238,0.8472792087042298,-0.0339074414142484,-0.0897277279691611,72.0
1655120155.176559,-0.2639001011848449,0.2594716548919678,0.0546537898480892,0.7473136782646179,0.0427125357091426,-0.6630971431732178,0.0951569378376007,-0.2363737076520919,-1.3088889122009275,0.8450380122432558,-0.0427255332255947,-0.0995067035115792,72.0
1655120155.186475,-0.2464321851730346,0.2710054516792297,0.0710992515087127,0.7443873882293701,0.0516119301319122,-0.6657503843307495,0.0846605524420738,-0.3864006698131561,-1.28736412525177,0.8411059620555149,-0.0516348722932671,-0.108795190955124,72.0
1655120155.196449,-0.221071720123291,0.268579363822937,0.0890664160251617,0.7404808402061462,0.0603018552064895,-0.669366717338562,0.0860472619533538,-0.5579396486282349,-1.2362912893295288,0.8357964311634024,-0.0603384625463135,-0.1179082138443707,72.0
1655120155.2064462,-0.196840763092041,0.2681728601455688,0.1125034391880035,0.7353691458702087,0.0688167586922645,-0.6741635203361511,0.021571796387434,-0.7204599976539612,-1.2001221179962158,0.8287935450716498,-0.068871188181778,-0.1264991362258181,72.0
1655120155.2165089,-0.1534793972969055,0.2720869183540344,0.1121820509433746,0.7291170954704285,0.0775152146816253,-0.6799849271774292,-0.0547384247183799,-0.8649463057518005,-1.164243221282959,0.8202517762452505,-0.0775930553776905,-0.1344118912415096,72.0
1655120155.226455,-0.1144659519195556,0.266238808631897,0.1199425160884857,0.7218724489212036,0.0865851938724517,-0.6865879893302917,-0.1788554489612579,-0.9791809916496276,-1.1398972272872925,0.8104447381021903,-0.0866937493506296,-0.1414600463982962,72.0
1655120155.236308,-0.0607954859733581,0.2484466433525085,0.1432487964630127,0.7137189507484436,0.0963447019457817,-0.6937743425369263,-0.328806072473526,-1.085931420326233,-1.1023207902908323,0.7995675168926302,-0.0964943754778283,-0.1473956893838643,72.0
1655120155.246234,-0.0084140300750732,0.2376732230186462,0.1690590977668762,0.7047182321548462,0.1066977158188819,-0.7014183402061462,-0.45160773396492,-1.1900702714920044,-1.059365153312683,0.7877449382300842,-0.1069012116517601,-0.1522061418428704,72.0
1655120155.256232,0.0220841169357299,0.241578459739685,0.2006365954875946,0.694849967956543,0.1174175813794136,-0.7095044255256653,-0.5565037727355957,-1.2873245477676392,-0.9969316720962524,0.7749635042698989,-0.1176890713187543,-0.1559730765445221,72.0
1655120155.266175,0.0410947799682617,0.2490889430046081,0.2335404753684997,0.684201180934906,0.1283217221498489,-0.7179152965545654,-0.6422402858734131,-1.3741005659103394,-0.93537038564682,0.7613576332722486,-0.1286765179019587,-0.1587550984749121,72.0
1655120155.27609,0.0385109186172485,0.2606185674667358,0.2689436078071594,0.6728385090827942,0.139274775981903,-0.7265609502792358,-0.7259035110473633,-1.448547601699829,-0.858634889125824,0.747027359368215,-0.1397290107255091,-0.1606535013543281,72.0
1655120155.286072,0.0372968912124633,0.2698768377304077,0.3116085529327392,0.6609146595001221,0.1503817737102508,-0.7352394461631775,-0.8080957531929016,-1.4958747625350952,-0.796953558921814,0.7322130273537735,-0.150954433267375,-0.1615569686488614,72.0
1655120155.296205,0.0582920312881469,0.2315597534179687,0.3289199471473694,0.6484797596931458,0.1612838953733444,-0.7439499497413635,-0.8302937150001526,-1.565983533859253,-0.7021202445030212,0.7169415548754917,-0.1619914394740399,-0.1617511398776942,72.0
1655120155.306051,0.1225514411926269,0.1664677858352661,0.330032467842102,0.6355661153793335,0.1719053983688354,-0.7526647448539734,-0.912383198738098,-1.5994936227798462,-0.5916438102722168,0.7012464151514587,-0.1727635394978109,-0.1610196455153838,72.0
1655120155.3159928,0.1842302680015564,0.1227461695671081,0.3211981058120727,0.6225475668907166,0.1824944913387298,-0.7610060572624207,-1.0044268369674685,-1.5984978675842283,-0.4877507090568542,0.6856557028829682,-0.183522949638628,-0.1590333513627362,72.0
1655120155.325912,0.2187236547470092,0.0977880358695983,0.3257277905941009,0.6095690727233887,0.1932846307754516,-0.7688085436820984,-1.1321061849594116,-1.5914148092269895,-0.3873827457427978,0.6703813127223716,-0.1945088129712463,-0.1556843104452571,72.0
1655120155.3358889,0.232859194278717,0.0985084176063537,0.328235000371933,0.5967305898666382,0.2046476900577545,-0.7759071588516235,-1.2763265371322632,-1.5587372779846191,-0.3132731020450592,0.655597569977667,-0.2061037654252637,-0.150948827146167,72.0
1655120155.345829,0.2279839515686035,0.0940671563148498,0.3192694783210754,0.5841802954673767,0.2168022692203521,-0.7821317911148071,-1.4415265321731567,-1.5238451957702637,-0.2448748648166656,0.6415191594327592,-0.2185376270994339,-0.1448488681841391,72.0
1655120155.355802,0.2184247970581054,0.0836608409881591,0.3090250194072723,0.5719956159591675,0.2300527393817901,-0.7873351573944092,-1.6319228410720823,-1.469288945198059,-0.1950175613164901,0.628287888310678,-0.2321318799603649,-0.1373559610669916,72.0
1655120155.365922,0.2143149375915527,0.055627703666687,0.2898906469345093,0.560297429561615,0.2444721609354019,-0.7913912534713745,-1.7949440479278564,-1.412153959274292,-0.1285538971424102,0.616068534104998,-0.2469753002314289,-0.1284317229090867,72.0
1655120155.375733,0.2402992248535156,0.0126292705535888,0.2693318128585815,0.5491599440574646,0.2592478692531585,-0.7944896817207336,-1.8321797847747805,-1.3592835664749146,-0.0218138620257377,0.6048028495159999,-0.2622433732928402,-0.1183653303789694,72.0
1655120155.385659,0.2842363119125366,-0.0425127148628234,0.2586629688739776,0.5386090278625488,0.2735330760478973,-0.796919047832489,-1.8257737159729004,-1.3298360109329224,0.1060810312628746,0.5943430982839318,-0.2770642698615806,-0.1073345978555694,72.0
1655120155.39565,0.3180199861526489,-0.0752421021461486,0.245841234922409,0.5287206768989563,0.2868888676166534,-0.7988424301147461,-1.760149359703064,-1.2818487882614136,0.2291765809059143,0.5846665043429481,-0.2909775903696157,-0.0955121202600994,72.0
1655120155.405717,0.3288935422897339,-0.0698032975196838,0.2396502196788787,0.5194644927978516,0.2991375923156738,-0.8004207015037537,-1.672790288925171,-1.2472691535949707,0.3179603517055511,0.5756643926557522,-0.3037887280641895,-0.0833026927283605,72.0
1655120155.4157538,0.3186615109443664,-0.0633771419525146,0.2263359725475311,0.510714590549469,0.3101935386657715,-0.8018419146537781,-1.5602294206619265,-1.2265175580978394,0.3996930122375488,0.5671299349796601,-0.3153965950533103,-0.0709891797702144,72.0
1655120155.425534,0.2991387248039245,-0.0610865354537963,0.1985293328762054,0.5024054050445557,0.3199338018894195,-0.8032628297805786,-1.4316445589065552,-1.1960409879684448,0.4837172627449035,0.5589270203674178,-0.3256596075324025,-0.0586482432731442,72.0
1655120155.435627,0.2613490521907806,-0.0981212258338928,0.168500930070877,0.4945865571498871,0.3281421363353729,-0.804802417755127,-1.3013262748718262,-1.1984319686889648,0.5886846780776978,0.5510450934707392,-0.3343361257917429,-0.0463167497081984,72.0
1655120155.4454331,0.2540186047554016,-0.1524215936660766,0.1451243758201599,0.4872838258743286,0.3352680504322052,-0.8063186407089233,-1.2601944208145142,-1.1590067148208618,0.6731417775154114,0.5435983918617671,-0.3418897214149333,-0.0335607379588503,72.0
1655120155.455395,0.251668781042099,-0.1910247206687927,0.1109944283962249,0.4806767106056213,0.3417643308639526,-0.8075562119483948,-1.1981823444366455,-1.0856817960739136,0.7304151654243469,0.5369002056622255,-0.3487936305465174,-0.0204705731879441,72.0
1655120155.465316,0.2365442514419555,-0.2365294694900512,0.0891341865062713,0.4748509228229522,0.3476638793945312,-0.8084840178489685,-1.1759024858474731,-1.0231236219406128,0.792168378829956,0.5310549154243598,-0.3550784062696545,-0.0070748971260134,72.0
1655120155.4752831,0.2234458327293396,-0.2550373077392578,0.0743488073348999,0.4696845710277557,0.3533550500869751,-0.8090343475341797,-1.182564616203308,-0.964774250984192,0.8212306499481201,0.5259949625780523,-0.361155086480629,0.0066889972411972,72.0
1655120155.485204,0.2085792422294616,-0.2411506175994873,0.0420413315296173,0.4651419818401336,0.3590359091758728,-0.8091576099395752,-1.1829978227615356,-0.8902260661125183,0.8291342854499817,0.521719419026352,-0.3672347231132845,0.0206155553572089,72.0
1655120155.495192,0.1857571303844452,-0.2250741124153137,0.0244594514369964,0.4611696600914001,0.3645786046981811,-0.8089529871940613,-1.141120672225952,-0.8500746488571167,0.839192807674408,0.5181305251123669,-0.3731802049409358,0.0345599705904825,72.0
1655120155.505427,0.1649430990219116,-0.2034767866134643,0.0069881975650787,0.4575085937976837,0.3695834279060364,-0.8087607622146606,-1.0510709285736084,-0.8289738893508911,0.8468579053878784,0.5148100954004363,-0.3785606599928542,0.0482665592568752,72.0
1655120155.515147,0.144815981388092,-0.1881603598594665,-0.0136549174785614,0.454015165567398,0.373609721660614,-0.8088794350624084,-0.8933700323104858,-0.8214004039764404,0.848909318447113,0.5114690652162869,-0.3828975075626901,0.0613087996434617,72.0
1655120155.525083,0.1197090744972229,-0.2071347832679748,-0.0320228338241577,0.4505881071090698,0.3762458264827728,-0.8095735907554626,-0.7217909097671509,-0.8262523412704468,0.8667665719985962,0.5078768634416757,-0.3857410308926866,0.0735897410474366,72.0
1655120155.534984,0.101569265127182,-0.2403079867362976,-0.0506249964237213,0.4472740292549133,0.3776360750198364,-0.8107631206512451,-0.595061182975769,-0.8027432560920715,0.8815305829048157,0.5041247732376718,-0.3872420022020054,0.0852535149121366,72.0
1655120155.545017,0.0798506736755371,-0.2714356780052185,-0.0658393204212188,0.4442733824253082,0.3780951201915741,-0.812197744846344,-0.4891688823699951,-0.7653401494026184,0.8875190615653992,0.5005381841353367,-0.3877378098820722,0.0963934314236272,72.0
1655120155.555027,0.0592475533485412,-0.2897694110870361,-0.0573641657829284,0.4416221380233764,0.3777071833610534,-0.8138225078582764,-0.3913155496120453,-0.7181180715560913,0.8982574343681335,0.497183972673164,-0.3873188036577878,0.1070768333091929,72.0
1655120155.5649328,0.0392214953899383,-0.2893745303153991,-0.0322333574295043,0.439400851726532,0.3767462968826294,-0.8154686093330383,-0.3513573706150055,-0.6672570109367371,0.8837850093841553,0.4942287782861386,-0.386281252359175,0.1174278213804068,72.0
1655120155.575138,0.0072845518589019,-0.2678016424179077,-0.015763908624649,0.4375090897083282,0.3757797479629516,-0.8169304132461548,-0.3270384669303894,-0.577528715133667,0.8125203847885132,0.4916834282380973,-0.3852380549012995,0.127196683158334,72.0
1655120155.5848742,-0.0364570319652557,-0.2698374986648559,-0.0191530883312225,0.4360083639621734,0.3748812079429626,-0.818144679069519,-0.2516131997108459,-0.4919524788856506,0.7044590711593628,0.4896380462161577,-0.3842686410922544,0.1358770329372487,72.0
1655120155.594838,-0.0701966881752014,-0.2775574326515198,-0.066336989402771,0.4347596168518066,0.3736947476863861,-0.8193511366844177,-0.1606404185295105,-0.4165796935558319,0.6244582533836365,0.4878382128139769,-0.382989162895249,0.1431731487012733,72.0
1655120155.605008,-0.088646113872528,-0.2642557024955749,-0.1118146479129791,0.4339219331741333,0.3722974359989166,-0.8204305768013,-0.1261583417654037,-0.3218716084957123,0.5589197278022766,0.4864957907316481,-0.3814831696139976,0.1494864630244482,72.0
1655120155.614859,-0.1077128946781158,-0.2295184135437011,-0.1351624727249145,0.4336253106594085,0.371109127998352,-0.8211255073547363,-0.1476407349109649,-0.2271246016025543,0.4932378828525543,0.4858635505137284,-0.3802031437938969,0.1551695690142611,72.0
1655120155.624681,-0.1157545447349548,-0.2046370506286621,-0.1338361203670501,0.43386971950531,0.3703625798225403,-0.8213334083557129,-0.1498837023973465,-0.1320867836475372,0.4270661771297455,0.4859916832103115,-0.3793993374743719,0.1602816036150998,72.0
1655120155.6347032,-0.1204918622970581,-0.186247706413269,-0.1202119588851928,0.4345176815986633,0.369799941778183,-0.8212444186210632,-0.1239184290170669,-0.0637023895978927,0.3623039424419403,0.4866530827912219,-0.378793690496887,0.1647056228683209,72.0
1655120155.644887,-0.1230771541595459,-0.1751803159713745,-0.1016510725021362,0.4354702830314636,0.3692444264888763,-0.8209897875785828,-0.0951949656009674,-0.009098476730287,0.3085163533687591,0.487687258231714,-0.3781958561922979,0.1684138322264633,72.0
1655120155.654734,-0.1224062144756317,-0.164329707622528,-0.0839270949363708,0.436599850654602,0.3686865866184234,-0.8206404447555542,-0.0687471181154251,0.0320721305906772,0.2560558021068573,0.4889368801191776,-0.3775956863002216,0.1715115492596518,72.0
1655120155.6645532,-0.1215215623378753,-0.1560016870498657,-0.0756044089794159,0.4377903938293457,0.368130624294281,-0.8202556371688843,-0.0331783331930637,0.0540759116411209,0.2009206414222717,0.4902616925650871,-0.3769976578340273,0.1739399387921875,72.0
1655120155.674707,-0.1171969175338745,-0.1473156809806823,-0.0729864239692688,0.4389436841011047,0.3674963116645813,-0.8199236989021301,0.0059528220444917,0.0626933649182319,0.156741201877594,0.4915237266372387,-0.3763155141242734,0.175722183981078,72.0
1655120155.684637,-0.1167899370193481,-0.1310414671897888,-0.0759406387805938,0.439940482378006,0.3667273819446563,-0.8197336792945862,0.0340538322925567,0.0627711862325668,0.1144496276974678,0.4925647466113617,-0.3754888657614967,0.176886192446546,72.0
1655120155.694524,-0.11210897564888,-0.1155305504798889,-0.0822020769119262,0.4407832026481628,0.3659697473049164,-0.8196195960044861,0.0554720386862754,0.0608563721179962,0.0719474405050277,0.493420609305858,-0.3746746160956783,0.1775366773029019,72.0
1655120155.704268,-0.1081450581550598,-0.1041675209999084,-0.0862320363521575,0.4414732158184051,0.3652847409248352,-0.819553792476654,0.0515611842274665,0.0590831860899925,0.0343357324600219,0.4941069146268571,-0.3739386715621455,0.1777650295908011,72.0
1655120155.7142038,-0.1024178862571716,-0.0790237784385681,-0.0809497833251953,0.4419564008712768,0.3648090064525604,-0.8195052742958069,0.0481099933385849,0.0494385473430156,-0.0039938129484653,0.4945885048368252,-0.3734276751301492,0.1776569669932358,72.0
1655120155.724134,-0.0987477898597717,-0.0600649118423461,-0.0804385542869567,0.4422383308410644,0.3645877242088318,-0.8194516897201538,0.0250624679028987,0.0398438721895217,-0.0417048558592796,0.494882304727062,-0.3731900069908289,0.1772712127078377,72.0
1655120155.734097,-0.101671278476715,-0.0488281846046447,-0.0759176909923553,0.4423084259033203,0.3647970855236053,-0.8193206787109375,-0.0119253788143396,0.0312479864805936,-0.0755011737346649,0.4950153887157609,-0.3734148595707987,0.1766699550494322,72.0
1655120155.744179,-0.0970478653907775,-0.039854347705841,-0.0677530467510223,0.4422016143798828,0.3652994036674499,-0.8191544413566589,-0.0070673059672117,0.021518500521779,-0.1045086234807968,0.4949992532108243,-0.3739544181297013,0.1758686189672941,72.0
1655120155.753994,-0.0902939736843109,-0.0339010953903198,-0.0512849390506744,0.4418563544750213,0.3658143281936645,-0.8191109895706177,0.0063805920071899,0.002783162984997,-0.1255068480968475,0.4946949975414126,-0.3745076276715601,0.1747883992770059,72.0
1655120155.763934,-0.081802874803543,-0.0349858999252319,-0.0333763360977172,0.4406284689903259,0.3661705255508423,-0.8196130990982056,0.0431726947426795,-0.0142202675342559,-0.135017454624176,0.4932774601333746,-0.3748903669478317,0.1731160579368859,72.0
1655120155.7738829,-0.0709931850433349,-0.0356066823005676,-0.019109308719635,0.4391877055168152,0.3662162721157074,-0.8203656077384949,0.0806604102253913,-0.0354121029376983,-0.1416378170251846,0.4915307995277437,-0.3749395269968402,0.1711892023726708,72.0
1655120155.783885,-0.0636402666568756,-0.0350933670997619,-0.0170386135578155,0.4375568330287933,0.365991860628128,-0.8213367462158203,0.1164491698145866,-0.0439375787973403,-0.1465698033571243,0.4894932997719819,-0.3746983762703321,0.1689809712213232,72.0
1655120155.793814,-0.0563145279884338,-0.0368009805679321,-0.0148175656795501,0.4357394874095917,0.3655866086483001,-0.8224825263023376,0.1238330528140068,-0.0682722106575965,-0.1473538279533386,0.4871912752416812,-0.3742629614383202,0.1666176075976692,72.0
1655120155.804045,-0.0446070730686187,-0.0381001830101013,-0.0168170630931854,0.433736652135849,0.3651904463768005,-0.8237162232398987,0.1145334988832473,-0.0723397657275199,-0.1555427014827728,0.4846697339596735,-0.3738373756972261,0.1641957705125039,72.0
1655120155.814106,-0.0292699337005615,-0.0297072529792785,-0.0220029950141906,0.4315525591373443,0.3648831844329834,-0.8249985575675964,0.1059559881687164,-0.0775973722338676,-0.1545940786600113,0.4819523977956386,-0.3735073259364767,0.1617424924573891,72.0
1655120155.823885,-0.0220791697502136,-0.0210717916488647,-0.0275340676307678,0.4291988611221313,0.3646922409534454,-0.8263098001480103,0.0791199803352356,-0.0822713896632194,-0.1549962610006332,0.4790597952677221,-0.3733022726322851,0.1593063038735242,72.0
1655120155.833894,-0.0153198838233947,-0.0095771551132202,-0.0258257389068603,0.426544189453125,0.3646471500396728,-0.8277031183242798,0.0794179886579513,-0.0835286676883697,-0.1539805382490158,0.4758400011229053,-0.3732538239594735,0.1568508757074382,72.0
1655120155.843843,-0.0092037320137023,-0.0007796287536621,-0.0231299400329589,0.4236018657684326,0.3645910918712616,-0.8292374610900879,0.0922658070921897,-0.0858345851302146,-0.1493290215730667,0.4722763965447786,-0.3731936370182456,0.1542595985851177,72.0
1655120155.853792,-0.0004656612873077,0.000324547290802,-0.0167017579078674,0.4209673106670379,0.3644342720508575,-0.830646812915802,0.1125881224870681,-0.0957447439432144,-0.1481732130050659,0.4690685013656276,-0.3730252396720567,0.1517770214672689,72.0
1655120155.863752,0.0101587772369384,-0.0007116198539733,-0.0128056108951568,0.4185063242912292,0.3640629351139068,-0.8320520520210266,0.128718227148056,-0.1051364839076995,-0.1509487926959991,0.4660294995794894,-0.3726264875694332,0.1492920669439303,72.0
1655120155.873709,0.0280633866786956,-0.0018538832664489,-0.0216745436191558,0.4162572026252746,0.363669753074646,-0.833351194858551,0.1165028363466262,-0.1031327173113823,-0.1588498502969741,0.4632458849110779,-0.3722043815827376,0.1468524778443435,72.0
1655120155.883823,0.0418624877929687,-0.0030673146247863,-0.0284873843193054,0.4142836928367615,0.363387256860733,-0.8344570994377136,0.0970059633255004,-0.1001491844654083,-0.1653550714254379,0.4608203534080164,-0.3719011426027909,0.1445509636155928,72.0
1655120155.893643,0.0482827425003051,-0.0011880993843078,-0.0260941088199615,0.41265469789505,0.363237053155899,-0.8353292346000671,0.0857085660099983,-0.0908161327242851,-0.1781129539012909,0.4588380691531386,-0.3717399082029663,0.1423729442357774,72.0
1655120155.903611,0.0550278425216674,0.0016381740570068,-0.0199225544929504,0.4112043976783752,0.3631537556648254,-0.8360803127288818,0.0848403126001358,-0.0792163610458374,-0.1805763095617294,0.4570854719262109,-0.3716505043966164,0.1402450508047001,72.0
1655120155.91356,0.0553589761257171,0.0031043291091918,-0.01416876912117,0.4099729657173157,0.363137274980545,-0.8366919755935669,0.078198917210102,-0.066578596830368,-0.1852842420339584,0.4556097723896619,-0.3716328342065144,0.1381155779374377,72.0
1655120155.923454,0.0557338297367095,0.0048861503601074,-0.0052835643291473,0.4089725315570831,0.3631479442119598,-0.8371767997741699,0.0738871321082115,-0.0532419681549072,-0.1881881952285766,0.4544165988692694,-0.3716442590869673,0.1360173518271129,72.0
1655120155.9334722,0.0550904870033264,0.0090823173522949,0.0028267800807952,0.4081968069076538,0.3632468283176422,-0.8375124931335449,0.0627705603837966,-0.0347140915691852,-0.1929768323898315,0.4535103432358232,-0.3717503900529126,0.1339978612440937,72.0
1655120155.943421,0.0517635643482208,0.0054995417594909,0.0079138576984405,0.4077548086643219,0.363454520702362,-0.8376376628875732,0.0536829940974712,-0.0234134998172521,-0.1992399394512176,0.4530250145532772,-0.371973342267039,0.1320678348367328,72.0
1655120155.953546,0.0514495372772216,-0.000156819820404,0.0128801465034484,0.407946765422821,0.3636152148246765,-0.8374744653701782,0.0291297137737274,0.0001924934331327,-0.1895801126956939,0.4532869737963635,-0.372145836283876,0.1304094066577541,72.0
1655120155.9633598,0.0506516993045806,0.0022122263908386,0.0206184685230255,0.4088819026947021,0.3637503683567047,-0.8369595408439636,0.0161375496536493,0.0221676733344793,-0.1910262107849121,0.4544315551417374,-0.3722909296183949,0.129100479516898,72.0
1655120155.97334,0.0460864305496215,0.0048205852508544,0.0334649384021759,0.4104564487934112,0.3638739287853241,-0.8361347317695618,0.0186278708279132,0.0431738905608654,-0.1889159083366394,0.456339144735346,-0.3724235602521917,0.1280279445457211,72.0
1655120155.98325,0.0427591204643249,0.0057125091552734,0.0472509562969207,0.4118916690349579,0.3639886677265167,-0.8353786468505859,0.0493616834282875,0.0561735779047012,-0.1829555481672287,0.4580800977094262,-0.3725467628078263,0.1268034046420414,72.0
1655120155.993238,0.0396263599395751,0.0044335126876831,0.0524090528488159,0.4130407869815826,0.3638354539871216,-0.8348779082298279,0.0934977233409881,0.0694161504507064,-0.162960797548294,0.4594243266950146,-0.3723822587867624,0.1253424473780975,72.0
1655120156.003292,0.0339859426021575,0.0073851943016052,0.0550334453582763,0.4140883088111877,0.3634693324565887,-0.8345183730125427,0.1045498326420784,0.0832129195332527,-0.1439543813467025,0.4606032842986571,-0.3719892212332766,0.1238152499210365,72.0
1655120156.013173,0.0301917195320129,0.0089092254638671,0.0535529255867004,0.4151054620742798,0.363118827342987,-0.8341655731201172,0.0983550548553466,0.08697010576725,-0.1332213133573532,0.4617494561116491,-0.3716130116178574,0.1223475684282735,72.0
1655120156.023263,0.0260063409805297,0.0101187825202941,0.0497612357139587,0.4160254597663879,0.3628974258899688,-0.8338034749031067,0.070703387260437,0.0947880819439888,-0.123482808470726,0.4628064894642965,-0.371375427080495,0.1209984001369484,72.0
1655120156.033114,0.0179709792137146,0.0136552453041076,0.0433214902877807,0.4169960021972656,0.3629132509231567,-0.8333116173744202,0.0329165942966938,0.1038079485297203,-0.1060425639152526,0.4639741480573557,-0.3713923817431501,0.1199044787211095,72.0
1655120156.042908,0.016377717256546,0.0169016122817993,0.0411098301410675,0.4181009531021118,0.3631564974784851,-0.8326517343521118,0.0165733080357313,0.1160121485590934,-0.0861961543560028,0.4653516387698516,-0.3716534655983816,0.1191148699761659,72.0
1655120156.053031,0.0205041468143463,0.01211678981781,0.04579758644104,0.4192083179950714,0.3634736537933349,-0.8319562673568726,0.0136486245319247,0.1109721139073371,-0.0713762044906616,0.4667489006644416,-0.3719938680493029,0.1184968120254737,72.0
1655120156.062957,0.0181757807731628,0.0113455653190612,0.0540506541728973,0.4202549159526825,0.3637502193450928,-0.8313071131706238,0.0250801779329776,0.100919097661972,-0.0559694319963455,0.468065875671188,-0.3722907588892544,0.117997897778002,72.0
1655120156.0729442,0.0186384320259094,0.0124034285545349,0.0476229786872863,0.4212418496608734,0.3639217913150787,-0.8307323455810547,0.0235547199845314,0.0945472195744514,-0.0392530374228954,0.4692899077186391,-0.3724749505304423,0.1175946890476815,72.0
1655120156.082995,0.0169622600078582,0.0181760787963867,0.0370310246944427,0.422200858592987,0.3641225397586822,-0.8301573395729065,0.0114040467888116,0.0868871212005615,-0.0238935612142086,0.4704875110124924,-0.3726904947816135,0.1173794972893016,72.0
1655120156.093217,0.0138696432113647,0.0202215909957885,0.0283144116401672,0.4230809807777405,0.3643857538700104,-0.8295935988426208,-0.0019996426999568,0.0740421637892723,-0.0117671238258481,0.4716043324391062,-0.3729731365629192,0.1173316768916146,72.0
1655120156.1035352,0.0172557234764099,0.0254286527633667,0.0234392881393432,0.4239063560962677,0.3646679818630218,-0.8290480375289917,-0.0053512984886765,0.0666295737028122,0.0009131375700235,0.4726601494917746,-0.3732762018014404,0.117437880114337,72.0
1655120156.113285,0.0148777663707733,0.0191805362701416,0.0184305608272552,0.4246515929698944,0.3649617433547973,-0.8285372257232666,-0.0085660004988312,0.0629096701741218,0.0075936764478683,0.4736226222322817,-0.3735917045821957,0.1176110255616153,72.0
1655120156.123476,0.0145479440689086,0.0146790742874145,0.016667366027832,0.4253934025764465,0.3652753829956054,-0.8280183672904968,-0.0043758489191532,0.0556414797902107,0.0135331340134143,0.4745860226517238,-0.3739286051196209,0.1178641120265159,72.0
1655120156.1342502,0.0181575417518615,0.0143899917602539,0.0059208571910858,0.4261478185653686,0.3655695915222168,-0.8275004029273987,-0.0019126906991004,0.0435251630842685,0.0134047698229551,0.4755612699972021,-0.3742446815804173,0.1181596582579667,72.0
1655120156.142805,0.0171501636505126,0.0128524303436279,-0.0064860880374908,0.42686527967453,0.3661052286624908,-0.8268935680389404,-0.0207173377275466,0.0514415651559829,0.0106433006003499,0.4765452578215876,-0.3748201971412399,0.1185014199479665,72.0
1655120156.152337,0.0144711732864379,0.0155019760131835,-0.0089990198612213,0.4276521801948547,0.3668175935745239,-0.8261709809303284,-0.0416918620467186,0.050054058432579,-0.0039026178419589,0.4776531640110359,-0.3755858536517211,0.1188853873338805,72.0
1655120156.162744,0.0218542516231536,0.0246164202690124,-0.0164279341697692,0.4284325242042541,0.3675784170627594,-0.8254281878471375,-0.0559490993618965,0.059616670012474,-0.0124859493225812,0.4787655127839114,-0.3764037873857443,0.1192328648005182,72.0
1655120156.172336,0.0302333533763885,0.0246328711509704,-0.02126345038414,0.4291629493236542,0.368400901556015,-0.8246816992759705,-0.0622629225254058,0.0634537562727928,-0.0298628080636262,0.4798327573389987,-0.3772883433730883,0.1194718162794251,72.0
1655120156.182297,0.0294295847415924,0.0191812515258789,-0.013867825269699,0.4299819767475128,0.3692297339439392,-0.8238840699195862,-0.0598249286413192,0.0609205067157745,-0.0322029292583465,0.481010747752661,-0.3781800671434361,0.1196825804720016,72.0
1655120156.192245,0.0232836902141571,0.0157628655433654,-0.00576052069664,0.4306499660015106,0.3698809742927551,-0.8232427835464478,-0.0355970859527587,0.0539352968335151,-0.0273605026304721,0.4819674998382504,-0.378880921386119,0.1197644950172058,72.0
1655120156.2023082,0.0206742584705352,0.009820282459259,-0.0014595985412597,0.4312910139560699,0.3703713119029999,-0.822686493396759,-0.029992863535881,0.0543214567005634,-0.0228658095002174,0.4828566022377241,-0.3794087440533638,0.1198279987035444,72.0
