1652956205.970034,0.0083755850791931,-0.0404867529869079,0.0470726191997528,-0.3096451163291931,0.3481149077415466,-0.8848366737365723,0.0618534013628959,-0.0412977635860443,0.0673686191439628,-0.3366267707317435,-0.3555594900909311,-0.3884143381026919,90.0
1652956205.979936,0.0053646564483642,-0.0504060387611389,0.0551721453666687,-0.3097012042999267,0.3478736877441406,-0.8849118947982788,0.0485343299806118,-0.0339392907917499,0.0893241316080093,-0.3366567413301576,-0.3553021763217275,-0.3874198741801193,90.0
1652956205.989954,0.00506392121315,-0.0551733374595642,0.0727079212665557,-0.3096445798873901,0.3478244245052337,-0.8849510550498962,0.0382233709096908,-0.0377244390547275,0.1215095072984695,-0.3365859202340534,-0.3552496229257468,-0.3861987812262089,90.0
1652956206.000066,0.0022684037685394,-0.0656625628471374,0.0952991545200347,-0.309519350528717,0.3480298221111297,-0.8849141597747803,0.0289608966559171,-0.0417926870286464,0.1563037037849426,-0.3364728480915498,-0.3554687245279471,-0.384727727454334,90.0
1652956206.009939,0.0027098953723907,-0.0744538307189941,0.1290727257728576,-0.3092589378356933,0.3483443856239319,-0.8848813772201538,0.035279780626297,-0.0348373092710971,0.2125778943300247,-0.3362221570627552,-0.3558042920773098,-0.382740920933798,90.0
1652956206.019939,0.0034675896167755,-0.0913366079330444,0.1624840795993805,-0.3085365295410156,0.348807543516159,-0.884951114654541,0.0365708768367767,0.0106329191476106,0.2723443806171417,-0.3354699484775025,-0.3562984447544742,-0.3801824515778523,90.0
1652956206.0298429,0.0201556980609893,-0.1292897462844848,0.1767607629299163,-0.3072345554828644,0.3492708802223205,-0.8852213621139526,0.0691866129636764,0.0419298559427261,0.3335243761539459,-0.3340629852067132,-0.3567928739882055,-0.3769514379027834,90.0
1652956206.0398011,0.0388124585151672,-0.1592655181884765,0.2000157833099365,-0.3055513501167297,0.3496059477329254,-0.8856715559959412,0.112104520201683,0.0534523390233516,0.3808213472366333,-0.3322081837259293,-0.3571504658406403,-0.3730341654306022,90.0
1652956206.049759,0.0470241606235504,-0.184277594089508,0.2216828167438507,-0.3035548627376556,0.3497284352779388,-0.8863095045089722,0.1419614851474762,0.0703005641698837,0.4542617201805115,-0.3299715446972471,-0.3572812224323005,-0.3683715437832942,90.0
1652956206.0598369,0.0493853986263275,-0.2048366069793701,0.2326187491416931,-0.301079124212265,0.3498703837394714,-0.8870975971221924,0.1640958786010742,0.0956444814801216,0.5412072539329529,-0.327198762873631,-0.3574327543429646,-0.3628643938777752,90.0
1652956206.070774,0.0507193803787231,-0.2328342199325561,0.2440865337848663,-0.2980185747146606,0.3499687910079956,-0.8880916833877563,0.2155923694372177,0.1344643235206604,0.6264318823814392,-0.3237638718713678,-0.3575377921221142,-0.356332402423501,90.0
1652956206.0795,0.0490869581699371,-0.256481409072876,0.2625628709793091,-0.2941888868808746,0.3497114479541778,-0.8894688487052917,0.2916119396686554,0.2027038186788559,0.7156074643135071,-0.3194207874126736,-0.3572630768961197,-0.3486917473953402,90.0
1652956206.089871,0.047731727361679,-0.2700214982032776,0.2815879881381988,-0.2894461750984192,0.3489815592765808,-0.8913095593452454,0.3667735457420349,0.2709329426288605,0.7985124588012695,-0.3139990642526269,-0.3564841321920711,-0.3399318323023559,90.0
1652956206.099639,0.0527119040489196,-0.2818604707717895,0.2803837358951568,-0.2838520109653473,0.3479122817516327,-0.8935239911079407,0.4117686748504638,0.3385710418224334,0.8800706267356873,-0.3075943011113321,-0.3553433525466527,-0.3301689935934129,90.0
1652956206.109299,0.0662574768066406,-0.3009211421012878,0.2677816152572632,-0.2773933410644531,0.3466899693012237,-0.8960239887237549,0.4386559426784515,0.3940492272377014,0.9627372622489928,-0.3002247056206159,-0.3540398991672394,-0.3194861297912921,90.0
1652956206.119371,0.0743640661239624,-0.3170773983001709,0.2611125707626343,-0.2701190710067749,0.3453938961029053,-0.8987429141998291,0.464866042137146,0.4551785588264465,1.044732689857483,-0.2919632255888575,-0.3526584825462285,-0.3078876015396718,90.0
1652956206.1292171,0.0799536406993866,-0.3320109248161316,0.2741007506847381,-0.2620977759361267,0.3440024256706238,-0.9016469120979308,0.4931368231773376,0.507819414138794,1.11880362033844,-0.2828917771937094,-0.3511761559426796,-0.2954534337021075,90.0
1652956206.139326,0.0863851904869079,-0.3400015830993652,0.2722067534923553,-0.253362089395523,0.3424784243106842,-0.904718816280365,0.50190669298172,0.5536342263221741,1.2018166780471802,-0.2730505437787786,-0.3495535921650579,-0.2821645411134652,90.0
1652956206.149096,0.0864461958408355,-0.3439779281616211,0.2640742063522339,-0.2439168691635131,0.340997964143753,-0.9078683853149414,0.5078415274620056,0.6097248792648315,1.2797809839248655,-0.2624716644056526,-0.3479782841954421,-0.2680866481529619,90.0
1652956206.1590838,0.0795275419950485,-0.3432513475418091,0.2636227011680603,-0.2336260378360748,0.3394658267498016,-0.9111431837081908,0.5301876664161682,0.6737500429153442,1.3659679889678955,-0.2510022524173042,-0.3463489417711743,-0.2531322902491854,90.0
1652956206.169097,0.067443236708641,-0.3489992022514343,0.2688242495059967,-0.2224572449922561,0.3376364707946777,-0.9146116375923156,0.5750294327735901,0.7382715344429016,1.453504204750061,-0.238592969439067,-0.3444047742343681,-0.2372341077562964,90.0
1652956206.1789842,0.0528686195611953,-0.3469670414924621,0.2741343080997467,-0.2103850692510604,0.3353781402111053,-0.9182916879653932,0.6298602819442749,0.8024789690971375,1.5480577945709229,-0.2252180330224241,-0.3420065958795381,-0.2202936366129207,90.0
1652956206.189215,0.0432307720184326,-0.3420329093933105,0.2734631299972534,-0.1974513232707977,0.3327076733112335,-0.9221272468566896,0.6623822450637817,0.8654595613479614,1.6377562284469604,-0.2109405232859963,-0.3391733695134412,-0.2023779807872694,90.0
1652956206.199131,0.0291209667921066,-0.3289740681648254,0.2791623473167419,-0.183570384979248,0.3295871615409851,-0.9261070489883424,0.7021187543869019,0.9504837989807128,1.7199702262878418,-0.1956807819302898,-0.3358662803971959,-0.1835662087702568,90.0
1652956206.209221,0.0136605203151702,-0.3037236928939819,0.2763461172580719,-0.1685677021741867,0.325857400894165,-0.9302697777748108,0.7762023210525513,1.055309534072876,1.799587607383728,-0.1792579704503602,-0.3319184812680014,-0.163883221400814,90.0
1652956206.219145,0.0068546384572982,-0.285239040851593,0.2544360160827636,-0.1524081826210022,0.3212782144546509,-0.9346400499343872,0.837899386882782,1.1432257890701294,1.8859829902648928,-0.1616434571452594,-0.3270789669114903,-0.1433366927223606,90.0
1652956206.229075,0.0074549466371536,-0.2833523750305176,0.2393857836723327,-0.1353082805871963,0.3160494863986969,-0.9390444159507751,0.8671401143074036,1.2139129638671875,1.9602584838867188,-0.1431064799071033,-0.3215626380878837,-0.1220103902346215,90.0
1652956206.238916,-0.0057754963636398,-0.282001793384552,0.2301007509231567,-0.1174391731619834,0.3103046417236328,-0.9433552026748656,0.893223762512207,1.2807350158691406,2.0077545642852783,-0.1238537326803809,-0.3155134811405074,-0.1001265112980219,90.0
1652956206.248908,-0.0228425487875938,-0.2696037888526916,0.2165921628475189,-0.0988157168030738,0.3038242161273956,-0.9475897550582886,0.958670139312744,1.3543826341629028,2.0512144565582275,-0.1039055627896649,-0.3087040597154259,-0.0779221641174673,90.0
1652956206.258844,-0.029956467449665,-0.2560672163963318,0.1927135586738586,-0.0795558094978332,0.2961629033088684,-0.9518184661865234,1.0411556959152222,1.4099607467651367,2.079838991165161,-0.0833891334570147,-0.3006728093704115,-0.0554702908642547,90.0
1652956206.26888,-0.0332240723073482,-0.2463480234146118,0.1847425997257232,-0.0599155165255069,0.2875933647155761,-0.955876648426056,1.0646322965621948,1.4395252466201782,2.100560426712036,-0.0625993237014981,-0.2917130849845299,-0.0329363908275507,90.0
1652956206.278896,-0.0523037277162075,-0.2197288274765014,0.1653183400630951,-0.0401644669473171,0.2784073650836944,-0.9596229195594788,1.083476424217224,1.4671331644058228,2.1014647483825684,-0.0418300130311292,-0.2821355080716266,-0.0105687177728468,90.0
1652956206.2887502,-0.06388720870018,-0.1881333589553833,0.1404328048229217,-0.0202039051800966,0.2686707377433777,-0.9630201458930968,1.0808837413787842,1.5029247999191284,2.1060686111450195,-0.0209766552278566,-0.2720127536222438,0.011564568133024,90.0
1652956206.2987,-0.0561575405299663,-0.1460874080657959,0.1251497566699981,-0.0001320614537689,0.2584715783596039,-0.9660188555717468,1.0891704559326172,1.5269757509231567,2.110114574432373,-0.0001367069137801,-0.2614396795864628,0.0334428419563889,90.0
1652956206.308656,-0.041225641965866,-0.1155197620391845,0.0962711721658706,0.0199549682438373,0.2478146404027938,-0.968601942062378,1.0792701244354248,1.5359524488449097,2.1065168380737305,0.020598912532092,-0.2504238802054417,0.055029975187343,90.0
1652956206.318738,-0.0379854403436183,-0.0907175540924072,0.070662185549736,0.0398470908403396,0.2369093149900436,-0.970714271068573,1.045466661453247,1.5277552604675293,2.1044585704803467,0.0410262152231918,-0.2391833672080335,0.0763013234771745,90.0
1652956206.328569,-0.0544377826154232,-0.0677878260612487,0.0580173730850219,0.0593664497137069,0.2258877605199813,-0.9723427295684814,1.02223801612854,1.5081956386566162,2.082615852355957,0.0609793710857318,-0.2278542563421541,0.0971947403932554,90.0
1652956206.338511,-0.0875857770442962,-0.0388523936271667,0.0534399300813674,0.0785679146647453,0.2145960479974746,-0.9735376834869384,1.0060527324676514,1.5250707864761353,2.044224500656128,0.080528987773966,-0.2162782270961141,0.1174550067716916,90.0
1652956206.348649,-0.1231017932295799,-0.0125191211700439,0.0531414896249771,0.097711257636547,0.2031910121440887,-0.9742514491081238,0.9774646759033204,1.5519846677780151,1.9943960905075075,0.0999594113594372,-0.2046158296804759,0.1370344695150064,90.0
1652956206.358446,-0.1497324109077453,0.0059152841567993,0.0419245809316635,0.116666704416275,0.1917638778686523,-0.9744821786880492,0.9408775568008424,1.5587424039840698,1.9480197429656985,0.1191546118476078,-0.1929590650881937,0.1558686409448597,90.0
1652956206.368413,-0.1670155078172683,0.0278211236000061,0.0371868461370468,0.1354756951332092,0.180327296257019,-0.9742321968078612,0.9273439049720764,1.5847172737121582,1.8914912939071653,0.1381728488051745,-0.1813191848047557,0.1739494352658024,90.0
1652956206.378502,-0.1716770529747009,0.0420659184455871,0.0492433309555053,0.1541448086500167,0.1685302108526229,-0.97356915473938,0.9540485739707948,1.59212327003479,1.840602278709412,0.1570261242900721,-0.1693383578873232,0.191235167058055,90.0
1652956206.38833,-0.1746427416801452,0.060379683971405,0.075471892952919,0.1723845452070236,0.1561108380556106,-0.97258061170578,0.999512493610382,1.5674883127212524,1.7935781478881836,0.1754226227547946,-0.1567519730826102,0.2077136507483019,90.0
1652956206.398309,-0.2002899646759033,0.0809046030044555,0.0949393957853317,0.1901277303695678,0.1431283205747604,-0.9712701439857484,1.0209341049194336,1.559340000152588,1.746737003326416,0.1933072837519599,-0.1436215650936206,0.2233925320581516,90.0
1652956206.408259,-0.2335063219070434,0.1106386184692382,0.0906008332967758,0.2075207233428955,0.129873514175415,-0.969571053981781,1.008150339126587,1.5554778575897217,1.704891324043274,0.2108522132047242,-0.1302414058550172,0.2383425057082214,90.0
1652956206.418285,-0.2483440786600113,0.1480761766433715,0.0692494660615921,0.2245404869318008,0.1166484504938125,-0.9674578905105592,0.975395441055298,1.5453948974609375,1.6659150123596191,0.228055610086664,-0.1169146179223675,0.2526884933728754,90.0
1652956206.428193,-0.2538062632083893,0.1857510805130005,0.0367605462670326,0.2410195022821426,0.1037729829549789,-0.9649563431739808,0.909258246421814,1.503442406654358,1.616158366203308,0.2447644818365225,-0.1039601445746093,0.2664670823696042,90.0
1652956206.43807,-0.2624650597572326,0.224553108215332,0.0055521354079246,0.2567278444766998,0.0914480611681938,-0.9621476531028748,0.8320438861846924,1.4550827741622925,1.56276535987854,0.2607529308408133,-0.0915760026821552,0.2796832780432435,90.0
1652956206.448238,-0.2779597342014313,0.258789598941803,-0.02153892070055,0.2717647850513458,0.0798428282141685,-0.9590458869934082,0.7457795739173889,1.4097613096237185,1.500291109085083,0.2761309218643092,-0.0799279075890852,0.2923812131058105,90.0
1652956206.4580312,-0.2962603569030761,0.2886345386505127,-0.043112888932228,0.2859760522842407,0.0690071284770965,-0.9557487964630128,0.6785247325897217,1.3411279916763306,1.4247268438339231,0.2907380586469613,-0.0690620148302474,0.3044288023900928,90.0
1652956206.46799,-0.3096761405467987,0.3284626603126526,-0.0646866858005523,0.2991934716701507,0.058796864002943,-0.9523792266845704,0.6314600110054016,1.25549054145813,1.3345439434051514,0.3043907573752379,-0.0588307946520802,0.3156785771049324,90.0
1652956206.4779592,-0.3173374235630035,0.3693989515304565,-0.0777246206998825,0.3114781677722931,0.0490076430141925,-0.9489887356758118,0.6101623177528381,1.1887418031692505,1.2317646741867063,0.317142547900643,-0.0490272808531238,0.325976794969223,90.0
1652956206.487917,-0.3186535537242889,0.4043778777122497,-0.0826311409473419,0.3228040933609009,0.0395861640572547,-0.945637583732605,0.6025081276893616,1.0962445735931396,1.1231812238693235,0.3289582374173262,-0.0395965102431341,0.3352099132751051,90.0
1652956206.49789,-0.3209215402603149,0.4309894442558288,-0.0937644094228744,0.3330066502094269,0.0304252374917268,-0.9424334764480592,0.6065647006034851,0.99982750415802,1.0196624994277954,0.3396539946852833,-0.0304299340283445,0.3432956412731448,90.0
1652956206.5078468,-0.3076093792915344,0.4392918944358825,-0.1127079427242279,0.3421096503734588,0.0215062238276004,-0.9394139051437378,0.5937040448188782,0.8819478154182434,0.9306402802467346,0.3492453121831881,-0.0215078812724356,0.3503952504063067,90.0
1652956206.5180569,-0.2949919700622558,0.4495802521705627,-0.1225451678037643,0.3498016595840454,0.0130939343944191,-0.936732292175293,0.5563152432441711,0.7315434813499451,0.8356887102127075,0.357391384843648,-0.0130943087379697,0.3566684829716159,90.0
1652956206.527763,-0.2854103446006775,0.4614095091819763,-0.1276341825723648,0.3559823930263519,0.0052892710082232,-0.934477686882019,0.5167111158370972,0.582180380821228,0.7555944323539734,0.3639704400009977,-0.0052892955309912,0.3621626970551674,90.0
1652956206.537713,-0.2802975177764892,0.4696351289749145,-0.1258587837219238,0.3606656789779663,-0.0017504112329334,-0.9326935410499572,0.4385938644409179,0.4211032688617706,0.6891798377037048,0.3689821158044197,0.0017504121659424,0.3671502639902973,90.0
1652956206.547635,-0.2835420966148376,0.4803269505500793,-0.1208894401788711,0.3638187050819397,-0.0077268308959901,-0.9314377307891846,0.3382936418056488,0.2692724466323852,0.6372354030609131,0.3723759465952448,0.0077269076602764,0.3718995728209286,90.0
1652956206.557632,-0.2873022556304931,0.4798470139503479,-0.1093887835741043,0.3656410276889801,-0.0128035396337509,-0.9306678771972656,0.2756959795951843,0.144724890589714,0.5973421931266785,0.3743536104782454,0.0128038899346033,0.3765020475132888,90.0
1652956206.567607,-0.2804824709892273,0.4747673869132995,-0.1053663194179534,0.3663438260555267,-0.017314288765192,-0.9303184747695924,0.2496827542781829,0.028987905010581,0.5706000328063965,0.3751356334606626,0.0173151534056334,0.3809754272875612,90.0
1652956206.577549,-0.2702435553073883,0.4553731679916382,-0.0963399708271026,0.3659926056861877,-0.0217324811965227,-0.930363953113556,0.2661955058574676,-0.083528034389019,0.5379617810249329,0.3747920911568569,0.0217341927785993,0.3851779366478458,90.0
1652956206.587655,-0.2580467760562897,0.4271820187568664,-0.0592722818255424,0.3645837903022766,-0.0263294670730829,-0.9307982921600342,0.3177292644977569,-0.1850586682558059,0.4974753260612488,0.3733215686632206,0.0263325098734423,0.3889306937772169,90.0
1652956206.597488,-0.2476614117622375,0.401813268661499,-0.0223471745848655,0.3623771369457245,-0.0312721543014049,-0.9315068125724792,0.3707941770553589,-0.2599432170391083,0.4616886973381042,0.371007367137935,0.0312772528044502,0.3921107257664029,90.0
1652956206.607432,-0.2192438542842865,0.37702077627182,-0.0163722224533557,0.3593654632568359,-0.0364078804850578,-0.9324864149093628,0.3854005634784698,-0.3588322699069977,0.432977944612503,0.3678433451907642,0.0364159285128072,0.3948751880605146,90.0
1652956206.617476,-0.1889411509037017,0.3529571294784546,-0.0416339561343193,0.3553688824176788,-0.0412975065410137,-0.9338133931159972,0.3357853591442108,-0.465365469455719,0.4198072850704193,0.3636333204664931,0.0413092546066874,0.3975302732495959,90.0
1652956206.627355,-0.158869981765747,0.3198413252830505,-0.0531846210360527,0.350367933511734,-0.0455702096223831,-0.9355028867721558,0.2630600333213806,-0.5694839358329773,0.4122569561004638,0.3583529448662216,0.04558599662349,0.4003547691929109,90.0
1652956206.637321,-0.13030606508255,0.2735477685928345,-0.0475158765912056,0.3443259596824646,-0.049117986112833,-0.9375644326210022,0.1952558606863021,-0.6833174824714661,0.4065405130386352,0.3519640093233418,0.0491377570398439,0.4033922755467084,90.0
1652956206.647303,-0.1125523447990417,0.2141470909118652,-0.04517313092947,0.3373144567012787,-0.052147377282381,-0.9399465918540956,0.1661347299814224,-0.7683053612709045,0.3890933692455292,0.3445509274561167,0.052171039295381,0.406560418648719,90.0
1652956206.657393,-0.0897851586341857,0.1716563105583191,-0.0218331664800643,0.3296382129192352,-0.0550710782408714,-0.942499816417694,0.2056414633989334,-0.8200701475143433,0.3634022772312164,0.3364510419347992,0.055098953580732,0.409505172820732,90.0
1652956206.667197,-0.0531099736690521,0.1313775777816772,0.0067358165979385,0.321542739868164,-0.0587987527251243,-0.9450677037239076,0.3549982011318207,-0.860363781452179,0.346020370721817,0.3279468779769538,0.0588326859129124,0.4119446598665688,90.0
1652956206.677149,-0.0202191770076751,0.0695016980171203,0.023636482656002,0.3130659759044647,-0.0640569701790809,-0.9475687146186828,0.5216356515884399,-0.8825094103813171,0.3674454391002655,0.3190980483775122,0.0641008562131436,0.4139346621848051,90.0
