1652956315.361321,0.0275943875312805,-0.0090195536613464,0.0493381917476654,-0.2588108479976654,0.4408960938453674,-0.8594344258308411,0.0137524483725428,-0.0229434706270694,0.048063289374113,-0.2925031472480119,-0.4565968137661651,-0.30377520608737,92.0
1652956315.371377,0.0284854471683502,-0.016469120979309,0.0659973621368408,-0.2587405741214752,0.4408842623233795,-0.8594616651535034,0.0398274585604667,-0.0226718802005052,0.0648823305964469,-0.2924194184412547,-0.4565836067104288,-0.3030838216339077,92.0
1652956315.3811932,0.0284182131290435,-0.0234362483024597,0.0759525597095489,-0.2585360109806061,0.4406947195529938,-0.8596204519271851,0.0691520571708679,-0.0226910542696714,0.0963329300284385,-0.2921502443752887,-0.4563724364427058,-0.3020168484011856,92.0
1652956315.391077,0.0365829467773437,-0.0256064534187316,0.0808819532394409,-0.2582321465015411,0.4403734803199768,-0.8598763942718506,0.0829662010073661,-0.0234576202929019,0.1168098598718643,-0.2917440169220919,-0.456014630505238,-0.3006188773024316,92.0
1652956315.4011722,0.0442533791065216,-0.0299250483512878,0.0842454433441162,-0.2578001320362091,0.4400311708450317,-0.8601811528205872,0.0894912183284759,-0.0282371956855058,0.1431653052568435,-0.2911856311415468,-0.4556333796832632,-0.2989235740691364,92.0
1652956315.411042,0.0527980923652648,-0.0298908352851867,0.0900484919548034,-0.2572963833808899,0.4397518336772918,-0.8604748249053955,0.0855768993496894,-0.0275216028094291,0.1764994412660598,-0.2905544998130786,-0.4553223460642546,-0.2969295492065242,92.0
1652956315.421009,0.0598194897174835,-0.035962164402008,0.0963049829006195,-0.2566578388214111,0.4396140873432159,-0.8607358336448669,0.0736901462078094,-0.0358778052031993,0.2163144946098327,-0.2897901013353659,-0.4551689617619014,-0.2945801720372082,92.0
1652956315.430955,0.0638874173164367,-0.0520134568214416,0.1089512109756469,-0.2559040188789367,0.4396632015705108,-0.8609351515769958,0.0679977759718895,-0.0341690145432949,0.2506556212902069,-0.2889224080474279,-0.4552236652161071,-0.2918763454613099,92.0
1652956315.441308,0.0632933676242828,-0.0701767206192016,0.1256097257137298,-0.2548827230930328,0.439758837223053,-0.8611892461776733,0.0868558883666992,-0.0162621848285198,0.3053886592388153,-0.2877517583430043,-0.4553301507594725,-0.2886538383129572,92.0
1652956315.450917,0.0598815083503723,-0.0868791341781616,0.1401591598987579,-0.2534545361995697,0.4397358000278473,-0.8616224527359009,0.126117005944252,0.0016615821514278,0.3624802827835083,-0.2860900771382702,-0.4553044837049997,-0.2847261971694267,92.0
1652956315.4608831,0.058042287826538,-0.1018328070640564,0.1566045880317688,-0.2515542507171631,0.4395409226417541,-0.8622785210609436,0.1579963713884353,0.035094104707241,0.4175153076648712,-0.2838543414149604,-0.4550875142478089,-0.2801070036218941,92.0
1652956315.470794,0.0546978563070297,-0.1181317567825317,0.1648814678192138,-0.2491406053304672,0.4391834139823913,-0.8631609678268433,0.1816601604223251,0.0739118680357933,0.4675486087799072,-0.2810001495319966,-0.4546895418224377,-0.2748461993162591,92.0
1652956315.480862,0.0532695949077606,-0.1296535730361938,0.1730182766914367,-0.2461559772491455,0.438828557729721,-0.8641971349716187,0.1855814009904861,0.1113034486770629,0.52653968334198,-0.2774890995597835,-0.4542945997576308,-0.268983226023603,92.0
1652956315.490748,0.0519174933433532,-0.1411517262458801,0.1842661499977111,-0.2425760775804519,0.4386433064937591,-0.8653027415275574,0.1739596277475357,0.1543466746807098,0.5782139897346497,-0.2733208639484154,-0.4540884300492365,-0.2625386610618296,92.0
1652956315.5006409,0.0461934655904769,-0.151658833026886,0.1949111223220825,-0.238393172621727,0.4387557506561279,-0.866407573223114,0.133366122841835,0.1965548545122146,0.6383495330810547,-0.2685068643286662,-0.4542135568132878,-0.255575218161705,92.0
1652956315.51079,0.0418391078710556,-0.1618054509162902,0.2142908573150634,-0.2336115837097168,0.4394871592521667,-0.8673388361930847,0.0684886649250984,0.2285973727703094,0.7036640048027039,-0.2630993048894179,-0.455027665730112,-0.2481060040000644,92.0
1652956315.520608,0.0420502573251724,-0.1724197268486023,0.2300538122653961,-0.2282227426767349,0.4407987296581268,-0.8681076169013977,0.0195384323596954,0.2669562101364136,0.7782037854194641,-0.2570795540474297,-0.4564883122005768,-0.2400626336438943,92.0
1652956315.530592,0.0461809933185577,-0.189977765083313,0.2488848567008972,-0.2221148461103439,0.442612886428833,-0.868768572807312,-0.0039449231699109,0.311136394739151,0.8657479882240295,-0.250304498370365,-0.4585104195744224,-0.2312288334171243,92.0
1652956315.540535,0.0476621091365814,-0.194513738155365,0.2813730537891388,-0.2151425778865814,0.4445027410984039,-0.8695579171180725,0.0307241082191467,0.3694649636745453,0.9619669318199158,-0.2425452245975934,-0.4606190670904507,-0.2213671470211587,92.0
1652956315.5505009,0.0450238734483718,-0.1999350190162658,0.2983647882938385,-0.2071485221385955,0.4460656940937042,-0.8706979155540466,0.1013819649815559,0.436124175786972,1.0712652206420898,-0.2335687181386145,-0.462364622883242,-0.210218907322932,92.0
1652956315.560453,0.0462650954723358,-0.2070009112358093,0.3013268411159515,-0.1980747878551483,0.4471471905708313,-0.8722532391548157,0.1733509600162506,0.508484959602356,1.1691159009933472,-0.2232971721164751,-0.4635733820232693,-0.197732634152273,92.0
1652956315.570509,0.0438450574874877,-0.2041872143745422,0.294143408536911,-0.1879490613937378,0.4476319849491119,-0.8742429614067078,0.2475887686014175,0.5736380815505981,1.256055235862732,-0.2117617605961293,-0.4641154529239046,-0.184008761649238,92.0
1652956315.580548,0.0425141602754592,-0.1923693418502807,0.2771868705749511,-0.1768830716609954,0.4476207792758941,-0.8765546679496765,0.2904121279716491,0.6341989040374756,1.341898798942566,-0.1991195263868146,-0.4641028960325675,-0.1692326955871422,92.0
1652956315.5903602,0.0374821126461029,-0.1781916618347168,0.2496964335441589,-0.1650303304195404,0.4473554790019989,-0.878998339176178,0.2995047867298126,0.6733212471008301,1.410383701324463,-0.185587691539592,-0.4638062566381681,-0.1535667645782813,92.0
1652956315.600304,0.0276814699172973,-0.1682263612747192,0.2216571867465973,-0.1526204496622085,0.4471354484558105,-0.8813494443893433,0.2625177502632141,0.695747435092926,1.4681679010391235,-0.1714663826208362,-0.4635602548652032,-0.1372393682517918,92.0
1652956315.610399,0.0138959437608718,-0.1601656675338745,0.1947222352027893,-0.1398267447948455,0.4473064839839935,-0.8833829164505005,0.2033765166997909,0.7060348391532898,1.5174912214279177,-0.1569831617288049,-0.4637514642709614,-0.1203875168650632,92.0
1652956315.620242,0.003271609544754,-0.1532864570617675,0.1664761006832122,-0.1266542077064514,0.4477358758449554,-0.8851504325866699,0.1567746549844741,0.7261861562728882,1.557300329208374,-0.1421230686930948,-0.4642316098626662,-0.1031870118156803,92.0
1652956315.630162,0.0010712593793869,-0.1575827598571777,0.1439093947410583,-0.1132844164967536,0.4484062194824219,-0.8866219520568848,0.1221484988927841,0.7195683121681213,1.5862765312194824,-0.1270822536901208,-0.4649814441456334,-0.085618478162947,92.0
1652956315.6401482,0.0045752897858619,-0.1664801836013794,0.1145881116390228,-0.0996833518147468,0.4491325318813324,-0.8878869414329529,0.1043708324432373,0.7340226173400879,1.6267507076263428,-0.1118021489292558,-0.4657942097684419,-0.0676907471874361,92.0
1652956315.650361,0.0017318502068519,-0.1623185873031616,0.1035801470279693,-0.0857772827148437,0.449596643447876,-0.8891035318374634,0.1468553692102432,0.7487334609031677,1.661144733428955,-0.0961784848683143,-0.4663137118073227,-0.049339565171938,92.0
1652956315.660074,-0.0036482512950897,-0.1634854674339294,0.0929749011993408,-0.0715318396687507,0.449566513299942,-0.8903781175613403,0.1585040390491485,0.7653816938400269,1.699875831604004,-0.0801665460113957,-0.4662799949537858,-0.0305127901892189,92.0
1652956315.6699982,-0.0125987045466899,-0.1570155620574951,0.0936164557933807,-0.0568440742790699,0.449031800031662,-0.8917058110237122,0.2141653001308441,0.8286426663398743,1.7154388427734375,-0.0636614274179465,-0.4656814461971041,-0.011385623906637,92.0
1652956315.679991,-0.0200274176895618,-0.1558313369750976,0.072879284620285,-0.0414960496127605,0.4477200210094452,-0.8932104110717773,0.267823725938797,0.8820286393165588,1.739851474761963,-0.0464238147878389,-0.4642138994000817,0.0080006586387149,92.0
1652956315.690006,-0.0176964439451694,-0.1395614147186279,0.0587944686412811,-0.0257301032543182,0.4456610381603241,-0.8948318958282471,0.3309934735298157,0.9136086106300354,1.7551904916763306,-0.0287461974791645,-0.4619125455260099,0.0275666388754605,92.0
1652956315.6999202,-0.0209357738494873,-0.1295068264007568,0.0535565316677093,-0.0096581326797604,0.4428575932979584,-0.8965399265289307,0.3647961616516113,0.9447343349456788,1.7622617483139038,-0.0107722577045904,-0.4587833467622764,0.0472200202618755,92.0
1652956315.710116,-0.039186518639326,-0.1204435229301452,0.0539550185203552,0.0067157740704715,0.4394989013671875,-0.8982179760932922,0.3881873786449432,0.9894864559173584,1.7497085332870483,0.0074766358073675,-0.4550407365865767,0.0667334898547204,92.0
1652956315.720018,-0.0568228773772716,-0.1138039231300354,0.0457150340080261,0.0232535023242235,0.4356997013092041,-0.8997916579246521,0.4017074406147003,1.0092345476150513,1.732406735420227,0.0258374563046622,-0.4508154804679615,0.0859311967531756,92.0
1652956315.729957,-0.0674757063388824,-0.1035927534103393,0.0328852236270904,0.039780955761671,0.4315769672393799,-0.9011985063552856,0.396775335073471,1.0127679109573364,1.712659478187561,0.0441136423454308,-0.4462402158526387,0.1048183500300238,92.0
1652956315.739924,-0.071410559117794,-0.0848150253295898,0.022685557603836,0.0561822466552257,0.4271282255649566,-0.9024439454078674,0.4231459498405456,1.020427942276001,1.689056158065796,0.062175422423473,-0.4413143001149019,0.1233163563917296,92.0
1652956315.7499928,-0.0552426502108573,-0.0656428337097168,0.0166305899620056,0.0724850296974182,0.4220137894153595,-0.903687059879303,0.4777100682258606,1.031219482421875,1.654481291770935,0.0800389721588044,-0.4356654478343808,0.1413079133906135,92.0
